[200.0, 1800.0, 0.48509, [1271.1013560000001], [22099.0], [1911.0], [366.93534754776624]]
[200.0, 700.0, 0.576295, [100.706074], [1381.8], [117.60000000000001], [23.103563912955074]]
[200.0, 2000.0, 0.564406, [58.1972412], [499.79999999999995], [68.60000000000001], [17.547129194258527]]
[200.0, 1300.0, 0.583526, [1593.2792960000002], [22099.0], [1911.0], [411.3829427674415]]
[200.0, 1400.0, 0.583482, [1593.119752], [22099.0], [1911.0], [411.3416655968612]]
[200.0, 400.0, 0.520759, [42.6763638], [409.64], [54.39], [15.088375473854034]]
[200.0, 1900.0, 0.520028, [1380.9203519999999], [22099.0], [1911.0], [382.9984439446197]]
[200.0, 1700.0, 0.459242, [31.7084292], [366.52000000000004], [46.06], [12.944909734718124]]
[200.0, 500.0, 0.458631, [791.817166], [15190.0], [1274.0], [204.44632132665043]]
[200.0, 1500.0, 0.468169, [53.112913], [735.0], [78.4], [16.79577911143154]]
[200.0, 100.0, 0.45917, [792.899184], [15190.0], [1274.0], [204.7257295016921]]
[200.0, 600.0, 0.495301, [13.2823075], [117.11], [15.19], [5.940028915754536]]
[200.0, 1000.0, 0.446153, [5.2958857], [31.653999999999996], [5.390000000000001], [3.744756195802338]]
[200.0, 1200.0, 0.485547, [845.950014], [15190.0], [1274.0], [211.48751943318075]]
[200.0, 300.0, 0.419075, [849.9006880000001], [16954.0], [1519.0], [212.47521003637107]]
[200.0, 1600.0, 0.444688, [908.741652], [16954.0], [1519.0], [220.40223966194173]]
[200.0, 900.0, 0.597926, [10.599508499999999], [51.94], [8.33], [5.299754919805255]]
[200.0, 800.0, 0.552182, [1486.1366799999998], [22099.0], [1911.0], [397.18668559759146]]
[200.0, 1100.0, 0.561634, [1008.27104], [15190.0], [1274.0], [231.3133009923986]]
[200.0, 200.0, 0.433903, [686.917378], [13132.0], [1176.0], [190.51658739332908]]
[300.0, 2000.0, 0.249856, [11.1675753], [255.29], [30.87], [3.2238019435132794]]
[300.0, 400.0, 0.345078, [12.162976], [186.69], [23.03], [3.373403211743298]]
[300.0, 1000.0, 0.31671, [4.65746568], [51.94], [8.33], [2.082882164933965]]
[300.0, 200.0, 0.385781, [8.3891136], [85.75000000000001], [13.23], [2.7963720871872546]]
[300.0, 1600.0, 0.297212, [41.196691200000004], [950.6], [102.9], [8.783164369178115]]
[300.0, 1300.0, 0.327086, [542.089352], [15190.0], [1274.0], [100.66346099752383]]
[300.0, 800.0, 0.372564, [5.5780766999999996], [51.94], [8.33], [2.27724040452474]]
[300.0, 700.0, 0.317525, [4.67082308], [51.94], [8.33], [2.088855114889494]]
[300.0, 300.0, 0.341147, [8.4250502], [117.11], [15.19], [2.8083494100627866]]
[300.0, 900.0, 0.336146, [558.11833], [15190.0], [1274.0], [101.89799473983774]]
[300.0, 600.0, 0.345685, [7.4269447], [85.75000000000001], [13.23], [2.6258208036726347]]
[300.0, 1400.0, 0.315996, [522.57667], [15190.0], [1274.0], [98.75769788730395]]
[300.0, 500.0, 0.3482, [579.601792], [15190.0], [1274.0], [104.09952841391743]]
[300.0, 1200.0, 0.288611, [12.993477], [255.29], [30.87], [3.472652850919596]]
[300.0, 100.0, 0.282674, [3.71482818], [44.099999999999994], [7.3500000000000005], [1.857414142295681]]
[300.0, 1100.0, 0.386072, [8.3963264], [85.75000000000001], [13.23], [2.79877474066778]]
[300.0, 1900.0, 0.297148, [22.3475672], [409.64], [54.39], [6.451185993908408]]
[300.0, 1500.0, 0.423249, [9.319163], [85.75000000000001], [13.23], [2.9469783015828264]]
[300.0, 1700.0, 0.339718, [22.200577], [366.52000000000004], [46.06], [6.408754189388136]]
[300.0, 1800.0, 0.327097, [14.8472793], [255.29], [30.87], [3.711819699015565]]
[400.0, 900.0, 0.178122, [343.465402], [16954.0], [1519.0], [53.640297985749484]]
[400.0, 1200.0, 0.18261, [3.7668068900000002], [85.75000000000001], [13.23], [1.255602316380469]]
[400.0, 1500.0, 0.199643, [485.291884], [22099.0], [1911.0], [90.11642207722187]]
[400.0, 200.0, 0.201352, [4.16585554], [85.75000000000001], [13.23], [1.3173591449563025]]
[400.0, 1600.0, 0.184524, [11.690547399999998], [366.52000000000004], [46.06], [3.1244315060503407]]
[400.0, 500.0, 0.182128, [3.7565634400000003], [85.75000000000001], [13.23], [1.2521876897653963]]
[400.0, 1700.0, 0.267776, [19.964854000000003], [409.64], [54.39], [4.075308525253027]]
[400.0, 300.0, 0.204809, [2.90729593], [51.94], [8.33], [1.09885447061929]]
[400.0, 1300.0, 0.185726, [300.93800799999997], [15190.0], [1274.0], [50.15632915196247]]
[400.0, 1400.0, 0.259494, [3.3593856100000004], [44.099999999999994], [7.3500000000000005], [1.187722097167515]]
[400.0, 1100.0, 0.175828, [4.17898754], [117.11], [15.19], [1.3215120132257596]]
[400.0, 800.0, 0.161174, [7.0993895], [255.29], [30.87], [1.7218553984002256]]
[400.0, 100.0, 0.132936, [1.6781064300000001], [44.099999999999994], [7.3500000000000005], [0.83905314217873]]
[400.0, 1000.0, 0.180702, [292.64662], [15190.0], [1274.0], [49.46630937921284]]
[400.0, 400.0, 0.196143, [2.5042611299999997], [44.099999999999994], [7.3500000000000005], [1.0223603118274889]]
[400.0, 1800.0, 0.192811, [4.59416503], [117.11], [15.19], [1.3851928205127255]]
[400.0, 2000.0, 0.177957, [2.51360494], [51.94], [8.33], [1.0261750054937022]]
[400.0, 600.0, 0.186445, [359.818662], [16954.0], [1519.0], [54.87183564270472]]
[400.0, 700.0, 0.240874, [5.0188005], [85.75000000000001], [13.23], [1.44880297887601]]
[400.0, 1900.0, 0.307772, [7.494339300000001], [117.11], [15.19], [1.7664326698179018]]
[500.0, 1700.0, 0.13643, [1.72013569], [44.099999999999994], [7.3500000000000005], [0.6081596857733995]]
[500.0, 1100.0, 0.151453, [2.12577974], [51.94], [8.33], [0.6722307124789821]]
[500.0, 300.0, 0.123666, [298.39941600000003], [22099.0], [1911.0], [50.43869879844245]]
[500.0, 1300.0, 0.135964, [5.9700277], [255.29], [30.87], [1.128228697605233]]
[500.0, 1800.0, 0.13142, [5.7680693000000005], [255.29], [30.87], [1.110065990020413]]
[500.0, 1400.0, 0.129492, [8.15014746], [366.52000000000004], [46.06], [1.8697722000286559]]
[500.0, 600.0, 0.170912, [1.7104621100000001], [31.653999999999996], [5.390000000000001], [0.6047398083473585]]
[500.0, 1900.0, 0.135977, [3.21186376], [117.11], [15.19], [0.829299631074318]]
[500.0, 1200.0, 0.111488, [4.8848242100000006], [255.29], [30.87], [1.0185563183741977]]
[500.0, 800.0, 0.145326, [2.97819942], [85.75000000000001], [13.23], [0.7959573031262418]]
[500.0, 1000.0, 0.151791, [2.1306474], [51.94], [8.33], [0.6737697778915288]]
[500.0, 2000.0, 0.144481, [3.4161138899999997], [117.11], [15.19], [0.8540282519917007]]
[500.0, 700.0, 0.165538, [2.32853733], [51.94], [8.33], [0.7020804060077449]]
[500.0, 100.0, 0.106899, [1.05801584], [31.653999999999996], [5.390000000000001], [0.47315903062289744]]
[500.0, 200.0, 0.117583, [2.77183543], [117.11], [15.19], [0.7687689313441328]]
[500.0, 1500.0, 0.101212, [162.84268], [15190.0], [1274.0], [26.416575775069713]]
[500.0, 900.0, 0.117518, [174.720966], [13132.0], [1176.0], [27.286834276625058]]
[500.0, 1600.0, 0.126512, [2.98515791], [117.11], [15.19], [0.7978170610484585]]
[500.0, 500.0, 0.123136, [198.3863], [15190.0], [1274.0], [29.250470275877614]]
[500.0, 400.0, 0.136156, [0.8535139479999999], [16.317], [2.7439999999999998], [0.2699048101535058]]
[600.0, 200.0, 0.065189, [1.5292468799999999], [117.11], [15.19], [0.42413673711434147]]
[600.0, 1400.0, 0.073657, [0.329132216], [9.555], [1.6660000000000001], [0.1244002905591462]]
[600.0, 1900.0, 0.076909, [5.608413580000001], [409.64], [54.39], [1.1448128294179796]]
[600.0, 100.0, 0.051622, [2.25282253], [255.29], [30.87], [0.5168329440931567]]
[600.0, 800.0, 0.068066, [109.33487600000001], [15190.0], [1274.0], [16.120550206491092]]
[600.0, 1200.0, 0.107316, [1.06134931], [31.653999999999996], [5.390000000000001], [0.35378302007021195]]
[600.0, 600.0, 0.095501, [2.245768], [117.11], [15.19], [0.5152144372977139]]
[600.0, 1600.0, 0.058804, [141.40929599999998], [22099.0], [1911.0], [25.81768662603216]]
[600.0, 400.0, 0.098198, [3.3125563099999997], [186.69], [23.03], [0.626014457660524]]
[600.0, 500.0, 0.103044, [1.2922662200000001], [44.099999999999994], [7.3500000000000005], [0.38963298298527044]]
[600.0, 1100.0, 0.095196, [2.2385277599999998], [117.11], [15.19], [0.5135534292554184]]
[600.0, 300.0, 0.068839, [110.57937799999999], [15190.0], [1274.0], [16.129656824619673]]
[600.0, 1700.0, 0.075001, [1.76071357], [117.11], [15.19], [0.4546142786582929]]
[600.0, 1500.0, 0.084394, [1.17354608], [51.94], [8.33], [0.3711078655458545]]
[600.0, 1800.0, 0.098816, [0.6144649], [16.317], [2.7439999999999998], [0.1704218816560831]]
[600.0, 1000.0, 0.10756, [1.0638027399999999], [31.653999999999996], [5.390000000000001], [0.35460091737049976]]
[600.0, 2000.0, 0.065402, [1.5342635], [117.11], [15.19], [0.4255280579820795]]
[600.0, 700.0, 0.077171, [1.0722870899999999], [51.94], [8.33], [0.35742905491859495]]
[600.0, 1300.0, 0.071866, [0.70729001], [31.653999999999996], [5.390000000000001], [0.2887498532120839]]
[600.0, 900.0, 0.08455, [0.378751772], [9.555], [1.6660000000000001], [0.13390898728315437]]
[700.0, 2000.0, 0.064384, [0.8932945000000001], [51.94], [8.33], [0.24775535812571242]]
[700.0, 100.0, 0.035079, [0.343698299], [31.653999999999996], [5.390000000000001], [0.1537065644173989]]
[700.0, 1000.0, 0.060456, [0.75435598], [44.099999999999994], [7.3500000000000005], [0.22744684225110712]]
[700.0, 600.0, 0.066029, [0.8243564], [44.099999999999994], [7.3500000000000005], [0.2379711623705696]]
[700.0, 1400.0, 0.074664, [1.03696446], [51.94], [8.33], [0.2677430575570541]]
[700.0, 1900.0, 0.08381, [1.16508476], [51.94], [8.33], [0.28257459247073147]]
[700.0, 200.0, 0.03442, [65.7912906], [16954.0], [1519.0], [9.496156006090043]]
[700.0, 400.0, 0.059266, [0.8218882700000001], [51.94], [8.33], [0.2372587387431704]]
[700.0, 1300.0, 0.056291, [0.150449796], [3.7729999999999997], [0.784], [0.04536232527990602]]
[700.0, 1100.0, 0.061011, [2.66365176], [255.29], [30.87], [0.4265255937572797]]
[700.0, 800.0, 0.059695, [2.60602678], [255.29], [30.87], [0.4227533321098723]]
[700.0, 1500.0, 0.059775, [95.9856394], [15190.0], [1274.0], [11.472477059467149]]
[700.0, 1600.0, 0.076606, [0.7541737000000001], [31.653999999999996], [5.390000000000001], [0.2273918372105736]]
[700.0, 1800.0, 0.045261, [72.6496442], [15190.0], [1274.0], [9.979196170032935]]
[700.0, 1200.0, 0.070726, [0.437495912], [16.317], [2.7439999999999998], [0.10937400628668587]]
[700.0, 700.0, 0.067129, [0.414997856], [16.317], [2.7439999999999998], [0.10715200076153501]]
[700.0, 900.0, 0.059284, [0.82214356], [51.94], [8.33], [0.237332348532601]]
[700.0, 300.0, 0.069713, [0.68572021], [31.653999999999996], [5.390000000000001], [0.21684379636042161]]
[700.0, 500.0, 0.047517, [0.9641970099999999], [85.75000000000001], [13.23], [0.25769248611474876]]
[700.0, 1700.0, 0.04908, [0.481602184], [31.653999999999996], [5.390000000000001], [0.1820285039217759]]
[800.0, 300.0, 0.046182, [0.452968397], [31.653999999999996], [5.390000000000001], [0.13657510441511658]]
[800.0, 100.0, 0.026261, [0.1161482476], [9.555], [1.6660000000000001], [0.04389991355982378]]
[800.0, 1800.0, 0.04215, [0.413251104], [31.653999999999996], [5.390000000000001], [0.1306814566838004]]
[800.0, 800.0, 0.040001, [0.4981291], [44.099999999999994], [7.3500000000000005], [0.14379753590726094]]
[800.0, 400.0, 0.037266, [0.8725508399999999], [117.11], [15.19], [0.1904062072517595]]
[800.0, 200.0, 0.0306, [0.6202488600000001], [85.75000000000001], [13.23], [0.16014756289122856]]
[800.0, 1700.0, 0.045156, [0.6253865100000001], [51.94], [8.33], [0.16147399660626474]]
[800.0, 600.0, 0.050838, [0.70442498], [51.94], [8.33], [0.17084818131897103]]
[800.0, 1600.0, 0.047631, [1.11589366], [117.11], [15.19], [0.21475381330723792]]
[800.0, 1000.0, 0.04875, [0.21658960400000002], [9.555], [1.6660000000000001], [0.06007113826789035]]
[800.0, 1100.0, 0.037757, [0.232312332], [16.317], [2.7439999999999998], [0.06208805449037681]]
[800.0, 1500.0, 0.039938, [0.49734118], [44.099999999999994], [7.3500000000000005], [0.14357008361772308]]
[800.0, 1400.0, 0.046415, [0.45527022100000003], [31.653999999999996], [5.390000000000001], [0.13726915132323067]]
[800.0, 1200.0, 0.037637, [0.23157066800000004], [16.317], [2.7439999999999998], [0.061889891824755995]]
[800.0, 900.0, 0.065757, [0.91236628], [51.94], [8.33], [0.1945171633044241]]
[800.0, 1300.0, 0.034944, [0.7084665], [85.75000000000001], [13.23], [0.17182840556788043]]
[800.0, 2000.0, 0.049897, [0.62191878], [44.099999999999994], [7.3500000000000005], [0.16057868940180076]]
[800.0, 500.0, 0.058877, [0.57830829], [31.653999999999996], [5.390000000000001], [0.1545594612083]]
[800.0, 1900.0, 0.039847, [0.4962034], [44.099999999999994], [7.3500000000000005], [0.14324152492206998]]
[800.0, 700.0, 0.042016, [0.5817598500000001], [51.94], [8.33], [0.15548187212662445]]
[900.0, 200.0, 0.01861, [0.435328446], [117.11], [15.19], [0.10558265264237304]]
[900.0, 1100.0, 0.020483, [0.283135279], [51.94], [8.33], [0.08536850538108302]]
[900.0, 300.0, 0.02282, [0.46233891199999994], [85.75000000000001], [13.23], [0.10897431451034689]]
[900.0, 1000.0, 0.027899, [0.385863338], [51.94], [8.33], [0.09962947216561975]]
[900.0, 900.0, 0.030873, [0.38415392400000004], [44.099999999999994], [7.3500000000000005], [0.09918811610772733]]
[900.0, 1600.0, 0.034122, [0.7987882], [117.11], [15.19], [0.14346658613419364]]
[900.0, 700.0, 0.030996, [0.385681156], [44.099999999999994], [7.3500000000000005], [0.09958244334218758]]
[900.0, 1900.0, 0.030927, [0.384822725], [44.099999999999994], [7.3500000000000005], [0.09936078832215453]]
[900.0, 500.0, 0.02416, [0.56529242], [117.11], [15.19], [0.12052078688342521]]
[900.0, 1400.0, 0.031177, [0.387944319], [44.099999999999994], [7.3500000000000005], [0.10016678709033248]]
[900.0, 1200.0, 0.021431, [34.3829962], [15190.0], [1274.0], [4.2005514004711335]]
[900.0, 1500.0, 0.026742, [0.16426897199999999], [16.317], [2.7439999999999998], [0.04106724348382784]]
[900.0, 800.0, 0.028741, [0.6726328], [117.11], [15.19], [0.13191413395842008]]
[900.0, 400.0, 0.025117, [0.15425102], [16.317], [2.7439999999999998], [0.03982743631819653]]
[900.0, 100.0, 0.018742, [0.232986719], [44.099999999999994], [7.3500000000000005], [0.07766224853170298]]
[900.0, 600.0, 0.029599, [0.409417736], [51.94], [8.33], [0.10235443205352664]]
[900.0, 1800.0, 0.044715, [0.6192414199999999], [51.94], [8.33], [0.12640213652862042]]
[900.0, 2000.0, 0.02815, [0.38933587000000003], [51.94], [8.33], [0.1005260765572794]]
[900.0, 1700.0, 0.029009, [0.36089744599999996], [44.099999999999994], [7.3500000000000005], [0.09645389563413187]]
[900.0, 1300.0, 0.027797, [0.12297428079999999], [9.555], [1.6660000000000001], [0.03549962583464789]]
[1000.0, 1600.0, 0.017827, [0.07871377639999999], [9.555], [1.6660000000000001], [0.022722706976062514]]
[1000.0, 1400.0, 0.018299, [0.227467261], [44.099999999999994], [7.3500000000000005], [0.06079316473913823]]
[1000.0, 1500.0, 0.017761, [0.24546917499999998], [51.94], [8.33], [0.06337986632993163]]
[1000.0, 700.0, 0.020118, [0.196802571], [31.653999999999996], [5.390000000000001], [0.05681200819369088]]
[1000.0, 1900.0, 0.017638, [0.357253659], [85.75000000000001], [13.23], [0.07616672916044118]]
[1000.0, 1800.0, 0.023259, [0.22759211299999998], [31.653999999999996], [5.390000000000001], [0.06082654823348108]]
[1000.0, 500.0, 0.02008, [0.277561039], [51.94], [8.33], [0.06731843916788327]]
[1000.0, 1000.0, 0.02336, [0.228577601], [31.653999999999996], [5.390000000000001], [0.06108993324599398]]
[1000.0, 200.0, 0.015357, [0.212214002], [51.94], [8.33], [0.05885756723650749]]
[1000.0, 1100.0, 0.017985, [0.110337808], [16.317], [2.7439999999999998], [0.026760848354265607]]
[1000.0, 2000.0, 0.016714, [0.163448957], [31.653999999999996], [5.390000000000001], [0.05168710366232567]]
[1000.0, 1700.0, 0.021212, [0.13019476400000002], [16.317], [2.7439999999999998], [0.029112433632384638]]
[1000.0, 800.0, 0.020091, [0.196528955], [31.653999999999996], [5.390000000000001], [0.05673302865174748]]
[1000.0, 1300.0, 0.018972, [0.262228057], [51.94], [8.33], [0.06555701924279353]]
[1000.0, 400.0, 0.013693, [0.036098064799999996], [3.7729999999999997], [0.784], [0.010883975475900339]]
[1000.0, 300.0, 0.015038, [0.14703851399999998], [31.653999999999996], [5.390000000000001], [0.049012836318662475]]
[1000.0, 600.0, 0.019136, [0.1174193272], [16.317], [2.7439999999999998], [0.027675998147131026]]
[1000.0, 1200.0, 0.028254, [0.27659716], [31.653999999999996], [5.390000000000001], [0.06708466863598567]]
[1000.0, 100.0, 0.013271, [0.310376486], [117.11], [15.19], [0.0712052617367565]]
[1000.0, 900.0, 0.015906, [0.0975566088], [16.317], [2.7439999999999998], [0.025189004645678244]]
[1100.0, 1300.0, 0.013932, [0.13620412399999998], [31.653999999999996], [5.390000000000001], [0.037776225773626465]]
[1100.0, 1800.0, 0.014401, [0.198978171], [51.94], [8.33], [0.04564872189667527]]
[1100.0, 2000.0, 0.016725, [0.231128443], [51.94], [8.33], [0.04927675443857884]]
[1100.0, 700.0, 0.01201, [0.0316445822], [3.7729999999999997], [0.784], [0.008170595064498057]]
[1100.0, 900.0, 0.01299, [0.179470683], [51.94], [8.33], [0.04352803240671464]]
[1100.0, 200.0, 0.00775, [0.156913533], [85.75000000000001], [13.23], [0.04051490856339182]]
[1100.0, 1900.0, 0.012704, [0.157854725], [44.099999999999994], [7.3500000000000005], [0.04075791606056424]]
[1100.0, 1500.0, 0.013952, [0.136404877], [31.653999999999996], [5.390000000000001], [0.037831906469275374]]
[1100.0, 800.0, 0.014031, [0.13717309900000002], [31.653999999999996], [5.390000000000001], [0.03804496760808188]]
[1100.0, 500.0, 0.016136, [0.15778465500000002], [31.653999999999996], [5.390000000000001], [0.040739818204061744]]
[1100.0, 1700.0, 0.012311, [0.0754698392], [16.317], [2.7439999999999998], [0.017788414059493895]]
[1100.0, 400.0, 0.015186, [0.188724088], [44.099999999999994], [7.3500000000000005], [0.044482698201660384]]
[1100.0, 600.0, 0.013499, [0.16774645300000002], [44.099999999999994], [7.3500000000000005], [0.0419366150040749]]
[1100.0, 1400.0, 0.017256, [0.16875208], [31.653999999999996], [5.390000000000001], [0.042188018281260856]]
[1100.0, 100.0, 0.011098, [0.137879434], [44.099999999999994], [7.3500000000000005], [0.0382408789765612]]
[1100.0, 1100.0, 0.014485, [0.20014344], [51.94], [8.33], [0.045916059129677056]]
[1100.0, 1000.0, 0.013932, [0.13620368300000002], [31.653999999999996], [5.390000000000001], [0.03777611136816494]]
[1100.0, 300.0, 0.01102, [0.136918397], [44.099999999999994], [7.3500000000000005], [0.03797432980053762]]
[1100.0, 1200.0, 0.012834, [0.12546606800000001], [31.653999999999996], [5.390000000000001], [0.036218929307752876]]
[1100.0, 1600.0, 0.019104, [0.264044928], [51.94], [8.33], [0.05280899839989393]]
[1200.0, 100.0, 0.006403, [0.0884303], [51.94], [8.33], [0.024526156937033573]]
[1200.0, 1400.0, 0.008843, [0.122147494], [51.94], [8.33], [0.028790441934781065]]
[1200.0, 1700.0, 0.009956, [0.137529231], [51.94], [8.33], [0.030752467925355197]]
[1200.0, 1800.0, 0.008502, [0.052089979200000004], [16.317], [2.7439999999999998], [0.011950259999179933]]
[1200.0, 700.0, 0.011982, [0.07344796199999999], [16.317], [2.7439999999999998], [0.014135066953361064]]
[1200.0, 200.0, 0.005489, [0.07579609100000001], [51.94], [8.33], [0.022853376221031327]]
[1200.0, 1900.0, 0.010742, [0.06583698800000001], [16.317], [2.7439999999999998], [0.013438919769088585]]
[1200.0, 1200.0, 0.008295, [0.10304131600000001], [44.099999999999994], [7.3500000000000005], [0.02660515002776718]]
[1200.0, 1100.0, 0.007998, [0.0489985888], [16.317], [2.7439999999999998], [0.01154907609880548]]
[1200.0, 1300.0, 0.00846, [0.11684799700000001], [51.94], [8.33], [0.02833979717640901]]
[1200.0, 2000.0, 0.01043, [0.14408195199999999], [51.94], [8.33], [0.031441253876078164]]
[1200.0, 800.0, 0.009871, [0.122627596], [44.099999999999994], [7.3500000000000005], [0.028903596070385427]]
[1200.0, 1600.0, 0.009358, [0.05734234800000001], [16.317], [2.7439999999999998], [0.012513127227356077]]
[1200.0, 1000.0, 0.01042, [0.129450454], [44.099999999999994], [7.3500000000000005], [0.029697969866642398]]
[1200.0, 1500.0, 0.007907, [0.109211298], [51.94], [8.33], [0.027302824623104474]]
[1200.0, 300.0, 0.00534, [0.0327032468], [16.317], [2.7439999999999998], [0.009440616253613955]]
[1200.0, 600.0, 0.011458, [0.030184098], [3.7729999999999997], [0.784], [0.00643527131611403]]
[1200.0, 500.0, 0.007401, [0.032613361199999996], [9.555], [1.6660000000000001], [0.009414669802388186]]
[1200.0, 900.0, 0.009391, [0.057547952000000006], [16.317], [2.7439999999999998], [0.012557990885169491]]
[1200.0, 400.0, 0.007723, [0.07546230300000001], [31.653999999999996], [5.390000000000001], [0.022752742542383762]]
[1300.0, 1600.0, 0.005847, [0.08074808], [51.94], [8.33], [0.019032504535662142]]
[1300.0, 1700.0, 0.005275, [0.023236975999999996], [9.555], [1.6660000000000001], [0.00644477685447681]]
[1300.0, 900.0, 0.005242, [0.0321020952], [16.317], [2.7439999999999998], [0.007566536781381559]]
[1300.0, 200.0, 0.00449, [0.0197785364], [9.555], [1.6660000000000001], [0.005963450017833637]]
[1300.0, 1800.0, 0.006207, [0.085723491], [51.94], [8.33], [0.0196663134445681]]
[1300.0, 1000.0, 0.005458, [0.014351178800000001], [3.7729999999999997], [0.784], [0.0035877945888804726]]
[1300.0, 1400.0, 0.006176, [0.07670788299999999], [44.099999999999994], [7.3500000000000005], [0.018604390825823887]]
[1300.0, 1200.0, 0.006499, [0.0286340712], [9.555], [1.6660000000000001], [0.007158517313522404]]
[1300.0, 500.0, 0.005816, [0.015294174], [3.7729999999999997], [0.784], [0.0037093822051657067]]
[1300.0, 100.0, 0.003777, [0.07646303], [85.75000000000001], [13.23], [0.018545007932055463]]
[1300.0, 1100.0, 0.008664, [0.08466710000000001], [31.653999999999996], [5.390000000000001], [0.019423960945183144]]
[1300.0, 2000.0, 0.006009, [0.058712143], [31.653999999999996], [5.390000000000001], [0.01628382137276137]]
[1300.0, 1300.0, 0.005201, [0.07182273], [51.94], [8.33], [0.017955675425892503]]
[1300.0, 1500.0, 0.007031, [0.043070176800000005], [16.317], [2.7439999999999998], [0.008791660783265013]]
[1300.0, 600.0, 0.006418, [0.06270775], [31.653999999999996], [5.390000000000001], [0.016759353892677367]]
[1300.0, 300.0, 0.004415, [0.103223057], [117.11], [15.19], [0.02152349750853704]]
[1300.0, 1900.0, 0.007321, [0.0322637756], [9.555], [1.6660000000000001], [0.007604645926274279]]
[1300.0, 400.0, 0.004973, [0.0304553424], [16.317], [2.7439999999999998], [0.007386503858253918]]
[1300.0, 700.0, 0.007899, [0.0483946932], [16.317], [2.7439999999999998], [0.009313562392124723]]
[1300.0, 800.0, 0.006206, [0.085703107], [51.94], [8.33], [0.019661643064606785]]
[1400.0, 1100.0, 0.004093, [0.056521549000000004], [51.94], [8.33], [0.012966933242675387]]
[1400.0, 400.0, 0.004317, [0.0113487234], [3.7729999999999997], [0.784], [0.0026035756111163736]]
[1400.0, 1500.0, 0.006698, [0.02951221], [9.555], [1.6660000000000001], [0.005902440664945306]]
[1400.0, 1800.0, 0.004594, [0.0448738129], [31.653999999999996], [5.390000000000001], [0.011586368873810295]]
[1400.0, 1600.0, 0.004668, [0.028586639200000003], [16.317], [2.7439999999999998], [0.005835223505710814]]
[1400.0, 1400.0, 0.00453, [0.091692916], [85.75000000000001], [13.23], [0.016468534792142258]]
[1400.0, 600.0, 0.003683, [0.0225488984], [16.317], [2.7439999999999998], [0.00517307163252163]]
[1400.0, 1700.0, 0.004336, [0.01909716592], [9.555], [1.6660000000000001], [0.004774291256804512]]
[1400.0, 900.0, 0.005786, [0.056527184], [31.653999999999996], [5.390000000000001], [0.012968221915127762]]
[1400.0, 100.0, 0.00272, [0.01665551944], [16.317], [2.7439999999999998], [0.004451375327244379]]
[1400.0, 700.0, 0.00406, [0.050412621000000005], [44.099999999999994], [7.3500000000000005], [0.012226859944401099]]
[1400.0, 2000.0, 0.003765, [0.01658311116], [9.555], [1.6660000000000001], [0.004432023319433236]]
[1400.0, 800.0, 0.003651, [0.050407476], [51.94], [8.33], [0.012225608015554891]]
[1400.0, 1300.0, 0.004641, [0.028420686], [16.317], [2.7439999999999998], [0.005801346717444149]]
[1400.0, 300.0, 0.003223, [0.014191656359999999], [9.555], [1.6660000000000001], [0.0040967788532943784]]
[1400.0, 1200.0, 0.003686, [0.0225724184], [16.317], [2.7439999999999998], [0.005178469854001276]]
[1400.0, 500.0, 0.004578, [0.0447261661], [31.653999999999996], [5.390000000000001], [0.011548246982118109]]
[1400.0, 1000.0, 0.004841, [0.047295696699999994], [31.653999999999996], [5.390000000000001], [0.011823924386598555]]
[1400.0, 200.0, 0.004673, [0.028617666], [16.317], [2.7439999999999998], [0.005841558299768993]]
[1400.0, 1900.0, 0.004304, [0.059429944], [51.94], [8.33], [0.0132889337013923]]
[1500.0, 1500.0, 0.005247, [0.0321342588], [16.317], [2.7439999999999998], [0.0121456077703835]]
[1500.0, 1100.0, 0.007016, [0.0184581824], [3.7729999999999997], [0.784], [0.006525954584886413]]
[1500.0, 1800.0, 0.004331, [0.011384385600000001], [3.7729999999999997], [0.784], [0.005091250440510661]]
[1500.0, 400.0, 0.003554, [0.0347152456], [31.653999999999996], [5.390000000000001], [0.02004285688219122]]
[1500.0, 200.0, 0.001599, [0.06967775500000001], [255.29], [30.87], [0.028445823095843085]]
[1500.0, 500.0, 0.004505, [0.0275890188], [16.317], [2.7439999999999998], [0.011263168607811923]]
[1500.0, 1300.0, 0.003736, [0.0228776688], [16.317], [2.7439999999999998], [0.010231205632182357]]
[1500.0, 600.0, 0.005936, [0.0363593328], [16.317], [2.7439999999999998], [0.012854968968612875]]
[1500.0, 1000.0, 0.0047, [0.058370122999999996], [44.099999999999994], [7.3500000000000005], [0.026103919332161597]]
[1500.0, 2000.0, 0.003365, [0.0464661316], [51.94], [8.33], [0.02323306981007891]]
[1500.0, 800.0, 0.003384, [0.046721906699999996], [51.94], [8.33], [0.023360952345741388]]
[1500.0, 1700.0, 0.003304, [0.0456145361], [51.94], [8.33], [0.022807270943714417]]
[1500.0, 1200.0, 0.004986, [0.068855339], [51.94], [8.33], [0.028110061947637183]]
[1500.0, 300.0, 0.005224, [0.0230139868], [9.555], [1.6660000000000001], [0.010292170704375244]]
[1500.0, 1400.0, 0.003337, [0.046080183100000005], [51.94], [8.33], [0.023040089704686482]]
[1500.0, 100.0, 0.002795, [0.034708513], [44.099999999999994], [7.3500000000000005], [0.020038969212511904]]
[1500.0, 900.0, 0.006832, [0.0418531148], [16.317], [2.7439999999999998], [0.013951035755097183]]
[1500.0, 700.0, 0.003161, [0.01392024144], [9.555], [1.6660000000000001], [0.008036853271772478]]
[1500.0, 1900.0, 0.006567, [0.081568536], [44.099999999999994], [7.3500000000000005], [0.030830000196237432]]
[1500.0, 1600.0, 0.003824, [0.023416806], [16.317], [2.7439999999999998], [0.01047230953018483]]
[1600.0, 1500.0, 0.003032, [0.01856520232], [16.317], [2.7439999999999998], [0.007579211279282298]]
[1600.0, 100.0, 0.001657, [0.0228814614], [51.94], [8.33], [0.013210619916567126]]
[1600.0, 1300.0, 0.002243, [0.0309648199], [51.94], [8.33], [0.01548241284587128]]
[1600.0, 900.0, 0.005613, [0.069707155], [44.099999999999994], [7.3500000000000005], [0.02323572043427963]]
[1600.0, 300.0, 0.001865, [0.023161658100000003], [44.099999999999994], [7.3500000000000005], [0.013372389974869862]]
[1600.0, 500.0, 0.001771, [0.0046516278199999995], [3.7729999999999997], [0.784], [0.002685618613355217]]
[1600.0, 1000.0, 0.002797, [0.0386127546], [51.94], [8.33], [0.017268145053826713]]
[1600.0, 1200.0, 0.00279, [0.012286893079999998], [9.555], [1.6660000000000001], [0.006143446398887192]]
[1600.0, 1800.0, 0.00391, [0.03819055589999999], [31.653999999999996], [5.390000000000001], [0.01707933642153582]]
[1600.0, 1100.0, 0.003505, [0.01543701096], [9.555], [1.6660000000000001], [0.006903641979129567]]
[1600.0, 1900.0, 0.003081, [0.038252883900000006], [44.099999999999994], [7.3500000000000005], [0.01710721162258771]]
[1600.0, 1700.0, 0.002036, [0.012462168039999999], [16.317], [2.7439999999999998], [0.006231083222682875]]
[1600.0, 800.0, 0.001846, [0.0229252919], [44.099999999999994], [7.3500000000000005], [0.013235924044055254]]
[1600.0, 200.0, 0.002091, [0.00920651592], [9.555], [1.6660000000000001], [0.005315383405324586]]
[1600.0, 1600.0, 0.002386, [0.0233073841], [31.653999999999996], [5.390000000000001], [0.01345652502580068]]
[1600.0, 2000.0, 0.003268, [0.076406533], [117.11], [15.19], [0.024161869691727088]]
[1600.0, 1400.0, 0.00237, [0.023146223100000002], [31.653999999999996], [5.390000000000001], [0.013363479577565118]]
[1600.0, 700.0, 0.00295, [0.00775163144], [3.7729999999999997], [0.784], [0.003466635549347523]]
[1600.0, 400.0, 0.001667, [0.0230196659], [51.94], [8.33], [0.013290411554199516]]
[1600.0, 600.0, 0.00191, [0.13893332600000002], [409.64], [54.39], [0.04631111292983575]]
[1700.0, 900.0, 0.002088, [0.020392104600000002], [31.653999999999996], [5.390000000000001], [0.010196052295373929]]
[1700.0, 1500.0, 0.001548, [0.00406461566], [3.7729999999999997], [0.784], [0.0020323078288487697]]
[1700.0, 1800.0, 0.001312, [0.0306679975], [117.11], [15.19], [0.012520156832084812]]
[1700.0, 700.0, 0.002113, [0.020640907], [31.653999999999996], [5.390000000000001], [0.010320452771559976]]
[1700.0, 500.0, 0.002109, [0.020598262300000003], [31.653999999999996], [5.390000000000001], [0.010299130948774271]]
[1700.0, 300.0, 0.001117, [0.015415689100000001], [51.94], [8.33], [0.008900254845227749]]
[1700.0, 800.0, 0.001237, [0.015362636800000001], [44.099999999999994], [7.3500000000000005], [0.008869622630078464]]
[1700.0, 1300.0, 0.002117, [0.020675256], [31.653999999999996], [5.390000000000001], [0.010337629767021066]]
[1700.0, 400.0, 0.001643, [0.0204017233], [44.099999999999994], [7.3500000000000005], [0.010200862084647554]]
[1700.0, 1000.0, 0.002188, [0.05113884999999999], [117.11], [15.19], [0.016171521898077496]]
[1700.0, 2000.0, 0.001573, [0.00413241402], [3.7729999999999997], [0.784], [0.0020662070025048314]]
[1700.0, 1600.0, 0.002089, [0.0204003023], [31.653999999999996], [5.390000000000001], [0.01020014888175658]]
[1700.0, 1400.0, 0.001344, [0.008224838160000001], [16.317], [2.7439999999999998], [0.0041124186419186455]]
[1700.0, 1200.0, 0.002207, [0.0304773875], [51.94], [8.33], [0.012442343754293242]]
[1700.0, 100.0, 0.000967, [0.00510684076], [11.515], [2.499], [0.0022838487370226597]]
[1700.0, 1700.0, 0.002617, [0.0361318797], [51.94], [8.33], [0.013656568117210121]]
[1700.0, 1900.0, 0.001872, [0.0258398805], [51.94], [8.33], [0.011555946454098862]]
[1700.0, 1100.0, 0.002114, [0.0206474632], [31.653999999999996], [5.390000000000001], [0.01032373370539942]]
[1700.0, 600.0, 0.001536, [0.0310818956], [85.75000000000001], [13.23], [0.012689132565309577]]
[1700.0, 200.0, 0.000932, [0.004103616720000001], [9.555], [1.6660000000000001], [0.00290169642905663]]
[1800.0, 600.0, 0.000674, [0.0041243554799999995], [16.317], [2.7439999999999998], [0.002381197538718701]]
[1800.0, 1800.0, 0.001645, [0.020421813299999998], [44.099999999999994], [7.3500000000000005], [0.0083371710897642]]
[1800.0, 400.0, 0.001178, [0.0238439684], [85.75000000000001], [13.23], [0.009012171061958377]]
[1800.0, 1300.0, 0.001132, [0.00692943888], [16.317], [2.7439999999999998], [0.0030989391346071963]]
[1800.0, 1200.0, 0.001236, [0.0170681014], [51.94], [8.33], [0.007633086568354901]]
[1800.0, 1700.0, 0.002198, [0.00967559684], [9.555], [1.6660000000000001], [0.003657031743039702]]
[1800.0, 500.0, 0.001362, [0.0169140258], [44.099999999999994], [7.3500000000000005], [0.007564182865980964]]
[1800.0, 1600.0, 0.001861, [0.00819464632], [9.555], [1.6660000000000001], [0.0033454507331598833]]
[1800.0, 1000.0, 0.001107, [0.00677782308], [16.317], [2.7439999999999998], [0.003031135405751449]]
[1800.0, 700.0, 0.001517, [0.0209400324], [51.94], [8.33], [0.008548733571120345]]
[1800.0, 200.0, 0.00141, [0.013772934700000001], [31.653999999999996], [5.390000000000001], [0.00688646669417634]]
[1800.0, 800.0, 0.000923, [0.00406474208], [9.555], [1.6660000000000001], [0.002346779790265802]]
[1800.0, 2000.0, 0.002018, [0.027855965899999998], [51.94], [8.33], [0.009848573373844559]]
[1800.0, 1100.0, 0.001886, [0.0083018642], [9.555], [1.6660000000000001], [0.003389221436023324]]
[1800.0, 900.0, 0.001885, [0.008300021800000001], [9.555], [1.6660000000000001], [0.0033884698583283874]]
[1800.0, 1500.0, 0.00141, [0.0137724692], [31.653999999999996], [5.390000000000001], [0.006886234834799058]]
[1800.0, 1400.0, 0.001048, [0.010236599799999998], [31.653999999999996], [5.390000000000001], [0.005910104891624175]]
[1800.0, 1900.0, 0.001108, [0.013760954199999998], [44.099999999999994], [7.3500000000000005], [0.006880477686178482]]
[1800.0, 100.0, 0.00104, [0.0210521052], [85.75000000000001], [13.23], [0.008594486857864174]]
[1800.0, 300.0, 0.000935, [0.00411550412], [9.555], [1.6660000000000001], [0.0023760867475746753]]
[1900.0, 300.0, 0.000706, [0.0018534690999999998], [3.7729999999999997], [0.784], [0.0009267345011598521]]
[1900.0, 1600.0, 0.000836, [0.00368012736], [9.555], [1.6660000000000001], [0.001840063512077776]]
[1900.0, 600.0, 0.000757, [0.004631289879999999], [16.317], [2.7439999999999998], [0.0020711756900852227]]
[1900.0, 1500.0, 0.000905, [0.005537070559999999], [16.317], [2.7439999999999998], [0.0022604995334659993]]
[1900.0, 500.0, 0.001175, [0.011470336499999999], [31.653999999999996], [5.390000000000001], [0.005129689218656429]]
[1900.0, 1700.0, 0.00121, [0.0031780576800000005], [3.7729999999999997], [0.784], [0.0012011929999796037]]
[1900.0, 1800.0, 0.000744, [0.0092422526], [44.099999999999994], [7.3500000000000005], [0.00462112554774267]]
[1900.0, 800.0, 0.000677, [0.015826656999999997], [117.11], [15.19], [0.005981912694949668]]
[1900.0, 1300.0, 0.000803, [0.016257675699999998], [85.75000000000001], [13.23], [0.006144822723236205]]
[1900.0, 1000.0, 0.000718, [0.0070102781000000005], [31.653999999999996], [5.390000000000001], [0.004047386355909206]]
[1900.0, 1900.0, 0.000701, [0.0068418798], [31.653999999999996], [5.390000000000001], [0.003950162283754935]]
[1900.0, 1200.0, 0.000747, [0.004573562000000001], [16.317], [2.7439999999999998], [0.002045358373293052]]
[1900.0, 100.0, 0.000384, [0.00371913332], [30.183999999999997], [5.439], [0.0018595669788421176]]
[1900.0, 2000.0, 0.000999, [0.013788325599999998], [51.94], [8.33], [0.005629059346818082]]
[1900.0, 1100.0, 0.000913, [0.005590239479999999], [16.317], [2.7439999999999998], [0.002282205180959854]]
[1900.0, 900.0, 0.000474, [0.00045818704399999997], [0.5781999999999999], [0.12250000000000001], [0.00020490747796993647]]
[1900.0, 200.0, 0.000597, [0.0036553490400000007], [16.317], [2.7439999999999998], [0.0018276744094723218]]
[1900.0, 400.0, 0.000472, [0.00461115774], [31.653999999999996], [5.390000000000001], [0.003260580914499746]]
[1900.0, 700.0, 0.000591, [0.0138057794], [117.11], [15.19], [0.005636186527254044]]
[1900.0, 1400.0, 0.001115, [0.0138398197], [44.099999999999994], [7.3500000000000005], [0.005650082467539744]]
[2000.0, 1500.0, 0.000557, [0.00244959428], [9.555], [1.6660000000000001], [0.0012247972408198837]]
[2000.0, 1200.0, 0.000697, [0.00426500508], [16.317], [2.7439999999999998], [0.0016120202278135346]]
[2000.0, 1300.0, 0.000704, [0.0030984464], [9.555], [1.6660000000000001], [0.00138566774158887]]
[2000.0, 300.0, 0.000635, [0.006203978200000001], [31.653999999999996], [5.390000000000001], [0.00310198988376816]]
[2000.0, 900.0, 0.000834, [0.00366908276], [9.555], [1.6660000000000001], [0.001497896451374393]]
[2000.0, 1900.0, 0.00056, [0.0024626086799999997], [9.555], [1.6660000000000001], [0.0012313039174468665]]
[2000.0, 1600.0, 0.000738, [0.0091632646], [44.099999999999994], [7.3500000000000005], [0.0037408873417947245]]
[2000.0, 500.0, 0.000794, [0.0077586992], [31.653999999999996], [5.390000000000001], [0.0034697948007050795]]
[2000.0, 600.0, 0.000444, [0.0061330017], [51.94], [8.33], [0.0030665016655791986]]
[2000.0, 200.0, 0.000446, [0.0061517785], [51.94], [8.33], [0.0030758904538360924]]
[2000.0, 1800.0, 0.000616, [0.0076421772], [44.099999999999994], [7.3500000000000005], [0.0034176844904116005]]
[2000.0, 2000.0, 0.000707, [0.0031106375999999996], [9.555], [1.6660000000000001], [0.0013911198551958058]]
[2000.0, 400.0, 0.000402, [0.00246017828], [16.317], [2.7439999999999998], [0.0012300891918230969]]
[2000.0, 1100.0, 0.000618, [0.0037853479999999996], [16.317], [2.7439999999999998], [0.0015453617483036132]]
[2000.0, 100.0, 0.0003, [0.006073452], [85.75000000000001], [13.23], [0.003036725732758887]]
[2000.0, 1400.0, 0.0005, [0.00305782736], [16.317], [2.7439999999999998], [0.0013675018463168522]]
[2000.0, 1700.0, 0.000671, [0.0092615684], [51.94], [8.33], [0.0037810192051879344]]
[2000.0, 700.0, 0.000707, [0.0031119370799999996], [9.555], [1.6660000000000001], [0.0013917006188976133]]
[2000.0, 1000.0, 0.000813, [0.0021339921400000002], [3.7729999999999997], [0.784], [0.0008065734002804703]]
[2000.0, 800.0, 0.000698, [0.0018320698200000002], [3.7729999999999997], [0.784], [0.0007479394412918735]]
[2100.0, 200.0, 0.000255, [0.005170225200000001], [85.75000000000001], [13.23], [0.0023121941685334303]]
[2100.0, 100.0, 0.000419, [0.00409115994], [31.653999999999996], [5.390000000000001], [0.002045580106717896]]
[2100.0, 400.0, 0.000311, [0.000817450242], [3.7729999999999997], [0.784], [0.00040872497564988614]]
[2100.0, 1400.0, 0.000463, [0.0020377728], [9.555], [1.6660000000000001], [0.0009113194889170317]]
[2100.0, 500.0, 0.000214, [0.0071800925000000005], [186.69], [23.03], [0.0027138197795726965]]
[2100.0, 800.0, 0.000275, [0.001212313704], [9.555], [1.6660000000000001], [0.0006999294196417237]]
[2100.0, 300.0, 0.000371, [0.001633673916], [9.555], [1.6660000000000001], [0.000816836907589269]]
[2100.0, 600.0, 0.000252, [0.0031237318700000002], [44.099999999999994], [7.3500000000000005], [0.0018034882514172362]]
[2100.0, 700.0, 0.000518, [0.007150486700000001], [51.94], [8.33], [0.002702629636483697]]
[2100.0, 1000.0, 0.000601, [0.0036770874], [16.317], [2.7439999999999998], [0.0012256959942824324]]
[2100.0, 1700.0, 0.000568, [0.00250089532], [9.555], [1.6660000000000001], [0.0010209867453791943]]
[2100.0, 1800.0, 0.000457, [0.00120100862], [3.7729999999999997], [0.784], [0.000490309582202918]]
[2100.0, 1900.0, 0.000391, [0.00102648336], [3.7729999999999997], [0.784], [0.00045905714790208855]]
[2100.0, 900.0, 0.000424, [0.00040964391999999996], [0.5781999999999999], [0.12250000000000001], [0.0001295407727813911]]
[2100.0, 2000.0, 0.000397, [0.00104116866], [3.7729999999999997], [0.784], [0.0004656247011918504]]
[2100.0, 1200.0, 0.000413, [0.005133230199999999], [44.099999999999994], [7.3500000000000005], [0.002295651307363555]]
[2100.0, 1500.0, 0.000373, [0.001641910816], [9.555], [1.6660000000000001], [0.0008209553062621618]]
[2100.0, 1100.0, 0.000335, [0.00415470461], [44.099999999999994], [7.3500000000000005], [0.002077352673957891]]
[2100.0, 1300.0, 0.000659, [0.0081767182], [44.099999999999994], [7.3500000000000005], [0.0028909073968219736]]
[2100.0, 1600.0, 0.00052, [0.0050802171], [31.653999999999996], [5.390000000000001], [0.002271941420899756]]
[2200.0, 1700.0, 0.000206, [0.0048211624299999995], [117.11], [15.19], [0.001822228243662138]]
[2200.0, 1100.0, 0.000334, [0.00414934205], [44.099999999999994], [7.3500000000000005], [0.0016939612536891154]]
[2200.0, 200.0, 0.000157, [0.00041250728399999995], [3.7729999999999997], [0.784], [0.00023816119206117523]]
[2200.0, 1800.0, 0.000267, [0.001635159204], [16.317], [2.7439999999999998], [0.0006675510823300341]]
[2200.0, 900.0, 0.000282, [0.0027498329599999994], [31.653999999999996], [5.390000000000001], [0.0013749163380002436]]
[2200.0, 1000.0, 0.000294, [0.0040552159899999995], [51.94], [8.33], [0.0016555351772161173]]
[2200.0, 1300.0, 0.000371, [0.0016310459480000001], [9.555], [1.6660000000000001], [0.0006658717435662816]]
[2200.0, 1900.0, 0.00035, [0.00341954977], [31.653999999999996], [5.390000000000001], [0.0015292691187295975]]
[2200.0, 1400.0, 0.000317, [0.0019391271760000003], [16.317], [2.7439999999999998], [0.0007329212898531465]]
[2200.0, 1600.0, 0.000177, [0.0010804939040000002], [16.317], [2.7439999999999998], [0.0005402469706643435]]
[2200.0, 800.0, 0.00022, [0.0027313188], [44.099999999999994], [7.3500000000000005], [0.001365659273098528]]
[2200.0, 400.0, 0.000222, [0.00021460863200000003], [0.5781999999999999], [0.12250000000000001], [7.587562267816982e-05]]
[2200.0, 600.0, 0.00022, [0.00272602141], [44.099999999999994], [7.3500000000000005], [0.0013630109025242608]]
[2200.0, 2000.0, 0.000261, [0.000686028126], [3.7729999999999997], [0.784], [0.00030680114214911257]]
[2200.0, 500.0, 0.000186, [0.000816965828], [9.555], [1.6660000000000001], [0.00047167533367773216]]
[2200.0, 700.0, 0.00031, [0.001363832092], [9.555], [1.6660000000000001], [0.0006099242557957504]]
[2200.0, 300.0, 9.5e-05, [0.00413103173], [255.29], [30.87], [0.0016864864674820252]]
[2200.0, 1200.0, 0.000345, [0.00476894362], [51.94], [8.33], [0.0018024908252193684]]
[2200.0, 1500.0, 0.000362, [0.0009496394040000001], [3.7729999999999997], [0.784], [0.0003589300003064664]]
[2200.0, 100.0, 0.000179, [0.0010928354360000001], [16.317], [2.7439999999999998], [0.0005464177344559747]]
[2300.0, 700.0, 0.000124, [0.000544339432], [9.555], [1.6660000000000001], [0.0003142745557629507]]
[2300.0, 100.0, 0.000111, [0.0013770180900000001], [44.099999999999994], [7.3500000000000005], [0.0007950217912107818]]
[2300.0, 1800.0, 0.000221, [0.00274233449], [44.099999999999994], [7.3500000000000005], [0.0011195533897050197]]
[2300.0, 1000.0, 0.000148, [0.000902932408], [16.317], [2.7439999999999998], [0.0004038036219154058]]
[2300.0, 1500.0, 0.00018, [0.0011004684600000002], [16.317], [2.7439999999999998], [0.00044926440895312424]]
[2300.0, 1200.0, 0.000165, [0.000724313884], [9.555], [1.6660000000000001], [0.00036215698125536665]]
[2300.0, 500.0, 0.000175, [0.00045880659999999996], [3.7729999999999997], [0.784], [0.00020518454973998408]]
[2300.0, 1900.0, 0.000185, [0.0018079089], [31.653999999999996], [5.390000000000001], [0.0009039545179930238]]
[2300.0, 1300.0, 0.000184, [0.00179226516], [31.653999999999996], [5.390000000000001], [0.0008961325718329849]]
[2300.0, 1600.0, 0.000181, [0.0022448041699999997], [44.099999999999994], [7.3500000000000005], [0.0010039068053360333]]
[2300.0, 1700.0, 0.000239, [0.001464664488], [16.317], [2.7439999999999998], [0.0005178371188240564]]
[2300.0, 1400.0, 0.00025, [0.00109966388], [9.555], [1.6660000000000001], [0.0004489358928132167]]
[2300.0, 1100.0, 0.000246, [0.000644873516], [3.7729999999999997], [0.784], [0.00024373927909140947]]
[2300.0, 900.0, 0.000242, [0.000636643084], [3.7729999999999997], [0.784], [0.00024062847838940426]]
[2300.0, 2000.0, 0.00023, [0.00318181549], [51.94], [8.33], [0.001202613339856165]]
[2300.0, 300.0, 0.000166, [0.000732024132], [9.555], [1.6660000000000001], [0.00036601203945225627]]
[2300.0, 200.0, 0.000139, [0.00135774247], [31.653999999999996], [5.390000000000001], [0.0007838931114635465]]
[2300.0, 400.0, 0.000108, [0.0036299356800000003], [186.69], [23.03], [0.0012833763232193431]]
[2300.0, 800.0, 0.000173, [0.000453038124], [3.7729999999999997], [0.784], [0.00020260482646768316]]
[2300.0, 600.0, 0.000134, [0.0001298255], [0.5781999999999999], [0.12250000000000001], [4.906942889253961e-05]]
[2400.0, 1200.0, 8.1e-05, [0.00035757456], [9.555], [1.6660000000000001], [0.00020644578678190556]]
[2400.0, 1500.0, 0.000122, [0.00152040385], [44.099999999999994], [7.3500000000000005], [0.0006799452297060404]]
[2400.0, 1100.0, 0.000171, [0.0023600987200000003], [51.94], [8.33], [0.000834420797140148]]
[2400.0, 1600.0, 0.000115, [0.000302766296], [3.7729999999999997], [0.784], [0.00013540121333282062]]
[2400.0, 400.0, 0.000124, [0.00121312583], [31.653999999999996], [5.390000000000001], [0.0006065628042503101]]
[2400.0, 1300.0, 0.000169, [0.00209905563], [44.099999999999994], [7.3500000000000005], [0.00079336856176685]]
[2400.0, 200.0, 0.000125, [0.00121847908], [31.653999999999996], [5.390000000000001], [0.0006092396827193711]]
[2400.0, 1700.0, 0.000194, [0.000854958664], [9.555], [1.6660000000000001], [0.00032314397016809703]]
[2400.0, 2000.0, 9.9e-05, [0.0006058871560000001], [16.317], [2.7439999999999998], [0.00027096097959669396]]
[2400.0, 600.0, 9.2e-05, [0.000240385082], [3.7729999999999997], [0.784], [0.00012019251540757437]]
[2400.0, 1900.0, 0.000162, [0.0007129466679999999], [9.555], [1.6660000000000001], [0.0002910592080797308]]
[2400.0, 700.0, 9.3e-05, [0.00024428214999999996], [3.7729999999999997], [0.784], [0.00012214106855599387]]
[2400.0, 100.0, 4.8e-05, [0.00059772748], [44.099999999999994], [7.3500000000000005], [0.0004226572251482282]]
[2400.0, 1800.0, 0.000137, [0.000839409004], [16.317], [2.7439999999999998], [0.00031726679286682365]]
[2400.0, 500.0, 9.3e-05, [0.00091221634], [31.653999999999996], [5.390000000000001], [0.0005266684029823699]]
[2400.0, 900.0, 0.000155, [0.00151069842], [31.653999999999996], [5.390000000000001], [0.0006756049918406465]]
[2400.0, 1400.0, 0.000157, [0.000958283984], [16.317], [2.7439999999999998], [0.00033880452509374784]]
[2400.0, 800.0, 0.000187, [0.00182582085], [31.653999999999996], [5.390000000000001], [0.0007453882512489716]]
[2400.0, 300.0, 0.000123, [0.0012026050399999999], [31.653999999999996], [5.390000000000001], [0.000601302676943983]]
[2400.0, 1000.0, 0.000137, [0.000601646108], [9.555], [1.6660000000000001], [0.00026906431400689314]]
[2500.0, 400.0, 7.8e-05, [0.00047846010799999994], [16.317], [2.7439999999999998], [0.00019533050637726815]]
[2500.0, 1300.0, 6.4e-05, [0.00079071741], [44.099999999999994], [7.3500000000000005], [0.00039535867944184556]]
[2500.0, 500.0, 8.6e-05, [0.0011886733600000002], [51.94], [8.33], [0.00048527384460735155]]
[2500.0, 900.0, 5.2e-05, [0.00031582068], [16.317], [2.7439999999999998], [0.0001579102922902747]]
[2500.0, 1400.0, 9.2e-05, [0.000404466384], [9.555], [1.6660000000000001], [0.00018088290898589618]]
[2500.0, 200.0, 4.1e-05, [3.98447028e-05], [0.5781999999999999], [0.12250000000000001], [1.7819091831852713e-05]]
[2500.0, 1900.0, 7.2e-05, [0.00099811726], [51.94], [8.33], [0.00044637163134545187]]
[2500.0, 1000.0, 6e-05, [0.00058629431], [31.653999999999996], [5.390000000000001], [0.00033849719929417437]]
[2500.0, 1800.0, 7.6e-05, [0.000200016334], [3.7729999999999997], [0.784], [8.945000664058109e-05]]
[2500.0, 1700.0, 0.000103, [0.000630478884], [16.317], [2.7439999999999998], [0.00022290793141564074]]
[2500.0, 800.0, 6.1e-05, [0.000160948732], [3.7729999999999997], [0.784], [8.047434559907897e-05]]
[2500.0, 700.0, 4.3e-05, [0.00059150987], [51.94], [8.33], [0.0003415084871273333]]
[2500.0, 1600.0, 9.6e-05, [0.00118915062], [44.099999999999994], [7.3500000000000005], [0.00048546864679400255]]
[2500.0, 1100.0, 9e-05, [0.000550694928], [16.317], [2.7439999999999998], [0.00020814314105441954]]
[2500.0, 600.0, 5.4e-05, [0.000236270944], [9.555], [1.6660000000000001], [0.00013641109991199395]]
[2500.0, 300.0, 6.1e-05, [0.00059151575], [31.653999999999996], [5.390000000000001], [0.0003415118266326951]]
[2500.0, 2000.0, 0.000109, [0.000479760372], [9.555], [1.6660000000000001], [0.00019586134955932476]]
[2500.0, 1200.0, 0.000126, [0.000555499084], [9.555], [1.6660000000000001], [0.00020995891064682157]]
[2500.0, 100.0, 6.1e-05, [0.0005928069], [31.653999999999996], [5.390000000000001], [0.00034225719568768746]]
[2500.0, 1500.0, 7.7e-05, [0.000473357248], [16.317], [2.7439999999999998], [0.00019324728317055326]]
[2600.0, 800.0, 4.8e-05, [0.000209113576], [9.555], [1.6660000000000001], [0.00010455680578135503]]
[2600.0, 2000.0, 5.3e-05, [0.0005189805600000001], [31.653999999999996], [5.390000000000001], [0.00025949027852696134]]
[2600.0, 900.0, 7.3e-05, [0.000320450396], [9.555], [1.6660000000000001], [0.00013082332702083372]]
[2600.0, 1000.0, 5.4e-05, [0.00052335871], [31.653999999999996], [5.390000000000001], [0.00026167945246044824]]
[2600.0, 200.0, 4e-05, [0.000390608792], [31.653999999999996], [5.390000000000001], [0.0002255181549011077]]
[2600.0, 1100.0, 6.7e-05, [0.000411674676], [16.317], [2.7439999999999998], [0.00014554897182735439]]
[2600.0, 1500.0, 5.1e-05, [0.00031080288400000004], [16.317], [2.7439999999999998], [0.00012688477479035854]]
[2600.0, 700.0, 5.1e-05, [0.000312307184], [16.317], [2.7439999999999998], [0.00012749888131901392]]
[2600.0, 1800.0, 4.8e-05, [0.000211052016], [9.555], [1.6660000000000001], [0.00010552600683433446]]
[2600.0, 1600.0, 4.9e-05, [0.000129416252], [3.7729999999999997], [0.784], [5.787671252585102e-05]]
[2600.0, 1400.0, 7.1e-05, [0.00144633202], [85.75000000000001], [13.23], [0.00043608560257133003]]
[2600.0, 1300.0, 5.1e-05, [0.0011828565700000002], [117.11], [15.19], [0.0003942855265794066]]
[2600.0, 600.0, 5.2e-05, [0.0006458004], [44.099999999999994], [7.3500000000000005], [0.00028881075530526903]]
[2600.0, 1700.0, 6.6e-05, [0.00090546512], [51.94], [8.33], [0.00034223355367351107]]
[2600.0, 400.0, 5.1e-05, [0.000312352264], [16.317], [2.7439999999999998], [0.00012751728970143619]]
[2600.0, 300.0, 4e-05, [0.000387723672], [31.653999999999996], [5.390000000000001], [0.00022385241216033388]]
[2600.0, 1900.0, 9.8e-05, [0.00025779732999999997], [3.7729999999999997], [0.784], [8.152267703651543e-05]]
[2600.0, 1200.0, 9e-05, [0.000235913538], [3.7729999999999997], [0.784], [7.863784659055714e-05]]
[2600.0, 100.0, 6.8e-05, [0.00041614229999999993], [16.317], [2.7439999999999998], [0.00014712854592906165]]
[2600.0, 500.0, 2.8e-05, [0.000387814077], [51.94], [8.33], [0.00022390453356285577]]
[2700.0, 1400.0, 4.6e-05, [0.000119648592], [3.7729999999999997], [0.784], [4.52228961301684e-05]]
[2700.0, 1000.0, 4.3e-05, [0.00059287305], [51.94], [8.33], [0.00022408498793984394]]
[2700.0, 800.0, 2.9e-05, [0.00059126242], [85.75000000000001], [13.23], [0.00022347620978529234]]
[2700.0, 900.0, 3.5e-05, [0.000338860137], [31.653999999999996], [5.390000000000001], [0.00016943006840581748]]
[2700.0, 600.0, 2.1e-05, [2.01463108e-05], [0.5781999999999999], [0.12250000000000001], [8.224698094884699e-06]]
[2700.0, 1100.0, 3.9e-05, [0.00017116879920000001], [9.555], [1.6660000000000001], [7.654900381846913e-05]]
[2700.0, 1300.0, 4.4e-05, [0.000429022783], [31.653999999999996], [5.390000000000001], [0.00019186481696757224]]
[2700.0, 400.0, 2.5e-05, [0.00034466482399999997], [51.94], [8.33], [0.00017233238001025807]]
[2700.0, 1700.0, 3.7e-05, [0.0005132946], [51.94], [8.33], [0.00020955158073849024]]
[2700.0, 100.0, 3.9e-05, [0.000169513638], [9.555], [1.6660000000000001], [7.580881199438494e-05]]
[2700.0, 2000.0, 3.2e-05, [8.43953362e-05], [3.7729999999999997], [0.784], [3.774273784981689e-05]]
[2700.0, 1200.0, 5.4e-05, [0.000239205064], [9.555], [1.6660000000000001], [9.041104180353195e-05]]
[2700.0, 700.0, 3.9e-05, [0.0001708525532], [9.555], [1.6660000000000001], [7.640757773938394e-05]]
[2700.0, 300.0, 3.1e-05, [0.000426527115], [51.94], [8.33], [0.00019074869889464514]]
[2700.0, 1800.0, 5.4e-05, [0.00023828406], [9.555], [1.6660000000000001], [9.006288508814273e-05]]
[2700.0, 200.0, 2.2e-05, [0.0001348332412], [16.317], [2.7439999999999998], [6.74166211078544e-05]]
[2700.0, 1500.0, 4.3e-05, [0.000421769607], [31.653999999999996], [5.390000000000001], [0.0001886210432321908]]
[2700.0, 500.0, 2.7e-05, [0.00033483072], [44.099999999999994], [7.3500000000000005], [0.00016741536796244247]]
[2700.0, 1900.0, 3.9e-05, [0.00024161997999999998], [16.317], [2.7439999999999998], [9.132375969483516e-05]]
[2700.0, 1600.0, 3.9e-05, [0.000101678822], [3.7729999999999997], [0.784], [4.1510201854483914e-05]]
[2800.0, 1500.0, 3e-05, [7.76450374e-05], [3.7729999999999997], [0.784], [2.9347065011683877e-05]]
[2800.0, 200.0, 2.5e-05, [6.65751926e-05], [3.7729999999999997], [0.784], [2.7179214770114313e-05]]
[2800.0, 400.0, 2.1e-05, [5.45344912e-05], [3.7729999999999997], [0.784], [2.4388561641064444e-05]]
[2800.0, 900.0, 1.7e-05, [0.000167786045], [31.653999999999996], [5.390000000000001], [9.687133938890286e-05]]
[2800.0, 600.0, 1.1e-05, [0.000219711247], [85.75000000000001], [13.23], [0.000109855595870215]]
[2800.0, 1200.0, 2.2e-05, [0.000273241787], [44.099999999999994], [7.3500000000000005], [0.00012219743354097091]]
[2800.0, 1000.0, 1.7e-05, [4.5014731999999995e-05], [3.7729999999999997], [0.784], [2.250737007737688e-05]]
[2800.0, 1400.0, 2.5e-05, [6.62715004e-05], [3.7729999999999997], [0.784], [2.705522653462728e-05]]
[2800.0, 800.0, 3.1e-05, [0.000383594491], [44.099999999999994], [7.3500000000000005], [0.00014498509636510918]]
[2800.0, 100.0, 1.8e-05, [0.000218547791], [44.099999999999994], [7.3500000000000005], [0.00010927387818229936]]
[2800.0, 1100.0, 2.1e-05, [5.515923140000001e-05], [3.7729999999999997], [0.784], [2.4667956855807898e-05]]
[2800.0, 1300.0, 2.5e-05, [0.00011100661879999998], [9.555], [1.6660000000000001], [4.964366993686103e-05]]
[2800.0, 2000.0, 2.5e-05, [0.00011027418639999999], [9.555], [1.6660000000000001], [4.931612394176979e-05]]
[2800.0, 500.0, 3e-05, [0.00013250956319999998], [9.555], [1.6660000000000001], [5.409681310983115e-05]]
[2800.0, 1900.0, 3.8e-05, [9.9111712e-05], [3.7729999999999997], [0.784], [3.303722301889189e-05]]
[2800.0, 1800.0, 2.1e-05, [1.9927339599999998e-05], [0.5781999999999999], [0.12250000000000001], [6.642445494243819e-06]]
[2800.0, 300.0, 1.8e-05, [0.000219731533], [44.099999999999994], [7.3500000000000005], [0.00010986573656968764]]
[2800.0, 700.0, 2.4e-05, [0.000332926678], [51.94], [8.33], [0.0001359167525693577]]
[2800.0, 1600.0, 2.8e-05, [0.00027559417900000003], [31.653999999999996], [5.390000000000001], [0.00012324946535380993]]
[2800.0, 1700.0, 2.5e-05, [0.0001095550624], [9.555], [1.6660000000000001], [4.899451561307653e-05]]
[2900.0, 1300.0, 1.6e-05, [4.2442526e-05], [3.7729999999999997], [0.784], [1.7327087316684247e-05]]
[2900.0, 900.0, 2e-05, [8.683760400000001e-05], [9.555], [1.6660000000000001], [3.545130731806656e-05]]
[2900.0, 1600.0, 1.7e-05, [0.000214547186], [44.099999999999994], [7.3500000000000005], [8.758855195172483e-05]]
[2900.0, 2000.0, 1.7e-05, [0.00021610484699999998], [44.099999999999994], [7.3500000000000005], [8.82244557761622e-05]]
[2900.0, 1200.0, 1.4e-05, [3.59961154e-05], [3.7729999999999997], [0.784], [1.609795203496395e-05]]
[2900.0, 1700.0, 1.6e-05, [9.982603399999999e-05], [16.317], [2.7439999999999998], [3.773069235728388e-05]]
[2900.0, 1100.0, 2.8e-05, [0.00017375576400000003], [16.317], [2.7439999999999998], [5.0158961950981405e-05]]
[2900.0, 800.0, 2.3e-05, [0.000100347982], [9.555], [1.6660000000000001], [3.7927975142366884e-05]]
[2900.0, 600.0, 1.5e-05, [0.000142680601], [31.653999999999996], [5.390000000000001], [7.134029798087473e-05]]
[2900.0, 100.0, 1.1e-05, [2.8714156800000003e-05], [3.7729999999999997], [0.784], [1.4357080272813133e-05]]
[2900.0, 400.0, 1.4e-05, [3.66434838e-05], [3.7729999999999997], [0.784], [1.6387463769601445e-05]]
[2900.0, 1000.0, 2.2e-05, [0.00021422795100000002], [31.653999999999996], [5.390000000000001], [8.745819189189768e-05]]
[2900.0, 1400.0, 1.1e-05, [0.000252472843], [117.11], [15.19], [9.542577334766535e-05]]
[2900.0, 200.0, 1.6e-05, [0.000215152532], [51.94], [8.33], [8.783564018096527e-05]]
[2900.0, 500.0, 1.4e-05, [8.44470116e-05], [16.317], [2.7439999999999998], [3.447534699926891e-05]]
[2900.0, 1500.0, 1.6e-05, [7.10632496e-05], [9.555], [1.6660000000000001], [3.1780455644310704e-05]]
[2900.0, 1800.0, 1.3e-05, [0.000177949576], [51.94], [8.33], [7.958147610468155e-05]]
[2900.0, 300.0, 1.8e-05, [0.000180183241], [31.653999999999996], [5.390000000000001], [8.058039198837395e-05]]
[2900.0, 700.0, 1.1e-05, [0.000106180256], [31.653999999999996], [5.390000000000001], [6.130319090389993e-05]]
[2900.0, 1900.0, 1.5e-05, [0.000145006484], [31.653999999999996], [5.390000000000001], [7.250322880396431e-05]]
[3000.0, 1900.0, 9e-06, [9.1148428e-05], [31.653999999999996], [5.390000000000001], [4.557422012717277e-05]]
[3000.0, 800.0, 1.4e-05, [3.6470004199999996e-05], [3.7729999999999997], [0.784], [1.2894092800968975e-05]]
[3000.0, 900.0, 9e-06, [0.00011466377300000001], [44.099999999999994], [7.3500000000000005], [5.1279196483564365e-05]]
[3000.0, 1600.0, 1.1e-05, [0.000137423195], [44.099999999999994], [7.3500000000000005], [5.610277462835506e-05]]
[3000.0, 700.0, 9e-06, [0.000114754276], [44.099999999999994], [7.3500000000000005], [5.131965823151982e-05]]
[3000.0, 600.0, 9e-06, [0.000115683071], [44.099999999999994], [7.3500000000000005], [5.173504373246436e-05]]
[3000.0, 1300.0, 9e-06, [2.27054436e-05], [3.7729999999999997], [0.784], [1.0154185716245298e-05]]
[3000.0, 500.0, 9e-06, [9.0398875e-05], [31.653999999999996], [5.390000000000001], [4.5199423120212504e-05]]
[3000.0, 1500.0, 9e-06, [5.47204168e-05], [16.317], [2.7439999999999998], [2.233951218088703e-05]]
[3000.0, 1800.0, 1.3e-05, [8.226537480000001e-05], [16.317], [2.7439999999999998], [2.7421786955630734e-05]]
[3000.0, 2000.0, 1.4e-05, [0.00013810400099999997], [31.653999999999996], [5.390000000000001], [5.63807124999321e-05]]
[3000.0, 100.0, 7e-06, [9.1399602e-05], [44.099999999999994], [7.3500000000000005], [4.5699799497371976e-05]]
[3000.0, 1400.0, 1.3e-05, [0.00016154148499999998], [44.099999999999994], [7.3500000000000005], [6.105694936696396e-05]]
[3000.0, 1100.0, 1.5e-05, [6.43083448e-05], [9.555], [1.6660000000000001], [2.4306268119972677e-05]]
[3000.0, 1200.0, 9e-06, [8.2251694e-06], [0.5781999999999999], [0.12250000000000001], [2.7417226549744235e-06]]
[3000.0, 1000.0, 9e-06, [9.211225800000001e-05], [31.653999999999996], [5.390000000000001], [4.6056121538835644e-05]]
[3000.0, 400.0, 7e-06, [9.2075459e-05], [44.099999999999994], [7.3500000000000005], [4.603773350090119e-05]]
[3000.0, 300.0, 7e-06, [4.57225468e-05], [16.317], [2.7439999999999998], [2.044774168459686e-05]]
[3000.0, 1700.0, 1.9e-05, [8.28328928e-05], [9.555], [1.6660000000000001], [2.7610960429510595e-05]]
[3000.0, 200.0, 8e-06, [4.62532756e-05], [16.317], [2.7439999999999998], [2.0685095654601166e-05]]
