[200.0, 1800.0, 0.259127, [1.8644984499999997], [23.324299999999997], [2.33243], [1.0764686169368802]]
[200.0, 700.0, 0.278519, [9.951621599999998], [200.58897999999996], [23.324299999999997], [4.97581172875341]]
[200.0, 2000.0, 0.318469, [4.9667419], [64.841554], [8.396747999999999], [2.4833706147089685]]
[200.0, 1300.0, 0.319554, [4.9857721], [64.841554], [8.396747999999999], [2.4928859580815166]]
[200.0, 1400.0, 0.336556, [2.4926353499999996], [23.324299999999997], [2.33243], [1.2463177724801968]]
[200.0, 400.0, 0.178481, [1.25198545], [23.324299999999997], [2.33243], [0.8852872991294972]]
[200.0, 1900.0, 0.166324, [2.4930274999999997], [64.841554], [8.396747999999999], [1.7628366467146068]]
[200.0, 1700.0, 0.467864, [3.08189075], [9.796206], [1.3994579999999999], [3.0818905764157165]]
[200.0, 500.0, 0.317833, [4.9555915], [64.841554], [8.396747999999999], [2.4777950278422947]]
[200.0, 1500.0, 0.212379, [7.479167599999999], [200.58897999999996], [23.324299999999997], [4.318098430096285]]
[200.0, 100.0, 0.217868, [1.5526448999999998], [23.324299999999997], [2.33243], [1.0978860941600452]]
[200.0, 600.0, 0.572917, [9.975284], [64.841554], [8.396747999999999], [3.526795580977156]]
[200.0, 1000.0, 0.142934, [4.9716478], [200.58897999999996], [23.324299999999997], [3.5154857092583947]]
[200.0, 1200.0, 0.258728, [1.8613060499999996], [23.324299999999997], [2.33243], [1.0746254977898115]]
[200.0, 300.0, 0.177769, [1.24666555], [23.324299999999997], [2.33243], [0.8815258220835054]]
[200.0, 1600.0, 0.283427, [2.0863851999999996], [23.324299999999997], [2.33243], [1.475297166675243]]
[200.0, 900.0, 0.259282, [1.8657301], [23.324299999999997], [2.33243], [1.0771794693782462]]
[200.0, 800.0, 0.485734, [3.8968371], [23.324299999999997], [2.33243], [1.7427186663371685]]
[200.0, 1100.0, 0.244691, [3.7363430999999996], [64.841554], [8.396747999999999], [2.157179061181524]]
[200.0, 200.0, 0.103431, [19.841879199999997], [895.65312], [149.27552], [9.920940624759327]]
[300.0, 2000.0, 0.20411, [3.0577901999999995], [64.841554], [8.396747999999999], [1.1557356964289023]]
[300.0, 400.0, 0.260728, [3.9524901999999997], [64.841554], [8.396747999999999], [1.317496735859334]]
[300.0, 1000.0, 0.286675, [4.372316099999999], [64.841554], [8.396747999999999], [1.3826474438554464]]
[300.0, 200.0, 0.275677, [1.9688736000000002], [23.324299999999997], [2.33243], [0.6562913074618617]]
[300.0, 1600.0, 0.27372, [9.668611199999997], [200.58897999999996], [23.324299999999997], [2.915195697719108]]
[300.0, 1300.0, 0.276358, [1.9741819999999997], [23.324299999999997], [2.33243], [0.6580606083409034]]
[300.0, 800.0, 0.259176, [3.927422499999999], [64.841554], [8.396747999999999], [1.3091405233969344]]
[300.0, 700.0, 0.287438, [4.3848534], [64.841554], [8.396747999999999], [1.3866125655712196]]
[300.0, 300.0, 0.248106, [1.7576070999999998], [23.324299999999997], [2.33243], [0.6214076902485195]]
[300.0, 900.0, 0.303052, [2.1831162999999996], [23.324299999999997], [2.33243], [0.6903618676100237]]
[300.0, 600.0, 0.178301, [4.33608926], [110.09069599999998], [15.394037999999998], [4.336088930822337]]
[300.0, 1400.0, 0.39046, [6.1322760999999995], [64.841554], [8.396747999999999], [1.6389200297757056]]
[300.0, 500.0, 0.249601, [8.776063999999998], [200.58897999999996], [23.324299999999997], [2.7752349356405848]]
[300.0, 1200.0, 0.436833, [6.970262699999998], [64.841554], [8.396747999999999], [1.7425655192847123]]
[300.0, 100.0, 0.175504, [2.6155416], [64.841554], [8.396747999999999], [1.0677906985921912]]
[300.0, 1100.0, 0.357857, [2.6274211], [23.324299999999997], [2.33243], [0.7584711642508237]]
[300.0, 1900.0, 0.318646, [11.363812399999999], [200.58897999999996], [23.324299999999997], [3.1517543768510894]]
[300.0, 1500.0, 0.330862, [2.4058655499999997], [23.324299999999997], [2.33243], [0.7253958073010898]]
[300.0, 1700.0, 0.223318, [7.8155104], [200.58897999999996], [23.324299999999997], [2.605169703493421]]
[300.0, 1800.0, 0.203548, [3.0489949999999997], [64.841554], [8.396747999999999], [1.1524117810053836]]
[400.0, 900.0, 0.344363, [5.308413799999999], [64.841554], [8.396747999999999], [1.0216047508699242]]
[400.0, 1200.0, 0.386027, [2.8485948499999996], [23.324299999999997], [2.33243], [0.528970749191295]]
[400.0, 1500.0, 0.296572, [4.5165261], [64.841554], [8.396747999999999], [0.9417611130217682]]
[400.0, 200.0, 0.295403, [4.4974245999999996], [64.841554], [8.396747999999999], [0.9377777225974181]]
[400.0, 1600.0, 0.377795, [5.8793565999999995], [64.841554], [8.396747999999999], [1.0734191418080823]]
[400.0, 500.0, 0.411157, [6.4653782], [64.841554], [8.396747999999999], [1.1254776861404228]]
[400.0, 1700.0, 0.306917, [4.685629], [64.841554], [8.396747999999999], [0.9564499600083634]]
[400.0, 300.0, 0.364688, [5.653547199999999], [64.841554], [8.396747999999999], [1.0498372611981341]]
[400.0, 1300.0, 0.343696, [5.2971231], [64.841554], [8.396747999999999], [1.0194317686829264]]
[400.0, 1400.0, 0.46704, [7.490058099999999], [64.841554], [8.396747999999999], [1.215047791241151]]
[400.0, 1100.0, 0.331948, [5.1000706], [64.841554], [8.396747999999999], [1.0002062442316584]]
[400.0, 800.0, 0.296081, [4.5084968], [64.841554], [8.396747999999999], [0.9400865603762241]]
[400.0, 100.0, 0.146326, [2.16612712], [64.841554], [8.396747999999999], [0.6531119218786317]]
[400.0, 1000.0, 0.389515, [6.0832953], [64.841554], [8.396747999999999], [1.092592238211493]]
[400.0, 400.0, 0.331568, [5.093701899999999], [64.841554], [8.396747999999999], [0.9989570170933282]]
[400.0, 1800.0, 0.308091, [4.7049696999999995], [64.841554], [8.396747999999999], [0.9603980424803041]]
[400.0, 2000.0, 0.284846, [4.3261367], [64.841554], [8.396747999999999], [0.922335560411719]]
[400.0, 600.0, 0.374228, [2.7494452999999996], [23.324299999999997], [2.33243], [0.5195962930487477]]
[400.0, 700.0, 0.389653, [6.0857218], [64.841554], [8.396747999999999], [1.0930281460236968]]
[400.0, 1900.0, 0.324726, [2.3451674], [23.324299999999997], [2.33243], [0.47870523315501784]]
[500.0, 1700.0, 0.276989, [1.968064], [23.324299999999997], [2.33243], [0.31514232471218456]]
[500.0, 1100.0, 0.251798, [3.7916971999999993], [64.841554], [8.396747999999999], [0.6150945261502494]]
[500.0, 300.0, 0.30839, [4.702182099999999], [64.841554], [8.396747999999999], [0.6858837554571473]]
[500.0, 1300.0, 0.277626, [4.2033857], [64.841554], [8.396747999999999], [0.648596370557221]]
[500.0, 1800.0, 0.307678, [2.2060806499999996], [23.324299999999997], [2.33243], [0.3325791450542261]]
[500.0, 1400.0, 0.282898, [2.01346255], [23.324299999999997], [2.33243], [0.3183564339698508]]
[500.0, 600.0, 0.375087, [5.8208078], [64.841554], [8.396747999999999], [0.764309414438943]]
[500.0, 1900.0, 0.27874, [4.221305], [64.841554], [8.396747999999999], [0.6513617461134787]]
[500.0, 1200.0, 0.254162, [1.7944255], [23.324299999999997], [2.33243], [0.29907087140843386]]
[500.0, 800.0, 0.295584, [4.4933467], [64.841554], [8.396747999999999], [0.669828712134677]]
[500.0, 1000.0, 0.306932, [2.2002190999999995], [23.324299999999997], [2.33243], [0.3316955866830308]]
[500.0, 2000.0, 0.277984, [4.2091403], [64.841554], [8.396747999999999], [0.6494843262158064]]
[500.0, 700.0, 0.253381, [1.78852485], [23.324299999999997], [2.33243], [0.2980873426950563]]
[500.0, 100.0, 0.160808, [5.562140599999999], [200.58897999999996], [23.324299999999997], [1.051145697037285]]
[500.0, 200.0, 0.235075, [1.6513528499999999], [23.324299999999997], [2.33243], [0.28746358869429006]]
[500.0, 1500.0, 0.291382, [4.4252644], [64.841554], [8.396747999999999], [0.6671335848988565]]
[500.0, 900.0, 0.28367, [4.3006228], [64.841554], [8.396747999999999], [0.655838940441935]]
[500.0, 1600.0, 0.290056, [4.4037617], [64.841554], [8.396747999999999], [0.6638918824627997]]
[500.0, 500.0, 0.305562, [4.6560049999999995], [64.841554], [8.396747999999999], [0.6864906289236582]]
[500.0, 400.0, 0.344942, [5.3083355999999995], [64.841554], [8.396747999999999], [0.729155865367618]]
[600.0, 200.0, 0.16392, [1.13193074], [23.324299999999997], [2.33243], [0.17677785636215865]]
[600.0, 1400.0, 0.221256, [3.3105141999999996], [64.841554], [8.396747999999999], [0.4273854900438244]]
[600.0, 1900.0, 0.227022, [3.4003407], [64.841554], [8.396747999999999], [0.43184360479229045]]
[600.0, 100.0, 0.124558, [1.8366189999999998], [64.841554], [8.396747999999999], [0.31971431262925964]]
[600.0, 800.0, 0.223149, [1.56192655], [23.324299999999997], [2.33243], [0.20872129335551748]]
[600.0, 1200.0, 0.200496, [2.9891053], [64.841554], [8.396747999999999], [0.40676577805906927]]
[600.0, 600.0, 0.243704, [3.6617357], [64.841554], [8.396747999999999], [0.4507284713660764]]
[600.0, 1600.0, 0.14475, [0.9956369949999998], [23.324299999999997], [2.33243], [0.1659395009483878]]
[600.0, 400.0, 0.201117, [2.9986848], [64.841554], [8.396747999999999], [0.40806932903613324]]
[600.0, 500.0, 0.192586, [2.8674398999999995], [64.841554], [8.396747999999999], [0.3976424628985189]]
[600.0, 1100.0, 0.217572, [1.5208036999999999], [23.324299999999997], [2.33243], [0.2050651868918759]]
[600.0, 300.0, 0.196432, [2.9265360999999994], [64.841554], [8.396747999999999], [0.40199058906894813]]
[600.0, 1700.0, 0.192431, [2.8650524999999996], [64.841554], [8.396747999999999], [0.3973112696614582]]
[600.0, 1500.0, 0.205491, [1.4322053999999997], [23.324299999999997], [2.33243], [0.19861112613597456]]
[600.0, 1800.0, 0.197286, [2.9396875], [64.841554], [8.396747999999999], [0.40379727797497594]]
[600.0, 1000.0, 0.193732, [2.8850533], [64.841554], [8.396747999999999], [0.4000847851393502]]
[600.0, 2000.0, 0.257385, [3.8778068999999995], [64.841554], [8.396747999999999], [0.46348675288512825]]
[600.0, 700.0, 0.216949, [3.2436071999999996], [64.841554], [8.396747999999999], [0.4259065949242861]]
[600.0, 1300.0, 0.204008, [3.0432702999999997], [64.841554], [8.396747999999999], [0.4103545501148976]]
[600.0, 900.0, 0.204808, [3.0556189999999996], [64.841554], [8.396747999999999], [0.41201949893178597]]
[700.0, 2000.0, 0.156853, [2.3222847], [64.841554], [8.396747999999999], [0.2736839575130409]]
[700.0, 100.0, 0.096606, [1.41968443], [64.841554], [8.396747999999999], [0.21402548630945803]]
[700.0, 1000.0, 0.152288, [2.2532704399999997], [64.841554], [8.396747999999999], [0.26931733104276817]]
[700.0, 600.0, 0.143996, [2.1281854], [64.841554], [8.396747999999999], [0.26196151873891704]]
[700.0, 1400.0, 0.155637, [2.3038939], [64.841554], [8.396747999999999], [0.27342202270482896]]
[700.0, 1900.0, 0.119852, [0.8203147799999999], [23.324299999999997], [2.33243], [0.11486704639495174]]
[700.0, 200.0, 0.083296, [1.2223977899999998], [64.841554], [8.396747999999999], [0.19829911215131546]]
[700.0, 400.0, 0.153984, [1.0609069699999998], [23.324299999999997], [2.33243], [0.13058861445394082]]
[700.0, 1300.0, 0.124184, [0.8506415449999999], [23.324299999999997], [2.33243], [0.11684458406361845]]
[700.0, 1100.0, 0.138918, [2.0517504200000003], [64.841554], [8.396747999999999], [0.2564687706134998]]
[700.0, 800.0, 0.118001, [1.7382841099999997], [64.841554], [8.396747999999999], [0.23655049947104315]]
[700.0, 1500.0, 0.167679, [1.1585433499999997], [23.324299999999997], [2.33243], [0.13653570842457294]]
[700.0, 1600.0, 0.145854, [2.15618008], [64.841554], [8.396747999999999], [0.2634193926042652]]
[700.0, 1800.0, 0.13297, [1.9624076099999996], [64.841554], [8.396747999999999], [0.25126055221622035]]
[700.0, 1200.0, 0.105749, [0.7219521749999999], [23.324299999999997], [2.33243], [0.1076222755171995]]
[700.0, 700.0, 0.148596, [1.022673495], [23.324299999999997], [2.33243], [0.12884476007971762]]
[700.0, 900.0, 0.135064, [1.9938375699999997], [64.841554], [8.396747999999999], [0.25321757008548995]]
[700.0, 300.0, 0.122216, [0.83685868], [23.324299999999997], [2.33243], [0.11605141112886133]]
[700.0, 500.0, 0.146501, [2.16592886], [64.841554], [8.396747999999999], [0.2646103769696117]]
[700.0, 1700.0, 0.159177, [2.3574632], [64.841554], [8.396747999999999], [0.27592025514630125]]
[800.0, 300.0, 0.072519, [1.0630889799999999], [64.841554], [8.396747999999999], [0.14334689801317638]]
[800.0, 100.0, 0.057192, [0.83724945], [64.841554], [8.396747999999999], [0.12767933716933214]]
[800.0, 1800.0, 0.11981, [1.76517226], [64.841554], [8.396747999999999], [0.1850403532476092]]
[800.0, 800.0, 0.107278, [1.5782565499999996], [64.841554], [8.396747999999999], [0.1753618254067857]]
[800.0, 400.0, 0.091643, [0.62409856], [23.324299999999997], [2.33243], [0.07801232479550907]]
[800.0, 200.0, 0.07431, [0.50463771], [23.324299999999997], [2.33243], [0.06998066077495982]]
[800.0, 1700.0, 0.099848, [1.4677431599999997], [64.841554], [8.396747999999999], [0.16948039700803158]]
[800.0, 600.0, 0.094209, [0.641847085], [23.324299999999997], [2.33243], [0.07900590392495993]]
[800.0, 1600.0, 0.085546, [0.58198533], [23.324299999999997], [2.33243], [0.07513398069449002]]
[800.0, 1000.0, 0.095802, [1.4076620999999998], [64.841554], [8.396747999999999], [0.16589456926011772]]
[800.0, 1100.0, 0.097127, [0.6620560349999999], [23.324299999999997], [2.33243], [0.08028608685507095]]
[800.0, 1500.0, 0.095633, [0.6517032749999999], [23.324299999999997], [2.33243], [0.07961822167381032]]
[800.0, 1400.0, 0.082848, [0.56338638], [23.324299999999997], [2.33243], [0.0739762651632265]]
[800.0, 1200.0, 0.114687, [1.6886777099999999], [64.841554], [8.396747999999999], [0.18104524180436224]]
[800.0, 900.0, 0.129332, [1.9076752], [64.841554], [8.396747999999999], [0.19270430278019218]]
[800.0, 1300.0, 0.082652, [1.2128130000000001], [64.841554], [8.396747999999999], [0.15402741275500278]]
[800.0, 2000.0, 0.111079, [0.758994595], [23.324299999999997], [2.33243], [0.08593921607741137]]
[800.0, 500.0, 0.095321, [0.6495432299999999], [23.324299999999997], [2.33243], [0.07935434154789515]]
[800.0, 1900.0, 0.105565, [1.55274472], [64.841554], [8.396747999999999], [0.17360213512511877]]
[800.0, 700.0, 0.08883, [0.6046572349999999], [23.324299999999997], [2.33243], [0.07679153739182462]]
[900.0, 200.0, 0.036488, [0.24640728], [23.324299999999997], [2.33243], [0.038482374926711575]]
[900.0, 1100.0, 0.06415, [0.43494621499999997], [23.324299999999997], [2.33243], [0.05125890705526211]]
[900.0, 300.0, 0.043698, [0.63899221], [64.841554], [8.396747999999999], [0.08777232143449323]]
[900.0, 1000.0, 0.069212, [1.0142691799999999], [64.841554], [8.396747999999999], [0.11066583307416973]]
[900.0, 900.0, 0.059932, [0.87754338], [64.841554], [8.396747999999999], [0.10270868833745272]]
[900.0, 1600.0, 0.06775, [0.45960555000000003], [23.324299999999997], [2.33243], [0.052720382562155214]]
[900.0, 700.0, 0.065905, [0.9655147], [64.841554], [8.396747999999999], [0.10794782373906386]]
[900.0, 1900.0, 0.060853, [0.8911131499999998], [64.841554], [8.396747999999999], [0.10358981436415454]]
[900.0, 500.0, 0.05931, [0.86839007], [64.841554], [8.396747999999999], [0.10234074789642686]]
[900.0, 1400.0, 0.061344, [0.89834182], [64.841554], [8.396747999999999], [0.10443010633912042]]
[900.0, 1200.0, 0.070671, [1.0357838400000001], [64.841554], [8.396747999999999], [0.11169144331594967]]
[900.0, 1500.0, 0.06579, [0.9638230499999999], [64.841554], [8.396747999999999], [0.10775869417360252]]
[900.0, 800.0, 0.067133, [0.455373435], [23.324299999999997], [2.33243], [0.05258199416149981]]
[900.0, 400.0, 0.064074, [0.43442123999999993], [23.324299999999997], [2.33243], [0.051197026158752615]]
[900.0, 100.0, 0.047352, [0.69262039], [64.841554], [8.396747999999999], [0.09173981834514389]]
[900.0, 600.0, 0.075361, [1.10501016], [64.841554], [8.396747999999999], [0.11520525283163088]]
[900.0, 1800.0, 0.06784, [0.46021861499999994], [23.324299999999997], [2.33243], [0.05279068705747255]]
[900.0, 2000.0, 0.070905, [0.48124026999999997], [23.324299999999997], [2.33243], [0.05414375379487462]]
[900.0, 1700.0, 0.067716, [0.9922048199999999], [64.841554], [8.396747999999999], [0.10957070612166374]]
[900.0, 1300.0, 0.082242, [0.5591880749999999], [23.324299999999997], [2.33243], [0.0579851051779679]]
[1000.0, 1600.0, 0.037392, [0.54651174], [64.841554], [8.396747999999999], [0.06485902534728687]]
[1000.0, 1400.0, 0.038089, [0.5567311], [64.841554], [8.396747999999999], [0.06516044103595371]]
[1000.0, 1500.0, 0.034693, [0.50696899], [64.841554], [8.396747999999999], [0.0624035693129808]]
[1000.0, 700.0, 0.050627, [0.3425636099999999], [23.324299999999997], [2.33243], [0.03631167384946609]]
[1000.0, 1900.0, 0.045344, [0.66313968], [64.841554], [8.396747999999999], [0.07109602840524919]]
[1000.0, 1800.0, 0.044583, [0.30141028499999994], [23.324299999999997], [2.33243], [0.033911304438933046]]
[1000.0, 500.0, 0.051527, [0.348700585], [23.324299999999997], [2.33243], [0.03655375897223157]]
[1000.0, 1000.0, 0.043085, [0.291219905], [23.324299999999997], [2.33243], [0.033405207838748736]]
[1000.0, 200.0, 0.028397, [0.19155894999999998], [23.324299999999997], [2.33243], [0.027090526835962418]]
[1000.0, 1100.0, 0.056234, [0.38081778499999996], [23.324299999999997], [2.33243], [0.038081777269450015]]
[1000.0, 2000.0, 0.04426, [0.2992116], [23.324299999999997], [2.33243], [0.033879050746737284]]
[1000.0, 1700.0, 0.047004, [0.6875079499999999], [64.841554], [8.396747999999999], [0.07246971160422815]]
[1000.0, 800.0, 0.038692, [0.26137016], [23.324299999999997], [2.33243], [0.031695787957550445]]
[1000.0, 1300.0, 0.039853, [0.26925203], [23.324299999999997], [2.33243], [0.03218177350224813]]
[1000.0, 400.0, 0.035928, [0.242607105], [23.324299999999997], [2.33243], [0.030565624122533473]]
[1000.0, 300.0, 0.032018, [0.46778918], [64.841554], [8.396747999999999], [0.05989426551014712]]
[1000.0, 600.0, 0.044494, [0.6506654], [64.841554], [8.396747999999999], [0.07057457710819101]]
[1000.0, 1200.0, 0.047987, [0.3245783], [23.324299999999997], [2.33243], [0.03520545583783854]]
[1000.0, 100.0, 0.032378, [0.218530475], [23.324299999999997], [2.33243], [0.02894506137927505]]
[1000.0, 900.0, 0.042801, [0.6258224099999998], [64.841554], [8.396747999999999], [0.0691105070087031]]
[1100.0, 1300.0, 0.028796, [0.19425661999999996], [23.324299999999997], [2.33243], [0.021855573762772737]]
[1100.0, 1800.0, 0.031685, [0.213832035], [23.324299999999997], [2.33243], [0.022925203128871068]]
[1100.0, 2000.0, 0.035058, [0.236703005], [23.324299999999997], [2.33243], [0.024158393541376045]]
[1100.0, 700.0, 0.034834, [0.23518167], [23.324299999999997], [2.33243], [0.024129126693687032]]
[1100.0, 900.0, 0.030529, [0.44598357], [64.841554], [8.396747999999999], [0.0470107959728401]]
[1100.0, 200.0, 0.015676, [0.1055697355], [23.324299999999997], [2.33243], [0.016099236053303892]]
[1100.0, 1900.0, 0.033297, [0.22475507999999997], [23.324299999999997], [2.33243], [0.023560732878032464]]
[1100.0, 1500.0, 0.028474, [0.19208035999999998], [23.324299999999997], [2.33243], [0.02174881386420878]]
[1100.0, 800.0, 0.035941, [0.242690825], [23.324299999999997], [2.33243], [0.02451547547978623]]
[1100.0, 500.0, 0.027451, [0.18515552], [23.324299999999997], [2.33243], [0.021379910389194807]]
[1100.0, 1700.0, 0.033891, [0.22878399], [23.324299999999997], [2.33243], [0.02372379761442084]]
[1100.0, 400.0, 0.022997, [0.15502333499999998], [23.324299999999997], [2.33243], [0.01953110719467793]]
[1100.0, 600.0, 0.028815, [0.19438472999999998], [23.324299999999997], [2.33243], [0.021869994798810535]]
[1100.0, 1400.0, 0.0341, [0.23020458499999996], [23.324299999999997], [2.33243], [0.02387110266619454]]
[1100.0, 100.0, 0.018474, [0.12445943999999999], [23.324299999999997], [2.33243], [0.0176012261859792]]
[1100.0, 1100.0, 0.032235, [0.21755654], [23.324299999999997], [2.33243], [0.023191611225829047]]
[1100.0, 1000.0, 0.029159, [0.196714975], [23.324299999999997], [2.33243], [0.021993397480835016]]
[1100.0, 300.0, 0.023467, [0.15819767999999998], [23.324299999999997], [2.33243], [0.01977471397391123]]
[1100.0, 1200.0, 0.030236, [0.44169176999999993], [64.841554], [8.396747999999999], [0.04655839160666957]]
[1100.0, 1600.0, 0.030125, [0.20326077499999998], [23.324299999999997], [2.33243], [0.02244638864606064]]
[1200.0, 100.0, 0.010505, [0.15326070699999997], [64.841554], [8.396747999999999], [0.022121277562564053]]
[1200.0, 1400.0, 0.021268, [0.14333634499999998], [23.324299999999997], [2.33243], [0.015108978175244016]]
[1200.0, 1700.0, 0.022029, [0.14847534999999998], [23.324299999999997], [2.33243], [0.015479632230773442]]
[1200.0, 1800.0, 0.020052, [0.13512063], [23.324299999999997], [2.33243], [0.014742865444003753]]
[1200.0, 700.0, 0.02462, [0.16599353], [23.324299999999997], [2.33243], [0.01627700185077092]]
[1200.0, 200.0, 0.013211, [0.08894438099999999], [23.324299999999997], [2.33243], [0.011993259523582402]]
[1200.0, 1900.0, 0.02435, [0.16417262000000002], [23.324299999999997], [2.33243], [0.016255509327609514]]
[1200.0, 1200.0, 0.018666, [0.1257525], [23.324299999999997], [2.33243], [0.014238662665433154]]
[1200.0, 1100.0, 0.02062, [0.13895427000000002], [23.324299999999997], [2.33243], [0.01489746326560331]]
[1200.0, 1300.0, 0.021303, [0.14357014], [23.324299999999997], [2.33243], [0.01521840237179974]]
[1200.0, 2000.0, 0.022694, [0.15297323], [23.324299999999997], [2.33243], [0.015694727960369366]]
[1200.0, 800.0, 0.017564, [0.11831752], [23.324299999999997], [2.33243], [0.013754134614725856]]
[1200.0, 1600.0, 0.022106, [0.148998255], [23.324299999999997], [2.33243], [0.015450390164976414]]
[1200.0, 1000.0, 0.023719, [0.15990117499999998], [23.324299999999997], [2.33243], [0.0159901204029238]]
[1200.0, 1500.0, 0.022578, [0.15218536499999996], [23.324299999999997], [2.33243], [0.015613891811460714]]
[1200.0, 300.0, 0.013537, [0.09114362949999999], [23.324299999999997], [2.33243], [0.012072267071681275]]
[1200.0, 600.0, 0.018163, [0.122360345], [23.324299999999997], [2.33243], [0.014035701710281533]]
[1200.0, 500.0, 0.01799, [0.12119079499999999], [23.324299999999997], [2.33243], [0.013901545147932296]]
[1200.0, 900.0, 0.026702, [0.18008195], [23.324299999999997], [2.33243], [0.017016149395500734]]
[1200.0, 400.0, 0.017448, [0.11753356499999998], [23.324299999999997], [2.33243], [0.013756269043603353]]
[1300.0, 1600.0, 0.013136, [0.0884383695], [23.324299999999997], [2.33243], [0.009649418311483858]]
[1300.0, 1700.0, 0.015418, [0.10382771549999999], [23.324299999999997], [2.33243], [0.010435076173655848]]
[1300.0, 900.0, 0.014142, [0.0952235075], [23.324299999999997], [2.33243], [0.00998213381246715]]
[1300.0, 200.0, 0.00831, [0.055913781999999995], [23.324299999999997], [2.33243], [0.00768034884949896]]
[1300.0, 1800.0, 0.018076, [0.121771545], [23.324299999999997], [2.33243], [0.011355253968978412]]
[1300.0, 1000.0, 0.014693, [0.09893892749999998], [23.324299999999997], [2.33243], [0.010204770442053068]]
[1300.0, 1400.0, 0.01494, [0.10060427699999999], [23.324299999999997], [2.33243], [0.010321780139588324]]
[1300.0, 1200.0, 0.014035, [0.09450340049999999], [23.324299999999997], [2.33243], [0.009961533396018907]]
[1300.0, 500.0, 0.011919, [0.080234741], [23.324299999999997], [2.33243], [0.009203556406357274]]
[1300.0, 100.0, 0.010509, [0.07072601199999999], [23.324299999999997], [2.33243], [0.008640557735181218]]
[1300.0, 1100.0, 0.014599, [0.09830840549999999], [23.324299999999997], [2.33243], [0.010139737230323083]]
[1300.0, 2000.0, 0.012753, [0.08585615949999999], [23.324299999999997], [2.33243], [0.00953957336703272]]
[1300.0, 1300.0, 0.016112, [0.10851276949999998], [23.324299999999997], [2.33243], [0.010692080085278072]]
[1300.0, 1500.0, 0.014074, [0.09476535899999998], [23.324299999999997], [2.33243], [0.009989145858130212]]
[1300.0, 600.0, 0.013584, [0.0914564525], [23.324299999999997], [2.33243], [0.009805160587670147]]
[1300.0, 300.0, 0.008453, [0.05687802249999999], [23.324299999999997], [2.33243], [0.0077401176945186044]]
[1300.0, 1900.0, 0.013901, [0.09359970749999999], [23.324299999999997], [2.33243], [0.009921548605182559]]
[1300.0, 400.0, 0.012959, [0.087243738], [23.324299999999997], [2.33243], [0.009576244104553724]]
[1300.0, 700.0, 0.013745, [0.092546158], [23.324299999999997], [2.33243], [0.00986545381242039]]
[1300.0, 800.0, 0.014778, [0.0995113515], [23.324299999999997], [2.33243], [0.010263813459187573]]
[1400.0, 1100.0, 0.009545, [0.0642317895], [23.324299999999997], [2.33243], [0.006696627839816097]]
[1400.0, 400.0, 0.007189, [0.048363112], [23.324299999999997], [2.33243], [0.0058222343284172265]]
[1400.0, 1500.0, 0.009675, [0.06510752599999999], [23.324299999999997], [2.33243], [0.006715329461389068]]
[1400.0, 1800.0, 0.009911, [0.06670019549999999], [23.324299999999997], [2.33243], [0.006843295289916985]]
[1400.0, 1600.0, 0.01111, [0.07477861199999998], [23.324299999999997], [2.33243], [0.007229121727429964]]
[1400.0, 1400.0, 0.011551, [0.077748832], [23.324299999999997], [2.33243], [0.00734657408252309]]
[1400.0, 600.0, 0.009726, [0.06545476849999998], [23.324299999999997], [2.33243], [0.0067511445177836325]]
[1400.0, 1700.0, 0.008641, [0.126055893], [64.841554], [8.396747999999999], [0.0132874585116944]]
[1400.0, 900.0, 0.010375, [0.069824113], [23.324299999999997], [2.33243], [0.006982411352820743]]
[1400.0, 100.0, 0.006226, [0.04188159699999999], [23.324299999999997], [2.33243], [0.005406891052166669]]
[1400.0, 700.0, 0.010238, [0.0689012955], [23.324299999999997], [2.33243], [0.006924841283379713]]
[1400.0, 2000.0, 0.010327, [0.069499192], [23.324299999999997], [2.33243], [0.006949919175789024]]
[1400.0, 800.0, 0.011166, [0.07515736449999999], [23.324299999999997], [2.33243], [0.007232020754948093]]
[1400.0, 1300.0, 0.009705, [0.06531197300000001], [23.324299999999997], [2.33243], [0.006736415929483571]]
[1400.0, 300.0, 0.006808, [0.0457970595], [23.324299999999997], [2.33243], [0.005637227977916096]]
[1400.0, 1200.0, 0.010874, [0.07319065749999999], [23.324299999999997], [2.33243], [0.007142677680674104]]
[1400.0, 500.0, 0.007292, [0.106369158], [64.841554], [8.396747999999999], [0.012201379688379506]]
[1400.0, 1000.0, 0.01247, [0.083943836], [23.324299999999997], [2.33243], [0.007631257375098812]]
[1400.0, 200.0, 0.007072, [0.047574453499999995], [23.324299999999997], [2.33243], [0.005769248681587577]]
[1400.0, 1900.0, 0.009638, [0.06485744699999998], [23.324299999999997], [2.33243], [0.006725404117969417]]
[1500.0, 1500.0, 0.006648, [0.096964895], [64.841554], [8.396747999999999], [0.022854845510306997]]
[1500.0, 1100.0, 0.006311, [0.092055499], [64.841554], [8.396747999999999], [0.022326736299781928]]
[1500.0, 1800.0, 0.006228, [0.090842732], [64.841554], [8.396747999999999], [0.022032596667211062]]
[1500.0, 400.0, 0.004846, [0.032589827], [23.324299999999997], [2.33243], [0.009407871597763226]]
[1500.0, 200.0, 0.004111, [0.059960793], [64.841554], [8.396747999999999], [0.01807885589576951]]
[1500.0, 500.0, 0.00444, [0.06474973799999999], [64.841554], [8.396747999999999], [0.018691638833981356]]
[1500.0, 1300.0, 0.005154, [0.07516949699999999], [64.841554], [8.396747999999999], [0.02008988977321677]]
[1500.0, 600.0, 0.004754, [0.069333178], [64.841554], [8.396747999999999], [0.019229565366903123]]
[1500.0, 1000.0, 0.005703, [0.038357513999999995], [23.324299999999997], [2.33243], [0.010251478251940059]]
[1500.0, 2000.0, 0.006889, [0.046347598999999996], [23.324299999999997], [2.33243], [0.011240944407610955]]
[1500.0, 800.0, 0.008149, [0.054826721499999995], [23.324299999999997], [2.33243], [0.012259631081317252]]
[1500.0, 1700.0, 0.005968, [0.04014545349999999], [23.324299999999997], [2.33243], [0.010365510184018921]]
[1500.0, 1200.0, 0.003694, [0.053866413999999994], [64.841554], [8.396747999999999], [0.017034052172046437]]
[1500.0, 300.0, 0.004074, [0.059413668999999995], [64.841554], [8.396747999999999], [0.017913895173858753]]
[1500.0, 1400.0, 0.006431, [0.043258940499999995], [23.324299999999997], [2.33243], [0.01081473598383243]]
[1500.0, 100.0, 0.005248, [0.03529879], [23.324299999999997], [2.33243], [0.009790124328883673]]
[1500.0, 900.0, 0.008516, [0.0572988995], [23.324299999999997], [2.33243], [0.012503647027967479]]
[1500.0, 700.0, 0.005262, [0.035392445999999994], [23.324299999999997], [2.33243], [0.009816098484122905]]
[1500.0, 1900.0, 0.007499, [0.10939216299999999], [64.841554], [8.396747999999999], [0.02446083250831827]]
[1500.0, 1600.0, 0.006405, [0.09342823099999999], [64.841554], [8.396747999999999], [0.02265967657315523]]
[1600.0, 1500.0, 0.004859, [0.0326785495], [23.324299999999997], [2.33243], [0.007702406055902272]]
[1600.0, 100.0, 0.002455, [0.035800949], [64.841554], [8.396747999999999], [0.011321248579551638]]
[1600.0, 1300.0, 0.004592, [0.030885837499999996], [23.324299999999997], [2.33243], [0.007490914980828443]]
[1600.0, 900.0, 0.005945, [0.0399907325], [23.324299999999997], [2.33243], [0.008526053000949501]]
[1600.0, 300.0, 0.004042, [0.0271795025], [23.324299999999997], [2.33243], [0.007017716113522974]]
[1600.0, 500.0, 0.002994, [0.043668351999999994], [64.841554], [8.396747999999999], [0.012605964080545366]]
[1600.0, 1000.0, 0.004851, [0.0326238325], [23.324299999999997], [2.33243], [0.007689511783917103]]
[1600.0, 1200.0, 0.004202, [0.06127775], [64.841554], [8.396747999999999], [0.014862035133184145]]
[1600.0, 1800.0, 0.003998, [0.026889265499999995], [23.324299999999997], [2.33243], [0.0069427796342675305]]
[1600.0, 1100.0, 0.004579, [0.030795263499999996], [23.324299999999997], [2.33243], [0.0074689485504989255]]
[1600.0, 1900.0, 0.004805, [0.032319784], [23.324299999999997], [2.33243], [0.007617846870999705]]
[1600.0, 1700.0, 0.004077, [0.027419944499999998], [23.324299999999997], [2.33243], [0.0070798001348908145]]
[1600.0, 800.0, 0.0048, [0.0322825585], [23.324299999999997], [2.33243], [0.007609071267244118]]
[1600.0, 200.0, 0.00241, [0.0162053515], [23.324299999999997], [2.33243], [0.005401781488546162]]
[1600.0, 1600.0, 0.004338, [0.029173867], [23.324299999999997], [2.33243], [0.007293467366417703]]
[1600.0, 2000.0, 0.003733, [0.025105006], [23.324299999999997], [2.33243], [0.0067095961335239835]]
[1600.0, 1400.0, 0.003477, [0.050701246], [64.841554], [8.396747999999999], [0.013550478840247675]]
[1600.0, 700.0, 0.003787, [0.025469647999999998], [23.324299999999997], [2.33243], [0.006807050989598946]]
[1600.0, 400.0, 0.002946, [0.019809439999999998], [23.324299999999997], [2.33243], [0.005972771640955311]]
[1600.0, 600.0, 0.004848, [0.032606801], [23.324299999999997], [2.33243], [0.007685497407455161]]
[1700.0, 900.0, 0.002847, [0.019143601499999996], [23.324299999999997], [2.33243], [0.004785902926825825]]
[1700.0, 1500.0, 0.003369, [0.022656080999999998], [23.324299999999997], [2.33243], [0.005197661604029257]]
[1700.0, 1800.0, 0.004281, [0.028790364999999995], [23.324299999999997], [2.33243], [0.005876808308937769]]
[1700.0, 700.0, 0.003062, [0.0205882545], [23.324299999999997], [2.33243], [0.004993384223149667]]
[1700.0, 500.0, 0.002157, [0.014502857], [23.324299999999997], [2.33243], [0.004186614446662124]]
[1700.0, 300.0, 0.00269, [0.018089844999999997], [23.324299999999997], [2.33243], [0.004670778479011823]]
[1700.0, 800.0, 0.00286, [0.019229426], [23.324299999999997], [2.33243], [0.0048073562667021045]]
[1700.0, 1300.0, 0.003993, [0.058228272], [64.841554], [8.396747999999999], [0.011885798281983417]]
[1700.0, 400.0, 0.002134, [0.031123047999999997], [64.841554], [8.396747999999999], [0.008631976911461245]]
[1700.0, 1000.0, 0.00357, [0.0240039385], [23.324299999999997], [2.33243], [0.005367445598233856]]
[1700.0, 2000.0, 0.003786, [0.025458619499999998], [23.324299999999997], [2.33243], [0.005555527285955852]]
[1700.0, 1600.0, 0.003026, [0.020348261], [23.324299999999997], [2.33243], [0.0049351778032812555]]
[1700.0, 1400.0, 0.00305, [0.020509640499999995], [23.324299999999997], [2.33243], [0.004974318320131915]]
[1700.0, 1200.0, 0.003014, [0.020266426999999997], [23.324299999999997], [2.33243], [0.004915331931823119]]
[1700.0, 100.0, 0.001604, [0.01078689765], [23.324299999999997], [2.33243], [0.0035956329307230447]]
[1700.0, 1700.0, 0.002883, [0.019382698], [23.324299999999997], [2.33243], [0.004845674803368464]]
[1700.0, 1900.0, 0.004689, [0.031535207999999995], [23.324299999999997], [2.33243], [0.006184561647764536]]
[1700.0, 1100.0, 0.003243, [0.021806253999999997], [23.324299999999997], [2.33243], [0.005139783451177686]]
[1700.0, 600.0, 0.003074, [0.0206684095], [23.324299999999997], [2.33243], [0.00501282480493783]]
[1700.0, 200.0, 0.001612, [0.010834807799999999], [23.324299999999997], [2.33243], [0.0036116026009930823]]
[1800.0, 600.0, 0.002279, [0.015326049999999999], [23.324299999999997], [2.33243], [0.003516037126865983]]
[1800.0, 1800.0, 0.001188, [0.007988124249999999], [23.324299999999997], [2.33243], [0.002526066817702968]]
[1800.0, 400.0, 0.001427, [0.00959319765], [23.324299999999997], [2.33243], [0.002769317719673927]]
[1800.0, 1300.0, 0.001572, [0.010570929949999999], [23.324299999999997], [2.33243], [0.002931848486450144]]
[1800.0, 1200.0, 0.00274, [0.018426587999999997], [23.324299999999997], [2.33243], [0.003842208342867419]]
[1800.0, 1700.0, 0.002113, [0.030818045000000002], [64.841554], [8.396747999999999], [0.007070144632183983]]
[1800.0, 500.0, 0.001299, [0.0087331598], [23.324299999999997], [2.33243], [0.002633146941399207]]
[1800.0, 1600.0, 0.002384, [0.0160269405], [23.324299999999997], [2.33243], [0.0035837341708754014]]
[1800.0, 1000.0, 0.001774, [0.011930353], [23.324299999999997], [2.33243], [0.0030804037470760224]]
[1800.0, 700.0, 0.002022, [0.029486988999999995], [64.841554], [8.396747999999999], [0.006950149422854158]]
[1800.0, 200.0, 0.001219, [0.0177783261], [64.841554], [8.396747999999999], [0.00536036748646956]]
[1800.0, 800.0, 0.002128, [0.014309553499999999], [23.324299999999997], [2.33243], [0.0033727927682411793]]
[1800.0, 2000.0, 0.002917, [0.019612881999999998], [23.324299999999997], [2.33243], [0.004003462017429415]]
[1800.0, 1100.0, 0.002415, [0.016236643], [23.324299999999997], [2.33243], [0.0036306226711130415]]
[1800.0, 900.0, 0.003018, [0.020291289999999997], [23.324299999999997], [2.33243], [0.004058258592056449]]
[1800.0, 1500.0, 0.002404, [0.016161571], [23.324299999999997], [2.33243], [0.0036138370781622123]]
[1800.0, 1400.0, 0.002501, [0.016817278], [23.324299999999997], [2.33243], [0.0036698300096870973]]
[1800.0, 1900.0, 0.001321, [0.0088814339], [23.324299999999997], [2.33243], [0.0026778529701983263]]
[1800.0, 100.0, 0.001242, [0.0181162674], [64.841554], [8.396747999999999], [0.005462259826299001]]
[1800.0, 300.0, 0.001214, [0.017707861], [64.841554], [8.396747999999999], [0.0053391219315539135]]
[1900.0, 300.0, 0.00082, [0.011962440299999998], [64.841554], [8.396747999999999], [0.003606811424236093]]
[1900.0, 1600.0, 0.002168, [0.0145749965], [23.324299999999997], [2.33243], [0.0028049586797313075]]
[1900.0, 600.0, 0.001213, [0.00815201535], [23.324299999999997], [2.33243], [0.002104841516005421]]
[1900.0, 1500.0, 0.001691, [0.011370771049999999], [23.324299999999997], [2.33243], [0.0024813056220465866]]
[1900.0, 500.0, 0.000591, [0.008614454499999999], [64.841554], [8.396747999999999], [0.003045669865563239]]
[1900.0, 1700.0, 0.000793, [0.005327647549999999], [23.324299999999997], [2.33243], [0.0016847503924914216]]
[1900.0, 1800.0, 0.002016, [0.013556866999999998], [23.324299999999997], [2.33243], [0.002711374683624526]]
[1900.0, 800.0, 0.001026, [0.006898207149999999], [23.324299999999997], [2.33243], [0.0019132184715813297]]
[1900.0, 1300.0, 0.001459, [0.00981148145], [23.324299999999997], [2.33243], [0.00231258881072706]]
[1900.0, 1000.0, 0.001305, [0.008774770250000001], [23.324299999999997], [2.33243], [0.002193692446538484]]
[1900.0, 1900.0, 0.000954, [0.013916481199999999], [64.841554], [8.396747999999999], [0.0038597371723991776]]
[1900.0, 1200.0, 0.001836, [0.012343950499999999], [23.324299999999997], [2.33243], [0.0025738911457169277]]
[1900.0, 100.0, 0.00073, [0.0049098260999999995], [23.324299999999997], [2.33243], [0.0016366087941227737]]
[1900.0, 2000.0, 0.002086, [0.014022812499999999], [23.324299999999997], [2.33243], [0.0027501008726953996]]
[1900.0, 1100.0, 0.001708, [0.0114799532], [23.324299999999997], [2.33243], [0.0025051313448599855]]
[1900.0, 900.0, 0.001999, [0.013441705999999998], [23.324299999999997], [2.33243], [0.002688342384258374]]
[1900.0, 200.0, 0.000798, [0.00536180025], [23.324299999999997], [2.33243], [0.0016955501098463589]]
[1900.0, 400.0, 0.000885, [0.00595215735], [23.324299999999997], [2.33243], [0.0017946430738450471]]
[1900.0, 700.0, 0.001044, [0.0070202853999999995], [23.324299999999997], [2.33243], [0.0019470766792810186]]
[1900.0, 1400.0, 0.00153, [0.010285714999999999], [23.324299999999997], [2.33243], [0.0023597050053979205]]
[2000.0, 1500.0, 0.000962, [0.00646767935], [23.324299999999997], [2.33243], [0.0015244467840826715]]
[2000.0, 1200.0, 0.000957, [0.006434810049999999], [23.324299999999997], [2.33243], [0.0015166991585347438]]
[2000.0, 1300.0, 0.001047, [0.015270918999999999], [64.841554], [8.396747999999999], [0.003332387286916093]]
[2000.0, 300.0, 0.000433, [0.00291207255], [23.324299999999997], [2.33243], [0.0010295729772580474]]
[2000.0, 900.0, 0.000747, [0.00502314825], [23.324299999999997], [2.33243], [0.001342492878938283]]
[2000.0, 1900.0, 0.000842, [0.0122816274], [64.841554], [8.396747999999999], [0.002978732655006152]]
[2000.0, 1600.0, 0.001173, [0.0078853959], [23.324299999999997], [2.33243], [0.0016811717803365603]]
[2000.0, 500.0, 0.000704, [0.0047343889999999994], [23.324299999999997], [2.33243], [0.0013130834760212314]]
[2000.0, 600.0, 0.000696, [0.0046779792], [23.324299999999997], [2.33243], [0.0012974380322389196]]
[2000.0, 200.0, 0.000693, [0.0101064967], [64.841554], [8.396747999999999], [0.0027010746028201444]]
[2000.0, 1800.0, 0.001067, [0.0071742865], [23.324299999999997], [2.33243], [0.0016042194979179125]]
[2000.0, 2000.0, 0.000814, [0.005475358149999999], [23.324299999999997], [2.33243], [0.0014137317222514317]]
[2000.0, 400.0, 0.000752, [0.005052151249999999], [23.324299999999997], [2.33243], [0.001350244476937417]]
[2000.0, 1100.0, 0.001101, [0.0074033159], [23.324299999999997], [2.33243], [0.0016554316906776912]]
[2000.0, 100.0, 0.000477, [0.0032071544999999996], [23.324299999999997], [2.33243], [0.0010690514677741197]]
[2000.0, 1400.0, 0.000641, [0.0043059197], [23.324299999999997], [2.33243], [0.0012430122264080912]]
[2000.0, 1700.0, 0.000701, [0.004709538649999999], [23.324299999999997], [2.33243], [0.0013061909383776937]]
[2000.0, 700.0, 0.000706, [0.004747292], [23.324299999999997], [2.33243], [0.0013166621149710352]]
[2000.0, 1000.0, 0.001437, [0.00965896155], [23.324299999999997], [2.33243], [0.0018588678402457772]]
[2000.0, 800.0, 0.000853, [0.005733007599999999], [23.324299999999997], [2.33243], [0.0014332520634905781]]
[2100.0, 200.0, 0.000578, [0.0038829427999999993], [23.324299999999997], [2.33243], [0.0009707357014141387]]
[2100.0, 100.0, 0.0005, [0.00336059555], [23.324299999999997], [2.33243], [0.0008981570678339061]]
[2100.0, 400.0, 0.000362, [0.0052758894999999995], [64.841554], [8.396747999999999], [0.0015907404253994427]]
[2100.0, 1400.0, 0.000394, [0.005739031299999999], [64.841554], [8.396747999999999], [0.0016567160396398653]]
[2100.0, 500.0, 0.000394, [0.00264805095], [23.324299999999997], [2.33243], [0.0007984175953096223]]
[2100.0, 800.0, 0.000741, [0.00497914465], [23.324299999999997], [2.33243], [0.0010865384767692304]]
[2100.0, 300.0, 0.000392, [0.0026359667499999996], [23.324299999999997], [2.33243], [0.000794773727704936]]
[2100.0, 600.0, 0.000335, [0.004887474699999999], [64.841554], [8.396747999999999], [0.0015455548207682574]]
[2100.0, 700.0, 0.000535, [0.00359609025], [23.324299999999997], [2.33243], [0.0009285063252342441]]
[2100.0, 1000.0, 0.000713, [0.0047943891], [23.324299999999997], [2.33243], [0.001072058040289797]]
[2100.0, 1700.0, 0.000582, [0.003912967], [23.324299999999997], [2.33243], [0.0009782417391677783]]
[2100.0, 1800.0, 0.000594, [0.00399314845], [23.324299999999997], [2.33243], [0.0009684806779177373]]
[2100.0, 1900.0, 0.000466, [0.0031318202999999997], [23.324299999999997], [2.33243], [0.0008686106899814208]]
[2100.0, 900.0, 0.000858, [0.0057684552], [23.324299999999997], [2.33243], [0.0011774809510136457]]
[2100.0, 2000.0, 0.000618, [0.0041540495499999995], [23.324299999999997], [2.33243], [0.001007504951724804]]
[2100.0, 1200.0, 0.000896, [0.00602368965], [23.324299999999997], [2.33243], [0.0012047379362334367]]
[2100.0, 1500.0, 0.000573, [0.0038534636999999995], [23.324299999999997], [2.33243], [0.0009633658519742122]]
[2100.0, 1100.0, 0.000943, [0.006338045599999999], [23.324299999999997], [2.33243], [0.0012429930752019497]]
[2100.0, 1300.0, 0.000678, [0.004557686899999999], [23.324299999999997], [2.33243], [0.0010456051448802268]]
[2100.0, 1600.0, 0.000497, [0.0033384281499999995], [23.324299999999997], [2.33243], [0.0008922322264971153]]
[2200.0, 1700.0, 0.000313, [0.0021013524500000003], [23.324299999999997], [2.33243], [0.0005828101972340566]]
[2200.0, 1100.0, 0.000435, [0.00292147495], [23.324299999999997], [2.33243], [0.0006885983555382629]]
[2200.0, 200.0, 0.000132, [0.00451793692], [200.58897999999996], [23.324299999999997], [0.001707619506798865]]
[2200.0, 1800.0, 0.000476, [0.0031980166], [23.324299999999997], [2.33243], [0.0007150981668624244]]
[2200.0, 900.0, 0.000384, [0.00258147515], [23.324299999999997], [2.33243], [0.0006453688933470531]]
[2200.0, 1000.0, 0.00026, [0.0017448467], [23.324299999999997], [2.33243], [0.0005260910016337477]]
[2200.0, 1300.0, 0.000522, [0.00350896855], [23.324299999999997], [2.33243], [0.0007481145550649311]]
[2200.0, 1900.0, 0.000406, [0.0027286613499999997], [23.324299999999997], [2.33243], [0.0006617975732805311]]
[2200.0, 1400.0, 0.000411, [0.00276311535], [23.324299999999997], [2.33243], [0.0006701538539768312]]
[2200.0, 1600.0, 0.000354, [0.0023773627999999995], [23.324299999999997], [2.33243], [0.0006138322543659627]]
[2200.0, 800.0, 0.00031, [0.0020833273499999997], [23.324299999999997], [2.33243], [0.0005778109740650482]]
[2200.0, 400.0, 0.000259, [0.0037775498999999993], [64.841554], [8.396747999999999], [0.0010904850365777603]]
[2200.0, 600.0, 0.000286, [0.0019193419499999996], [23.324299999999997], [2.33243], [0.0005540662525817647]]
[2200.0, 2000.0, 0.000575, [0.0038641586999999997], [23.324299999999997], [2.33243], [0.0007887681413127688]]
[2200.0, 500.0, 0.000197, [0.0028760533999999996], [64.841554], [8.396747999999999], [0.0009586843103962845]]
[2200.0, 700.0, 0.000405, [0.0027207056499999995], [23.324299999999997], [2.33243], [0.0006598681561493931]]
[2200.0, 300.0, 0.000457, [0.0030701711], [23.324299999999997], [2.33243], [0.0007043456626543533]]
[2200.0, 1200.0, 0.000381, [0.0025582669999999995], [23.324299999999997], [2.33243], [0.0006395666869060645]]
[2200.0, 1500.0, 0.000403, [0.0027063340999999995], [23.324299999999997], [2.33243], [0.0006563823841709951]]
[2200.0, 100.0, 0.000264, [0.0038472260999999996], [64.841554], [8.396747999999999], [0.0011105987686829118]]
[2300.0, 700.0, 0.00019, [0.00127753155], [23.324299999999997], [2.33243], [0.00036879157053815636]]
[2300.0, 100.0, 0.000144, [0.0009695331449999998], [23.324299999999997], [2.33243], [0.00032317770521804256]]
[2300.0, 1800.0, 0.000255, [0.0017162910499999998], [23.324299999999997], [2.33243], [0.0004290726902285905]]
[2300.0, 1000.0, 0.000331, [0.0022250832499999995], [23.324299999999997], [2.33243], [0.00048555296132347903]]
[2300.0, 1500.0, 0.000251, [0.0036588699], [64.841554], [8.396747999999999], [0.0008874066486115595]]
[2300.0, 1200.0, 0.000332, [0.00223114605], [23.324299999999997], [2.33243], [0.00048687583016617284]]
[2300.0, 500.0, 0.000176, [0.0011844700999999998], [23.324299999999997], [2.33243], [0.00035713118076555563]]
[2300.0, 1900.0, 0.000237, [0.0015911446], [23.324299999999997], [2.33243], [0.0004108317660551579]]
[2300.0, 1300.0, 0.000235, [0.00157737565], [23.324299999999997], [2.33243], [0.0004072768471813736]]
[2300.0, 1600.0, 0.000376, [0.0025288407999999995], [23.324299999999997], [2.33243], [0.0005161973270949782]]
[2300.0, 1700.0, 0.000224, [0.0015038963999999997], [23.324299999999997], [2.33243], [0.0004019333082116982]]
[2300.0, 1400.0, 0.000384, [0.0025808437999999996], [23.324299999999997], [2.33243], [0.0005268124770731992]]
[2300.0, 1100.0, 0.000418, [0.0028107460499999996], [23.324299999999997], [2.33243], [0.0005512326802267804]]
[2300.0, 900.0, 0.000206, [0.0013874370499999998], [23.324299999999997], [2.33243], [0.00038480570649354975]]
[2300.0, 2000.0, 0.000381, [0.00256029445], [23.324299999999997], [2.33243], [0.0005226180029428761]]
[2300.0, 300.0, 0.00016, [0.00107375983], [23.324299999999997], [2.33243], [0.0003395526658340352]]
[2300.0, 200.0, 0.000111, [0.000743525945], [23.324299999999997], [2.33243], [0.00028102633083930054]]
[2300.0, 400.0, 0.000174, [0.00117139575], [23.324299999999997], [2.33243], [0.00035318894659940866]]
[2300.0, 800.0, 0.00016, [0.0023391552], [64.841554], [8.396747999999999], [0.0007052821273079306]]
[2300.0, 600.0, 0.000259, [0.0017411], [23.324299999999997], [2.33243], [0.0004352749240422655]]
[2400.0, 1200.0, 0.00026, [0.0017483449999999999], [23.324299999999997], [2.33243], [0.00034966904992435343]]
[2400.0, 1500.0, 0.00017, [0.001141854205], [23.324299999999997], [2.33243], [0.000285463566720869]]
[2400.0, 1100.0, 0.000216, [0.0014539886999999996], [23.324299999999997], [2.33243], [0.00031728647969934043]]
[2400.0, 1600.0, 0.000116, [0.0007816314249999999], [23.324299999999997], [2.33243], [0.0002356707488743565]]
[2400.0, 400.0, 0.000116, [0.0007829612849999999], [23.324299999999997], [2.33243], [0.00023607169636574393]]
[2400.0, 1300.0, 0.000262, [0.0017594126], [23.324299999999997], [2.33243], [0.00035188252407586254]]
[2400.0, 200.0, 0.000191, [0.00128686265], [23.324299999999997], [2.33243], [0.00030331654949903404]]
[2400.0, 1700.0, 0.00033, [0.0022215217], [23.324299999999997], [2.33243], [0.00039899713626791855]]
[2400.0, 2000.0, 0.000264, [0.00177747565], [23.324299999999997], [2.33243], [0.0003554950601977473]]
[2400.0, 600.0, 0.000168, [0.0011283381399999999], [23.324299999999997], [2.33243], [0.00028208452181925896]]
[2400.0, 1900.0, 0.000197, [0.00132464935], [23.324299999999997], [2.33243], [0.0003038955020233106]]
[2400.0, 700.0, 0.000139, [0.0009316371949999999], [23.324299999999997], [2.33243], [0.0002583896457387563]]
[2400.0, 100.0, 8.7e-05, [0.00126254705], [64.841554], [8.396747999999999], [0.00042084896958410146]]
[2400.0, 1800.0, 0.000209, [0.0014071722], [23.324299999999997], [2.33243], [0.00031465336594417673]]
[2400.0, 500.0, 0.000202, [0.00135591325], [23.324299999999997], [2.33243], [0.00031106790010381976]]
[2400.0, 900.0, 0.000137, [0.0009218344799999999], [23.324299999999997], [2.33243], [0.00025567091636515877]]
[2400.0, 1400.0, 0.00024, [0.0016164928999999998], [23.324299999999997], [2.33243], [0.000337062057305476]]
[2400.0, 800.0, 0.000202, [0.0013569448000000002], [23.324299999999997], [2.33243], [0.00031130457517518107]]
[2400.0, 300.0, 0.000115, [0.000776171225], [23.324299999999997], [2.33243], [0.00023402443488875255]]
[2400.0, 1000.0, 0.000242, [0.00162383105], [23.324299999999997], [2.33243], [0.0003385920297349009]]
[2500.0, 400.0, 6.4e-05, [0.0009357637399999999], [64.841554], [8.396747999999999], [0.0002959144639925531]]
[2500.0, 1300.0, 0.000131, [0.000881488455], [23.324299999999997], [2.33243], [0.00020222732833373433]]
[2500.0, 500.0, 9.7e-05, [0.000650940135], [23.324299999999997], [2.33243], [0.0001739710938633197]]
[2500.0, 900.0, 0.000117, [0.0007875372499999999], [23.324299999999997], [2.33243], [0.00019100586070851334]]
[2500.0, 1400.0, 9.2e-05, [0.0006170176649999999], [23.324299999999997], [2.33243], [0.00017112993082742713]]
[2500.0, 200.0, 7.7e-05, [0.00051432186], [23.324299999999997], [2.33243], [0.00015507390754088837]]
[2500.0, 1900.0, 0.000125, [0.00084330719], [23.324299999999997], [2.33243], [0.00019876940792033364]]
[2500.0, 1000.0, 0.000143, [0.0009631979099999999], [23.324299999999997], [2.33243], [0.00021018700096580662]]
[2500.0, 1800.0, 9.8e-05, [0.0006571963649999998], [23.324299999999997], [2.33243], [0.00017564314091361494]]
[2500.0, 1700.0, 0.000138, [0.00092480953], [23.324299999999997], [2.33243], [0.0002067937277820582]]
[2500.0, 800.0, 0.000133, [0.0008971246599999999], [23.324299999999997], [2.33243], [0.00020581453325749374]]
[2500.0, 700.0, 8.3e-05, [0.0005552950949999999], [23.324299999999997], [2.33243], [0.00016029989387083199]]
[2500.0, 1600.0, 5.7e-05, [0.0008372591099999999], [64.841554], [8.396747999999999], [0.00027908640131686814]]
[2500.0, 1100.0, 8.9e-05, [0.00060006494], [23.324299999999997], [2.33243], [0.00016642804608899304]]
[2500.0, 600.0, 0.000144, [0.0009703985199999999], [23.324299999999997], [2.33243], [0.00021175831577531964]]
[2500.0, 300.0, 6.9e-05, [0.00046275045499999997], [23.324299999999997], [2.33243], [0.00014633455154200594]]
[2500.0, 2000.0, 9.1e-05, [0.0006098995099999999], [23.324299999999997], [2.33243], [0.00016915569654906684]]
[2500.0, 1200.0, 0.000118, [0.000791545805], [23.324299999999997], [2.33243], [0.00019197805987924762]]
[2500.0, 100.0, 4.1e-05, [0.0002782563], [23.324299999999997], [2.33243], [0.00011359764962357275]]
[2500.0, 1500.0, 0.000193, [0.00129609715], [23.324299999999997], [2.33243], [0.00024493936361883524]]
[2600.0, 800.0, 7.3e-05, [0.0004907768749999999], [23.324299999999997], [2.33243], [0.00012269422164470502]]
[2600.0, 2000.0, 6.8e-05, [0.0004567557349999999], [23.324299999999997], [2.33243], [0.00011793383165996092]]
[2600.0, 900.0, 7e-05, [0.00047004846999999995], [23.324299999999997], [2.33243], [0.00012136597886145852]]
[2600.0, 1000.0, 6.9e-05, [0.00046060926999999996], [23.324299999999997], [2.33243], [0.00011892879445281533]]
[2600.0, 200.0, 4.5e-05, [0.00030557834499999996], [23.324299999999997], [2.33243], [9.663235202301555e-05]]
[2600.0, 1100.0, 7.6e-05, [0.000513280535], [23.324299999999997], [2.33243], [0.00012448881465818525]]
[2600.0, 1500.0, 0.000118, [0.0007902216950000001], [23.324299999999997], [2.33243], [0.00015497524762038612]]
[2600.0, 700.0, 6.4e-05, [0.00042756344499999996], [23.324299999999997], [2.33243], [0.00011427112593520727]]
[2600.0, 1800.0, 7.8e-05, [0.000526284045], [23.324299999999997], [2.33243], [0.00012764264393219063]]
[2600.0, 1600.0, 9.5e-05, [0.0006378372650000001], [23.324299999999997], [2.33243], [0.00013918748875168342]]
[2600.0, 1400.0, 7.3e-05, [0.0004937385849999999], [23.324299999999997], [2.33243], [0.0001234346488025141]]
[2600.0, 1300.0, 6.9e-05, [0.0004626819149999999], [23.324299999999997], [2.33243], [0.00011946396831262553]]
[2600.0, 600.0, 3.6e-05, [0.00024250463999999998], [23.324299999999997], [2.33243], [8.57383500686828e-05]]
[2600.0, 1700.0, 8.1e-05, [0.0005464467649999999], [23.324299999999997], [2.33243], [0.00012879876785124925]]
[2600.0, 400.0, 6.8e-05, [0.00045816977499999996], [23.324299999999997], [2.33243], [0.00011829895223542767]]
[2600.0, 300.0, 5e-05, [0.00033365352499999996], [23.324299999999997], [2.33243], [0.00010060030154030354]]
[2600.0, 1900.0, 5.9e-05, [0.00039327251499999996], [23.324299999999997], [2.33243], [0.0001090741627059314]]
[2600.0, 1200.0, 9.2e-05, [0.0006151939949999999], [23.324299999999997], [2.33243], [0.00013756158484475232]]
[2600.0, 100.0, 5e-05, [0.00073249549], [64.841554], [8.396747999999999], [0.00021145323660327358]]
[2600.0, 500.0, 5.9e-05, [0.00039440952], [23.324299999999997], [2.33243], [0.00010938952695528032]]
[2700.0, 1400.0, 7.8e-05, [0.00052150016], [23.324299999999997], [2.33243], [0.00010227460846906236]]
[2700.0, 1000.0, 5.9e-05, [0.00039755350499999997], [23.324299999999997], [2.33243], [8.889565459008668e-05]]
[2700.0, 800.0, 5e-05, [0.00033700244], [23.324299999999997], [2.33243], [8.173508805892361e-05]]
[2700.0, 900.0, 5.9e-05, [0.00039764205499999997], [23.324299999999997], [2.33243], [8.891544622561368e-05]]
[2700.0, 600.0, 3.8e-05, [0.0005516253299999999], [64.841554], [8.396747999999999], [0.00014742804444880898]]
[2700.0, 1100.0, 7.8e-05, [0.0005222394949999999], [23.324299999999997], [2.33243], [0.0001024195901060925]]
[2700.0, 1300.0, 5.1e-05, [0.00034234269499999997], [23.324299999999997], [2.33243], [8.303029466706715e-05]]
[2700.0, 400.0, 2.7e-05, [0.00018200417499999997], [23.324299999999997], [2.33243], [6.066804263778419e-05]]
[2700.0, 1700.0, 6.3e-05, [0.000421634735], [23.324299999999997], [2.33243], [9.200824369316045e-05]]
[2700.0, 100.0, 2.1e-05, [0.00013924337999999997], [23.324299999999997], [2.33243], [5.2629043573867076e-05]]
[2700.0, 2000.0, 5.6e-05, [0.00037633427999999994], [23.324299999999997], [2.33243], [8.633701111053127e-05]]
[2700.0, 1200.0, 7.5e-05, [0.00050124981], [23.324299999999997], [2.33243], [0.00010024995966333352]]
[2700.0, 700.0, 3.6e-05, [0.00024058828], [23.324299999999997], [2.33243], [6.9451860036287e-05]]
[2700.0, 300.0, 2.7e-05, [0.00018018590999999997], [23.324299999999997], [2.33243], [6.0061979987343065e-05]]
[2700.0, 1800.0, 4.8e-05, [0.00031956452999999993], [23.324299999999997], [2.33243], [7.989112987372252e-05]]
[2700.0, 200.0, 4.4e-05, [0.00029666756999999997], [23.324299999999997], [2.33243], [7.659922879833712e-05]]
[2700.0, 1500.0, 5.9e-05, [0.00039594684], [23.324299999999997], [2.33243], [8.853643045379681e-05]]
[2700.0, 500.0, 2.3e-05, [0.00015716544], [23.324299999999997], [2.33243], [5.5566376838876215e-05]]
[2700.0, 1900.0, 6.6e-05, [0.00044555277999999997], [23.324299999999997], [2.33243], [9.499217884910314e-05]]
[2700.0, 1600.0, 5.3e-05, [0.0003579509549999999], [23.324299999999997], [2.33243], [8.436984228680293e-05]]
[2800.0, 1500.0, 4.8e-05, [0.00032540745], [23.324299999999997], [2.33243], [6.508147603197086e-05]]
[2800.0, 200.0, 2.1e-05, [0.00031249594], [64.841554], [8.396747999999999], [9.020977070140462e-05]]
[2800.0, 400.0, 2.1e-05, [0.000140787945], [23.324299999999997], [2.33243], [4.244917784834e-05]]
[2800.0, 900.0, 3.5e-05, [0.00023627014499999998], [23.324299999999997], [2.33243], [5.5689407520640756e-05]]
[2800.0, 600.0, 2.7e-05, [0.00018047708999999998], [23.324299999999997], [2.33243], [4.823451513180162e-05]]
[2800.0, 1200.0, 3.8e-05, [0.000256512675], [23.324299999999997], [2.33243], [5.735797209194201e-05]]
[2800.0, 1000.0, 3.9e-05, [0.00026411704999999993], [23.324299999999997], [2.33243], [5.905837288225946e-05]]
[2800.0, 1400.0, 3.5e-05, [0.00023330268499999998], [23.324299999999997], [2.33243], [5.498997701854402e-05]]
[2800.0, 800.0, 2.1e-05, [0.00014147150499999996], [23.324299999999997], [2.33243], [4.265525023370511e-05]]
[2800.0, 100.0, 1.5e-05, [0.00010258364549999999], [23.324299999999997], [2.33243], [3.6268794003936776e-05]]
[2800.0, 1100.0, 2.9e-05, [0.00019418301999999998], [23.324299999999997], [2.33243], [5.013783710931296e-05]]
[2800.0, 1300.0, 3.7e-05, [0.000247499435], [23.324299999999997], [2.33243], [5.678027613088896e-05]]
[2800.0, 2000.0, 5e-05, [0.00033644883], [23.324299999999997], [2.33243], [6.598304763346416e-05]]
[2800.0, 500.0, 2.5e-05, [0.000168453955], [23.324299999999997], [2.33243], [4.6720722650661127e-05]]
[2800.0, 1900.0, 4.8e-05, [0.00032306812], [23.324299999999997], [2.33243], [6.461362781952426e-05]]
[2800.0, 1800.0, 4.1e-05, [0.00027281473], [23.324299999999997], [2.33243], [5.9533046453209505e-05]]
[2800.0, 300.0, 2.5e-05, [0.00016760134499999997], [23.324299999999997], [2.33243], [4.6484231923309216e-05]]
[2800.0, 700.0, 1.9e-05, [0.00013022646], [23.324299999999997], [2.33243], [4.118120936786582e-05]]
[2800.0, 1600.0, 3.5e-05, [0.00023284901], [23.324299999999997], [2.33243], [5.488303162180456e-05]]
[2800.0, 1700.0, 3.6e-05, [0.000244263105], [23.324299999999997], [2.33243], [5.603780199561721e-05]]
[2900.0, 1300.0, 2.5e-05, [0.000166016645], [23.324299999999997], [2.33243], [3.712245600711246e-05]]
[2900.0, 900.0, 1.8e-05, [0.00011888481499999998], [23.324299999999997], [2.33243], [3.1773305442619584e-05]]
[2900.0, 1600.0, 3.4e-05, [0.00022658818], [23.324299999999997], [2.33243], [4.3606917312509036e-05]]
[2900.0, 2000.0, 2.9e-05, [0.00019442095499999998], [23.324299999999997], [2.33243], [4.0539563422661566e-05]]
[2900.0, 1200.0, 2.1e-05, [0.000143617175], [23.324299999999997], [2.33243], [3.483227936124766e-05]]
[2900.0, 1700.0, 2.5e-05, [0.00016734685], [23.324299999999997], [2.33243], [3.741989380663713e-05]]
[2900.0, 1100.0, 2.3e-05, [0.000152922745], [23.324299999999997], [2.33243], [3.604424546650963e-05]]
[2900.0, 800.0, 1.6e-05, [0.000109344185], [23.324299999999997], [2.33243], [3.032662512133521e-05]]
[2900.0, 600.0, 1.6e-05, [0.00010883033049999998], [23.324299999999997], [2.33243], [3.0184104570949252e-05]]
[2900.0, 100.0, 1.1e-05, [7.5814164e-05], [23.324299999999997], [2.33243], [2.5271390642384518e-05]]
[2900.0, 400.0, 1.4e-05, [9.460001199999999e-05], [23.324299999999997], [2.33243], [2.8522979179075945e-05]]
[2900.0, 1000.0, 2e-05, [0.00013407458999999998], [23.324299999999997], [2.33243], [3.351865724115451e-05]]
[2900.0, 1400.0, 2.4e-05, [0.000160831755], [23.324299999999997], [2.33243], [3.68973517003592e-05]]
[2900.0, 200.0, 1.9e-05, [0.000126237455], [23.324299999999997], [2.33243], [3.2594369885764006e-05]]
[2900.0, 500.0, 1.6e-05, [0.00010735398349999999], [23.324299999999997], [2.33243], [2.977463709686484e-05]]
[2900.0, 1500.0, 2.4e-05, [0.00015844205499999998], [23.324299999999997], [2.33243], [3.634910060097774e-05]]
[2900.0, 1800.0, 2.2e-05, [0.00015034927500000002], [23.324299999999997], [2.33243], [3.543765817954115e-05]]
[2900.0, 300.0, 1.4e-05, [9.303338999999999e-05], [23.324299999999997], [2.33243], [2.8050621690971483e-05]]
[2900.0, 700.0, 2e-05, [0.00013290596], [23.324299999999997], [2.33243], [3.322647139706532e-05]]
[2900.0, 1900.0, 3.5e-05, [0.00023822491500000002], [23.324299999999997], [2.33243], [4.502027484922765e-05]]
[3000.0, 1900.0, 1.6e-05, [0.00010695987849999999], [23.324299999999997], [2.33243], [2.391695894130355e-05]]
[3000.0, 800.0, 1.1e-05, [7.489374999999999e-05], [23.324299999999997], [2.33243], [2.0016195161668462e-05]]
[3000.0, 900.0, 1.2e-05, [8.07326795e-05], [23.324299999999997], [2.33243], [2.0845084750367407e-05]]
[3000.0, 1600.0, 1.2e-05, [0.000172012722], [64.841554], [8.396747999999999], [4.3003179405713716e-05]]
[3000.0, 700.0, 6e-06, [8.6182794e-05], [64.841554], [8.396747999999999], [3.0470217360563736e-05]]
[3000.0, 600.0, 5e-06, [7.602031299999999e-05], [64.841554], [8.396747999999999], [2.873297495909534e-05]]
[3000.0, 1300.0, 1.3e-05, [8.52612645e-05], [23.324299999999997], [2.33243], [2.1315317473591614e-05]]
[3000.0, 500.0, 1.1e-05, [7.42562015e-05], [23.324299999999997], [2.33243], [1.9845804928246168e-05]]
[3000.0, 1500.0, 1.6e-05, [0.0001070212195], [23.324299999999997], [2.33243], [2.393067105724367e-05]]
[3000.0, 1800.0, 1.4e-05, [9.653588749999999e-05], [23.324299999999997], [2.33243], [2.2753728655980758e-05]]
[3000.0, 2000.0, 1.6e-05, [0.0001080405335], [23.324299999999997], [2.33243], [2.4158598826297852e-05]]
[3000.0, 100.0, 6e-06, [4.2901854e-05], [23.324299999999997], [2.33243], [1.5168094573808538e-05]]
[3000.0, 1400.0, 2.3e-05, [0.00015165119], [23.324299999999997], [2.33243], [2.865938439673818e-05]]
[3000.0, 1100.0, 9e-06, [5.9293033999999996e-05], [23.324299999999997], [2.33243], [1.7877525835528805e-05]]
[3000.0, 1200.0, 1.4e-05, [9.65198565e-05], [23.324299999999997], [2.33243], [2.2749944576855564e-05]]
[3000.0, 1000.0, 7e-06, [9.728181199999999e-05], [64.841554], [8.396747999999999], [3.242727577210272e-05]]
[3000.0, 400.0, 8e-06, [5.402387199999999e-05], [23.324299999999997], [2.33243], [1.7083848988152524e-05]]
[3000.0, 300.0, 1.4e-05, [9.657719549999999e-05], [23.324299999999997], [2.33243], [2.276346787618266e-05]]
[3000.0, 1700.0, 2e-05, [0.00013500263999999997], [23.324299999999997], [2.33243], [2.7000513481228463e-05]]
[3000.0, 200.0, 9e-06, [5.970449250000001e-05], [23.324299999999997], [2.33243], [1.8001581486080606e-05]]
