[200.0, 1800.0, 0.587392, [4.9719951], [23.324299999999997], [2.33243], [1.7578659405654344]]
[200.0, 700.0, 0.533016, [4.353835599999999], [23.324299999999997], [2.33243], [1.6455949501624025]]
[200.0, 2000.0, 0.622427, [11.175166399999998], [64.841554], [8.396747999999999], [3.7250557445493344]]
[200.0, 1300.0, 0.65581, [27.4217454], [200.58897999999996], [23.324299999999997], [8.26796736810203]]
[200.0, 1400.0, 0.58845, [4.985271849999999], [23.324299999999997], [2.33243], [1.7625594968681197]]
[200.0, 400.0, 0.590249, [5.00794065], [23.324299999999997], [2.33243], [1.770574672952259]]
[200.0, 1900.0, 0.712558, [13.711652399999998], [64.841554], [8.396747999999999], [4.134218490839593]]
[200.0, 1700.0, 0.621958, [11.162661299999998], [64.841554], [8.396747999999999], [3.7208875110650688]]
[200.0, 500.0, 0.471428, [3.7166930500000004], [23.324299999999997], [2.33243], [1.5173333763547152]]
[200.0, 1500.0, 0.624058, [11.2187468], [64.841554], [8.396747999999999], [3.7395828657752723]]
[200.0, 100.0, 0.720429, [6.823248999999999], [23.324299999999997], [2.33243], [2.0572870029483004]]
[200.0, 600.0, 0.403923, [14.962926], [200.58897999999996], [23.324299999999997], [6.108588701164942]]
[200.0, 1000.0, 0.587364, [4.9716478], [23.324299999999997], [2.33243], [1.7577429298677325]]
[200.0, 1200.0, 0.586713, [4.9634827999999995], [23.324299999999997], [2.33243], [1.7548562904124085]]
[200.0, 300.0, 0.407968, [3.1166644499999996], [23.324299999999997], [2.33243], [1.3938147070181173]]
[200.0, 1600.0, 0.475999, [3.7636958499999995], [23.324299999999997], [2.33243], [1.5365226560321197]]
[200.0, 900.0, 0.587654, [4.975278349999999], [23.324299999999997], [2.33243], [1.7590267827693813]]
[200.0, 800.0, 0.516412, [8.7196749], [64.841554], [8.396747999999999], [3.2957282579120504]]
[200.0, 1100.0, 0.455394, [7.472688499999999], [64.841554], [8.396747999999999], [3.0507122315944515]]
[200.0, 200.0, 0.781746, [16.121527999999998], [64.841554], [8.396747999999999], [4.471307071763244]]
[300.0, 2000.0, 0.318482, [11.357501199999998], [200.58897999999996], [23.324299999999997], [3.1500042952351666]]
[300.0, 400.0, 0.463215, [7.465813799999999], [64.841554], [8.396747999999999], [1.8107261813979494]]
[300.0, 1000.0, 0.383362, [2.84200535], [23.324299999999997], [2.33243], [0.7882303353081508]]
[300.0, 200.0, 0.461767, [7.4379677], [64.841554], [8.396747999999999], [1.8039724174720633]]
[300.0, 1600.0, 0.332242, [2.4171527999999993], [23.324299999999997], [2.33243], [0.7287990151612445]]
[300.0, 1300.0, 0.415511, [6.580605899999999], [64.841554], [8.396747999999999], [1.6991052883797402]]
[300.0, 800.0, 0.364197, [5.6729430999999995], [64.841554], [8.396747999999999], [1.5733909825596433]]
[300.0, 700.0, 0.434335, [3.2886400499999997], [23.324299999999997], [2.33243], [0.8491233530824599]]
[300.0, 300.0, 0.482391, [3.7349136499999998], [23.324299999999997], [2.33243], [0.9058496784787198]]
[300.0, 900.0, 0.448641, [16.591680199999995], [200.58897999999996], [23.324299999999997], [3.806392572502211]]
[300.0, 600.0, 0.544661, [4.35764555], [23.324299999999997], [2.33243], [0.9743991463974093]]
[300.0, 1400.0, 0.313746, [4.818217099999999], [64.841554], [8.396747999999999], [1.4527472577843676]]
[300.0, 500.0, 0.3585, [2.6328191999999997], [23.324299999999997], [2.33243], [0.7600293361114425]]
[300.0, 1200.0, 0.363647, [5.6633383], [64.841554], [8.396747999999999], [1.5707272379378923]]
[300.0, 100.0, 0.382374, [2.83350455], [23.324299999999997], [2.33243], [0.7858726754379489]]
[300.0, 1100.0, 0.275894, [1.9705663999999998], [23.324299999999997], [2.33243], [0.6568552962791728]]
[300.0, 1900.0, 0.364711, [5.681906199999999], [64.841554], [8.396747999999999], [1.5758771884255447]]
[300.0, 1500.0, 0.339427, [5.2491612], [64.841554], [8.396747999999999], [1.5153024213007777]]
[300.0, 1700.0, 0.406269, [3.0393649], [23.324299999999997], [2.33243], [0.8123043539831606]]
[300.0, 1800.0, 0.504794, [8.2758416], [64.841554], [8.396747999999999], [1.8986085549686116]]
[400.0, 900.0, 0.423378, [6.6846694], [64.841554], [8.396747999999999], [1.1464112303183356]]
[400.0, 1200.0, 0.420276, [3.1432766], [23.324299999999997], [2.33243], [0.5556580562720205]]
[400.0, 1500.0, 0.367082, [5.6947516999999985], [64.841554], [8.396747999999999], [1.057488626416379]]
[400.0, 200.0, 0.365683, [5.6706638], [64.841554], [8.396747999999999], [1.053016010799456]]
[400.0, 1600.0, 0.46308, [3.52761465], [23.324299999999997], [2.33243], [0.5879357426624103]]
[400.0, 500.0, 0.422088, [6.6612991], [64.841554], [8.396747999999999], [1.1424033088187375]]
[400.0, 1700.0, 0.376511, [5.857035099999999], [64.841554], [8.396747999999999], [1.0693434401538169]]
[400.0, 300.0, 0.409367, [6.4333461], [64.841554], [8.396747999999999], [1.1199018613253573]]
[400.0, 1300.0, 0.475558, [7.651398499999999], [64.841554], [8.396747999999999], [1.2252044086600404]]
[400.0, 1400.0, 0.477423, [7.6871658], [64.841554], [8.396747999999999], [1.2309315504933651]]
[400.0, 1100.0, 0.366722, [5.6885394], [64.841554], [8.396747999999999], [1.0563354405680043]]
[400.0, 800.0, 0.385286, [2.8423123999999995], [23.324299999999997], [2.33243], [0.527804273618545]]
[400.0, 100.0, 0.339192, [2.4615082999999993], [23.324299999999997], [2.33243], [0.4923015549437153]]
[400.0, 1000.0, 0.474154, [3.63035335], [23.324299999999997], [2.33243], [0.5968265120619223]]
[400.0, 400.0, 0.408028, [3.03662905], [23.324299999999997], [2.33243], [0.5453948200615769]]
[400.0, 1800.0, 0.331768, [5.0970507000000005], [64.841554], [8.396747999999999], [0.9996139754925397]]
[400.0, 2000.0, 0.386347, [2.8513168999999996], [23.324299999999997], [2.33243], [0.5294762855879382]]
[400.0, 600.0, 0.400958, [6.2844464], [64.841554], [8.396747999999999], [1.1109435705741313]]
[400.0, 700.0, 0.45497, [7.263604699999999], [64.841554], [8.396747999999999], [1.1941293447529042]]
[400.0, 1900.0, 0.330822, [5.0811968], [64.841554], [8.396747999999999], [0.9965045624581955]]
[500.0, 1700.0, 0.334908, [2.4222312], [23.324299999999997], [2.33243], [0.34961900852928457]]
[500.0, 1100.0, 0.241096, [1.6962856499999999], [23.324299999999997], [2.33243], [0.2909105882397545]]
[500.0, 300.0, 0.36234, [5.6025999], [64.841554], [8.396747999999999], [0.748678793609115]]
[500.0, 1300.0, 0.338612, [2.4519748], [23.324299999999997], [2.33243], [0.35028209035718627]]
[500.0, 1800.0, 0.333331, [5.114095999999999], [64.841554], [8.396747999999999], [0.7161166254877763]]
[500.0, 1400.0, 0.340567, [5.235004699999999], [64.841554], [8.396747999999999], [0.7259644231641107]]
[500.0, 600.0, 0.333583, [5.118295799999999], [64.841554], [8.396747999999999], [0.7167048005978472]]
[500.0, 1900.0, 0.392977, [6.130944399999999], [64.841554], [8.396747999999999], [0.7849870011662612]]
[500.0, 1200.0, 0.324969, [2.34272135], [23.324299999999997], [2.33243], [0.34172110192377636]]
[500.0, 800.0, 0.344105, [2.49630385], [23.324299999999997], [2.33243], [0.3530307266726226]]
[500.0, 1000.0, 0.302165, [4.60046], [64.841554], [8.396747999999999], [0.6783006893701347]]
[500.0, 2000.0, 0.265459, [4.0087044999999994], [64.841554], [8.396747999999999], [0.6338317615897769]]
[500.0, 700.0, 0.266498, [1.8878859999999997], [23.324299999999997], [2.33243], [0.3062556231728652]]
[500.0, 100.0, 0.256971, [3.8736346999999998], [64.841554], [8.396747999999999], [0.6202777633447776]]
[500.0, 200.0, 0.338616, [2.4520081499999997], [23.324299999999997], [2.33243], [0.3502869230002742]]
[500.0, 1500.0, 0.278914, [4.224115599999999], [64.841554], [8.396747999999999], [0.6517951653702257]]
[500.0, 900.0, 0.326511, [5.0007244], [64.841554], [8.396747999999999], [0.7072093093985683]]
[500.0, 1600.0, 0.332748, [5.1043601], [64.841554], [8.396747999999999], [0.7147532267153467]]
[500.0, 500.0, 0.348275, [5.3645292], [64.841554], [8.396747999999999], [0.7368745585240407]]
[500.0, 400.0, 0.375535, [2.7543247499999994], [23.324299999999997], [2.33243], [0.3713930296868803]]
[600.0, 200.0, 0.190784, [1.3251875499999999], [23.324299999999997], [2.33243], [0.19127428368706542]]
[600.0, 1400.0, 0.270281, [4.0829669], [64.841554], [8.396747999999999], [0.47463530252184144]]
[600.0, 1900.0, 0.238088, [1.6727474499999997], [23.324299999999997], [2.33243], [0.21417341396634643]]
[600.0, 100.0, 0.169068, [1.1687576499999999], [23.324299999999997], [2.33243], [0.18034321119742766]]
[600.0, 800.0, 0.264147, [1.8687339], [23.324299999999997], [2.33243], [0.22830219863155063]]
[600.0, 1200.0, 0.229007, [1.60526085], [23.324299999999997], [2.33243], [0.2107810401815116]]
[600.0, 600.0, 0.236969, [1.6644248999999998], [23.324299999999997], [2.33243], [0.2148763536897441]]
[600.0, 1600.0, 0.178713, [2.6550326], [64.841554], [8.396747999999999], [0.38322086216697543]]
[600.0, 400.0, 0.229701, [1.6104048], [23.324299999999997], [2.33243], [0.21145648257974972]]
[600.0, 500.0, 0.188992, [2.8122974], [64.841554], [8.396747999999999], [0.3938005031738786]]
[600.0, 1100.0, 0.228805, [1.6037577999999997], [23.324299999999997], [2.33243], [0.2105836215141149]]
[600.0, 300.0, 0.221419, [3.3130602999999996], [64.841554], [8.396747999999999], [0.42771411234608564]]
[600.0, 1700.0, 0.22428, [1.5702686499999998], [23.324299999999997], [2.33243], [0.20798722088147625]]
[600.0, 1500.0, 0.227955, [1.5974603999999997], [23.324299999999997], [2.33243], [0.2097567529902196]]
[600.0, 1800.0, 0.268152, [4.0490051], [64.841554], [8.396747999999999], [0.47390019571635544]]
[600.0, 1000.0, 0.195485, [1.3593034499999999], [23.324299999999997], [2.33243], [0.1941862090880812]]
[600.0, 2000.0, 0.193446, [2.8806579999999995], [64.841554], [8.396747999999999], [0.3994753064959084]]
[600.0, 700.0, 0.284198, [4.3061681], [64.841554], [8.396747999999999], [0.4907334998754415]]
[600.0, 1300.0, 0.214738, [3.2092682], [64.841554], [8.396747999999999], [0.421397473770311]]
[600.0, 900.0, 0.233402, [3.5000732999999995], [64.841554], [8.396747999999999], [0.4409676462054784]]
[700.0, 2000.0, 0.152203, [1.04825398], [23.324299999999997], [2.33243], [0.13001989713116988]]
[700.0, 100.0, 0.083026, [0.56464724], [23.324299999999997], [2.33243], [0.09544280183701649]]
[700.0, 1000.0, 0.165467, [1.1427299299999998], [23.324299999999997], [2.33243], [0.13561708695809682]]
[700.0, 600.0, 0.163197, [2.4183924999999995], [64.841554], [8.396747999999999], [0.2792518268516788]]
[700.0, 1400.0, 0.170613, [2.5310395999999997], [64.841554], [8.396747999999999], [0.2865837840841662]]
[700.0, 1900.0, 0.154323, [2.28401385], [64.841554], [8.396747999999999], [0.2710625868687894]]
[700.0, 200.0, 0.126737, [0.8685457799999999], [23.324299999999997], [2.33243], [0.11819409978928729]]
[700.0, 400.0, 0.137162, [2.0253675799999997], [64.841554], [8.396747999999999], [0.255172328437078]]
[700.0, 1300.0, 0.151872, [2.24697718], [64.841554], [8.396747999999999], [0.2685651608083222]]
[700.0, 1100.0, 0.149558, [2.2120433999999998], [64.841554], [8.396747999999999], [0.2662986841875115]]
[700.0, 800.0, 0.160803, [2.3820938999999997], [64.841554], [8.396747999999999], [0.27691274076864]]
[700.0, 1500.0, 0.147333, [1.0137258049999998], [23.324299999999997], [2.33243], [0.12771747991171764]]
[700.0, 1600.0, 0.149604, [1.029817525], [23.324299999999997], [2.33243], [0.12872718030781222]]
[700.0, 1800.0, 0.154086, [1.0616303199999997], [23.324299999999997], [2.33243], [0.13067765302453208]]
[700.0, 1200.0, 0.166642, [2.4706807], [64.841554], [8.396747999999999], [0.28156020954673266]]
[700.0, 700.0, 0.170698, [2.5323344999999993], [64.841554], [8.396747999999999], [0.2867304019457999]]
[700.0, 900.0, 0.147884, [2.1867894], [64.841554], [8.396747999999999], [0.2651872072706374]]
[700.0, 300.0, 0.165454, [1.142633675], [23.324299999999997], [2.33243], [0.13560567696449877]]
[700.0, 500.0, 0.157086, [1.0829646599999998], [23.324299999999997], [2.33243], [0.13230518848480585]]
[700.0, 1700.0, 0.181735, [1.2594673499999998], [23.324299999999997], [2.33243], [0.1426065381565656]]
[800.0, 300.0, 0.088207, [1.2950357], [64.841554], [8.396747999999999], [0.15821378852679052]]
[800.0, 100.0, 0.066448, [0.97354584], [64.841554], [8.396747999999999], [0.13768017856612474]]
[800.0, 1800.0, 0.095058, [1.3966200299999998], [64.841554], [8.396747999999999], [0.164593229234984]]
[800.0, 800.0, 0.126538, [0.8670668799999999], [23.324299999999997], [2.33243], [0.09190890364921125]]
[800.0, 400.0, 0.115506, [0.7898747399999999], [23.324299999999997], [2.33243], [0.08776386068593381]]
[800.0, 200.0, 0.075722, [0.51434233], [23.324299999999997], [2.33243], [0.07065034148891285]]
[800.0, 1700.0, 0.107742, [1.58516276], [64.841554], [8.396747999999999], [0.17612918849526332]]
[800.0, 600.0, 0.122154, [0.8363461249999999], [23.324299999999997], [2.33243], [0.09018551934762031]]
[800.0, 1600.0, 0.141816, [2.0951468199999996], [64.841554], [8.396747999999999], [0.20160560753610002]]
[800.0, 1000.0, 0.110176, [0.7527082350000001], [23.324299999999997], [2.33243], [0.08577906967903066]]
[800.0, 1100.0, 0.104143, [0.71073657], [23.324299999999997], [2.33243], [0.08318543104113844]]
[800.0, 1500.0, 0.10964, [0.74897246], [23.324299999999997], [2.33243], [0.08535333003169823]]
[800.0, 1400.0, 0.099127, [1.4570338999999999], [64.841554], [8.396747999999999], [0.1682437658874765]]
[800.0, 1200.0, 0.099041, [1.4557564799999998], [64.841554], [8.396747999999999], [0.1680962832129253]]
[800.0, 900.0, 0.095391, [1.4015572099999998], [64.841554], [8.396747999999999], [0.16517512091716477]]
[800.0, 1300.0, 0.113042, [0.7726792499999999], [23.324299999999997], [2.33243], [0.08693320773731979]]
[800.0, 2000.0, 0.111079, [0.758994595], [23.324299999999997], [2.33243], [0.08593921607741137]]
[800.0, 500.0, 0.103708, [0.7077113799999999], [23.324299999999997], [2.33243], [0.08283134753823579]]
[800.0, 1900.0, 0.120518, [0.824895575], [23.324299999999997], [2.33243], [0.08947249064656687]]
[800.0, 700.0, 0.106079, [1.56040556], [64.841554], [8.396747999999999], [0.1744586463033575]]
[900.0, 200.0, 0.042746, [0.6250332799999999], [64.841554], [8.396747999999999], [0.08667653067584095]]
[900.0, 1100.0, 0.083498, [0.5678465399999999], [23.324299999999997], [2.33243], [0.058568891465521175]]
[900.0, 300.0, 0.055198, [0.373750115], [23.324299999999997], [2.33243], [0.04746631094787122]]
[900.0, 1000.0, 0.072039, [0.489022665], [23.324299999999997], [2.33243], [0.05433585103318066]]
[900.0, 900.0, 0.077846, [0.5289303099999999], [23.324299999999997], [2.33243], [0.05638416107383349]]
[900.0, 1600.0, 0.078318, [0.53217492], [23.324299999999997], [2.33243], [0.05673002569186797]]
[900.0, 700.0, 0.074641, [0.5068952749999999], [23.324299999999997], [2.33243], [0.055306798768325026]]
[900.0, 1900.0, 0.082353, [0.5599562749999999], [23.324299999999997], [2.33243], [0.05806476295913039]]
[900.0, 500.0, 0.06316, [0.42816455], [23.324299999999997], [2.33243], [0.050813788138653865]]
[900.0, 1400.0, 0.072874, [1.0682982499999998], [64.841554], [8.396747999999999], [0.1138809877020743]]
[900.0, 1200.0, 0.070981, [0.48175995499999996], [23.324299999999997], [2.33243], [0.053862395694955864]]
[900.0, 1500.0, 0.076265, [0.5180548749999999], [23.324299999999997], [2.33243], [0.05586329042850948]]
[900.0, 800.0, 0.073328, [0.497874905], [23.324299999999997], [2.33243], [0.05498108988552337]]
[900.0, 400.0, 0.065077, [0.9533132], [64.841554], [8.396747999999999], [0.10725610495445004]]
[900.0, 100.0, 0.055629, [0.37668824999999995], [23.324299999999997], [2.33243], [0.047839460934462875]]
[900.0, 600.0, 0.071293, [1.0449550899999998], [64.841554], [8.396747999999999], [0.11203094362719614]]
[900.0, 1800.0, 0.085453, [0.5813286799999998], [23.324299999999997], [2.33243], [0.0593316195632649]]
[900.0, 2000.0, 0.090368, [0.6152565549999999], [23.324299999999997], [2.33243], [0.06122031237669405]]
[900.0, 1700.0, 0.059501, [0.87120412], [64.841554], [8.396747999999999], [0.10267239672862417]]
[900.0, 1300.0, 0.090955, [0.6193158249999999], [23.324299999999997], [2.33243], [0.06102300297838512]]
[1000.0, 1600.0, 0.052316, [0.35407809999999995], [23.324299999999997], [2.33243], [0.03691519703997257]]
[1000.0, 1400.0, 0.044559, [0.301244915], [23.324299999999997], [2.33243], [0.03389269690877372]]
[1000.0, 1500.0, 0.063452, [0.430155545], [23.324299999999997], [2.33243], [0.0406458711002729]]
[1000.0, 700.0, 0.063026, [0.42724224999999993], [23.324299999999997], [2.33243], [0.04055203959112291]]
[1000.0, 1900.0, 0.056836, [0.38492592999999997], [23.324299999999997], [2.33243], [0.03830156099952063]]
[1000.0, 1800.0, 0.048507, [0.32811754], [23.324299999999997], [2.33243], [0.03538182033191621]]
[1000.0, 500.0, 0.044545, [0.65141865], [64.841554], [8.396747999999999], [0.07065628824810995]]
[1000.0, 1000.0, 0.048721, [0.71272216], [64.841554], [8.396747999999999], [0.07390587534154507]]
[1000.0, 200.0, 0.034616, [0.23370196499999998], [23.324299999999997], [2.33243], [0.029922463004405233]]
[1000.0, 1100.0, 0.048975, [0.331311435], [23.324299999999997], [2.33243], [0.035520320511645165]]
[1000.0, 2000.0, 0.05102, [0.34524425999999997], [23.324299999999997], [2.33243], [0.03639193124856112]]
[1000.0, 1700.0, 0.049085, [0.71806391], [64.841554], [8.396747999999999], [0.0740626428099889]]
[1000.0, 800.0, 0.047171, [0.31902529499999993], [23.324299999999997], [2.33243], [0.03501757931025501]]
[1000.0, 1300.0, 0.056232, [0.38079926999999997], [23.324299999999997], [2.33243], [0.03827176847886703]]
[1000.0, 400.0, 0.04004, [0.58533781], [64.841554], [8.396747999999999], [0.06714285020759843]]
[1000.0, 300.0, 0.033065, [0.4831265], [64.841554], [8.396747999999999], [0.06086822570931405]]
[1000.0, 600.0, 0.047623, [0.6965947899999999], [64.841554], [8.396747999999999], [0.07302298973610981]]
[1000.0, 1200.0, 0.053589, [0.362763935], [23.324299999999997], [2.33243], [0.03721880438702995]]
[1000.0, 100.0, 0.03464, [0.233865955], [23.324299999999997], [2.33243], [0.029943458321476494]]
[1000.0, 900.0, 0.049075, [0.33199108499999996], [23.324299999999997], [2.33243], [0.03559318181899449]]
[1100.0, 1300.0, 0.031337, [0.21146912999999998], [23.324299999999997], [2.33243], [0.022803308213941234]]
[1100.0, 1800.0, 0.033642, [0.49156795999999997], [64.841554], [8.396747999999999], [0.04915679540002582]]
[1100.0, 2000.0, 0.040506, [0.27368781], [23.324299999999997], [2.33243], [0.025977293464677954]]
[1100.0, 700.0, 0.031856, [0.46541213], [64.841554], [8.396747999999999], [0.04800359528202028]]
[1100.0, 900.0, 0.036689, [0.24776864999999998], [23.324299999999997], [2.33243], [0.024776864092334202]]
[1100.0, 200.0, 0.024398, [0.16449232], [23.324299999999997], [2.33243], [0.02009594316647019]]
[1100.0, 1900.0, 0.037665, [0.25439311], [23.324299999999997], [2.33243], [0.025066096026306127]]
[1100.0, 1500.0, 0.034652, [0.23394403999999996], [23.324299999999997], [2.33243], [0.024002147523711288]]
[1100.0, 800.0, 0.038495, [0.260025925], [23.324299999999997], [2.33243], [0.025375927204734805]]
[1100.0, 500.0, 0.029639, [0.19996786499999997], [23.324299999999997], [2.33243], [0.022218654752257164]]
[1100.0, 1700.0, 0.036429, [0.24600432], [23.324299999999997], [2.33243], [0.024600432719771415]]
[1100.0, 400.0, 0.027362, [0.18455165499999998], [23.324299999999997], [2.33243], [0.021310188871758035]]
[1100.0, 600.0, 0.03172, [0.21406928], [23.324299999999997], [2.33243], [0.022950637905077932]]
[1100.0, 1400.0, 0.03629, [0.24505649000000002], [23.324299999999997], [2.33243], [0.02462910193247005]]
[1100.0, 100.0, 0.017736, [0.25887581], [64.841554], [8.396747999999999], [0.035899603618981646]]
[1100.0, 1100.0, 0.038066, [0.25711239999999996], [23.324299999999997], [2.33243], [0.02521193970126059]]
[1100.0, 1000.0, 0.030611, [0.20655069499999998], [23.324299999999997], [2.33243], [0.022536526262935907]]
[1100.0, 300.0, 0.025728, [0.37571949], [64.841554], [8.396747999999999], [0.04309799260986525]]
[1100.0, 1200.0, 0.033082, [0.223299755], [23.324299999999997], [2.33243], [0.02340817019760408]]
[1100.0, 1600.0, 0.033782, [0.22804856499999998], [23.324299999999997], [2.33243], [0.023775709758070314]]
[1200.0, 100.0, 0.013042, [0.0878056165], [23.324299999999997], [2.33243], [0.01183970658420216]]
[1200.0, 1400.0, 0.021975, [0.14811424999999998], [23.324299999999997], [2.33243], [0.015358731132486172]]
[1200.0, 1700.0, 0.023222, [0.15654467], [23.324299999999997], [2.33243], [0.015894709929721897]]
[1200.0, 1800.0, 0.021005, [0.14155499499999996], [23.324299999999997], [2.33243], [0.015089805532212798]]
[1200.0, 700.0, 0.026507, [0.17876221], [23.324299999999997], [2.33243], [0.01689144490563196]]
[1200.0, 200.0, 0.015369, [0.10349890749999999], [23.324299999999997], [2.33243], [0.01293736199926399]]
[1200.0, 1900.0, 0.021732, [0.14646768], [23.324299999999997], [2.33243], [0.015353985883150994]]
[1200.0, 1200.0, 0.022722, [0.15316010500000002], [23.324299999999997], [2.33243], [0.015713886319112785]]
[1200.0, 1100.0, 0.022511, [0.15173169], [23.324299999999997], [2.33243], [0.015567343182123274]]
[1200.0, 1300.0, 0.028934, [0.19519087999999998], [23.324299999999997], [2.33243], [0.017744619247817065]]
[1200.0, 2000.0, 0.025075, [0.16907576], [23.324299999999997], [2.33243], [0.0165001036587653]]
[1200.0, 800.0, 0.026553, [0.17907523999999997], [23.324299999999997], [2.33243], [0.016921014183552945]]
[1200.0, 1600.0, 0.021869, [0.14739595999999996], [23.324299999999997], [2.33243], [0.01536709848995574]]
[1200.0, 1000.0, 0.024901, [0.167896205], [23.324299999999997], [2.33243], [0.016384998054623012]]
[1200.0, 1500.0, 0.028024, [0.18903033], [23.324299999999997], [2.33243], [0.017401647091583025]]
[1200.0, 300.0, 0.016653, [0.24304974], [64.841554], [8.396747999999999], [0.027879709736652568]]
[1200.0, 600.0, 0.021738, [0.14651045999999998], [23.324299999999997], [2.33243], [0.015358472808192875]]
[1200.0, 500.0, 0.021059, [0.14192080999999998], [23.324299999999997], [2.33243], [0.015043578090002391]]
[1200.0, 900.0, 0.026702, [0.18008206499999996], [23.324299999999997], [2.33243], [0.017016149395500734]]
[1200.0, 400.0, 0.019356, [0.130414025], [23.324299999999997], [2.33243], [0.014490442651968916]]
[1300.0, 1600.0, 0.018285, [0.12318201999999999], [23.324299999999997], [2.33243], [0.011388182383506158]]
[1300.0, 1700.0, 0.016505, [0.11116905099999999], [23.324299999999997], [2.33243], [0.010797692887834881]]
[1300.0, 900.0, 0.016623, [0.11196609299999999], [23.324299999999997], [2.33243], [0.010824169968177698]]
[1300.0, 200.0, 0.010346, [0.06962848649999999], [23.324299999999997], [2.33243], [0.008570674646724142]]
[1300.0, 1800.0, 0.018076, [0.121771545], [23.324299999999997], [2.33243], [0.011355253968978412]]
[1300.0, 1000.0, 0.017968, [0.12104233], [23.324299999999997], [2.33243], [0.011287252050432826]]
[1300.0, 1400.0, 0.014626, [0.09848628749999999], [23.324299999999997], [2.33243], [0.01021255167428787]]
[1300.0, 1200.0, 0.016837, [0.11340406449999998], [23.324299999999997], [2.33243], [0.010912312369520952]]
[1300.0, 500.0, 0.013485, [0.09079194799999998], [23.324299999999997], [2.33243], [0.009790347216774286]]
[1300.0, 100.0, 0.008628, [0.05805867], [23.324299999999997], [2.33243], [0.007828628695371877]]
[1300.0, 1100.0, 0.014763, [0.215441805], [64.841554], [8.396747999999999], [0.02122811287420528]]
[1300.0, 2000.0, 0.015425, [0.1038753715], [23.324299999999997], [2.33243], [0.010492996014008583]]
[1300.0, 1300.0, 0.014394, [0.09692402399999998], [23.324299999999997], [2.33243], [0.010105027816636627]]
[1300.0, 1500.0, 0.017195, [0.11582432000000001], [23.324299999999997], [2.33243], [0.011043415929865177]]
[1300.0, 600.0, 0.017323, [0.11668578499999999], [23.324299999999997], [2.33243], [0.011075328136222421]]
[1300.0, 300.0, 0.010798, [0.07267747], [23.324299999999997], [2.33243], [0.00874933951650066]]
[1300.0, 1900.0, 0.015304, [0.10306485149999998], [23.324299999999997], [2.33243], [0.010411120917077086]]
[1300.0, 400.0, 0.013427, [0.09039712999999999], [23.324299999999997], [2.33243], [0.009747772698160333]]
[1300.0, 700.0, 0.015148, [0.102011095], [23.324299999999997], [2.33243], [0.010357658721931323]]
[1300.0, 800.0, 0.016974, [0.1143322065], [23.324299999999997], [2.33243], [0.011001621521394016]]
[1400.0, 1100.0, 0.011306, [0.07610070949999999], [23.324299999999997], [2.33243], [0.007289126928171849]]
[1400.0, 400.0, 0.008646, [0.058175924], [23.324299999999997], [2.33243], [0.006385637382047308]]
[1400.0, 1500.0, 0.011422, [0.0768822955], [23.324299999999997], [2.33243], [0.007297344912706265]]
[1400.0, 1800.0, 0.010432, [0.0702107315], [23.324299999999997], [2.33243], [0.007021073518344612]]
[1400.0, 1600.0, 0.014219, [0.0957445725], [23.324299999999997], [2.33243], [0.008180011517412428]]
[1400.0, 1400.0, 0.01186, [0.07983138999999999], [23.324299999999997], [2.33243], [0.007444315173338647]]
[1400.0, 600.0, 0.010036, [0.067543755], [23.324299999999997], [2.33243], [0.006858029604048089]]
[1400.0, 1700.0, 0.012379, [0.083336958], [23.324299999999997], [2.33243], [0.007639486440527268]]
[1400.0, 900.0, 0.0111, [0.074711797], [23.324299999999997], [2.33243], [0.007222662867668682]]
[1400.0, 100.0, 0.008507, [0.05723817949999999], [23.324299999999997], [2.33243], [0.006320899443512766]]
[1400.0, 700.0, 0.012613, [0.08490867449999999], [23.324299999999997], [2.33243], [0.0076872704599877315]]
[1400.0, 2000.0, 0.010945, [0.0736691495], [23.324299999999997], [2.33243], [0.007155379105959376]]
[1400.0, 800.0, 0.011166, [0.07515736449999999], [23.324299999999997], [2.33243], [0.007232020754948093]]
[1400.0, 1300.0, 0.009396, [0.06322755199999999], [23.324299999999997], [2.33243], [0.006628047721614563]]
[1400.0, 300.0, 0.008559, [0.05759327649999999], [23.324299999999997], [2.33243], [0.006321682948392777]]
[1400.0, 1200.0, 0.011391, [0.0766759395], [23.324299999999997], [2.33243], [0.007310764457291726]]
[1400.0, 500.0, 0.009359, [0.062981751], [23.324299999999997], [2.33243], [0.006638858465504441]]
[1400.0, 1000.0, 0.01247, [0.083943836], [23.324299999999997], [2.33243], [0.007631257375098812]]
[1400.0, 200.0, 0.007695, [0.05177219499999999], [23.324299999999997], [2.33243], [0.006018395105840094]]
[1400.0, 1900.0, 0.011604, [0.0781078965], [23.324299999999997], [2.33243], [0.007380502537090546]]
[1500.0, 1500.0, 0.008006, [0.053869380999999994], [23.324299999999997], [2.33243], [0.012045562450545843]]
[1500.0, 1100.0, 0.005635, [0.037905207499999996], [23.324299999999997], [2.33243], [0.010130591446208854]]
[1500.0, 1800.0, 0.007693, [0.11221748299999999], [64.841554], [8.396747999999999], [0.024487861401110547]]
[1500.0, 400.0, 0.004846, [0.032589827], [23.324299999999997], [2.33243], [0.00940787230063206]]
[1500.0, 200.0, 0.003364, [0.04905881599999999], [64.841554], [8.396747999999999], [0.016352941772048234]]
[1500.0, 500.0, 0.007218, [0.0485623035], [23.324299999999997], [2.33243], [0.011446245266461834]]
[1500.0, 1300.0, 0.00798, [0.053692488], [23.324299999999997], [2.33243], [0.012006005507661571]]
[1500.0, 600.0, 0.007135, [0.04799989599999999], [23.324299999999997], [2.33243], [0.011313683985554839]]
[1500.0, 1000.0, 0.007737, [0.052056636], [23.324299999999997], [2.33243], [0.011942610194174471]]
[1500.0, 2000.0, 0.008509, [0.0572529225], [23.324299999999997], [2.33243], [0.012493610797123461]]
[1500.0, 800.0, 0.010183, [0.0685334105], [23.324299999999997], [2.33243], [0.013706683032375119]]
[1500.0, 1700.0, 0.007558, [0.050850907], [23.324299999999997], [2.33243], [0.011665994738983897]]
[1500.0, 1200.0, 0.007606, [0.051173079499999996], [23.324299999999997], [2.33243], [0.011739911743705742]]
[1500.0, 300.0, 0.006022, [0.040509325], [23.324299999999997], [2.33243], [0.010459461473947882]]
[1500.0, 1400.0, 0.007234, [0.0486663095], [23.324299999999997], [2.33243], [0.01147075857343358]]
[1500.0, 100.0, 0.003634, [0.024437626499999997], [23.324299999999997], [2.33243], [0.008145875454793058]]
[1500.0, 900.0, 0.0073, [0.049113349], [23.324299999999997], [2.33243], [0.011576125290873453]]
[1500.0, 700.0, 0.006071, [0.04083743149999999], [23.324299999999997], [2.33243], [0.010544180615391599]]
[1500.0, 1900.0, 0.007499, [0.10939218599999999], [64.841554], [8.396747999999999], [0.02446083250831827]]
[1500.0, 1600.0, 0.008984, [0.060453568], [23.324299999999997], [2.33243], [0.012888745245368146]]
[1600.0, 1500.0, 0.004319, [0.029047596999999994], [23.324299999999997], [2.33243], [0.0072618980714411014]]
[1600.0, 100.0, 0.0027, [0.039381037], [64.841554], [8.396747999999999], [0.011873826573602968]]
[1600.0, 1300.0, 0.005132, [0.034519458], [23.324299999999997], [2.33243], [0.007919307816974915]]
[1600.0, 900.0, 0.004238, [0.061803875], [64.841554], [8.396747999999999], [0.014989638374557272]]
[1600.0, 300.0, 0.003503, [0.023555565], [23.324299999999997], [2.33243], [0.006533137753024958]]
[1600.0, 500.0, 0.00514, [0.03457077099999999], [23.324299999999997], [2.33243], [0.007931079031254196]]
[1600.0, 1000.0, 0.007812, [0.052560623499999994], [23.324299999999997], [2.33243], [0.009760262802558137]]
[1600.0, 1200.0, 0.003213, [0.046859440999999995], [64.841554], [8.396747999999999], [0.012996473544773597]]
[1600.0, 1800.0, 0.003998, [0.026889265499999995], [23.324299999999997], [2.33243], [0.0069427796342675305]]
[1600.0, 1100.0, 0.006194, [0.041664177999999996], [23.324299999999997], [2.33243], [0.008687582121914013]]
[1600.0, 1900.0, 0.006893, [0.100550457], [64.841554], [8.396747999999999], [0.019002248677459203]]
[1600.0, 1700.0, 0.004621, [0.031075943999999998], [23.324299999999997], [2.33243], [0.007537022268442623]]
[1600.0, 800.0, 0.005066, [0.0340760295], [23.324299999999997], [2.33243], [0.007817577860181502]]
[1600.0, 200.0, 0.002963, [0.043214262999999996], [64.841554], [8.396747999999999], [0.012474880692816263]]
[1600.0, 1600.0, 0.005963, [0.04011407], [23.324299999999997], [2.33243], [0.008552348279858579]]
[1600.0, 2000.0, 0.005599, [0.03765750899999999], [23.324299999999997], [2.33243], [0.008217542246620944]]
[1600.0, 1400.0, 0.005653, [0.038025946000000005], [23.324299999999997], [2.33243], [0.00829794052913131]]
[1600.0, 700.0, 0.004869, [0.032746687], [23.324299999999997], [2.33243], [0.007718469830542837]]
[1600.0, 400.0, 0.003214, [0.021610294], [23.324299999999997], [2.33243], [0.006238356231812993]]
[1600.0, 600.0, 0.004579, [0.0307953095], [23.324299999999997], [2.33243], [0.007468960945138218]]
[1700.0, 900.0, 0.003381, [0.022733039], [23.324299999999997], [2.33243], [0.005215315297275898]]
[1700.0, 1500.0, 0.002483, [0.016693952], [23.324299999999997], [2.33243], [0.004461647279873208]]
[1700.0, 1800.0, 0.004281, [0.028790364999999995], [23.324299999999997], [2.33243], [0.005876808308937769]]
[1700.0, 700.0, 0.002342, [0.015743959999999998], [23.324299999999997], [2.33243], [0.0043665880101058305]]
[1700.0, 500.0, 0.003954, [0.026588574999999996], [23.324299999999997], [2.33243], [0.00566870334159409]]
[1700.0, 300.0, 0.001614, [0.0108539047], [23.324299999999997], [2.33243], [0.0036179687215342256]]
[1700.0, 800.0, 0.003753, [0.025238612999999997], [23.324299999999997], [2.33243], [0.0055075179709193865]]
[1700.0, 1300.0, 0.003327, [0.04852355999999999], [64.841554], [8.396747999999999], [0.010850199721664113]]
[1700.0, 400.0, 0.002136, [0.0143644775], [23.324299999999997], [2.33243], [0.0041466678248926565]]
[1700.0, 1000.0, 0.003456, [0.05040829499999999], [64.841554], [8.396747999999999], [0.010999988954539908]]
[1700.0, 2000.0, 0.003245, [0.021821675499999995], [23.324299999999997], [2.33243], [0.00514341919349376]]
[1700.0, 1600.0, 0.002848, [0.019151295], [23.324299999999997], [2.33243], [0.004787824432871363]]
[1700.0, 1400.0, 0.003767, [0.025335443], [23.324299999999997], [2.33243], [0.005528645781292196]]
[1700.0, 1200.0, 0.003191, [0.021458574499999997], [23.324299999999997], [2.33243], [0.005057834138739625]]
[1700.0, 100.0, 0.001973, [0.028765065], [64.841554], [8.396747999999999], [0.008303758137132848]]
[1700.0, 1700.0, 0.002883, [0.019382698], [23.324299999999997], [2.33243], [0.004845674803368464]]
[1700.0, 1900.0, 0.004148, [0.0278965275], [23.324299999999997], [2.33243], [0.005816828003731931]]
[1700.0, 1100.0, 0.003783, [0.025440633499999997], [23.324299999999997], [2.33243], [0.005551600433658747]]
[1700.0, 600.0, 0.003254, [0.021884201], [23.324299999999997], [2.33243], [0.005158154471320144]]
[1700.0, 200.0, 0.00197, [0.0132425375], [23.324299999999997], [2.33243], [0.003992776152002514]]
[1800.0, 600.0, 0.00204, [0.013712783999999999], [23.324299999999997], [2.33243], [0.0033258381740547747]]
[1800.0, 1800.0, 0.002139, [0.014378622499999999], [23.324299999999997], [2.33243], [0.003389074194009331]]
[1800.0, 400.0, 0.001665, [0.011192062199999998], [23.324299999999997], [2.33243], [0.0029912048245648443]]
[1800.0, 1300.0, 0.002056, [0.013823517499999998], [23.324299999999997], [2.33243], [0.0033526969513363414]]
[1800.0, 1200.0, 0.002979, [0.020028894499999998], [23.324299999999997], [2.33243], [0.004005778675863159]]
[1800.0, 1700.0, 0.002895, [0.019464026], [23.324299999999997], [2.33243], [0.0039730777459043]]
[1800.0, 500.0, 0.001535, [0.010321005049999998], [23.324299999999997], [2.33243], [0.0028625324971954464]]
[1800.0, 1600.0, 0.003337, [0.022437719], [23.324299999999997], [2.33243], [0.004240332422110323]]
[1800.0, 1000.0, 0.003075, [0.020679277], [23.324299999999997], [2.33243], [0.004055539853089844]]
[1800.0, 700.0, 0.002436, [0.016381657999999997], [23.324299999999997], [2.33243], [0.0036630505763639134]]
[1800.0, 200.0, 0.00133, [0.019394538399999994], [64.841554], [8.396747999999999], [0.005598721586219483]]
[1800.0, 800.0, 0.002719, [0.018284425], [23.324299999999997], [2.33243], [0.0038125665404029336]]
[1800.0, 2000.0, 0.002552, [0.017161266], [23.324299999999997], [2.33243], [0.003744895145394594]]
[1800.0, 1100.0, 0.002898, [0.019483966999999998], [23.324299999999997], [2.33243], [0.0039771482685461955]]
[1800.0, 900.0, 0.002535, [0.017044690499999997], [23.324299999999997], [2.33243], [0.003719456290911347]]
[1800.0, 1500.0, 0.002163, [0.014545407], [23.324299999999997], [2.33243], [0.003428387051515625]]
[1800.0, 1400.0, 0.002746, [0.04004113699999999], [64.841554], [8.396747999999999], [0.008008225465107734]]
[1800.0, 1900.0, 0.002402, [0.0161480585], [23.324299999999997], [2.33243], [0.0036108165080768087]]
[1800.0, 100.0, 0.001129, [0.0164693317], [64.841554], [8.396747999999999], [0.005208060904981815]]
[1800.0, 300.0, 0.001435, [0.0209274746], [64.841554], [8.396747999999999], [0.005804237182438361]]
[1900.0, 300.0, 0.001051, [0.0070687141999999994], [23.324299999999997], [2.33243], [0.00196050885613914]]
[1900.0, 1600.0, 0.001686, [0.011336104299999998], [23.324299999999997], [2.33243], [0.002473740886289427]]
[1900.0, 600.0, 0.001455, [0.00978241865], [23.324299999999997], [2.33243], [0.0023057382418652816]]
[1900.0, 1500.0, 0.002174, [0.014619558999999999], [23.324299999999997], [2.33243], [0.0028135360482851464]]
[1900.0, 500.0, 0.000801, [0.0053840343500000006], [23.324299999999997], [2.33243], [0.001702581117010288]]
[1900.0, 1700.0, 0.00103, [0.0069259416999999995], [23.324299999999997], [2.33243], [0.0019209107195546596]]
[1900.0, 1800.0, 0.001774, [0.011930053999999999], [23.324299999999997], [2.33243], [0.002543495065357902]]
[1900.0, 800.0, 0.001263, [0.00849010155], [23.324299999999997], [2.33243], [0.002122525251322113]]
[1900.0, 1300.0, 0.002351, [0.015807394], [23.324299999999997], [2.33243], [0.00293535872424479]]
[1900.0, 1000.0, 0.00155, [0.010420038449999997], [23.324299999999997], [2.33243], [0.002390521129377442]]
[1900.0, 1900.0, 0.001274, [0.0085639879], [23.324299999999997], [2.33243], [0.00214099672932959]]
[1900.0, 1200.0, 0.001916, [0.012880643999999998], [23.324299999999997], [2.33243], [0.0026292501079205072]]
[1900.0, 100.0, 0.001136, [0.007637507649999999], [23.324299999999997], [2.33243], [0.002041209830590672]]
[1900.0, 2000.0, 0.002487, [0.0167195165], [23.324299999999997], [2.33243], [0.003002913594328015]]
[1900.0, 1100.0, 0.001275, [0.018586589799999997], [64.841554], [8.396747999999999], [0.004507910815444334]]
[1900.0, 900.0, 0.002239, [0.015054718999999996], [23.324299999999997], [2.33243], [0.0028450742015806896]]
[1900.0, 200.0, 0.000718, [0.0048256207999999995], [23.324299999999997], [2.33243], [0.0016085400702189547]]
[1900.0, 400.0, 0.001046, [0.0070343683], [23.324299999999997], [2.33243], [0.0019509827107127317]]
[1900.0, 700.0, 0.001111, [0.016200657199999996], [64.841554], [8.396747999999999], [0.004182991858705919]]
[1900.0, 1400.0, 0.001771, [0.0119097795], [23.324299999999997], [2.33243], [0.0025391726561027703]]
[2000.0, 1500.0, 0.001229, [0.008264256499999999], [23.324299999999997], [2.33243], [0.0017232169618187955]]
[2000.0, 1200.0, 0.001436, [0.009652215649999999], [23.324299999999997], [2.33243], [0.0018575700498231554]]
[2000.0, 1300.0, 0.000848, [0.012362168799999998], [64.841554], [8.396747999999999], [0.0029982668026711694]]
[2000.0, 300.0, 0.000704, [0.0047321166], [23.324299999999997], [2.33243], [0.001312453339170578]]
[2000.0, 900.0, 0.000961, [0.0064583333], [23.324299999999997], [2.33243], [0.0015222438405196456]]
[2000.0, 1900.0, 0.000842, [0.0122816297], [64.841554], [8.396747999999999], [0.002978732655006152]]
[2000.0, 1600.0, 0.001333, [0.008960676949999998], [23.324299999999997], [2.33243], [0.0017921350723369039]]
[2000.0, 500.0, 0.000867, [0.00582694075], [23.324299999999997], [2.33243], [0.001456735009361689]]
[2000.0, 600.0, 0.000803, [0.005397668749999999], [23.324299999999997], [2.33243], [0.0013936719000539545]]
[2000.0, 200.0, 0.000446, [0.0064970331], [64.841554], [8.396747999999999], [0.0021656780947315324]]
[2000.0, 1800.0, 0.00096, [0.00645685785], [23.324299999999997], [2.33243], [0.0015218962875307896]]
[2000.0, 2000.0, 0.000977, [0.006570430699999999], [23.324299999999997], [2.33243], [0.0015486653382832585]]
[2000.0, 400.0, 0.000859, [0.0057738877999999995], [23.324299999999997], [2.33243], [0.0014434721940515512]]
[2000.0, 1100.0, 0.001432, [0.0096243109], [23.324299999999997], [2.33243], [0.0018874828469419265]]
[2000.0, 100.0, 0.000689, [0.0046325565], [23.324299999999997], [2.33243], [0.0012848397837862896]]
[2000.0, 1400.0, 0.000854, [0.0057412255], [23.324299999999997], [2.33243], [0.001435306887045415]]
[2000.0, 1700.0, 0.000894, [0.0130418004], [64.841554], [8.396747999999999], [0.0030739816216106427]]
[2000.0, 700.0, 0.000815, [0.005477644349999999], [23.324299999999997], [2.33243], [0.001414321879028957]]
[2000.0, 1000.0, 0.001384, [0.00930122185], [23.324299999999997], [2.33243], [0.0018241193279223812]]
[2000.0, 800.0, 0.001386, [0.009316137349999998], [23.324299999999997], [2.33243], [0.0018270449241876896]]
[2100.0, 200.0, 0.000397, [0.0026695237499999996], [23.324299999999997], [2.33243], [0.0008048915641252554]]
[2100.0, 100.0, 0.000527, [0.0076813629], [64.841554], [8.396747999999999], [0.0019203405083474128]]
[2100.0, 400.0, 0.000493, [0.007194395399999999], [64.841554], [8.396747999999999], [0.0018575845735793566]]
[2100.0, 1400.0, 0.000676, [0.00454340045], [23.324299999999997], [2.33243], [0.0010423276081683722]]
[2100.0, 500.0, 0.000466, [0.0031295156999999996], [23.324299999999997], [2.33243], [0.0008679714420705326]]
[2100.0, 800.0, 0.000705, [0.0047420434], [23.324299999999997], [2.33243], [0.0010603530084363415]]
[2100.0, 300.0, 0.0003, [0.00024495848444444445], [0.41983739999999997], [0.05597832], [5.107737431015569e-05]]
[2100.0, 600.0, 0.000364, [0.0024437362], [23.324299999999997], [2.33243], [0.0007727774103841287]]
[2100.0, 700.0, 0.000642, [0.004315307149999999], [23.324299999999997], [2.33243], [0.0010171277702432473]]
[2100.0, 1000.0, 0.00082, [0.00551354735], [23.324299999999997], [2.33243], [0.001149654200509875]]
[2100.0, 1700.0, 0.000582, [0.003912967], [23.324299999999997], [2.33243], [0.0009782418067635426]]
[2100.0, 1800.0, 0.000839, [0.00563738625], [23.324299999999997], [2.33243], [0.001150726570476236]]
[2100.0, 1900.0, 0.001003, [0.006745459549999999], [23.324299999999997], [2.33243], [0.0012747717580021923]]
[2100.0, 900.0, 0.001001, [0.006729864399999999], [23.324299999999997], [2.33243], [0.0012718246134982606]]
[2100.0, 2000.0, 0.000836, [0.005620184549999999], [23.324299999999997], [2.33243], [0.0011718894988436408]]
[2100.0, 1200.0, 0.000681, [0.0045780051], [23.324299999999997], [2.33243], [0.001050266233866442]]
[2100.0, 1500.0, 0.000573, [0.0038534636999999995], [23.324299999999997], [2.33243], [0.0009633659206137612]]
[2100.0, 1100.0, 0.00087, [0.005850504249999999], [23.324299999999997], [2.33243], [0.0011942289049842996]]
[2100.0, 1300.0, 0.000892, [0.005996956749999999], [23.324299999999997], [2.33243], [0.001199391561376017]]
[2100.0, 1600.0, 0.000568, [0.0038153457999999993], [23.324299999999997], [2.33243], [0.0009538364410369316]]
[2200.0, 1700.0, 0.000481, [0.00323284895], [23.324299999999997], [2.33243], [0.0007228871094437913]]
[2200.0, 1100.0, 0.000555, [0.00373299545], [23.324299999999997], [2.33243], [0.0007783834275278477]]
[2200.0, 200.0, 0.000216, [0.00145219355], [23.324299999999997], [2.33243], [0.0004840646302406321]]
[2200.0, 1800.0, 0.000595, [0.00399752075], [23.324299999999997], [2.33243], [0.0007995040351680535]]
[2200.0, 900.0, 0.0006, [0.004033555999999999], [23.324299999999997], [2.33243], [0.0008067111064377383]]
[2200.0, 1000.0, 0.000448, [0.0030138257], [23.324299999999997], [2.33243], [0.0006914190782369257]]
[2200.0, 1300.0, 0.000481, [0.0070179371], [64.841554], [8.396747999999999], [0.0014962292869075914]]
[2200.0, 1900.0, 0.000501, [0.0033706994499999995], [23.324299999999997], [2.33243], [0.0007355468683231545]]
[2200.0, 1400.0, 0.000435, [0.0029256517499999996], [23.324299999999997], [2.33243], [0.000689582711318954]]
[2200.0, 1600.0, 0.00033, [0.0022188721], [23.324299999999997], [2.33243], [0.0005930183268668852]]
[2200.0, 800.0, 0.000381, [0.0025640952], [23.324299999999997], [2.33243], [0.0006410236579097529]]
[2200.0, 400.0, 0.000398, [0.0026757648], [23.324299999999997], [2.33243], [0.0006489683439891347]]
[2200.0, 600.0, 0.000329, [0.004798354299999999], [64.841554], [8.396747999999999], [0.0012389297514387163]]
[2200.0, 2000.0, 0.000503, [0.00338113915], [23.324299999999997], [2.33243], [0.0007378250692067869]]
[2200.0, 500.0, 0.000357, [0.0023967103999999995], [23.324299999999997], [2.33243], [0.0006188280257874556]]
[2200.0, 700.0, 0.000667, [0.00448116245], [23.324299999999997], [2.33243], [0.0008468601093155821]]
[2200.0, 300.0, 0.000312, [0.00210064405], [23.324299999999997], [2.33243], [0.0005826136532900684]]
[2200.0, 1200.0, 0.000404, [0.0027181583999999997], [23.324299999999997], [2.33243], [0.0006592502762608445]]
[2200.0, 1500.0, 0.000616, [0.004139099549999999], [23.324299999999997], [2.33243], [0.0008117440997629733]]
[2200.0, 100.0, 0.000191, [0.0012824087], [23.324299999999997], [2.33243], [0.0004534000973202366]]
[2300.0, 700.0, 0.000285, [0.0019162979], [23.324299999999997], [2.33243], [0.0004516755846290565]]
[2300.0, 100.0, 0.000208, [0.0014004366499999997], [23.324299999999997], [2.33243], [0.00038841137213011667]]
[2300.0, 1800.0, 0.000319, [0.0021453640999999995], [23.324299999999997], [2.33243], [0.0004797179202406347]]
[2300.0, 1000.0, 0.000268, [0.0018012576500000001], [23.324299999999997], [2.33243], [0.0004368692435958384]]
[2300.0, 1500.0, 0.000224, [0.0015065943], [23.324299999999997], [2.33243], [0.0004026542347349646]]
[2300.0, 1200.0, 0.000379, [0.0025498811999999996], [23.324299999999997], [2.33243], [0.0005204922105565077]]
[2300.0, 500.0, 0.000222, [0.0032303729999999995], [64.841554], [8.396747999999999], [0.0008340787558738083]]
[2300.0, 1900.0, 0.000379, [0.0025458308999999997], [23.324299999999997], [2.33243], [0.000519665646353499]]
[2300.0, 1300.0, 0.000422, [0.00283927755], [23.324299999999997], [2.33243], [0.0005464190843574189]]
[2300.0, 1600.0, 0.000392, [0.0026342083999999996], [23.324299999999997], [2.33243], [0.0005268417221993717]]
[2300.0, 1700.0, 0.000463, [0.0031152143], [23.324299999999997], [2.33243], [0.000578480863987738]]
[2300.0, 1400.0, 0.000416, [0.0027959144999999998], [23.324299999999997], [2.33243], [0.000548323810808905]]
[2300.0, 1100.0, 0.000482, [0.0032431679], [23.324299999999997], [2.33243], [0.0005921187961465165]]
[2300.0, 900.0, 0.000333, [0.0022412441999999995], [23.324299999999997], [2.33243], [0.0004890794654245872]]
[2300.0, 2000.0, 0.000302, [0.0020269003], [23.324299999999997], [2.33243], [0.00046500275241120886]]
[2300.0, 300.0, 0.000256, [0.0017180160499999997], [23.324299999999997], [2.33243], [0.0004295039854297047]]
[2300.0, 200.0, 0.000205, [0.00138083375], [23.324299999999997], [2.33243], [0.00038297434607294516]]
[2300.0, 400.0, 0.000285, [0.0019168291999999997], [23.324299999999997], [2.33243], [0.0004518008850699608]]
[2300.0, 800.0, 0.000332, [0.0022328307999999997], [23.324299999999997], [2.33243], [0.0004872436138627165]]
[2300.0, 600.0, 0.000243, [0.00163228125], [23.324299999999997], [2.33243], [0.00042145311334714327]]
[2400.0, 1200.0, 0.000291, [0.0019581463999999997], [23.324299999999997], [2.33243], [0.00037005491889718206]]
[2400.0, 1500.0, 0.000223, [0.00149868345], [23.324299999999997], [2.33243], [0.0003270395791796461]]
[2400.0, 1100.0, 0.000247, [0.0016617017], [23.324299999999997], [2.33243], [0.0003391935088559331]]
[2400.0, 1600.0, 0.000275, [0.00184749225], [23.324299999999997], [2.33243], [0.00036232308151703494]]
[2400.0, 400.0, 0.000127, [0.0008541395], [23.324299999999997], [2.33243], [0.00024656885012101586]]
[2400.0, 1300.0, 0.000188, [0.0012667778999999998], [23.324299999999997], [2.33243], [0.0002985822138875656]]
[2400.0, 200.0, 0.000149, [0.00100089353], [23.324299999999997], [2.33243], [0.00026750006107475934]]
[2400.0, 1700.0, 0.00032, [0.00214985945], [23.324299999999997], [2.33243], [0.00039250883142930677]]
[2400.0, 2000.0, 0.000222, [0.0014930794999999998], [23.324299999999997], [2.33243], [0.0003258165947661352]]
[2400.0, 600.0, 0.000168, [0.0011283381399999999], [23.324299999999997], [2.33243], [0.00028208452181925896]]
[2400.0, 1900.0, 0.000228, [0.0015338055999999998], [23.324299999999997], [2.33243], [0.00032700833892272533]]
[2400.0, 700.0, 0.000203, [0.00136162415], [23.324299999999997], [2.33243], [0.0003123778511674603]]
[2400.0, 100.0, 0.000188, [0.00126254705], [23.324299999999997], [2.33243], [0.0002975851824688185]]
[2400.0, 1800.0, 0.000241, [0.0016182489499999998], [23.324299999999997], [2.33243], [0.0003374281470920883]]
[2400.0, 500.0, 0.000223, [0.0014986409], [23.324299999999997], [2.33243], [0.0003270303388448845]]
[2400.0, 900.0, 0.0002, [0.0013472962999999999], [23.324299999999997], [2.33243], [0.0003090910561226254]]
[2400.0, 1400.0, 0.000314, [0.0021084686499999996], [23.324299999999997], [2.33243], [0.0003849520863042568]]
[2400.0, 800.0, 0.000297, [0.00199970855], [23.324299999999997], [2.33243], [0.00037790949280217873]]
[2400.0, 300.0, 0.000126, [0.0008467322349999999], [23.324299999999997], [2.33243], [0.00024443051839940117]]
[2400.0, 1000.0, 0.000273, [0.0018356345999999998], [23.324299999999997], [2.33243], [0.00035999750325523087]]
[2500.0, 400.0, 7.1e-05, [0.00102934016], [64.841554], [8.396747999999999], [0.00031035770813691736]]
[2500.0, 1300.0, 0.000173, [0.0011598532], [23.324299999999997], [2.33243], [0.00023197065019092393]]
[2500.0, 500.0, 0.000125, [0.00083692308], [23.324299999999997], [2.33243], [0.00019726465927783415]]
[2500.0, 900.0, 0.000172, [0.0011581431499999998], [23.324299999999997], [2.33243], [0.00023162861394914052]]
[2500.0, 1400.0, 0.000247, [0.0016612014499999999], [23.324299999999997], [2.33243], [0.00028079432512962224]]
[2500.0, 200.0, 0.000118, [0.00079486114], [23.324299999999997], [2.33243], [0.00019278215976848063]]
[2500.0, 1900.0, 0.000167, [0.0011244096250000001], [23.324299999999997], [2.33243], [0.00022951917114916566]]
[2500.0, 1000.0, 9.6e-05, [0.000642131825], [23.324299999999997], [2.33243], [0.00017161695480050911]]
[2500.0, 1800.0, 0.000154, [0.001032737375], [23.324299999999997], [2.33243], [0.0002201802865835177]]
[2500.0, 1700.0, 9.6e-05, [0.000647366625], [23.324299999999997], [2.33243], [0.00017301603812941733]]
[2500.0, 800.0, 0.000148, [0.0009915588649999998], [23.324299999999997], [2.33243], [0.00021637591513382445]]
[2500.0, 700.0, 0.000117, [0.00078666808], [23.324299999999997], [2.33243], [0.00019079505097093055]]
[2500.0, 1600.0, 0.000138, [0.0009302877849999999], [23.324299999999997], [2.33243], [0.00020801869339076237]]
[2500.0, 1100.0, 0.000137, [0.0009231766449999999], [23.324299999999997], [2.33243], [0.00020642858771255493]]
[2500.0, 600.0, 0.000124, [0.0008317701599999999], [23.324299999999997], [2.33243], [0.0001960501098571485]]
[2500.0, 300.0, 8.3e-05, [0.0005553005], [23.324299999999997], [2.33243], [0.00016030146139383756]]
[2500.0, 2000.0, 0.000161, [0.00107905305], [23.324299999999997], [2.33243], [0.00022499808043625614]]
[2500.0, 1200.0, 0.000132, [0.0008846687799999998], [23.324299999999997], [2.33243], [0.0002029569510388841]]
[2500.0, 100.0, 8.3e-05, [0.0005565126], [23.324299999999997], [2.33243], [0.0001606513367513635]]
[2500.0, 1500.0, 0.000172, [0.00115723005], [23.324299999999997], [2.33243], [0.0002314459498457469]]
[2600.0, 800.0, 0.00011, [0.0007361653699999999], [23.324299999999997], [2.33243], [0.00015026909670654175]]
[2600.0, 2000.0, 0.000154, [0.00103531326], [23.324299999999997], [2.33243], [0.0001775547489508518]]
[2600.0, 900.0, 7.9e-05, [0.00053272163], [23.324299999999997], [2.33243], [0.00012920397139794116]]
[2600.0, 1000.0, 0.000101, [0.0006755602549999999], [23.324299999999997], [2.33243], [0.0001440299134728616]]
[2600.0, 200.0, 7.3e-05, [0.000488925375], [23.324299999999997], [2.33243], [0.0001222313139093252]]
[2600.0, 1100.0, 0.000126, [0.0008454032949999999], [23.324299999999997], [2.33243], [0.000159766210053941]]
[2600.0, 1500.0, 0.000122, [0.00082061493], [23.324299999999997], [2.33243], [0.00015792741109446452]]
[2600.0, 700.0, 7.3e-05, [0.0004886439699999999], [23.324299999999997], [2.33243], [0.00012216096594248099]]
[2600.0, 1800.0, 0.000147, [0.000990652205], [23.324299999999997], [2.33243], [0.00017512423383130046]]
[2600.0, 1600.0, 0.000113, [0.0007593301649999999], [23.324299999999997], [2.33243], [0.00015186602352073358]]
[2600.0, 1400.0, 9.6e-05, [0.0006480319], [23.324299999999997], [2.33243], [0.00014141217583716047]]
[2600.0, 1300.0, 8.7e-05, [0.000586063805], [23.324299999999997], [2.33243], [0.00013445226364773482]]
[2600.0, 600.0, 0.000104, [0.0006972010699999999], [23.324299999999997], [2.33243], [0.00014537646663060702]]
[2600.0, 1700.0, 9e-05, [0.0006071630849999999], [23.324299999999997], [2.33243], [0.00013576581666605183]]
[2600.0, 400.0, 7.3e-05, [0.000488714465], [23.324299999999997], [2.33243], [0.00012217861085312762]]
[2600.0, 300.0, 6.3e-05, [0.000424649805], [23.324299999999997], [2.33243], [0.00011349245067404263]]
[2600.0, 1900.0, 9.9e-05, [0.000665538005], [23.324299999999997], [2.33243], [0.0001418931776901201]]
[2600.0, 1200.0, 0.000105, [0.000707473215], [23.324299999999997], [2.33243], [0.00014751833157272353]]
[2600.0, 100.0, 6.4e-05, [0.00042728905499999996], [23.324299999999997], [2.33243], [0.00011419779679354587]]
[2600.0, 500.0, 5e-05, [0.00033373115], [23.324299999999997], [2.33243], [0.00010062373170629282]]
[2700.0, 1400.0, 0.000104, [0.0007020195699999999], [23.324299999999997], [2.33243], [0.00011866294935657042]]
[2700.0, 1000.0, 8.3e-05, [0.00055657493], [23.324299999999997], [2.33243], [0.00010518276201450501]]
[2700.0, 800.0, 5.3e-05, [0.000356826025], [23.324299999999997], [2.33243], [8.410471360155744e-05]]
[2700.0, 900.0, 5.6e-05, [0.00037775981999999995], [23.324299999999997], [2.33243], [8.666406409233299e-05]]
[2700.0, 600.0, 5.9e-05, [0.00039401805999999997], [23.324299999999997], [2.33243], [8.810510934389673e-05]]
[2700.0, 1100.0, 9.9e-05, [0.000662842405], [23.324299999999997], [2.33243], [0.00011538603955851851]]
[2700.0, 1300.0, 7.8e-05, [0.0005235829250000001], [23.324299999999997], [2.33243], [0.00010268306145611357]]
[2700.0, 400.0, 3.6e-05, [0.00024267219499999996], [23.324299999999997], [2.33243], [7.005341834985641e-05]]
[2700.0, 1700.0, 8.7e-05, [0.0005822575349999999], [23.324299999999997], [2.33243], [0.00010812250217924112]]
[2700.0, 100.0, 4.1e-05, [0.00027848675999999993], [23.324299999999997], [2.33243], [7.442871608122768e-05]]
[2700.0, 2000.0, 6.5e-05, [0.000435755585], [23.324299999999997], [2.33243], [9.290339610315653e-05]]
[2700.0, 1200.0, 8.4e-05, [0.0005613997549999999], [23.324299999999997], [2.33243], [0.00010609458363884556]]
[2700.0, 700.0, 3.6e-05, [0.00024058828], [23.324299999999997], [2.33243], [6.9451860036287e-05]]
[2700.0, 300.0, 5.4e-05, [0.000360371935], [23.324299999999997], [2.33243], [8.494047446594586e-05]]
[2700.0, 1800.0, 7.7e-05, [0.0005192923899999999], [23.324299999999997], [2.33243], [0.00010184160673565591]]
[2700.0, 200.0, 4.1e-05, [0.00027688975499999996], [23.324299999999997], [2.33243], [7.400188791510659e-05]]
[2700.0, 1500.0, 8e-05, [0.000534528395], [23.324299999999997], [2.33243], [0.00010287002945464728]]
[2700.0, 500.0, 3e-05, [0.00043220495999999996], [64.841554], [8.396747999999999], [0.00013031472004343942]]
[2700.0, 1900.0, 6.3e-05, [0.00042530035999999995], [23.324299999999997], [2.33243], [9.280815638994235e-05]]
[2700.0, 1600.0, 7.4e-05, [0.000497154085], [23.324299999999997], [2.33243], [9.943081157267095e-05]]
[2800.0, 1500.0, 6.2e-05, [0.00041652149], [23.324299999999997], [2.33243], [7.363129490916209e-05]]
[2800.0, 200.0, 4.3e-05, [0.00028645453499999993], [23.324299999999997], [2.33243], [6.107231971196116e-05]]
[2800.0, 400.0, 1.3e-05, [8.959235999999999e-05], [23.324299999999997], [2.33243], [3.3862729799884704e-05]]
[2800.0, 900.0, 4.9e-05, [0.00032815295999999997], [23.324299999999997], [2.33243], [6.563060176091637e-05]]
[2800.0, 600.0, 3.1e-05, [0.00020625951499999998], [23.324299999999997], [2.33243], [5.156487666037804e-05]]
[2800.0, 1200.0, 5e-05, [0.00033346642], [23.324299999999997], [2.33243], [6.539815526832542e-05]]
[2800.0, 1000.0, 3.1e-05, [0.00021129363999999997], [23.324299999999997], [2.33243], [5.282341956935389e-05]]
[2800.0, 1400.0, 4.8e-05, [0.00032403159], [23.324299999999997], [2.33243], [6.480631111242176e-05]]
[2800.0, 800.0, 3.3e-05, [0.000218637655], [23.324299999999997], [2.33243], [5.302743400825652e-05]]
[2800.0, 100.0, 1.7e-05, [1.3677818888888888e-05], [0.41983739999999997], [0.05597832], [2.7919731577470878e-06]]
[2800.0, 1100.0, 3.9e-05, [0.000258910655], [23.324299999999997], [2.33243], [5.7894191310527856e-05]]
[2800.0, 1300.0, 4.1e-05, [0.000273551995], [23.324299999999997], [2.33243], [5.96939511592255e-05]]
[2800.0, 2000.0, 4e-05, [0.000271747185], [23.324299999999997], [2.33243], [5.930009317024721e-05]]
[2800.0, 500.0, 2.1e-05, [0.0001425379], [23.324299999999997], [2.33243], [4.2976809385993276e-05]]
[2800.0, 1900.0, 6.3e-05, [0.000426450015], [23.324299999999997], [2.33243], [7.42354083473648e-05]]
[2800.0, 1800.0, 5.2e-05, [0.00035076172999999995], [23.324299999999997], [2.33243], [6.750412818857821e-05]]
[2800.0, 300.0, 2.9e-05, [0.00019338607], [23.324299999999997], [2.33243], [4.99320809450197e-05]]
[2800.0, 700.0, 3.9e-05, [0.000260452805], [23.324299999999997], [2.33243], [5.823902480296179e-05]]
[2800.0, 1600.0, 3.1e-05, [0.00020697688499999998], [23.324299999999997], [2.33243], [5.1744211342912556e-05]]
[2800.0, 1700.0, 4.4e-05, [0.00029568684999999994], [23.324299999999997], [2.33243], [6.16549846524999e-05]]
[2900.0, 1300.0, 3e-05, [0.00019922001999999998], [23.324299999999997], [2.33243], [4.066561634231061e-05]]
[2900.0, 900.0, 2.1e-05, [0.00014436019], [23.324299999999997], [2.33243], [3.5012476651188215e-05]]
[2900.0, 1600.0, 3.6e-05, [0.00024337243], [23.324299999999997], [2.33243], [4.519312718765985e-05]]
[2900.0, 2000.0, 2.4e-05, [0.00016060853999999997], [23.324299999999997], [2.33243], [3.684613280250724e-05]]
[2900.0, 1200.0, 4.4e-05, [0.0002956823649999999], [23.324299999999997], [2.33243], [4.997944189864468e-05]]
[2900.0, 1700.0, 2.7e-05, [0.000184081535], [23.324299999999997], [2.33243], [3.9246317406859974e-05]]
[2900.0, 1100.0, 2.8e-05, [0.00018690559], [23.324299999999997], [2.33243], [3.984840439089124e-05]]
[2900.0, 800.0, 2.3e-05, [0.00015139968499999998], [23.324299999999997], [2.33243], [3.568524121047804e-05]]
[2900.0, 600.0, 1.6e-05, [0.00010883033049999998], [23.324299999999997], [2.33243], [3.0184104570949252e-05]]
[2900.0, 100.0, 1.5e-05, [0.00010108555199999999], [23.324299999999997], [2.33243], [2.9180889135699754e-05]]
[2900.0, 400.0, 2e-05, [0.00013760003], [23.324299999999997], [2.33243], [3.440000634084243e-05]]
[2900.0, 1000.0, 3.1e-05, [0.00020949159], [23.324299999999997], [2.33243], [4.1898321058247666e-05]]
[2900.0, 1400.0, 3.5e-05, [0.000237015345], [23.324299999999997], [2.33243], [4.479169543564967e-05]]
[2900.0, 200.0, 1.9e-05, [0.000126237455], [23.324299999999997], [2.33243], [3.259436785703935e-05]]
[2900.0, 500.0, 1.7e-05, [0.00011561191499999999], [23.324299999999997], [2.33243], [3.089860396118245e-05]]
[2900.0, 1500.0, 2.4e-05, [0.00015844205499999998], [23.324299999999997], [2.33243], [3.634910242014237e-05]]
[2900.0, 1800.0, 3.1e-05, [0.00020881838], [23.324299999999997], [2.33243], [4.1763671444210934e-05]]
[2900.0, 300.0, 1.4e-05, [9.303338999999999e-05], [23.324299999999997], [2.33243], [2.8050621690971483e-05]]
[2900.0, 700.0, 2.1e-05, [0.000141212525], [23.324299999999997], [2.33243], [3.4249063990859666e-05]]
[2900.0, 1900.0, 3e-05, [0.00020419285], [23.324299999999997], [2.33243], [4.168068668460249e-05]]
[3000.0, 1900.0, 1.3e-05, [8.556791199999999e-05], [23.324299999999997], [2.33243], [2.139197840313046e-05]]
[3000.0, 800.0, 1.3e-05, [8.559285549999999e-05], [23.324299999999997], [2.33243], [2.1398215357828322e-05]]
[3000.0, 900.0, 1.2e-05, [8.073266799999999e-05], [23.324299999999997], [2.33243], [2.0845084750367407e-05]]
[3000.0, 1600.0, 2.1e-05, [0.000139760305], [23.324299999999997], [2.33243], [2.7409255462343372e-05]]
[3000.0, 700.0, 1.3e-05, [8.6182794e-05], [23.324299999999997], [2.33243], [2.1545700388940713e-05]]
[3000.0, 600.0, 1.1e-05, [7.60203015e-05], [23.324299999999997], [2.33243], [2.031728143723958e-05]]
[3000.0, 1300.0, 2.5e-05, [0.00017052257499999997], [23.324299999999997], [2.33243], [3.0144408863834097e-05]]
[3000.0, 500.0, 1.3e-05, [8.486422699999998e-05], [23.324299999999997], [2.33243], [2.1216056997001114e-05]]
[3000.0, 1500.0, 1.9e-05, [0.00012842544499999997], [23.324299999999997], [2.33243], [2.6214736204089482e-05]]
[3000.0, 1800.0, 2.6e-05, [0.00017161932999999998], [23.324299999999997], [2.33243], [3.0338303421582422e-05]]
[3000.0, 2000.0, 2e-05, [0.00013505059499999998], [23.324299999999997], [2.33243], [2.701013399633552e-05]]
[3000.0, 100.0, 1.6e-05, [0.000107254635], [23.324299999999997], [2.33243], [2.3982866066214853e-05]]
[3000.0, 1400.0, 2.3e-05, [0.00015165119], [23.324299999999997], [2.33243], [2.865938439673818e-05]]
[3000.0, 1100.0, 1.1e-05, [7.546386249999999e-05], [23.324299999999997], [2.33243], [2.016856741318034e-05]]
[3000.0, 1200.0, 1.4e-05, [9.651983349999999e-05], [23.324299999999997], [2.33243], [2.2749944576855564e-05]]
[3000.0, 1000.0, 1.4e-05, [9.187727199999999e-05], [23.324299999999997], [2.33243], [2.228351056274572e-05]]
[3000.0, 400.0, 1e-05, [6.4828651e-05], [23.324299999999997], [2.33243], [1.8714418919645888e-05]]
[3000.0, 300.0, 1.4e-05, [9.121181299999998e-05], [23.324299999999997], [2.33243], [2.2122114523706818e-05]]
[3000.0, 1700.0, 2.5e-05, [0.00016740319999999998], [23.324299999999997], [2.33243], [3.0066500931269006e-05]]
[3000.0, 200.0, 9e-06, [5.970449250000001e-05], [23.324299999999997], [2.33243], [1.8001581486080606e-05]]
