[200.0, 1800.0, 1.0, [273.45965], [267.904], [33.9632674], [18.436651371656406]]
[200.0, 700.0, 1.0, [15823.08], [14043.8], [2983.2766399999996], [627.4260042427314]]
[200.0, 2000.0, 1.0, [245.85367], [267.904], [33.9632674], [17.472058656609416]]
[200.0, 1300.0, 1.0, [15779.9688], [14043.8], [2983.2766399999996], [627.1974751224689]]
[200.0, 1400.0, 1.0, [16077.5014], [14043.8], [2983.2766399999996], [633.0509237020352]]
[200.0, 400.0, 1.0, [15599.7362], [14043.8], [2983.2766399999996], [624.990202803212]]
[200.0, 1900.0, 1.0, [284.20525000000004], [267.904], [33.9632674], [18.821945693790532]]
[200.0, 1700.0, 1.0, [16272.6794], [14043.8], [2983.2766399999996], [635.3414357650538]]
[200.0, 500.0, 1.0, [16551.674000000003], [14043.8], [2983.2766399999996], [640.4034356559933]]
[200.0, 1500.0, 1.0, [16354.4398], [14043.8], [2983.2766399999996], [638.5336865036958]]
[200.0, 100.0, 1.0, [16276.5526], [14043.8], [2983.2766399999996], [635.4924556593886]]
[200.0, 600.0, 1.0, [16434.282], [14043.8], [2983.2766399999996], [640.1886287649914]]
[200.0, 1000.0, 1.0, [15909.2748], [14043.8], [2983.2766399999996], [628.8691275615301]]
[200.0, 1200.0, 1.0, [16702.117000000002], [14043.8], [2983.2766399999996], [643.8194246836607]]
[200.0, 300.0, 1.0, [15658.1194], [14043.8], [2983.2766399999996], [624.827162341715]]
[200.0, 1600.0, 1.0, [16786.0854], [14043.8], [2983.2766399999996], [648.9876217617713]]
[200.0, 900.0, 1.0, [266.17739], [320.85], [40.8709172], [18.1955149968337]]
[200.0, 800.0, 1.0, [15869.815999999999], [14043.8], [2983.2766399999996], [628.7850026837472]]
[200.0, 1100.0, 1.0, [15891.9144], [14043.8], [2983.2766399999996], [629.1670073994662]]
[200.0, 200.0, 1.0, [15551.0728], [14043.8], [2983.2766399999996], [621.0500868690061]]
[300.0, 2000.0, 1.0, [100.03339399999999], [98.80799999999999], [10.4407856], [6.610392064015567]]
[300.0, 400.0, 1.0, [96.17725999999999], [98.80799999999999], [10.4407856], [6.4990573001013]]
[300.0, 1000.0, 1.0, [115.429134], [122.36], [13.413636799999999], [7.104171330281949]]
[300.0, 200.0, 1.0, [94.505942], [98.80799999999999], [10.4407856], [6.430315468155508]]
[300.0, 1600.0, 1.0, [95.36766], [98.80799999999999], [10.4407856], [6.4739791087089555]]
[300.0, 1300.0, 1.0, [102.218762], [98.80799999999999], [10.4407856], [6.6965735305453045]]
[300.0, 800.0, 1.0, [99.494665], [98.80799999999999], [10.4407856], [6.589196136100366]]
[300.0, 700.0, 1.0, [95.151322], [98.80799999999999], [10.4407856], [6.459293154053313]]
[300.0, 300.0, 1.0, [101.941175], [98.80799999999999], [10.4407856], [6.692766439223768]]
[300.0, 900.0, 1.0, [95.620476], [98.80799999999999], [10.4407856], [6.461433190864083]]
[300.0, 600.0, 1.0, [96.303967], [98.80799999999999], [10.4407856], [6.478105869773973]]
[300.0, 1400.0, 1.0, [91.10810599999999], [84.64], [8.5205616], [6.317211167912626]]
[300.0, 500.0, 1.0, [99.16951399999999], [98.80799999999999], [10.4407856], [6.5966578227159856]]
[300.0, 1200.0, 1.0, [102.375737], [98.80799999999999], [10.4407856], [6.678255856134894]]
[300.0, 100.0, 1.0, [132.084906], [160.172], [17.558747399999998], [7.588079605539203]]
[300.0, 1100.0, 1.0, [96.776686], [98.80799999999999], [10.4407856], [6.5099040891552304]]
[300.0, 1900.0, 1.0, [98.340686], [98.80799999999999], [10.4407856], [6.556045811310351]]
[300.0, 1500.0, 1.0, [102.79608499999999], [98.80799999999999], [10.4407856], [6.7056771179352195]]
[300.0, 1700.0, 1.0, [94.65449899999999], [98.80799999999999], [10.4407856], [6.41081133476879]]
[300.0, 1800.0, 1.0, [104.536955], [98.80799999999999], [10.4407856], [6.747831942928039]]
[400.0, 900.0, 1.0, [115.605452], [132.434], [14.860921], [4.767488356566799]]
[400.0, 1200.0, 1.0, [120.623247], [132.434], [14.860921], [4.867958014403986]]
[400.0, 1500.0, 1.0, [116.84057500000002], [132.434], [14.860921], [4.789996698328716]]
[400.0, 200.0, 1.0, [119.86611], [132.434], [14.860921], [4.8413470284622235]]
[400.0, 1600.0, 1.0, [132.677524], [160.172], [17.558747399999998], [5.099211004655524]]
[400.0, 500.0, 1.0, [115.78903799999999], [132.434], [14.860921], [4.762924055661605]]
[400.0, 1700.0, 1.0, [117.14070199999999], [132.434], [14.860921], [4.782249246954826]]
[400.0, 300.0, 1.0, [92.92610266666668], [104.374], [11.4282906], [3.475239366336272]]
[400.0, 1300.0, 1.0, [121.245259], [132.434], [14.860921], [4.877199215738476]]
[400.0, 1400.0, 1.0, [113.53352], [132.434], [14.860921], [4.730563265616475]]
[400.0, 1100.0, 1.0, [109.847678], [104.374], [11.4282906], [3.7901050451581595]]
[400.0, 800.0, 1.0, [117.22090299999999], [132.434], [14.860921], [4.793519495110038]]
[400.0, 100.0, 1.0, [306.21165], [235.704], [28.113567], [7.765268024994373]]
[400.0, 1000.0, 1.0, [120.09604100000001], [132.434], [14.860921], [4.854594477399734]]
[400.0, 400.0, 1.0, [116.76329500000001], [132.434], [14.860921], [4.782810597337092]]
[400.0, 1800.0, 1.0, [120.76090200000002], [132.434], [14.860921], [4.865595503121894]]
[400.0, 2000.0, 1.0, [117.395611], [132.434], [14.860921], [4.804682934388075]]
[400.0, 600.0, 1.0, [112.85816333333334], [104.374], [11.4282906], [3.843964524636858]]
[400.0, 700.0, 1.0, [115.82503299999999], [132.434], [14.860921], [4.768441406791112]]
[400.0, 1900.0, 1.0, [112.76345699999999], [132.434], [14.860921], [4.694404236961278]]
[500.0, 1700.0, 1.0, [126.22518066666666], [174.386], [13.3887646], [2.914268919948497]]
[500.0, 1100.0, 1.0, [117.87521466666666], [174.386], [13.3887646], [2.800210511927829]]
[500.0, 300.0, 1.0, [120.38920666666667], [174.386], [13.3887646], [2.8336676218482495]]
[500.0, 1300.0, 1.0, [126.43515533333333], [174.386], [13.3887646], [2.9044454073789105]]
[500.0, 1800.0, 1.0, [125.61287466666667], [174.386], [13.3887646], [2.897815831890556]]
[500.0, 1400.0, 1.0, [125.57297733333333], [174.386], [13.3887646], [2.9030819110425083]]
[500.0, 600.0, 1.0, [123.77578799999999], [174.386], [13.3887646], [2.8777288560406262]]
[500.0, 1900.0, 1.0, [120.34073799999999], [174.386], [13.3887646], [2.839615350320846]]
[500.0, 1200.0, 1.0, [125.74268666666669], [174.386], [13.3887646], [2.890827455552783]]
[500.0, 800.0, 1.0, [117.55928666666667], [174.386], [13.3887646], [2.7974451193107535]]
[500.0, 1000.0, 1.0, [121.745486], [174.386], [13.3887646], [2.84906578450629]]
[500.0, 2000.0, 1.0, [123.06721933333333], [174.386], [13.3887646], [2.8674612449187715]]
[500.0, 700.0, 1.0, [123.275676], [174.386], [13.3887646], [2.857618337007236]]
[500.0, 100.0, 1.0, [59.693694], [40.6456], [3.71427414], [2.434956024243559]]
[500.0, 200.0, 1.0, [83.00131133333333], [102.02799999999999], [7.497719399999999], [2.3532865491100363]]
[500.0, 1500.0, 1.0, [128.06444466666665], [174.386], [13.3887646], [2.9302986901224477]]
[500.0, 900.0, 1.0, [124.61806333333332], [174.386], [13.3887646], [2.882546770556281]]
[500.0, 1600.0, 1.0, [125.64062799999999], [174.386], [13.3887646], [2.8953759195578654]]
[500.0, 500.0, 1.0, [124.96990200000002], [174.386], [13.3887646], [2.9039220268074994]]
[500.0, 400.0, 1.0, [115.514694], [174.386], [13.3887646], [2.7772451058157936]]
[600.0, 200.0, 0.999982, [37.951886], [30.3278], [2.9384317], [1.1819634134213572]]
[600.0, 1400.0, 1.0, [60.987030000000004], [50.784], [4.70281], [1.497770171955631]]
[600.0, 1900.0, 1.0, [58.61016399999999], [50.784], [4.70281], [1.4638821748275297]]
[600.0, 100.0, 0.999579, [29.385904], [30.3278], [2.9384317], [1.0441826626069257]]
[600.0, 800.0, 1.0, [59.650729999999996], [50.784], [4.70281], [1.4894078144610956]]
[600.0, 1200.0, 1.0, [58.71194666666667], [50.784], [4.70281], [1.471944176024802]]
[600.0, 600.0, 1.0, [60.25219533333333], [50.784], [4.70281], [1.492836749428565]]
[600.0, 1600.0, 1.0, [60.328218], [50.784], [4.70281], [1.4915193704556586]]
[600.0, 400.0, 1.0, [62.676211333333335], [50.784], [4.70281], [1.5232607495472044]]
[600.0, 500.0, 1.0, [60.76768666666667], [50.784], [4.70281], [1.4946388760425637]]
[600.0, 1100.0, 1.0, [60.094814], [50.784], [4.70281], [1.488480519784447]]
[600.0, 300.0, 1.0, [59.009275333333335], [50.784], [4.70281], [1.4738505763249317]]
[600.0, 1700.0, 1.0, [60.055898], [50.784], [4.70281], [1.4852405207387942]]
[600.0, 1500.0, 1.0, [64.48595866666666], [65.918], [5.611434200000001], [1.5388732255921682]]
[600.0, 1800.0, 1.0, [59.977038666666665], [50.784], [4.70281], [1.4892225595927562]]
[600.0, 1000.0, 1.0, [60.40115866666667], [50.784], [4.70281], [1.4946936951169034]]
[600.0, 2000.0, 1.0, [60.124499333333326], [50.784], [4.70281], [1.4901302224973496]]
[600.0, 700.0, 1.0, [65.17042333333335], [65.918], [5.611434200000001], [1.5587621114204695]]
[600.0, 1300.0, 1.0, [60.053874], [50.784], [4.70281], [1.4883800577958723]]
[600.0, 900.0, 1.0, [60.853108666666664], [50.784], [4.70281], [1.5012879116870883]]
[700.0, 2000.0, 0.999943, [25.24411], [11.7484], [1.33514954], [0.7367597259471895]]
[700.0, 100.0, 0.992316, [16.735076], [18.768], [1.88428282], [0.599981205261187]]
[700.0, 1000.0, 0.999958, [25.880412666666665], [11.7484], [1.33514954], [0.7452425913754528]]
[700.0, 600.0, 0.999948, [25.430747333333333], [11.7484], [1.33514954], [0.7393781985184879]]
[700.0, 1400.0, 0.99994, [25.115693333333333], [11.7484], [1.33514954], [0.7371047680697169]]
[700.0, 1900.0, 0.99996, [25.992714], [11.7484], [1.33514954], [0.7466213947584889]]
[700.0, 200.0, 0.997498, [16.727547333333334], [11.7484], [1.33514954], [0.5989422576509358]]
[700.0, 400.0, 0.999968, [26.469089999999998], [11.7484], [1.33514954], [0.7531918442350676]]
[700.0, 1300.0, 0.999923, [24.566959333333337], [11.7484], [1.33514954], [0.7250708403704811]]
[700.0, 1100.0, 0.999947, [25.411779999999997], [11.7484], [1.33514954], [0.736960581487685]]
[700.0, 800.0, 0.99995, [25.537758666666665], [11.7484], [1.33514954], [0.7403026387153359]]
[700.0, 1500.0, 0.999941, [25.166155333333332], [11.7484], [1.33514954], [0.7347975872457817]]
[700.0, 1600.0, 0.999952, [25.595258666666666], [11.7484], [1.33514954], [0.7410359034636731]]
[700.0, 1800.0, 0.999963, [26.20833133333333], [11.7484], [1.33514954], [0.7497280333560963]]
[700.0, 1200.0, 0.999945, [25.305765333333333], [11.7484], [1.33514954], [0.7357444000617486]]
[700.0, 700.0, 0.999967, [26.427184000000004], [11.7484], [1.33514954], [0.7562980729256892]]
[700.0, 900.0, 0.999937, [25.019446], [11.7484], [1.33514954], [0.7323897286736527]]
[700.0, 300.0, 0.999802, [22.48789733333333], [11.7484], [1.33514954], [0.6946533092125885]]
[700.0, 500.0, 0.999962, [26.120455999999997], [11.7484], [1.33514954], [0.7502905688983286]]
[700.0, 1700.0, 0.999894, [23.87605466666667], [11.7484], [1.33514954], [0.7169629579769872]]
[800.0, 300.0, 0.989458, [10.798408], [6.2008], [0.82986346], [0.3730248003670653]]
[800.0, 100.0, 0.969184, [8.5022996], [6.2008], [0.82986346], [0.3322123340408795]]
[800.0, 1800.0, 0.997615, [13.914472533333333], [6.2008], [0.82986346], [0.4241901749608698]]
[800.0, 800.0, 0.998057, [14.340700866666667], [6.2008], [0.82986346], [0.4316044087407408]]
[800.0, 400.0, 0.998117, [14.406275399999998], [6.2008], [0.82986346], [0.432794571746612]]
[800.0, 200.0, 0.973769, [8.850568666666666], [6.2008], [0.82986346], [0.33840996675629986]]
[800.0, 1700.0, 0.998091, [14.377361333333335], [6.2008], [0.82986346], [0.4331001718873924]]
[800.0, 600.0, 0.997657, [13.952068333333333], [6.2008], [0.82986346], [0.42533633008348687]]
[800.0, 1600.0, 0.998516, [14.898821933333336], [6.2008], [0.82986346], [0.43896079632594887]]
[800.0, 1000.0, 0.997723, [14.0114528], [6.2008], [0.82986346], [0.42734530914056423]]
[800.0, 1100.0, 0.998718, [15.2013256], [6.2008], [0.82986346], [0.44422503241287764]]
[800.0, 1500.0, 0.997525, [13.838157], [6.2008], [0.82986346], [0.4236391055289081]]
[800.0, 1400.0, 0.99803, [14.311309933333334], [6.2008], [0.82986346], [0.43052488698228714]]
[800.0, 1200.0, 0.998217, [14.518743866666666], [6.2008], [0.82986346], [0.4334436365254939]]
[800.0, 900.0, 0.998815, [15.365226666666668], [6.2008], [0.82986346], [0.4465426553719886]]
[800.0, 1300.0, 0.998444, [14.801536533333332], [6.2008], [0.82986346], [0.4393481916556743]]
[800.0, 2000.0, 0.997862, [14.141950200000002], [6.2008], [0.82986346], [0.428347335646617]]
[800.0, 500.0, 0.998788, [15.317585999999999], [6.2008], [0.82986346], [0.44497048011949936]]
[800.0, 1900.0, 0.998137, [14.427584133333333], [6.2008], [0.82986346], [0.43207211208829993]]
[800.0, 700.0, 0.997672, [13.965630666666668], [6.2008], [0.82986346], [0.4261459961093146]]
[900.0, 200.0, 0.909286, [4.791921966666666], [3.01392], [0.44629673799999997], [0.13856201483651845]]
[900.0, 1100.0, 0.983254, [8.034421333333333], [3.01392], [0.44629673799999997], [0.1798801786066368]]
[900.0, 300.0, 0.943414, [5.6986847], [3.01392], [0.44629673799999997], [0.1513339993744521]]
[900.0, 1000.0, 0.981, [7.792162333333334], [3.01392], [0.44629673799999997], [0.17709462329500578]]
[900.0, 900.0, 0.982391, [7.937959333333333], [3.01392], [0.44629673799999997], [0.17834738128470268]]
[900.0, 1600.0, 0.981009, [7.7931360000000005], [3.01392], [0.44629673799999997], [0.17725412917929756]]
[900.0, 700.0, 0.982532, [7.953430666666667], [3.01392], [0.44629673799999997], [0.17887555751912496]]
[900.0, 1900.0, 0.981384, [7.8313619999999995], [3.01392], [0.44629673799999997], [0.17729991746566984]]
[900.0, 500.0, 0.982594, [7.960238666666666], [3.01392], [0.44629673799999997], [0.1788931365368722]]
[900.0, 1400.0, 0.986192, [8.404752], [3.01392], [0.44629673799999997], [0.1844194954143647]]
[900.0, 1200.0, 0.983931, [8.113641], [3.01392], [0.44629673799999997], [0.18048145903542434]]
[900.0, 1500.0, 0.980707, [7.762791333333333], [3.01392], [0.44629673799999997], [0.1765639325507273]]
[900.0, 800.0, 0.980094, [7.702891666666668], [3.01392], [0.44629673799999997], [0.17657716474989374]]
[900.0, 400.0, 0.973247, [7.135770700000001], [3.01392], [0.44629673799999997], [0.16941975134099463]]
[900.0, 100.0, 0.870825, [4.111167966666667], [3.01392], [0.44629673799999997], [0.12904234442831375]]
[900.0, 600.0, 0.980791, [7.771102], [3.01392], [0.44629673799999997], [0.17638835808144104]]
[900.0, 1800.0, 0.982452, [7.944821], [3.01392], [0.44629673799999997], [0.17909019903079257]]
[900.0, 2000.0, 0.982514, [7.9516366666666665], [3.01392], [0.44629673799999997], [0.17970077919821173]]
[900.0, 1700.0, 0.982681, [7.969906333333333], [3.01392], [0.44629673799999997], [0.17929150351685197]]
[900.0, 1300.0, 0.982417, [7.9408726666666665], [3.01392], [0.44629673799999997], [0.17841275580331506]]
[1000.0, 1600.0, 0.91974, [5.926960160000001], [5.1888000000000005], [0.5894283600000001], [0.13508795807176896]]
[1000.0, 1400.0, 0.920557, [5.9486335200000005], [5.1888000000000005], [0.5894283600000001], [0.13471002415559133]]
[1000.0, 1500.0, 0.932073, [6.28027052], [5.1888000000000005], [0.5894283600000001], [0.13891140900588403]]
[1000.0, 700.0, 0.925052, [6.07222908], [5.1888000000000005], [0.5894283600000001], [0.1367397333915786]]
[1000.0, 1900.0, 0.921796, [5.98197708], [5.1888000000000005], [0.5894283600000001], [0.13505020287285763]]
[1000.0, 1800.0, 0.908838, [5.65582972], [5.1888000000000005], [0.5894283600000001], [0.13138888452224565]]
[1000.0, 500.0, 0.919921, [5.931743239999999], [5.1888000000000005], [0.5894283600000001], [0.13484717779768327]]
[1000.0, 1000.0, 0.909228, [5.6649929199999995], [5.1888000000000005], [0.5894283600000001], [0.13177965160069288]]
[1000.0, 200.0, 0.758426, [3.5277491999999997], [5.1888000000000005], [0.5894283600000001], [0.10398246836847067]]
[1000.0, 1100.0, 0.914461, [5.791477279999999], [5.1888000000000005], [0.5894283600000001], [0.13283063736954664]]
[1000.0, 2000.0, 0.915904, [5.82772252], [5.1888000000000005], [0.5894283600000001], [0.13373234050146582]]
[1000.0, 1700.0, 0.924048, [6.043959320000001], [5.1888000000000005], [0.5894283600000001], [0.13589655053753202]]
[1000.0, 800.0, 0.91624, [5.836241719999999], [5.1888000000000005], [0.5894283600000001], [0.13396308882673613]]
[1000.0, 1300.0, 0.927483, [6.142023039999999], [5.1888000000000005], [0.5894283600000001], [0.13747737035599714]]
[1000.0, 400.0, 0.882793, [5.11708508], [5.1888000000000005], [0.5894283600000001], [0.12555610468631145]]
[1000.0, 300.0, 0.816583, [4.1410846800000005], [5.1888000000000005], [0.5894283600000001], [0.1127060455521353]]
[1000.0, 600.0, 0.919894, [5.93100724], [5.1888000000000005], [0.5894283600000001], [0.1347608136514469]]
[1000.0, 1200.0, 0.922223, [5.993624280000001], [5.1888000000000005], [0.5894283600000001], [0.13531314212595907]]
[1000.0, 100.0, 0.714175, [3.14683792], [5.1888000000000005], [0.5894283600000001], [0.09824281934065206]]
[1000.0, 900.0, 0.926544, [6.11474136], [5.1888000000000005], [0.5894283600000001], [0.13662734121690284]]
[1100.0, 1300.0, 0.831292, [3.5684196400000006], [2.96654], [0.424006978], [0.08378326906011725]]
[1100.0, 1800.0, 0.830634, [3.56091796], [2.96654], [0.424006978], [0.08367636445257406]]
[1100.0, 2000.0, 0.820039, [3.4440282799999995], [2.96654], [0.424006978], [0.08242226549664843]]
[1100.0, 700.0, 0.830804, [3.5628775599999996], [2.96654], [0.424006978], [0.08400117924886531]]
[1100.0, 900.0, 0.844749, [3.7284223599999997], [2.96654], [0.424006978], [0.08596679573881999]]
[1100.0, 200.0, 0.648687, [2.1447840400000002], [2.96654], [0.424006978], [0.06490412541587784]]
[1100.0, 1900.0, 0.839896, [3.66918816], [2.96654], [0.424006978], [0.08514595775255569]]
[1100.0, 1500.0, 0.837505, [3.6406608], [2.96654], [0.424006978], [0.08468944056020207]]
[1100.0, 800.0, 0.830213, [3.5561634], [2.96654], [0.424006978], [0.08393623920095539]]
[1100.0, 500.0, 0.811585, [3.3555104800000004], [2.96654], [0.424006978], [0.08140702540690208]]
[1100.0, 1700.0, 0.824758, [3.49522996], [2.96654], [0.424006978], [0.08293811991117232]]
[1100.0, 400.0, 0.758321, [2.8740836799999996], [2.96654], [0.424006978], [0.07521821765503355]]
[1100.0, 600.0, 0.841851, [3.69281836], [2.96654], [0.424006978], [0.08525925466247052]]
[1100.0, 1400.0, 0.828844, [3.54069452], [2.96654], [0.424006978], [0.0837345519221307]]
[1100.0, 100.0, 0.626266, [2.0232134], [2.96654], [0.424006978], [0.06347384636840595]]
[1100.0, 1100.0, 0.822541, [3.47101648], [2.96654], [0.424006978], [0.08285488536471462]]
[1100.0, 1000.0, 0.832322, [3.5802112800000003], [2.96654], [0.424006978], [0.08392145498262049]]
[1100.0, 300.0, 0.701263, [2.4619522], [2.96654], [0.424006978], [0.06977420351963898]]
[1100.0, 1200.0, 0.850769, [3.8044382800000003], [2.96654], [0.424006978], [0.0864198707983297]]
[1100.0, 1600.0, 0.840505, [3.6765398800000004], [2.96654], [0.424006978], [0.08538556131805893]]
[1200.0, 100.0, 0.468408, [0.8880606666666667], [1.08698], [0.199501126], [0.019443994381585054]]
[1200.0, 1400.0, 0.675911, [1.6406172933333334], [1.08698], [0.199501126], [0.026396412382493697]]
[1200.0, 1700.0, 0.678739, [1.65431732], [1.08698], [0.199501126], [0.026682537810335808]]
[1200.0, 1800.0, 0.672537, [1.6244501333333334], [1.08698], [0.199501126], [0.02639724962104112]]
[1200.0, 700.0, 0.67515, [1.6369513999999998], [1.08698], [0.199501126], [0.026395575117389995]]
[1200.0, 200.0, 0.487538, [0.94227136], [1.08698], [0.199501126], [0.020158130989200804]]
[1200.0, 1900.0, 0.671838, [1.6211240266666667], [1.08698], [0.199501126], [0.026378052368504306]]
[1200.0, 1200.0, 0.671953, [1.6216692799999999], [1.08698], [0.199501126], [0.02640440959806188]]
[1200.0, 1100.0, 0.676, [1.6410447866666666], [1.08698], [0.199501126], [0.02643753572984189]]
[1200.0, 1300.0, 0.688927, [1.7047741066666666], [1.08698], [0.199501126], [0.02708038227860817]]
[1200.0, 2000.0, 0.676291, [1.6424499333333331], [1.08698], [0.199501126], [0.02655684287460892]]
[1200.0, 800.0, 0.677686, [1.6491972133333335], [1.08698], [0.199501126], [0.026517303704059605]]
[1200.0, 1600.0, 0.677495, [1.6482723066666667], [1.08698], [0.199501126], [0.026536754613596256]]
[1200.0, 1000.0, 0.670233, [1.6135097999999999], [1.08698], [0.199501126], [0.026229865278596713]]
[1200.0, 1500.0, 0.679303, [1.6570586133333336], [1.08698], [0.199501126], [0.026605904083283637]]
[1200.0, 300.0, 0.520091, [1.0399968266666668], [1.08698], [0.199501126], [0.021058436257234296]]
[1200.0, 600.0, 0.680656, [1.6636721866666668], [1.08698], [0.199501126], [0.026725870682418062]]
[1200.0, 500.0, 0.623847, [1.4096408666666667], [1.08698], [0.199501126], [0.024483117023777836]]
[1200.0, 900.0, 0.681256, [1.6666161866666667], [1.08698], [0.199501126], [0.026731806330453783]]
[1200.0, 400.0, 0.549576, [1.1351919866666669], [1.08698], [0.199501126], [0.022076926730563443]]
[1300.0, 1600.0, 0.56352, [1.1659828533333334], [1.04282], [0.189935978], [0.018093024065153458]]
[1300.0, 1700.0, 0.574588, [1.20454128], [1.04282], [0.189935978], [0.018354147312135083]]
[1300.0, 900.0, 0.576031, [1.2096521866666667], [1.04282], [0.189935978], [0.018372404862849186]]
[1300.0, 200.0, 0.393858, [0.68475048], [1.04282], [0.189935978], [0.013879443331776676]]
[1300.0, 1800.0, 0.569615, [1.1870781466666664], [1.04282], [0.189935978], [0.01830829793169085]]
[1300.0, 1000.0, 0.563179, [1.1648129200000001], [1.04282], [0.189935978], [0.01808140058488587]]
[1300.0, 1400.0, 0.560062, [1.15416024], [1.04282], [0.189935978], [0.018053602366286902]]
[1300.0, 1200.0, 0.576896, [1.212723453333333], [1.04282], [0.189935978], [0.01842755636540016]]
[1300.0, 500.0, 0.496474, [0.95380816], [1.04282], [0.189935978], [0.016386615036533797]]
[1300.0, 100.0, 0.380623, [0.6539163733333333], [1.04282], [0.189935978], [0.01356743380632052]]
[1300.0, 1100.0, 0.572049, [1.1955973466666667], [1.04282], [0.189935978], [0.018260314671744056]]
[1300.0, 2000.0, 0.57781, [1.2159778], [1.04282], [0.189935978], [0.01853917564510353]]
[1300.0, 1300.0, 0.578577, [1.2187141866666666], [1.04282], [0.189935978], [0.01850363746582457]]
[1300.0, 1500.0, 0.574597, [1.2045728666666666], [1.04282], [0.189935978], [0.018390961335516]]
[1300.0, 600.0, 0.558229, [1.147936133333333], [1.04282], [0.189935978], [0.017938692032091474]]
[1300.0, 300.0, 0.415782, [0.7375885333333334], [1.04282], [0.189935978], [0.014393513607022977]]
[1300.0, 1900.0, 0.561509, [1.1590938933333335], [1.04282], [0.189935978], [0.018029592923240884]]
[1300.0, 400.0, 0.449726, [0.8240854], [1.04282], [0.189935978], [0.015198422894790398]]
[1300.0, 700.0, 0.57537, [1.2073067999999998], [1.04282], [0.189935978], [0.01840055965815533]]
[1300.0, 800.0, 0.580463, [1.2254718933333335], [1.04282], [0.189935978], [0.018599807358620084]]
[1400.0, 1100.0, 0.475858, [0.5378712533333333], [0.16951], [0.074564344], [0.010007017804187886]]
[1400.0, 400.0, 0.374832, [0.3560645333333333], [0.16951], [0.074564344], [0.008157956442366898]]
[1400.0, 1500.0, 0.477884, [0.5421011066666666], [0.16951], [0.074564344], [0.010006359933118093]]
[1400.0, 1800.0, 0.472167, [0.5302315733333333], [0.16951], [0.074564344], [0.009963660880084858]]
[1400.0, 1600.0, 0.476472, [0.5391515866666667], [0.16951], [0.074564344], [0.010023896204126971]]
[1400.0, 1400.0, 0.478375, [0.5431311999999999], [0.16951], [0.074564344], [0.010027080895698851]]
[1400.0, 600.0, 0.443508, [0.4736883733333333], [0.16951], [0.074564344], [0.009378587175286288]]
[1400.0, 1700.0, 0.477899, [0.54213392], [0.16951], [0.074564344], [0.010061966531890718]]
[1400.0, 900.0, 0.474269, [0.53457336], [0.16951], [0.074564344], [0.009976786247195148]]
[1400.0, 100.0, 0.318907, [0.27604624533333333], [0.16951], [0.074564344], [0.0071682190293917035]]
[1400.0, 700.0, 0.483078, [0.55306628], [0.16951], [0.074564344], [0.010131391366550906]]
[1400.0, 2000.0, 0.477614, [0.54153776], [0.16951], [0.074564344], [0.010018176227903627]]
[1400.0, 800.0, 0.470064, [0.5259158533333333], [0.16951], [0.074564344], [0.009879079966159691]]
[1400.0, 1300.0, 0.474968, [0.5360214400000001], [0.16951], [0.074564344], [0.009965704158652201]]
[1400.0, 300.0, 0.352975, [0.32326254666666665], [0.16951], [0.074564344], [0.007734083478559909]]
[1400.0, 1200.0, 0.471124, [0.5280879733333333], [0.16951], [0.074564344], [0.009907654423614994]]
[1400.0, 500.0, 0.401834, [0.39953760000000005], [0.16951], [0.074564344], [0.008634739549826234]]
[1400.0, 1000.0, 0.47502, [0.5361306133333335], [0.16951], [0.074564344], [0.009959129252432999]]
[1400.0, 200.0, 0.341938, [0.3074615466666667], [0.16951], [0.074564344], [0.007573772065930335]]
[1400.0, 1900.0, 0.478595, [0.5435936533333333], [0.16951], [0.074564344], [0.010054491206531648]]
[1500.0, 1500.0, 0.402513, [0.40078818666666666], [0.16951], [0.074564344], [0.016966719606990095]]
[1500.0, 1100.0, 0.398136, [0.39349197333333336], [0.16951], [0.074564344], [0.016855349657864973]]
[1500.0, 1800.0, 0.390625, [0.38118329333333334], [0.16951], [0.074564344], [0.016479985334405558]]
[1500.0, 400.0, 0.301333, [0.25347640666666665], [0.16951], [0.074564344], [0.013548882476261853]]
[1500.0, 200.0, 0.259116, [0.203503264], [0.16951], [0.074564344], [0.012161647614986677]]
[1500.0, 500.0, 0.310758, [0.2654739426666667], [0.16951], [0.074564344], [0.013820021032304305]]
[1500.0, 1300.0, 0.370881, [0.3500750266666667], [0.16951], [0.074564344], [0.015830943050452385]]
[1500.0, 600.0, 0.363232, [0.33848823999999994], [0.16951], [0.074564344], [0.015514578543350052]]
[1500.0, 1000.0, 0.400082, [0.39672638666666665], [0.16951], [0.074564344], [0.017025157296711765]]
[1500.0, 2000.0, 0.404985, [0.40495088], [0.16951], [0.074564344], [0.01715831652969875]]
[1500.0, 800.0, 0.404139, [0.40352488], [0.16951], [0.074564344], [0.017175151332343156]]
[1500.0, 1700.0, 0.395393, [0.3889646533333333], [0.16951], [0.074564344], [0.01666142041697259]]
[1500.0, 1200.0, 0.383129, [0.3691644133333334], [0.16951], [0.074564344], [0.016283145238081137]]
[1500.0, 300.0, 0.280082, [0.22757236533333333], [0.16951], [0.074564344], [0.012801946831113879]]
[1500.0, 1400.0, 0.403418, [0.40230802666666665], [0.16951], [0.074564344], [0.017031061270513945]]
[1500.0, 100.0, 0.276207, [0.22301597333333334], [0.16951], [0.074564344], [0.01270751329813281]]
[1500.0, 900.0, 0.386156, [0.37398889333333335], [0.16951], [0.074564344], [0.016495947483481443]]
[1500.0, 700.0, 0.401189, [0.39857344], [0.16951], [0.074564344], [0.01701069799861252]]
[1500.0, 1900.0, 0.396121, [0.39016556], [0.16951], [0.074564344], [0.016868322585380104]]
[1500.0, 1600.0, 0.40297, [0.40155822666666663], [0.16951], [0.074564344], [0.017153717368417715]]
[1600.0, 1500.0, 0.333925, [0.30887282666666666], [0.19789199999999998], [0.073314892], [0.0122283886101154]]
[1600.0, 100.0, 0.233625, [0.18521016799999998], [0.19789199999999998], [0.073314892], [0.009402622045649464]]
[1600.0, 1300.0, 0.354457, [0.3386541466666667], [0.19789199999999998], [0.073314892], [0.012809074241854223]]
[1600.0, 900.0, 0.32901, [0.301990644], [0.19789199999999998], [0.073314892], [0.012099000803555825]]
[1600.0, 300.0, 0.237522, [0.189410888], [0.19789199999999998], [0.073314892], [0.009566695103325912]]
[1600.0, 500.0, 0.262461, [0.21737131333333334], [0.19789199999999998], [0.073314892], [0.010269831243880192]]
[1600.0, 1000.0, 0.329416, [0.30255583066666664], [0.19789199999999998], [0.073314892], [0.012092563121375239]]
[1600.0, 1200.0, 0.333014, [0.3075903466666666], [0.19789199999999998], [0.073314892], [0.01215856954305618]]
[1600.0, 1800.0, 0.34226, [0.3207592266666667], [0.19789199999999998], [0.073314892], [0.012382769383300329]]
[1600.0, 1100.0, 0.34426, [0.32365232], [0.19789199999999998], [0.073314892], [0.012503774420372257]]
[1600.0, 1900.0, 0.329799, [0.303087744], [0.19789199999999998], [0.073314892], [0.012046657509681081]]
[1600.0, 1700.0, 0.329181, [0.30222874], [0.19789199999999998], [0.073314892], [0.012137799258697783]]
[1600.0, 800.0, 0.340373, [0.31804308000000003], [0.19789199999999998], [0.073314892], [0.012333178680111448]]
[1600.0, 200.0, 0.236868, [0.18870224266666666], [0.19789199999999998], [0.073314892], [0.009518768834489282]]
[1600.0, 1600.0, 0.33864, [0.3155639866666667], [0.19789199999999998], [0.073314892], [0.012386972382305532]]
[1600.0, 2000.0, 0.325373, [0.2969563733333333], [0.19789199999999998], [0.073314892], [0.011916448740198475]]
[1600.0, 1400.0, 0.338127, [0.3148307466666666], [0.19789199999999998], [0.073314892], [0.0123297201121698]]
[1600.0, 700.0, 0.317499, [0.2862303693333333], [0.19789199999999998], [0.073314892], [0.011783915568830816]]
[1600.0, 400.0, 0.248689, [0.2016961386666667], [0.19789199999999998], [0.073314892], [0.009841764232087661]]
[1600.0, 600.0, 0.290528, [0.25119315066666664], [0.19789199999999998], [0.073314892], [0.01101555033375798]]
[1700.0, 900.0, 0.27002, [0.226213648], [0.19789199999999998], [0.073314892], [0.008495631449424135]]
[1700.0, 1500.0, 0.262033, [0.2168624306666667], [0.19789199999999998], [0.073314892], [0.008304091667231148]]
[1700.0, 1800.0, 0.255928, [0.20984976133333336], [0.19789199999999998], [0.073314892], [0.00819325701401938]]
[1700.0, 700.0, 0.236786, [0.188604508], [0.19789199999999998], [0.073314892], [0.007804510620574916]]
[1700.0, 500.0, 0.215242, [0.1659771693333333], [0.19789199999999998], [0.073314892], [0.007313827698878945]]
[1700.0, 300.0, 0.173865, [0.126066128], [0.19789199999999998], [0.073314892], [0.0063673002895872416]]
[1700.0, 800.0, 0.259908, [0.21440808533333333], [0.19789199999999998], [0.073314892], [0.008289494975637001]]
[1700.0, 1300.0, 0.259121, [0.21350369466666666], [0.19789199999999998], [0.073314892], [0.008310619704664362]]
[1700.0, 400.0, 0.181858, [0.13343005333333333], [0.19789199999999998], [0.073314892], [0.006526277368028764]]
[1700.0, 1000.0, 0.25826, [0.21251493999999999], [0.19789199999999998], [0.073314892], [0.008247178405033109]]
[1700.0, 2000.0, 0.262086, [0.21692361066666666], [0.19789199999999998], [0.073314892], [0.008374243533332163]]
[1700.0, 1600.0, 0.258594, [0.21289861066666668], [0.19789199999999998], [0.073314892], [0.0082434669599629]]
[1700.0, 1400.0, 0.251588, [0.20493552], [0.19789199999999998], [0.073314892], [0.008119840755964504]]
[1700.0, 1200.0, 0.263905, [0.21903639066666666], [0.19789199999999998], [0.073314892], [0.008344622023262114]]
[1700.0, 100.0, 0.16231, [0.115699476], [0.19789199999999998], [0.073314892], [0.006081029111735758]]
[1700.0, 1700.0, 0.261947, [0.21676322400000003], [0.19789199999999998], [0.073314892], [0.008368050594705767]]
[1700.0, 1900.0, 0.245908, [0.198590924], [0.19789199999999998], [0.073314892], [0.008014476795843327]]
[1700.0, 1100.0, 0.273218, [0.23001560933333334], [0.19789199999999998], [0.073314892], [0.008620198716967028]]
[1700.0, 600.0, 0.205598, [0.15626936], [0.19789199999999998], [0.073314892], [0.007117874047151376]]
[1700.0, 200.0, 0.167221, [0.12006570400000001], [0.19789199999999998], [0.073314892], [0.006208449814746208]]
[1800.0, 600.0, 0.150207, [0.073349944], [0.075118], [0.0390613692], [0.003972121826485745]]
[1800.0, 1800.0, 0.186515, [0.09883974], [0.075118], [0.0390613692], [0.004588519406809419]]
[1800.0, 400.0, 0.129484, [0.060330563999999996], [0.075118], [0.0390613692], [0.003586278846442987]]
[1800.0, 1300.0, 0.18454, [0.09736096266666666], [0.075118], [0.0390613692], [0.004594748913947554]]
[1800.0, 1200.0, 0.188033, [0.09998425066666666], [0.075118], [0.0390613692], [0.0046217729161966495]]
[1800.0, 1700.0, 0.187656, [0.09969908133333334], [0.075118], [0.0390613692], [0.004643448804498657]]
[1800.0, 500.0, 0.134021, [0.063090472], [0.075118], [0.0390613692], [0.00365473208502803]]
[1800.0, 1600.0, 0.191061, [0.14210559200000003], [0.19789199999999998], [0.073314892], [0.005510618249646162]]
[1800.0, 1000.0, 0.188479, [0.10032103199999999], [0.075118], [0.0390613692], [0.004612765176960319]]
[1800.0, 700.0, 0.16065, [0.11423477466666668], [0.19789199999999998], [0.073314892], [0.0049951378136922076]]
[1800.0, 200.0, 0.134803, [0.06357098800000001], [0.075118], [0.0390613692], [0.003701245616155609]]
[1800.0, 800.0, 0.175503, [0.09073312933333334], [0.075118], [0.0390613692], [0.004385751495214677]]
[1800.0, 2000.0, 0.188376, [0.10024359866666668], [0.075118], [0.0390613692], [0.004673881706295576]]
[1800.0, 1100.0, 0.192339, [0.10326503199999999], [0.075118], [0.0390613692], [0.004728180460929036]]
[1800.0, 900.0, 0.187518, [0.13873836133333334], [0.19789199999999998], [0.073314892], [0.005479835582286104]]
[1800.0, 1500.0, 0.193119, [0.10386502533333333], [0.075118], [0.0390613692], [0.004730922524084377]]
[1800.0, 1400.0, 0.19023, [0.10165107599999999], [0.075118], [0.0390613692], [0.004659170024323598]]
[1800.0, 1900.0, 0.19076, [0.10205575333333333], [0.075118], [0.0390613692], [0.004687576302430832]]
[1800.0, 100.0, 0.125171, [0.05775247866666667], [0.075118], [0.0390613692], [0.003561169885179744]]
[1800.0, 300.0, 0.130523, [0.06095797333333333], [0.075118], [0.0390613692], [0.0036171902072680054]]
[1900.0, 300.0, 0.114346, [0.051474736], [0.075118], [0.0390613692], [0.002731995727668695]]
[1900.0, 1600.0, 0.161922, [0.08118812933333334], [0.075118], [0.0390613692], [0.003418636042504541]]
[1900.0, 600.0, 0.128453, [0.059708981333333334], [0.075118], [0.0390613692], [0.0029416508266240193]]
[1900.0, 1500.0, 0.167704, [0.085190528], [0.075118], [0.0390613692], [0.0035072384856971953]]
[1900.0, 500.0, 0.116733, [0.052835324], [0.075118], [0.0390613692], [0.002754231705575985]]
[1900.0, 1700.0, 0.172604, [0.08865205866666666], [0.075118], [0.0390613692], [0.0035489231042669833]]
[1900.0, 1800.0, 0.165605, [0.08372723733333334], [0.075118], [0.0390613692], [0.0034795857352404595]]
[1900.0, 800.0, 0.151425, [0.07414687866666667], [0.075118], [0.0390613692], [0.003239121573650623]]
[1900.0, 1300.0, 0.163288, [0.08212576266666666], [0.075118], [0.0390613692], [0.003455055614281451]]
[1900.0, 1000.0, 0.175828, [0.09096512266666666], [0.075118], [0.0390613692], [0.0036473691072394145]]
[1900.0, 1900.0, 0.171781, [0.08806632533333333], [0.075118], [0.0390613692], [0.0035454168223841387]]
[1900.0, 1200.0, 0.164775, [0.08315168533333334], [0.075118], [0.0390613692], [0.003449713765903871]]
[1900.0, 100.0, 0.104446, [0.04597052933333333], [0.075118], [0.0390613692], [0.0025860438322314306]]
[1900.0, 2000.0, 0.164119, [0.08269867733333335], [0.075118], [0.0390613692], [0.0034487731151816876]]
[1900.0, 1100.0, 0.171757, [0.088049428], [0.075118], [0.0390613692], [0.003582680501151803]]
[1900.0, 900.0, 0.162497, [0.08158222666666666], [0.075118], [0.0390613692], [0.003420104726141844]]
[1900.0, 200.0, 0.105359, [0.046468924], [0.075118], [0.0390613692], [0.0025776328475733096]]
[1900.0, 400.0, 0.117698, [0.053389071999999996], [0.075118], [0.0390613692], [0.0027755647638313583]]
[1900.0, 700.0, 0.140025, [0.06681871066666667], [0.075118], [0.0390613692], [0.003101981462800117]]
[1900.0, 1400.0, 0.171773, [0.08806016133333333], [0.075118], [0.0390613692], [0.003565452057360095]]
[2000.0, 1500.0, 0.120319, [0.05490342266666667], [0.075118], [0.0390613692], [0.0022936231243263234]]
[2000.0, 1200.0, 0.11918, [0.05424307733333333], [0.075118], [0.0390613692], [0.002273987821329647]]
[2000.0, 1300.0, 0.134546, [0.06341066266666666], [0.075118], [0.0390613692], [0.0024795533285923363]]
[2000.0, 300.0, 0.079984, [0.033294708], [0.075118], [0.0390613692], [0.001797744240862853]]
[2000.0, 900.0, 0.121333, [0.055493817333333334], [0.075118], [0.0390613692], [0.002304255662898542]]
[2000.0, 1900.0, 0.127351, [0.05904814533333333], [0.075118], [0.0390613692], [0.002384932096307985]]
[2000.0, 1600.0, 0.130405, [0.06088480266666666], [0.075118], [0.0390613692], [0.0024123439743673927]]
[2000.0, 500.0, 0.097878, [0.042439538666666665], [0.075118], [0.0390613692], [0.0020301588115218968]]
[2000.0, 600.0, 0.092892, [0.03982281333333334], [0.075118], [0.0390613692], [0.0019548242901430636]]
[2000.0, 200.0, 0.07705, [0.03185953866666666], [0.075118], [0.0390613692], [0.0017511582346169253]]
[2000.0, 1800.0, 0.122456, [0.05615075866666667], [0.075118], [0.0390613692], [0.0023175895849879124]]
[2000.0, 2000.0, 0.125452, [0.057917128], [0.075118], [0.0390613692], [0.0023743707017509575]]
[2000.0, 400.0, 0.080573, [0.033584784], [0.075118], [0.0390613692], [0.0017977520877164596]]
[2000.0, 1100.0, 0.120284, [0.054883244000000005], [0.075118], [0.0390613692], [0.002327568282612182]]
[2000.0, 100.0, 0.075822, [0.031263808000000004], [0.075118], [0.0390613692], [0.0017236300871513394]]
[2000.0, 1400.0, 0.127976, [0.059421695999999996], [0.075118], [0.0390613692], [0.002384510522890972]]
[2000.0, 1700.0, 0.122747, [0.056321265333333335], [0.075118], [0.0390613692], [0.002332588190353749]]
[2000.0, 700.0, 0.097361, [0.042165685333333335], [0.075118], [0.0390613692], [0.0020263536920620087]]
[2000.0, 1000.0, 0.125594, [0.05800146133333333], [0.075118], [0.0390613692], [0.002352269870004999]]
[2000.0, 800.0, 0.114899, [0.05178818], [0.075118], [0.0390613692], [0.0022244926540674393]]
[2100.0, 200.0, 0.050694, [0.019738293333333334], [0.075118], [0.0390613692], [0.0011302112526229578]]
[2100.0, 100.0, 0.053571, [0.0209957248], [0.075118], [0.0390613692], [0.0011592949167489692]]
[2100.0, 400.0, 0.053525, [0.020975656533333335], [0.075118], [0.0390613692], [0.001158187070669789]]
[2100.0, 1400.0, 0.081903, [0.034242890666666664], [0.075118], [0.0390613692], [0.00147769012719176]]
[2100.0, 500.0, 0.055017, [0.02163377853333333], [0.075118], [0.0390613692], [0.0011784669725254642]]
[2100.0, 800.0, 0.063137, [0.025290895066666666], [0.075118], [0.0390613692], [0.0012645447504053694]]
[2100.0, 300.0, 0.049679, [0.01929846893333333], [0.075118], [0.0390613692], [0.0011105022039099646]]
[2100.0, 600.0, 0.06098, [0.0243070348], [0.075118], [0.0390613692], [0.0012585706107414959]]
[2100.0, 700.0, 0.069658, [0.02832120026666667], [0.075118], [0.0390613692], [0.0013455812074259128]]
[2100.0, 1000.0, 0.085779, [0.036181668], [0.075118], [0.0390613692], [0.0015208286104036255]]
[2100.0, 1700.0, 0.086966, [0.036781876], [0.075118], [0.0390613692], [0.001548796918614933]]
[2100.0, 1800.0, 0.086073, [0.036329818666666666], [0.075118], [0.0390613692], [0.0015085135635968128]]
[2100.0, 1900.0, 0.085753, [0.036168512], [0.075118], [0.0390613692], [0.0015243209005980334]]
[2100.0, 900.0, 0.076513, [0.03159832], [0.075118], [0.0390613692], [0.0014231163962702888]]
[2100.0, 2000.0, 0.083799, [0.03518724], [0.075118], [0.0390613692], [0.0015142177122197454]]
[2100.0, 1200.0, 0.085126, [0.035853013333333336], [0.075118], [0.0390613692], [0.0015177788121681851]]
[2100.0, 1500.0, 0.084199, [0.03538764666666667], [0.075118], [0.0390613692], [0.0015075641008667666]]
[2100.0, 1100.0, 0.087117, [0.03685817466666666], [0.075118], [0.0390613692], [0.001547897987451226]]
[2100.0, 1300.0, 0.082892, [0.03473435466666666], [0.075118], [0.0390613692], [0.0014905946512121337]]
[2100.0, 1600.0, 0.0835, [0.03503758666666667], [0.075118], [0.0390613692], [0.001492651605104896]]
[2200.0, 1700.0, 0.058412, [0.023147203066666667], [0.075118], [0.0390613692], [0.0009988755215518876]]
[2200.0, 1100.0, 0.05513, [0.021683838800000004], [0.075118], [0.0390613692], [0.000968762426925313]]
[2200.0, 200.0, 0.03515, [0.013209586933333335], [0.075118], [0.0390613692], [0.0007539109200547355]]
[2200.0, 1800.0, 0.055368, [0.021789151200000002], [0.075118], [0.0390613692], [0.0009638952393053695]]
[2200.0, 900.0, 0.049426, [0.019188970533333332], [0.075118], [0.0390613692], [0.000908624042727366]]
[2200.0, 1000.0, 0.052186, [0.020388267200000004], [0.075118], [0.0390613692], [0.0009286600895675207]]
[2200.0, 1300.0, 0.054475, [0.0213940756], [0.075118], [0.0390613692], [0.0009539146044239669]]
[2200.0, 1900.0, 0.05352, [0.02097324], [0.075118], [0.0390613692], [0.000947474347656266]]
[2200.0, 1400.0, 0.053333, [0.020891317066666668], [0.075118], [0.0390613692], [0.0009515734234764371]]
[2200.0, 1600.0, 0.059006, [0.023414377200000003], [0.075118], [0.0390613692], [0.0009947814786284584]]
[2200.0, 800.0, 0.046537, [0.017948663333333333], [0.075118], [0.0390613692], [0.0008758051557027713]]
[2200.0, 400.0, 0.033935, [0.012717754933333334], [0.075118], [0.0390613692], [0.0007306158759719242]]
[2200.0, 600.0, 0.034549, [0.012966219333333334], [0.075118], [0.0390613692], [0.0007436637580699134]]
[2200.0, 2000.0, 0.056287, [0.022197447199999998], [0.075118], [0.0390613692], [0.0009762423988607201]]
[2200.0, 500.0, 0.035776, [0.013464187733333334], [0.075118], [0.0390613692], [0.0007574197961207216]]
[2200.0, 700.0, 0.041933, [0.016004151333333334], [0.075118], [0.0390613692], [0.0008264508495703514]]
[2200.0, 300.0, 0.031343, [0.011677425066666667], [0.075118], [0.0390613692], [0.0007093530126342831]]
[2200.0, 1200.0, 0.051387, [0.02003975586666667], [0.075118], [0.0390613692], [0.000924365011598052]]
[2200.0, 1500.0, 0.050796, [0.01978277226666667], [0.075118], [0.0390613692], [0.0009164192404983407]]
[2200.0, 100.0, 0.032499, [0.012140139066666666], [0.075118], [0.0390613692], [0.0007203846739069342]]
[2300.0, 700.0, 0.023357, [0.008545266666666667], [0.075118], [0.0390613692], [0.0004925409411070989]]
[2300.0, 100.0, 0.020621, [0.007497724000000001], [0.075118], [0.0390613692], [0.00046409742233955814]]
[2300.0, 1800.0, 0.034388, [0.012900788933333332], [0.075118], [0.0390613692], [0.0006074743117751289]]
[2300.0, 1000.0, 0.0321, [0.011980129599999998], [0.075118], [0.0390613692], [0.0005818066389751456]]
[2300.0, 1500.0, 0.038427, [0.014549392133333332], [0.075118], [0.0390613692], [0.0006461611483901589]]
[2300.0, 1200.0, 0.036316, [0.013684359066666665], [0.075118], [0.0390613692], [0.0006226599148813098]]
[2300.0, 500.0, 0.020462, [0.007437037733333333], [0.075118], [0.0390613692], [0.0004621150221415539]]
[2300.0, 1900.0, 0.032487, [0.012135128133333332], [0.075118], [0.0390613692], [0.0005858895358910813]]
[2300.0, 1300.0, 0.036798, [0.013880910933333334], [0.075118], [0.0390613692], [0.0006239005020389425]]
[2300.0, 1600.0, 0.033613, [0.012588004266666668], [0.075118], [0.0390613692], [0.0005947274042225844]]
[2300.0, 1700.0, 0.032728, [0.012231691333333333], [0.075118], [0.0390613692], [0.0005919330809024501]]
[2300.0, 1400.0, 0.035457, [0.013334360400000002], [0.075118], [0.0390613692], [0.0006183660916389975]]
[2300.0, 1100.0, 0.032563, [0.012165485066666665], [0.075118], [0.0390613692], [0.0005922065241863592]]
[2300.0, 900.0, 0.028884, [0.010701047466666667], [0.075118], [0.0390613692], [0.0005518644537283488]]
[2300.0, 2000.0, 0.035125, [0.013199742933333333], [0.075118], [0.0390613692], [0.0006127826961583618]]
[2300.0, 300.0, 0.019804, [0.0071870308], [0.075118], [0.0390613692], [0.00045364148017276084]]
[2300.0, 200.0, 0.020866, [0.007591045733333334], [0.075118], [0.0390613692], [0.00046369683390958986]]
[2300.0, 400.0, 0.020395, [0.007411737733333334], [0.075118], [0.0390613692], [0.0004587749732591011]]
[2300.0, 800.0, 0.026616, [0.009810278933333333], [0.075118], [0.0390613692], [0.0005274039032426244]]
[2300.0, 600.0, 0.023547, [0.008618446533333334], [0.075118], [0.0390613692], [0.0005000928527117072]]
[2400.0, 1200.0, 0.023685, [0.008671794266666666], [0.075118], [0.0390613692], [0.0004021447816672774]]
[2400.0, 1500.0, 0.020822, [0.007574298666666667], [0.075118], [0.0390613692], [0.00037966534714432685]]
[2400.0, 1100.0, 0.019645, [0.0071268536], [0.075118], [0.0390613692], [0.0003627473915060513]]
[2400.0, 1600.0, 0.021233, [0.007731045199999999], [0.075118], [0.0390613692], [0.0003827438347279055]]
[2400.0, 400.0, 0.011927, [0.0042517156], [0.075118], [0.0390613692], [0.00028407976911032893]]
[2400.0, 1300.0, 0.021629, [0.007882167466666668], [0.075118], [0.0390613692], [0.0003846103741595007]]
[2400.0, 200.0, 0.01255, [0.0044801884000000005], [0.075118], [0.0390613692], [0.00029225539278742715]]
[2400.0, 1700.0, 0.020654, [0.007510174666666667], [0.075118], [0.0390613692], [0.0003788382310872721]]
[2400.0, 2000.0, 0.021543, [0.0078493296], [0.075118], [0.0390613692], [0.000385773502690086]]
[2400.0, 600.0, 0.014374, [0.0051527452], [0.075118], [0.0390613692], [0.0003112887217145309]]
[2400.0, 1900.0, 0.020705, [0.007529589733333334], [0.075118], [0.0390613692], [0.00037414828931855347]]
[2400.0, 700.0, 0.01568, [0.005637600533333333], [0.075118], [0.0390613692], [0.00032823377279006494]]
[2400.0, 100.0, 0.011758, [0.004189784266666666], [0.075118], [0.0390613692], [0.0002799418218924147]]
[2400.0, 1800.0, 0.021083, [0.007673781333333334], [0.075118], [0.0390613692], [0.00037944408342263614]]
[2400.0, 500.0, 0.013717, [0.004909834533333333], [0.075118], [0.0390613692], [0.0003056729285872583]]
[2400.0, 900.0, 0.017343, [0.006259020666666667], [0.075118], [0.0390613692], [0.00034402683487064076]]
[2400.0, 1400.0, 0.020027, [0.007271876266666666], [0.075118], [0.0390613692], [0.0003691735565346527]]
[2400.0, 800.0, 0.016445, [0.005922947733333334], [0.075118], [0.0390613692], [0.00033585950766487]]
[2400.0, 300.0, 0.01275, [0.004553536933333334], [0.075118], [0.0390613692], [0.0002927124899586244]]
[2400.0, 1000.0, 0.020015, [0.007267230266666667], [0.075118], [0.0390613692], [0.0003698922516986084]]
[2500.0, 400.0, 0.008154, [0.0028821523866666664], [0.075118], [0.0390613692], [0.0001896316920067248]]
[2500.0, 1300.0, 0.014224, [0.005097167999999999], [0.075118], [0.0390613692], [0.0002511194635582391]]
[2500.0, 500.0, 0.007829, [0.0027649456133333333], [0.075118], [0.0390613692], [0.00018515445391468295]]
[2500.0, 900.0, 0.01111, [0.0039531296], [0.075118], [0.0390613692], [0.00022098658320259074]]
[2500.0, 1400.0, 0.012275, [0.004379242933333333], [0.075118], [0.0390613692], [0.00023542959983825315]]
[2500.0, 200.0, 0.008045, [0.0028427975466666666], [0.075118], [0.0390613692], [0.00018826885834418347]]
[2500.0, 1900.0, 0.012903, [0.004610080133333333], [0.075118], [0.0390613692], [0.00023999116935605959]]
[2500.0, 1000.0, 0.010095, [0.0035837066666666666], [0.075118], [0.0390613692], [0.00020936241364888993]]
[2500.0, 1800.0, 0.012894, [0.0046066332], [0.075118], [0.0390613692], [0.00024013738889782794]]
[2500.0, 1700.0, 0.012472, [0.004451416933333334], [0.075118], [0.0390613692], [0.00023428510456753804]]
[2500.0, 800.0, 0.010177, [0.003613680266666667], [0.075118], [0.0390613692], [0.00021330887734821437]]
[2500.0, 700.0, 0.009536, [0.0033811318666666667], [0.075118], [0.0390613692], [0.00020426157143340606]]
[2500.0, 1600.0, 0.013991, [0.005011151066666666], [0.075118], [0.0390613692], [0.0002493140589698062]]
[2500.0, 1100.0, 0.012148, [0.0043327768], [0.075118], [0.0390613692], [0.00023093773548537084]]
[2500.0, 600.0, 0.008534, [0.0030190174133333334], [0.075118], [0.0390613692], [0.0001928779506319994]]
[2500.0, 300.0, 0.008067, [0.0028505427199999995], [0.075118], [0.0390613692], [0.0001875519530512368]]
[2500.0, 2000.0, 0.013668, [0.004891707466666666], [0.075118], [0.0390613692], [0.00024738425739906914]]
[2500.0, 1200.0, 0.013703, [0.004904480133333333], [0.075118], [0.0390613692], [0.00024677116247874494]]
[2500.0, 100.0, 0.00743, [0.002621792386666667], [0.075118], [0.0390613692], [0.00018006543822856303]]
[2500.0, 1500.0, 0.013022, [0.004653605333333333], [0.075118], [0.0390613692], [0.00023967291967735252]]
[2600.0, 800.0, 0.006138, [0.002159418173333333], [0.075118], [0.0390613692], [0.0001329029790820691]]
[2600.0, 2000.0, 0.008854, [0.0031343602666666667], [0.075118], [0.0390613692], [0.00015953470856072528]]
[2600.0, 900.0, 0.005894, [0.0020723913866666664], [0.075118], [0.0390613692], [0.00013159698780747226]]
[2600.0, 1000.0, 0.006397, [0.00225186744], [0.075118], [0.0390613692], [0.00013579271333748197]]
[2600.0, 200.0, 0.005084, [0.00178457736], [0.075118], [0.0390613692], [0.00012059055949783133]]
[2600.0, 1100.0, 0.007618, [0.0026891876], [0.075118], [0.0390613692], [0.00014714581224833486]]
[2600.0, 1500.0, 0.008298, [0.00293395176], [0.075118], [0.0390613692], [0.0001542050699843844]]
[2600.0, 700.0, 0.005471, [0.001921999293333333], [0.075118], [0.0390613692], [0.00012511150624764915]]
[2600.0, 1800.0, 0.008861, [0.0031370650666666666], [0.075118], [0.0390613692], [0.00016092807790369515]]
[2600.0, 1600.0, 0.008608, [0.0030454195733333332], [0.075118], [0.0390613692], [0.00015705555421923517]]
[2600.0, 1400.0, 0.008012, [0.002830768546666667], [0.075118], [0.0390613692], [0.00015262479897520657]]
[2600.0, 1300.0, 0.007665, [0.0027061754], [0.075118], [0.0390613692], [0.00014919628020385316]]
[2600.0, 600.0, 0.005317, [0.0018672859733333332], [0.075118], [0.0390613692], [0.0001228584134685126]]
[2600.0, 1700.0, 0.008671, [0.0030681969333333334], [0.075118], [0.0390613692], [0.00015760271024178345]]
[2600.0, 400.0, 0.004577, [0.0016046124799999999], [0.075118], [0.0390613692], [0.00011432391844618032]]
[2600.0, 300.0, 0.004225, [0.0014802082400000001], [0.075118], [0.0390613692], [0.000109420153577341]]
[2600.0, 1900.0, 0.00835, [0.0029525685733333335], [0.075118], [0.0390613692], [0.0001543332410654872]]
[2600.0, 1200.0, 0.008169, [0.00288731052], [0.075118], [0.0390613692], [0.00015389418228842254]]
[2600.0, 100.0, 0.004941, [0.0017335728666666667], [0.075118], [0.0390613692], [0.00011878245534496154]]
[2600.0, 500.0, 0.004843, [0.0016989949733333335], [0.075118], [0.0390613692], [0.00011724179906880007]]
[2700.0, 1400.0, 0.004849, [0.0017008929333333334], [0.075118], [0.0390613692], [9.538134971669136e-05]]
[2700.0, 1000.0, 0.004312, [0.0015107031733333335], [0.075118], [0.0390613692], [8.948633172849484e-05]]
[2700.0, 800.0, 0.003507, [0.0012264244], [0.075118], [0.0390613692], [8.051870741359151e-05]]
[2700.0, 900.0, 0.004118, [0.0014421150266666666], [0.075118], [0.0390613692], [8.744106216697559e-05]]
[2700.0, 600.0, 0.002709, [0.0009456431599999999], [0.075118], [0.0390613692], [7.048408947651471e-05]]
[2700.0, 1100.0, 0.004689, [0.0016443849999999997], [0.075118], [0.0390613692], [9.385000120996861e-05]]
[2700.0, 1300.0, 0.004853, [0.0017023155600000002], [0.075118], [0.0390613692], [9.561158002390018e-05]]
[2700.0, 400.0, 0.002964, [0.00103540112], [0.075118], [0.0390613692], [7.472364875697355e-05]]
[2700.0, 1700.0, 0.005742, [0.0020184925733333333], [0.075118], [0.0390613692], [0.00010395764795766057]]
[2700.0, 100.0, 0.002629, [0.0009176800666666668], [0.075118], [0.0390613692], [6.97699219753358e-05]]
[2700.0, 2000.0, 0.004982, [0.0017483039066666668], [0.075118], [0.0390613692], [9.609547655905095e-05]]
[2700.0, 1200.0, 0.00462, [0.0016200393466666667], [0.075118], [0.0390613692], [9.306883174176938e-05]]
[2700.0, 700.0, 0.003288, [0.0011494774399999999], [0.075118], [0.0390613692], [7.83937117092663e-05]]
[2700.0, 300.0, 0.002965, [0.0010357353866666667], [0.075118], [0.0390613692], [7.43614752827176e-05]]
[2700.0, 1800.0, 0.005038, [0.0017682571733333332], [0.075118], [0.0390613692], [9.704573144199137e-05]]
[2700.0, 200.0, 0.002854, [0.0009968028266666667], [0.075118], [0.0390613692], [7.250674032115911e-05]]
[2700.0, 1500.0, 0.005009, [0.0017580043866666666], [0.075118], [0.0390613692], [9.633804354805358e-05]]
[2700.0, 500.0, 0.003237, [0.0011315914133333334], [0.075118], [0.0390613692], [7.699504129487819e-05]]
[2700.0, 1900.0, 0.00523, [0.0018362175733333333], [0.075118], [0.0390613692], [9.958288786511241e-05]]
[2700.0, 1600.0, 0.004643, [0.0016280139066666669], [0.075118], [0.0390613692], [9.29156529236179e-05]]
[2800.0, 1500.0, 0.003011, [0.0010517167066666664], [0.075118], [0.0390613692], [6.041955196420738e-05]]
[2800.0, 200.0, 0.001754, [0.0006111029466666667], [0.075118], [0.0390613692], [4.606363021348236e-05]]
[2800.0, 400.0, 0.001646, [0.0005733912266666668], [0.075118], [0.0390613692], [4.4238088365369295e-05]]
[2800.0, 900.0, 0.002208, [0.0007700657599999999], [0.075118], [0.0390613692], [5.191782436804447e-05]]
[2800.0, 600.0, 0.002002, [0.0006978445333333333], [0.075118], [0.0390613692], [4.897908308202141e-05]]
[2800.0, 1200.0, 0.002938, [0.0010260508533333334], [0.075118], [0.0390613692], [5.923906281800511e-05]]
[2800.0, 1000.0, 0.002473, [0.00086278244], [0.075118], [0.0390613692], [5.5121155914343214e-05]]
[2800.0, 1400.0, 0.003008, [0.0010507264800000001], [0.075118], [0.0390613692], [6.026329287016729e-05]]
[2800.0, 800.0, 0.002144, [0.0007476551733333333], [0.075118], [0.0390613692], [5.0637603804989734e-05]]
[2800.0, 100.0, 0.001659, [0.0005778878800000001], [0.075118], [0.0390613692], [4.445290683658631e-05]]
[2800.0, 1100.0, 0.002552, [0.0008906526133333334], [0.075118], [0.0390613692], [5.544961598504438e-05]]
[2800.0, 1300.0, 0.002855, [0.0009969451200000001], [0.075118], [0.0390613692], [5.8847815161935566e-05]]
[2800.0, 2000.0, 0.003032, [0.0010593824533333333], [0.075118], [0.0390613692], [6.046215455417821e-05]]
[2800.0, 500.0, 0.001854, [0.00064617212], [0.075118], [0.0390613692], [4.7252775899646596e-05]]
[2800.0, 1900.0, 0.002969, [0.00103726412], [0.075118], [0.0390613692], [5.9786914123781675e-05]]
[2800.0, 1800.0, 0.003192, [0.0011155088933333334], [0.075118], [0.0390613692], [6.216488856795826e-05]]
[2800.0, 300.0, 0.001767, [0.0006153975066666667], [0.075118], [0.0390613692], [4.59969741227012e-05]]
[2800.0, 700.0, 0.002003, [0.0006980138133333333], [0.075118], [0.0390613692], [4.923408936454045e-05]]
[2800.0, 1600.0, 0.002845, [0.0009934889866666666], [0.075118], [0.0390613692], [5.8541895577251153e-05]]
[2800.0, 1700.0, 0.00313, [0.0010936128933333334], [0.075118], [0.0390613692], [6.123056757317651e-05]]
[2900.0, 1300.0, 0.001874, [0.0006529988266666667], [0.075118], [0.0390613692], [3.801907343543355e-05]]
[2900.0, 900.0, 0.001373, [0.00047780383999999996], [0.075118], [0.0390613692], [3.289337030128986e-05]]
[2900.0, 1600.0, 0.001882, [0.000655707], [0.075118], [0.0390613692], [3.8306815894824774e-05]]
[2900.0, 2000.0, 0.001979, [0.0006897715333333333], [0.075118], [0.0390613692], [3.94316216703746e-05]]
[2900.0, 1200.0, 0.001811, [0.0006307891066666667], [0.075118], [0.0390613692], [3.7696855772214105e-05]]
[2900.0, 1700.0, 0.002048, [0.0007140132266666667], [0.075118], [0.0390613692], [3.9914548681457546e-05]]
[2900.0, 1100.0, 0.001549, [0.00053919452], [0.075118], [0.0390613692], [3.495078533531908e-05]]
[2900.0, 800.0, 0.001469, [0.0005113945733333334], [0.075118], [0.0390613692], [3.386792845418476e-05]]
[2900.0, 600.0, 0.001251, [0.0004353213066666667], [0.075118], [0.0390613692], [3.117400538197739e-05]]
[2900.0, 100.0, 0.001085, [0.0003773861466666667], [0.075118], [0.0390613692], [2.9115970826258836e-05]]
[2900.0, 400.0, 0.00118, [0.00041050676], [0.075118], [0.0390613692], [3.0682716466730543e-05]]
[2900.0, 1000.0, 0.00163, [0.0005675826533333332], [0.075118], [0.0390613692], [3.561329651813897e-05]]
[2900.0, 1400.0, 0.001846, [0.00064332748], [0.075118], [0.0390613692], [3.8107427144266185e-05]]
[2900.0, 200.0, 0.00118, [0.00041069260000000003], [0.075118], [0.0390613692], [3.0359262751991272e-05]]
[2900.0, 500.0, 0.001095, [0.0003809689333333333], [0.075118], [0.0390613692], [2.8964537603382827e-05]]
[2900.0, 1500.0, 0.001698, [0.0005915170666666667], [0.075118], [0.0390613692], [3.6268231240761286e-05]]
[2900.0, 1800.0, 0.001987, [0.0006927201333333333], [0.075118], [0.0390613692], [3.928056451280257e-05]]
[2900.0, 300.0, 0.001238, [0.00043077282666666665], [0.075118], [0.0390613692], [3.116963077527012e-05]]
[2900.0, 700.0, 0.001178, [0.0004097931466666667], [0.075118], [0.0390613692], [3.0128593046030764e-05]]
[2900.0, 1900.0, 0.001856, [0.0006466103466666667], [0.075118], [0.0390613692], [3.830190551685676e-05]]
[3000.0, 1900.0, 0.00114, [0.00039646479999999997], [0.075118], [0.0390613692], [2.3778370537575156e-05]]
[3000.0, 800.0, 0.0008, [0.0002781767813333333], [0.075118], [0.0390613692], [1.992065453186159e-05]]
[3000.0, 900.0, 0.000871, [0.00030283716666666666], [0.075118], [0.0390613692], [2.084817347928164e-05]]
[3000.0, 1600.0, 0.001228, [0.00042716489333333336], [0.075118], [0.0390613692], [2.4744997752632307e-05]]
[3000.0, 700.0, 0.00069, [0.00023987543333333337], [0.075118], [0.0390613692], [1.8562120673864584e-05]]
[3000.0, 600.0, 0.000833, [0.00028960112666666664], [0.075118], [0.0390613692], [2.047789485708377e-05]]
[3000.0, 1300.0, 0.000936, [0.00032541381333333334], [0.075118], [0.0390613692], [2.150395342670221e-05]]
[3000.0, 500.0, 0.000672, [0.000233376676], [0.075118], [0.0390613692], [1.8168347547925826e-05]]
[3000.0, 1500.0, 0.001169, [0.00040668048], [0.075118], [0.0390613692], [2.408968073401278e-05]]
[3000.0, 1800.0, 0.00109, [0.0003789927733333333], [0.075118], [0.0390613692], [2.3281340801403838e-05]]
[3000.0, 2000.0, 0.001209, [0.00042063779999999997], [0.075118], [0.0390613692], [2.4615965424451216e-05]]
[3000.0, 100.0, 0.000605, [0.00021021908], [0.075118], [0.0390613692], [1.7338576437784298e-05]]
[3000.0, 1400.0, 0.001167, [0.00040584757333333337], [0.075118], [0.0390613692], [2.4210833222616134e-05]]
[3000.0, 1100.0, 0.000905, [0.00031479210666666665], [0.075118], [0.0390613692], [2.1271680834177423e-05]]
[3000.0, 1200.0, 0.000913, [0.00031744293333333334], [0.075118], [0.0390613692], [2.1305380578623795e-05]]
[3000.0, 1000.0, 0.000808, [0.000281036356], [0.075118], [0.0390613692], [2.0125430789040133e-05]]
[3000.0, 400.0, 0.000692, [0.00024058631733333335], [0.075118], [0.0390613692], [1.861712691045533e-05]]
[3000.0, 300.0, 0.000692, [0.000240369964], [0.075118], [0.0390613692], [1.854494499078148e-05]]
[3000.0, 1700.0, 0.001138, [0.00039600756], [0.075118], [0.0390613692], [2.3880153221172317e-05]]
[3000.0, 200.0, 0.000587, [0.00020408080933333333], [0.075118], [0.0390613692], [1.7186706459741883e-05]]
