[200.0, 1800.0, 0.695352, [12.4299912], [60.643179999999994], [6.530804], [5.558859717603962]]
[200.0, 700.0, 0.38192, [3.118478], [23.0444084], [2.8455645999999994], [2.2050961373600018]]
[200.0, 2000.0, 0.560506, [6.232215699999999], [15.114146399999997], [2.1924842], [6.232216592834367]]
[200.0, 1300.0, 0.417022, [6.235120599999999], [60.643179999999994], [6.530804], [4.408897590554808]]
[200.0, 1400.0, 0.48904, [7.477907199999999], [60.643179999999994], [6.530804], [4.317371898736544]]
[200.0, 400.0, 0.238387, [18.773243999999995], [559.7832], [55.97832], [10.838736273200857]]
[200.0, 1900.0, 0.310619, [24.874086000000002], [559.7832], [55.97832], [12.437045784268864]]
[200.0, 1700.0, 0.360213, [12.2842954], [160.004698], [19.125925999999996], [12.284292894586974]]
[200.0, 500.0, 0.717776, [7.433386100000001], [23.0444084], [2.8455645999999994], [3.0346667527094304]]
[200.0, 1500.0, 0.550543, [12.437157999999998], [60.643179999999994], [6.530804], [12.437156372740514]]
[200.0, 100.0, 0.535225, [3.0988337], [4.711508599999999], [0.7463776], [3.0988341372199963]]
[200.0, 600.0, 0.459242, [2.0794875], [6.530804], [0.8863233999999999], [1.4704196985894875]]
[200.0, 1000.0, 0.45883, [2.07656075], [6.530804], [0.8863233999999999], [1.4683500646984695]]
[200.0, 1200.0, 0.681386, [12.3742714], [60.643179999999994], [6.530804], [6.18713509146196]]
[200.0, 300.0, 0.380224, [12.489294399999999], [198.25654999999998], [19.592412], [6.24464528376112]]
[200.0, 1600.0, 0.383951, [3.1400957], [23.0444084], [2.8455645999999994], [2.220382285778735]]
[200.0, 900.0, 0.38096, [3.1082935999999997], [23.0444084], [2.8455645999999994], [2.1978953316752823]]
[200.0, 800.0, 0.48459, [41.547255199999995], [559.7832], [55.97832], [18.580497293667893]]
[200.0, 1100.0, 0, [0.0], [494.47515999999996], [51.31345999999999], [0.0]]
[200.0, 200.0, 0.288607, [4.127604379999999], [60.643179999999994], [6.530804], [4.127603863744678]]
[300.0, 2000.0, 0.152728, [0.545097815], [6.530804], [0.8863233999999999], [0.38544236242271035]]
[300.0, 400.0, 0.182824, [0.6587484049999999], [6.530804], [0.8863233999999999], [0.3803284895981367]]
[300.0, 1000.0, 0.134529, [1.74892552], [60.643179999999994], [6.530804], [1.2366774693508409]]
[300.0, 200.0, 0.151389, [1.0938220399999998], [23.0444084], [2.8455645999999994], [0.7734489983185704]]
[300.0, 1600.0, 0.288698, [1.09904143], [6.530804], [0.8863233999999999], [0.6345319225618202]]
[300.0, 1300.0, 0.379295, [5.264483799999999], [60.643179999999994], [6.530804], [2.149217275195786]]
[300.0, 800.0, 0.354395, [2.7351254999999997], [23.0444084], [2.8455645999999994], [1.2231857569478153]]
[300.0, 700.0, 0.409138, [1.6499716999999998], [6.530804], [0.8863233999999999], [0.6735980082734804]]
[300.0, 300.0, 0.350661, [4.3947319], [43.38319799999999], [5.131346], [4.39473176337305]]
[300.0, 900.0, 0.342536, [2.6197391], [23.0444084], [2.8455645999999994], [1.0695039569819271]]
[300.0, 600.0, 0.290249, [2.1788226599999994], [23.0444084], [2.8455645999999994], [0.9743990106727326]]
[300.0, 1400.0, 0.291597, [2.19009887], [23.0444084], [2.8455645999999994], [0.9794419768419158]]
[300.0, 500.0, 0.262284, [3.5104251399999997], [60.643179999999994], [6.530804], [1.7552125671838155]]
[300.0, 1200.0, 0.198419, [2.6138483399999997], [60.643179999999994], [6.530804], [1.5091057007380233]]
[300.0, 100.0, 0.134139, [1.74369486], [60.643179999999994], [6.530804], [1.232978580349229]]
[300.0, 1100.0, 0.182338, [0.6568551599999999], [6.530804], [0.8863233999999999], [0.37923558212541186]]
[300.0, 1900.0, 0.339462, [1.3112093], [6.530804], [0.8863233999999999], [0.5352988742282202]]
[300.0, 1500.0, 0.343087, [2.6245806], [23.0444084], [2.8455645999999994], [1.0714806176501748]]
[300.0, 1700.0, 0.123196, [0.43419492], [6.530804], [0.8863233999999999], [0.307022174769185]]
[300.0, 1800.0, 0.366514, [4.359075], [43.38319799999999], [5.131346], [3.0823312508554297]]
[400.0, 900.0, 0.179022, [1.9668656999999996], [43.38319799999999], [5.131346], [1.9668660828841398]]
[400.0, 1200.0, 0.215528, [1.5716383], [23.0444084], [2.8455645999999994], [0.5556580562720205]]
[400.0, 1500.0, 0.167471, [0.9893284399999998], [15.114146399999997], [2.1924842], [0.9893283640935399]]
[400.0, 200.0, 0.121066, [1.56432108], [60.643179999999994], [6.530804], [0.782160712897292]]
[400.0, 1600.0, 0.110081, [0.78391429], [23.0444084], [2.8455645999999994], [0.3919572517507489]]
[400.0, 500.0, 0.163248, [1.1755231], [23.0444084], [2.8455645999999994], [0.4799053479593658]]
[400.0, 1700.0, 0.160658, [0.497129475], [4.711508599999999], [0.7463776], [0.49712945094814087]]
[400.0, 300.0, 0.136165, [0.9747494299999999], [23.0444084], [2.8455645999999994], [0.43592117888444]]
[400.0, 1300.0, 0.13299, [3.88133464], [160.004698], [19.125925999999996], [2.7445182120000586]]
[400.0, 1400.0, 0.116418, [3.5479225], [198.25654999999998], [19.592412], [1.1826408555432204]]
[400.0, 1100.0, 0.166, [0.9798818799999999], [15.114146399999997], [2.1924842], [0.9798817923606906]]
[400.0, 800.0, 0.209113, [2.7443020399999996], [60.643179999999994], [6.530804], [1.0372486949618205]]
[400.0, 100.0, 0.159242, [0.49229499], [4.711508599999999], [0.7463776], [0.4922949733137644]]
[400.0, 1000.0, 0.121488, [1.5698829399999998], [60.643179999999994], [6.530804], [0.7849413096531486]]
[400.0, 400.0, 0.091358, [1.17546928], [60.643179999999994], [6.530804], [0.6786574732514186]]
[400.0, 1800.0, 0.180437, [1.95674478], [43.38319799999999], [5.131346], [1.3836274690826282]]
[400.0, 2000.0, 0.168311, [0.9828953399999999], [15.114146399999997], [2.1924842], [0.6950120499674808]]
[400.0, 600.0, 0.091838, [0.9764120999999999], [43.38319799999999], [5.131346], [0.9764120628095495]]
[400.0, 700.0, 0.110265, [0.7852544999999999], [23.0444084], [2.8455645999999994], [0.3926272462527276]]
[400.0, 1900.0, 0.177439, [1.9479813199999998], [43.38319799999999], [5.131346], [1.9479813305060187]]
[500.0, 1700.0, 0.101379, [0.35324205], [6.530804], [0.8863233999999999], [0.1335129694074699]]
[500.0, 1100.0, 0.093924, [0.9991627799999999], [43.38319799999999], [5.131346], [0.9991628858199247]]
[500.0, 300.0, 0.058142, [0.20009286999999998], [6.530804], [0.8863233999999999], [0.10004643097082473]]
[500.0, 1300.0, 0.043791, [0.15012088499999998], [6.530804], [0.8863233999999999], [0.08667233465760572]]
[500.0, 1800.0, 0.142087, [0.50138183], [6.530804], [0.8863233999999999], [0.1585508882819645]]
[500.0, 1400.0, 0.113165, [0.80538502], [23.0444084], [2.8455645999999994], [0.28474668812823795]]
[500.0, 600.0, 0.087421, [0.49912507], [15.114146399999997], [2.1924842], [0.4991250661908295]]
[500.0, 1900.0, 0.140484, [1.00507309], [23.0444084], [2.8455645999999994], [0.31783195607112885]]
[500.0, 1200.0, 0.086217, [0.29907084], [6.530804], [0.8863233999999999], [0.12209518100645902]]
[500.0, 800.0, 0.086354, [0.299556485], [6.530804], [0.8863233999999999], [0.122293402929185]]
[500.0, 1000.0, 0.100486, [0.35003493], [6.530804], [0.8863233999999999], [0.13230079024707295]]
[500.0, 2000.0, 0.088433, [0.62675782], [23.0444084], [2.8455645999999994], [0.2802947068711787]]
[500.0, 700.0, 0.098, [0.69553702], [23.0444084], [2.8455645999999994], [0.2628882895832372]]
[500.0, 100.0, 0.071878, [0.24830983999999998], [6.530804], [0.8863233999999999], [0.11104752164051208]]
[500.0, 200.0, 0.112515, [0.8006557599999999], [23.0444084], [2.8455645999999994], [0.2830745965289008]]
[500.0, 1500.0, 0.072764, [0.251435425], [6.530804], [0.8863233999999999], [0.11244534520156892]]
[500.0, 900.0, 0.108702, [1.4002032], [60.643179999999994], [6.530804], [0.5292269513167295]]
[500.0, 1600.0, 0.153477, [1.10094008], [23.0444084], [2.8455645999999994], [0.33194594123139987]]
[500.0, 500.0, 0.099796, [0.7085225899999998], [23.0444084], [2.8455645999999994], [0.26779635938526125]]
[500.0, 400.0, 0.086611, [0.30047176999999997], [6.530804], [0.8863233999999999], [0.12266710989503256]]
[600.0, 200.0, 0.048517, [0.27393736], [15.114146399999997], [2.1924842], [0.27393733827282474]]
[600.0, 1400.0, 0.06258, [0.44140197], [23.0444084], [2.8455645999999994], [0.15605912706407143]]
[600.0, 1900.0, 0.042909, [0.5484418999999999], [60.643179999999994], [6.530804], [0.24527068866866253]]
[600.0, 100.0, 0.072511, [0.25044803499999996], [6.530804], [0.8863233999999999], [0.08348268941822609]]
[600.0, 800.0, 0.052326, [0.66939706], [60.643179999999994], [6.530804], [0.27328030510814344]]
[600.0, 1200.0, 0.06476, [0.8295805599999999], [60.643179999999994], [6.530804], [0.33867488675719665]]
[600.0, 600.0, 0.070704, [0.49932747], [23.0444084], [2.8455645999999994], [0.1664425317038887]]
[600.0, 1600.0, 0.048358, [0.16593948], [6.530804], [0.8863233999999999], [0.0677445175826059]]
[600.0, 400.0, 0.06298, [0.44424959999999997], [23.0444084], [2.8455645999999994], [0.15706593739573196]]
[600.0, 500.0, 0.060299, [0.77200328], [60.643179999999994], [6.530804], [0.29178982429138955]]
[600.0, 1100.0, 0.025998, [0.3318118], [60.643179999999994], [6.530804], [0.19157163777553293]]
[600.0, 300.0, 0.070372, [0.4969589299999999], [23.0444084], [2.8455645999999994], [0.16565297138898535]]
[600.0, 1700.0, 0.07022, [0.49587447999999995], [23.0444084], [2.8455645999999994], [0.1652914646616697]]
[600.0, 1500.0, 0.051674, [0.6610176999999999], [60.643179999999994], [6.530804], [0.26985938323504705]]
[600.0, 1800.0, 0.062906, [0.44372658], [23.0444084], [2.8455645999999994], [0.15688102571694257]]
[600.0, 1000.0, 0.072289, [0.24966798999999995], [6.530804], [0.8863233999999999], [0.0832226722263831]]
[600.0, 2000.0, 0.048431, [0.16619178999999998], [6.530804], [0.8863233999999999], [0.06784751478499415]]
[600.0, 700.0, 0.117837, [0.8388640499999999], [23.0444084], [2.8455645999999994], [0.2165937855295022]]
[600.0, 1300.0, 0.072098, [0.24899489499999994], [6.530804], [0.8863233999999999], [0.08299828930465976]]
[600.0, 900.0, 0.101745, [0.72223726], [23.0444084], [2.8455645999999994], [0.20031254458969863]]
[700.0, 2000.0, 0.028347, [0.09676190849999998], [6.530804], [0.8863233999999999], [0.03950287663575907]]
[700.0, 100.0, 0.035369, [0.45171779199999995], [60.643179999999994], [6.530804], [0.17073326190288757]]
[700.0, 1000.0, 0.046927, [0.160947905], [6.530804], [0.8863233999999999], [0.050896198973990184]]
[700.0, 600.0, 0.056272, [0.1934714], [6.530804], [0.8863233999999999], [0.05585037484207245]]
[700.0, 1400.0, 0.033231, [0.11357229799999999], [6.530804], [0.8863233999999999], [0.042926297563381816]]
[700.0, 1900.0, 0.040284, [0.51470734], [60.643179999999994], [6.530804], [0.18197654651080725]]
[700.0, 200.0, 0.03096, [0.32506686599999995], [43.38319799999999], [5.131346], [0.32506686918232686]]
[700.0, 400.0, 0.041154, [0.28933839], [23.0444084], [2.8455645999999994], [0.09644607856206493]]
[700.0, 1300.0, 0.036548, [0.25679753], [23.0444084], [2.8455645999999994], [0.09079160781702238]]
[700.0, 1100.0, 0.030135, [0.38470319799999997], [60.643179999999994], [6.530804], [0.15705440153017042]]
[700.0, 800.0, 0.072918, [0.51504728], [23.0444084], [2.8455645999999994], [0.12876177736424735]]
[700.0, 1500.0, 0.046916, [0.16090892], [6.530804], [0.8863233999999999], [0.05088385495419937]]
[700.0, 1600.0, 0.054822, [0.38618149999999996], [23.0444084], [2.8455645999999994], [0.11148100237260158]]
[700.0, 1800.0, 0.042261, [0.14476774999999997], [6.530804], [0.8863233999999999], [0.04825592393685981]]
[700.0, 1200.0, 0.030508, [0.32030163399999995], [43.38319799999999], [5.131346], [0.32030163677383855]]
[700.0, 700.0, 0.046145, [0.32465810999999994], [23.0444084], [2.8455645999999994], [0.1026659561393162]]
[700.0, 900.0, 0.035252, [0.4502213199999999], [60.643179999999994], [6.530804], [0.17016767260558038]]
[700.0, 300.0, 0.032964, [0.112654046], [6.530804], [0.8863233999999999], [0.04257922172257261]]
[700.0, 500.0, 0.055272, [0.16175209999999998], [4.711508599999999], [0.7463776], [0.1143760422903328]]
[700.0, 1700.0, 0.068626, [0.48441036], [23.0444084], [2.8455645999999994], [0.12507422416309447]]
[800.0, 300.0, 0.024237, [0.30926227799999995], [60.643179999999994], [6.530804], [0.1093407227523213]]
[800.0, 100.0, 0.019442, [0.13629641299999998], [23.0444084], [2.8455645999999994], [0.05151520468754831]]
[800.0, 1800.0, 0.030394, [0.21337249499999997], [23.0444084], [2.8455645999999994], [0.06433422337294513]]
[800.0, 800.0, 0.02002, [0.06819626499999999], [6.530804], [0.8863233999999999], [0.02577576660353674]]
[800.0, 400.0, 0.022248, [0.156024617], [23.0444084], [2.8455645999999994], [0.05516303908415489]]
[800.0, 200.0, 0.024901, [0.174682263], [23.0444084], [2.8455645999999994], [0.058227428871623715]]
[800.0, 1700.0, 0.019541, [0.13698938], [23.0444084], [2.8455645999999994], [0.05177711245328383]]
[800.0, 600.0, 0.021345, [0.272298748], [60.643179999999994], [6.530804], [0.10291925112436448]]
[800.0, 1600.0, 0.030397, [0.213394598], [23.0444084], [2.8455645999999994], [0.06434089573513876]]
[800.0, 1000.0, 0.022303, [0.15640690000000002], [23.0444084], [2.8455645999999994], [0.05529819453653075]]
[800.0, 1100.0, 0.024417, [0.31155583800000003], [60.643179999999994], [6.530804], [0.11015160806815304]]
[800.0, 1500.0, 0.027721, [0.194538301], [23.0444084], [2.8455645999999994], [0.06151840917969188]]
[800.0, 1400.0, 0.02436, [0.31083396], [60.643179999999994], [6.530804], [0.10989637795669153]]
[800.0, 1200.0, 0.025607, [0.08734539799999999], [6.530804], [0.8863233999999999], [0.029115129400365026]]
[800.0, 900.0, 0.016666, [0.11679646099999999], [23.0444084], [2.8455645999999994], [0.047681945639833107]]
[800.0, 1300.0, 0.022954, [0.078246], [6.530804], [0.8863233999999999], [0.027664138600361297]]
[800.0, 2000.0, 0.027922, [0.2929234], [43.38319799999999], [5.131346], [0.16911942384007816]]
[800.0, 500.0, 0.027629, [0.193893565], [23.0444084], [2.8455645999999994], [0.06131451452959568]]
[800.0, 1900.0, 0.033165, [0.23291179999999997], [23.0444084], [2.8455645999999994], [0.06723581388664823]]
[800.0, 700.0, 0.021406, [0.27307099599999995], [60.643179999999994], [6.530804], [0.10321113600770025]]
[900.0, 200.0, 0.012373, [0.042069552999999996], [6.530804], [0.8863233999999999], [0.015900795121628352]]
[900.0, 1100.0, 0.019511, [0.06645011649999999], [6.530804], [0.8863233999999999], [0.020035465548621522]]
[900.0, 300.0, 0.007928, [0.0029471341333333336], [0.08396748], [0.03265402], [0.0008885942650620892]]
[900.0, 1000.0, 0.015509, [0.108671711], [23.0444084], [2.8455645999999994], [0.03622389744353856]]
[900.0, 900.0, 0.009431, [0.12021143199999998], [60.643179999999994], [6.530804], [0.053760186420807723]]
[900.0, 1600.0, 0.019532, [0.066521865], [6.530804], [0.8863233999999999], [0.02005709458022273]]
[900.0, 700.0, 0.018939, [0.132758277], [23.0444084], [2.8455645999999994], [0.04002812187700042]]
[900.0, 1900.0, 0.013752, [0.09633655799999999], [23.0444084], [2.8455645999999994], [0.034060119054401435]]
[900.0, 500.0, 0.015949, [0.05427437649999999], [6.530804], [0.8863233999999999], [0.018091459207316585]]
[900.0, 1400.0, 0.022504, [0.157816823], [23.0444084], [2.8455645999999994], [0.0437705047035101]]
[900.0, 1200.0, 0.01945, [0.066242001], [6.530804], [0.8863233999999999], [0.019972709217830214]]
[900.0, 1500.0, 0.014168, [0.0481911525], [6.530804], [0.8863233999999999], [0.01703814556370499]]
[900.0, 800.0, 0.020783, [0.14571946700000002], [23.0444084], [2.8455645999999994], [0.0420655915565204]]
[900.0, 400.0, 0.021685, [0.12170965199999999], [15.114146399999997], [2.1924842], [0.086061715820683]]
[900.0, 100.0, 0.010412, [0.07290742399999998], [23.0444084], [2.8455645999999994], [0.02976431946139538]]
[900.0, 600.0, 0.015428, [0.10809880399999998], [23.0444084], [2.8455645999999994], [0.036032933685727]]
[900.0, 1800.0, 0.019557, [0.06661058749999998], [6.530804], [0.8863233999999999], [0.020083847066734994]]
[900.0, 2000.0, 0.019674, [0.06700814249999999], [6.530804], [0.8863233999999999], [0.020203713068394132]]
[900.0, 1700.0, 0.01954, [0.06655031599999998], [6.530804], [0.8863233999999999], [0.020065677710957082]]
[900.0, 1300.0, 0.015903, [0.054114963499999995], [6.530804], [0.8863233999999999], [0.01803832462425488]]
[1000.0, 1600.0, 0.010193, [0.034638080499999994], [6.530804], [0.8863233999999999], [0.011546022908343806]]
[1000.0, 1400.0, 0.015689, [0.053385173499999994], [6.530804], [0.8863233999999999], [0.01426778356122632]]
[1000.0, 1500.0, 0.015348, [0.10753889199999998], [23.0444084], [2.8455645999999994], [0.028740973382959733]]
[1000.0, 700.0, 0.014709, [0.05003738549999999], [6.530804], [0.8863233999999999], [0.01387787485532277]]
[1000.0, 1900.0, 0.010094, [0.0343003255], [6.530804], [0.8863233999999999], [0.011433442621319267]]
[1000.0, 1800.0, 0.011225, [0.038153204999999996], [6.530804], [0.8863233999999999], [0.012065100465806325]]
[1000.0, 500.0, 0.017496, [0.12261999199999998], [23.0444084], [2.8455645999999994], [0.030654996737889236]]
[1000.0, 1000.0, 0.00985, [0.068973113], [23.0444084], [2.8455645999999994], [0.022991040905100405]]
[1000.0, 200.0, 0.009022, [0.030649431999999997], [6.530804], [0.8863233999999999], [0.010836210246206927]]
[1000.0, 1100.0, 0.016723, [0.213257978], [60.643179999999994], [6.530804], [0.05699557786355008]]
[1000.0, 2000.0, 0.012049, [0.08439302599999998], [23.0444084], [2.8455645999999994], [0.025445454151969856]]
[1000.0, 1700.0, 0.009589, [0.12222365599999999], [60.643179999999994], [6.530804], [0.043212587055162524]]
[1000.0, 800.0, 0.01018, [0.034593104], [6.530804], [0.8863233999999999], [0.01153103686794904]]
[1000.0, 1300.0, 0.012444, [0.04231103], [6.530804], [0.8863233999999999], [0.012757258463321968]]
[1000.0, 400.0, 0.010998, [0.077018145], [23.0444084], [2.8455645999999994], [0.02435527330990149]]
[1000.0, 300.0, 0.008763, [0.061349394999999994], [23.0444084], [2.8455645999999994], [0.02169028898608776]]
[1000.0, 600.0, 0.01126, [0.038274437999999994], [6.530804], [0.8863233999999999], [0.0121034426920608]]
[1000.0, 1200.0, 0.009816, [0.068734212], [23.0444084], [2.8455645999999994], [0.02291140702575902]]
[1000.0, 100.0, 0.009028, [0.030670937], [6.530804], [0.8863233999999999], [0.010843814002692964]]
[1000.0, 900.0, 0.013465, [0.04579187299999999], [6.530804], [0.8863233999999999], [0.013218973626950011]]
[1100.0, 1300.0, 0.00843, [0.059014665], [23.0444084], [2.8455645999999994], [0.017036064445757417]]
[1100.0, 1800.0, 0.009829, [0.068819519], [23.0444084], [2.8455645999999994], [0.018392789524702337]]
[1100.0, 2000.0, 0.006536, [0.022190906], [6.530804], [0.8863233999999999], [0.0073969668124846955]]
[1100.0, 700.0, 0.004953, [0.034658354999999995], [23.0444084], [2.8455645999999994], [0.013099623700702246]]
[1100.0, 900.0, 0.006568, [0.0222991785], [6.530804], [0.8863233999999999], [0.007433059494582295]]
[1100.0, 200.0, 0.006508, [0.022095985], [6.530804], [0.8863233999999999], [0.007365330296395402]]
[1100.0, 1900.0, 0.011285, [0.07903473899999999], [23.0444084], [2.8455645999999994], [0.019758686773163846]]
[1100.0, 1500.0, 0.009422, [0.032013389499999996], [6.530804], [0.8863233999999999], [0.008878916824421771]]
[1100.0, 800.0, 0.009903, [0.069340239], [23.0444084], [2.8455645999999994], [0.018531957948365842]]
[1100.0, 500.0, 0.00727, [0.024687395], [6.530804], [0.8863233999999999], [0.007806839182729461]]
[1100.0, 1700.0, 0.009413, [0.0319805685], [6.530804], [0.8863233999999999], [0.008869812156973788]]
[1100.0, 400.0, 0.006328, [0.044292387999999995], [23.0444084], [2.8455645999999994], [0.014764131579608738]]
[1100.0, 600.0, 0.005799, [0.0196845385], [6.530804], [0.8863233999999999], [0.0069595335871019395]]
[1100.0, 1400.0, 0.008017, [0.027228492499999996], [6.530804], [0.8863233999999999], [0.008209700107190273]]
[1100.0, 100.0, 0.003668, [0.012445943999999999], [6.530804], [0.8863233999999999], [0.005565996435949271]]
[1100.0, 1100.0, 0.00728, [0.024722343499999997], [6.530804], [0.8863233999999999], [0.007817889972684445]]
[1100.0, 1000.0, 0.010852, [0.03688405349999999], [6.530804], [0.8863233999999999], [0.009523420033002848]]
[1100.0, 300.0, 0.008474, [0.059324153], [23.0444084], [2.8455645999999994], [0.017125403688672568]]
[1100.0, 1200.0, 0.009112, [0.063799907], [23.0444084], [2.8455645999999994], [0.01769491214445553]]
[1100.0, 1600.0, 0.009484, [0.032224264999999995], [6.530804], [0.8863233999999999], [0.008937401663794683]]
[1200.0, 100.0, 0.003764, [0.0127717275], [6.530804], [0.8863233999999999], [0.004515486385761782]]
[1200.0, 1400.0, 0.004224, [0.014333634499999998], [6.530804], [0.8863233999999999], [0.004777878415154575]]
[1200.0, 1700.0, 0.005573, [0.07100996999999999], [60.643179999999994], [6.530804], [0.021410314439540584]]
[1200.0, 1800.0, 0.00616, [0.0209115195], [6.530804], [0.8863233999999999], [0.00579981268447525]]
[1200.0, 700.0, 0.007989, [0.027133548499999997], [6.530804], [0.8863233999999999], [0.0065808532710432]]
[1200.0, 200.0, 0.004765, [0.0161717025], [6.530804], [0.8863233999999999], [0.005113941515602226]]
[1200.0, 1900.0, 0.003681, [0.025752571], [23.0444084], [2.8455645999999994], [0.009104906671679836]]
[1200.0, 1200.0, 0.005225, [0.0177343225], [6.530804], [0.8863233999999999], [0.0053470981031770864]]
[1200.0, 1100.0, 0.005021, [0.035137881999999995], [23.0444084], [2.8455645999999994], [0.010594465111557072]]
[1200.0, 1300.0, 0.007374, [0.05162071699999999], [23.0444084], [2.8455645999999994], [0.012905178871290392]]
[1200.0, 2000.0, 0.005982, [0.041866371], [23.0444084], [2.8455645999999994], [0.011611642881177494]]
[1200.0, 800.0, 0.008003, [0.027181055], [6.530804], [0.8863233999999999], [0.0065923743730919885]]
[1200.0, 1600.0, 0.006606, [0.022429829999999998], [6.530804], [0.8863233999999999], [0.00599462471302416]]
[1200.0, 1000.0, 0.005653, [0.019188141], [6.530804], [0.8863233999999999], [0.005539140668912462]]
[1200.0, 1500.0, 0.006134, [0.020825372999999998], [6.530804], [0.8863233999999999], [0.005775918933381942]]
[1200.0, 300.0, 0.005027, [0.035178246999999996], [23.0444084], [2.8455645999999994], [0.010606638963404004]]
[1200.0, 600.0, 0.005218, [0.0177100575], [6.530804], [0.8863233999999999], [0.005339783249346362]]
[1200.0, 500.0, 0.004102, [0.028703102999999994], [23.0444084], [2.8455645999999994], [0.009567698673139743]]
[1200.0, 900.0, 0.004738, [0.016078748], [6.530804], [0.8863233999999999], [0.00508454784125393]]
[1200.0, 400.0, 0.004142, [0.028980896999999995], [23.0444084], [2.8455645999999994], [0.009660295709759613]]
[1300.0, 1600.0, 0.005893, [0.0200039165], [6.530804], [0.8863233999999999], [0.004589214731302077]]
[1300.0, 1700.0, 0.002698, [0.0188777606], [23.0444084], [2.8455645999999994], [0.0062925877339930665]]
[1300.0, 900.0, 0.004625, [0.0156961775], [6.530804], [0.8863233999999999], [0.004052736078873135]]
[1300.0, 200.0, 0.002552, [0.0009377575333333332], [0.08396748], [0.03265402], [0.00020968896295509972]]
[1300.0, 1800.0, 0.00468, [0.015883248], [6.530804], [0.8863233999999999], [0.00410103608860005]]
[1300.0, 1000.0, 0.003103, [0.010525417549999997], [6.530804], [0.8863233999999999], [0.003328429009307544]]
[1300.0, 1400.0, 0.00575, [0.040241697], [23.0444084], [2.8455645999999994], [0.009232080816370704]]
[1300.0, 1200.0, 0.004641, [0.015750561], [6.530804], [0.8863233999999999], [0.00406677952131659]]
[1300.0, 500.0, 0.001989, [0.0253372876], [60.643179999999994], [6.530804], [0.01034390473854047]]
[1300.0, 100.0, 0.00249, [0.008444896200000001], [6.530804], [0.8863233999999999], [0.002985722035789668]]
[1300.0, 1100.0, 0.003699, [0.0125500075], [6.530804], [0.8863233999999999], [0.003622875464668914]]
[1300.0, 2000.0, 0.003749, [0.0127194255], [6.530804], [0.8863233999999999], [0.0036717845014379584]]
[1300.0, 1300.0, 0.003726, [0.012642260499999999], [6.530804], [0.8863233999999999], [0.0036495064734837776]]
[1300.0, 1500.0, 0.003724, [0.0126353835], [6.530804], [0.8863233999999999], [0.0036475201027547466]]
[1300.0, 600.0, 0.003408, [0.011563457], [6.530804], [0.8863233999999999], [0.0034865141950808113]]
[1300.0, 300.0, 0.003111, [0.0105532602], [6.530804], [0.8863233999999999], [0.003731141283173286]]
[1300.0, 1900.0, 0.003607, [0.025240360999999996], [23.0444084], [2.8455645999999994], [0.007286267864963517]]
[1300.0, 400.0, 0.002479, [0.0084090346], [6.530804], [0.8863233999999999], [0.0029730429352769192]]
[1300.0, 700.0, 0.00279, [0.009464949649999999], [6.530804], [0.8863233999999999], [0.003154982610887103]]
[1300.0, 800.0, 0.004056, [0.013762210999999998], [6.530804], [0.8863233999999999], [0.0038169503075099107]]
[1400.0, 1100.0, 0.002794, [0.0195488063], [23.0444084], [2.8455645999999994], [0.0052246382037419575]]
[1400.0, 400.0, 0.001447, [0.0049064037], [6.530804], [0.8863233999999999], [0.00185444587073875]]
[1400.0, 1500.0, 0.002178, [0.015237932399999998], [23.0444084], [2.8455645999999994], [0.004594409903349939]]
[1400.0, 1800.0, 0.002898, [0.00982950195], [6.530804], [0.8863233999999999], [0.0026270450586162388]]
[1400.0, 1600.0, 0.002397, [0.016772775299999997], [23.0444084], [2.8455645999999994], [0.004841882407700541]]
[1400.0, 1400.0, 0.00258, [0.018048836000000002], [23.0444084], [2.8455645999999994], [0.005005846306070533]]
[1400.0, 600.0, 0.002463, [0.0083559276], [6.530804], [0.8863233999999999], [0.002412148781170017]]
[1400.0, 1700.0, 0.002684, [0.0091040371], [6.530804], [0.8863233999999999], [0.0025250056386075656]]
[1400.0, 900.0, 0.003499, [0.011870104499999999], [6.530804], [0.8863233999999999], [0.002878921815107176]]
[1400.0, 100.0, 0.001647, [0.005584212549999999], [6.530804], [0.8863233999999999], [0.001974317240212423]]
[1400.0, 700.0, 0.003282, [0.01113556385], [6.530804], [0.8863233999999999], [0.0027838911073351986]]
[1400.0, 2000.0, 0.003278, [0.01111987095], [6.530804], [0.8863233999999999], [0.0027799677178881052]]
[1400.0, 800.0, 0.002984, [0.0208770448], [23.0444084], [2.8455645999999994], [0.005390429680461474]]
[1400.0, 1300.0, 0.002781, [0.019454630499999997], [23.0444084], [2.8455645999999994], [0.0051994688411413715]]
[1400.0, 300.0, 0.00225, [0.007632843249999999], [6.530804], [0.8863233999999999], [0.00230138878071481]]
[1400.0, 1200.0, 0.003698, [0.012546971499999999], [6.530804], [0.8863233999999999], [0.002957349489407702]]
[1400.0, 500.0, 0.002682, [0.00909736365], [6.530804], [0.8863233999999999], [0.002523154511717425]]
[1400.0, 1000.0, 0.001785, [0.012487511899999998], [23.0444084], [2.8455645999999994], [0.004162504390388074]]
[1400.0, 200.0, 0.00165, [0.0055969947999999995], [6.530804], [0.8863233999999999], [0.0019788362476465806]]
[1400.0, 1900.0, 0.002878, [0.009763487349999999], [6.530804], [0.8863233999999999], [0.002609401696270622]]
[1500.0, 1500.0, 0.001621, [0.0005944273333333333], [0.08396748], [0.03265402], [0.00029721372598448444]]
[1500.0, 1100.0, 0.005193, [0.05436339799999999], [43.38319799999999], [5.131346], [0.054363379181209835]]
[1500.0, 1800.0, 0.002608, [0.0005991622666666666], [0.03265402], [0.01865944], [0.0005991624124919802]]
[1500.0, 400.0, 0.004852, [0.013976019], [4.711508599999999], [0.7463776], [0.013976015812813032]]
[1500.0, 200.0, 0.002592, [0.0005954827777777778], [0.03265402], [0.01865944], [0.0005954826120337753]]
[1500.0, 500.0, 0.002893, [0.020242279299999996], [23.0444084], [2.8455645999999994], [0.011686883699258754]]
[1500.0, 1300.0, 0.002302, [0.0161077464], [23.0444084], [2.8455645999999994], [0.009299813299201227]]
[1500.0, 600.0, 0.00256, [0.026791687999999994], [43.38319799999999], [5.131346], [0.026791692928965872]]
[1500.0, 1000.0, 0.00565, [0.019178756999999998], [6.530804], [0.8863233999999999], [0.00724888978913323]]
[1500.0, 2000.0, 0.002907, [0.020336507999999996], [23.0444084], [2.8455645999999994], [0.01174129162400798]]
[1500.0, 800.0, 0.004865, [0.02723154], [15.114146399999997], [2.1924842], [0.027231524066787003]]
[1500.0, 1700.0, 0.003949, [0.0133984775], [6.530804], [0.8863233999999999], [0.007735615852988047]]
[1500.0, 1200.0, 0.00534, [0.0181269095], [6.530804], [0.8863233999999999], [0.009063451977585582]]
[1500.0, 300.0, 0.004239, [0.05401241799999999], [60.643179999999994], [6.530804], [0.02415509013023963]]
[1500.0, 1400.0, 0.003873, [0.027097748999999997], [23.0444084], [2.8455645999999994], [0.015644896880452744]]
[1500.0, 100.0, 0.002566, [0.026853208399999995], [43.38319799999999], [5.131346], [0.026853210675820496]]
[1500.0, 900.0, 0.00234, [0.0163711148], [23.0444084], [2.8455645999999994], [0.009451866720389153]]
[1500.0, 700.0, 0.002335, [0.0163349795], [23.0444084], [2.8455645999999994], [0.009431001288304439]]
[1500.0, 1900.0, 0.002931, [0.0205063906], [23.0444084], [2.8455645999999994], [0.011839369244178508]]
[1500.0, 1600.0, 0.004813, [0.0138651935], [4.711508599999999], [0.7463776], [0.013865194751607348]]
[1600.0, 1500.0, 0.002599, [0.0181811136], [23.0444084], [2.8455645999999994], [0.00909055614910331]]
[1600.0, 100.0, 0.00094, [0.011977760599999998], [60.643179999999994], [6.530804], [0.011977761388506617]]
[1600.0, 1300.0, 0.003422, [0.0436035288], [60.643179999999994], [6.530804], [0.0178010669006102]]
[1600.0, 900.0, 0.001542, [0.0005655255333333333], [0.08396748], [0.03265402], [0.00021374853657718661]]
[1600.0, 300.0, 0.001711, [0.0179049572], [43.38319799999999], [5.131346], [0.01790495859810907]]
[1600.0, 500.0, 0.002659, [0.009020579299999998], [6.530804], [0.8863233999999999], [0.006378513124153622]]
[1600.0, 1000.0, 0.001798, [0.0004119140533333333], [0.03265402], [0.01865944], [0.00041191404946681307]]
[1600.0, 1200.0, 0.003455, [0.0361624262], [43.38319799999999], [5.131346], [0.036162425383262115]]
[1600.0, 1800.0, 0.000864, [0.00019731577333333331], [0.03265402], [0.01865944], [0.00019731576673562894]]
[1600.0, 1100.0, 0.001329, [0.00450781715], [6.530804], [0.8863233999999999], [0.00318750833802831]]
[1600.0, 1900.0, 0.002585, [0.018087002199999997], [23.0444084], [2.8455645999999994], [0.009043502313816256]]
[1600.0, 1700.0, 0.003317, [0.018563909499999996], [15.114146399999997], [2.1924842], [0.01856390968519293]]
[1600.0, 800.0, 0.002827, [0.036011652], [60.643179999999994], [6.530804], [0.02546407686918966]]
[1600.0, 200.0, 0.001273, [0.0089060002], [23.0444084], [2.8455645999999994], [0.008905999758589711]]
[1600.0, 1600.0, 0.00134, [0.004543509699999999], [6.530804], [0.8863233999999999], [0.003212746213522008]]
[1600.0, 2000.0, 0.002115, [0.007172858199999999], [6.530804], [0.8863233999999999], [0.003586429832716653]]
[1600.0, 1400.0, 0.002669, [0.009053794749999998], [6.530804], [0.8863233999999999], [0.0040489799950110894]]
[1600.0, 700.0, 0.001343, [0.0045553616], [6.530804], [0.8863233999999999], [0.003221127213414583]]
[1600.0, 400.0, 0.003023, [0.016918496399999997], [15.114146399999997], [2.1924842], [0.01691849733280116]]
[1600.0, 600.0, 0.000888, [0.00300931195], [6.530804], [0.8863233999999999], [0.0030093118170937357]]
[1700.0, 900.0, 0.002307, [0.024141844199999995], [43.38319799999999], [5.131346], [0.024141845670950676]]
[1700.0, 1500.0, 0.000849, [0.005940808], [23.0444084], [2.8455645999999994], [0.004200785508687631]]
[1700.0, 1800.0, 0.001705, [0.0119238164], [23.0444084], [2.8455645999999994], [0.0059619096755989184]]
[1700.0, 700.0, 0.001255, [0.0159907454], [60.643179999999994], [6.530804], [0.011307164924949134]]
[1700.0, 500.0, 0.000864, [0.006043641], [23.0444084], [2.8455645999999994], [0.004273499648999634]]
[1700.0, 300.0, 0.00106, [0.0030495079], [4.711508599999999], [0.7463776], [0.0030495074991709723]]
[1700.0, 800.0, 0.002194, [0.022963080399999995], [43.38319799999999], [5.131346], [0.022963078365062468]]
[1700.0, 1300.0, 0.000762, [0.0097047166], [60.643179999999994], [6.530804], [0.006862268837636718]]
[1700.0, 400.0, 0.002111, [0.006077080699999999], [4.711508599999999], [0.7463776], [0.006077080308421141]]
[1700.0, 1000.0, 0.000583, [0.0002133683933333333], [0.08396748], [0.03265402], [0.0001066842064282927]]
[1700.0, 2000.0, 0.00143, [0.00484926135], [6.530804], [0.8863233999999999], [0.002424630666204649]]
[1700.0, 1600.0, 0.00209, [0.0060146311], [4.711508599999999], [0.7463776], [0.006014630830317019]]
[1700.0, 1400.0, 0.001344, [0.00455689225], [6.530804], [0.8863233999999999], [0.0026309227891559263]]
[1700.0, 1200.0, 0.002119, [0.0061006878999999995], [4.711508599999999], [0.7463776], [0.00610068876029584]]
[1700.0, 100.0, 0.000574, [0.0040138473], [23.0444084], [2.8455645999999994], [0.004013847291564541]]
[1700.0, 1700.0, 0.000837, [0.024050566399999997], [160.004698], [19.125925999999996], [0.02405056672928935]]
[1700.0, 1900.0, 0.000868, [0.006067975], [23.0444084], [2.8455645999999994], [0.004290706559530726]]
[1700.0, 1100.0, 0.002313, [0.016180316], [23.0444084], [2.8455645999999994], [0.008090156413815495]]
[1700.0, 600.0, 0.001793, [0.006082603], [6.530804], [0.8863233999999999], [0.003511791775931483]]
[1700.0, 200.0, 0.002329, [0.0243734956], [43.38319799999999], [5.131346], [0.02437349837836169]]
[1800.0, 600.0, 0.000952, [0.0032265366], [6.530804], [0.8863233999999999], [0.001613268432406709]]
[1800.0, 1800.0, 0.00077, [0.00017580637777777776], [0.03265402], [0.01865944], [0.00017580639786669936]]
[1800.0, 400.0, 0.001539, [0.016105630399999998], [43.38319799999999], [5.131346], [0.01610563072965477]]
[1800.0, 1300.0, 0.00093, [0.006505188899999998], [23.0444084], [2.8455645999999994], [0.0032525936112585596]]
[1800.0, 1200.0, 0.001177, [0.0039926528], [6.530804], [0.8863233999999999], [0.00199632613630639]]
[1800.0, 1700.0, 0.001196, [0.0040550058], [6.530804], [0.8863233999999999], [0.0018134537387261907]]
[1800.0, 500.0, 0.001445, [0.0080857834], [15.114146399999997], [2.1924842], [0.008085784037432608]]
[1800.0, 1600.0, 0.001429, [0.00411247705], [4.711508599999999], [0.7463776], [0.004112477823648414]]
[1800.0, 1000.0, 0.00091, [0.006362855699999999], [23.0444084], [2.8455645999999994], [0.003181427974982304]]
[1800.0, 700.0, 0.000808, [0.0027405247499999994], [6.530804], [0.8863233999999999], [0.001937843840457739]]
[1800.0, 200.0, 0.001438, [0.0080436451], [15.114146399999997], [2.1924842], [0.005687716778286345]]
[1800.0, 800.0, 0.001165, [0.00394979805], [6.530804], [0.8863233999999999], [0.0019748985860038484]]
[1800.0, 2000.0, 0.001214, [0.00411806605], [6.530804], [0.8863233999999999], [0.002377566804003622]]
[1800.0, 1100.0, 0.000696, [0.0048709906], [23.0444084], [2.8455645999999994], [0.0028122680402123835]]
[1800.0, 900.0, 0.000718, [0.0024349559499999996], [6.530804], [0.8863233999999999], [0.0014058222024850792]]
[1800.0, 1500.0, 0.000491, [0.00017957295999999998], [0.08396748], [0.03265402], [8.030749469198814e-05]]
[1800.0, 1400.0, 0.000625, [0.007961712199999998], [60.643179999999994], [6.530804], [0.005629781747101746]]
[1800.0, 1900.0, 0.000476, [0.0016148058499999998], [6.530804], [0.8863233999999999], [0.001141840322024056]]
[1800.0, 100.0, 0.000333, [0.00012196981777777776], [0.08396748], [0.03265402], [8.62456952012142e-05]]
[1800.0, 300.0, 0.001141, [0.007981041399999998], [23.0444084], [2.8455645999999994], [0.005643449216569597]]
[1900.0, 300.0, 0.000321, [0.001087494625], [6.530804], [0.8863233999999999], [0.0007689747403198624]]
[1900.0, 1600.0, 0.000424, [0.005397750399999999], [60.643179999999994], [6.530804], [0.003816787180862983]]
[1900.0, 600.0, 0.000427, [0.005434532], [60.643179999999994], [6.530804], [0.0038427955084807722]]
[1900.0, 1500.0, 0.00033, [0.00012071028666666666], [0.08396748], [0.03265402], [6.96921319398466e-05]]
[1900.0, 500.0, 0.000396, [0.00134235245], [6.530804], [0.8863233999999999], [0.0009491862027547597]]
[1900.0, 1700.0, 0.000912, [0.0026229188499999998], [4.711508599999999], [0.7463776], [0.002622918578130095]]
[1900.0, 1800.0, 0.00048, [0.0016268245], [6.530804], [0.8863233999999999], [0.0009392477420787339]]
[1900.0, 800.0, 0.000771, [0.0026140328], [6.530804], [0.8863233999999999], [0.0015092123483791138]]
[1900.0, 1300.0, 0.000604, [0.00204626055], [6.530804], [0.8863233999999999], [0.0011814088305916797]]
[1900.0, 1000.0, 0.000556, [0.0002033418244444444], [0.08396748], [0.03265402], [9.093721005638728e-05]]
[1900.0, 1900.0, 0.000406, [0.0001484756822222222], [0.08396748], [0.03265402], [6.64003169708335e-05]]
[1900.0, 1200.0, 0.000475, [0.0016100804999999998], [6.530804], [0.8863233999999999], [0.0009295801481045085]]
[1900.0, 100.0, 0.001088, [0.011387874999999999], [43.38319799999999], [5.131346], [0.011387873940292807]]
[1900.0, 2000.0, 0.000954, [0.0032360355999999997], [6.530804], [0.8863233999999999], [0.0013211057650695495]]
[1900.0, 1100.0, 0.000484, [0.00163999315], [6.530804], [0.8863233999999999], [0.0009468506685322665]]
[1900.0, 900.0, 0.000596, [0.0020223992], [6.530804], [0.8863233999999999], [0.0011676328928648763]]
[1900.0, 200.0, 0.000505, [0.00011520664222222221], [0.03265402], [0.01865944], [0.00011520663263228003]]
[1900.0, 400.0, 0.000319, [0.00108221049], [6.530804], [0.8863233999999999], [0.0007652382914818102]]
[1900.0, 700.0, 0.000518, [0.00011812554666666666], [0.03265402], [0.01865944], [0.00011812556251090835]]
[1900.0, 1400.0, 0.000464, [0.0032481197999999997], [23.0444084], [2.8455645999999994], [0.0018753032757396868]]
[2000.0, 1500.0, 0.000742, [0.0025152087], [6.530804], [0.8863233999999999], [0.0009506595873392327]]
[2000.0, 1200.0, 0.000261, [9.533055333333333e-05], [0.08396748], [0.03265402], [3.891852190993796e-05]]
[2000.0, 1300.0, 0.00065, [0.003637410899999999], [15.114146399999997], [2.1924842], [0.0036374120058085256]]
[2000.0, 300.0, 0.000177, [0.0006009911499999999], [6.530804], [0.8863233999999999], [0.0006009913643306365]]
[2000.0, 900.0, 0.000385, [0.0026894221999999995], [23.0444084], [2.8455645999999994], [0.0015527385001989226]]
[2000.0, 1900.0, 0.00032, [0.0010836729449999998], [6.530804], [0.8863233999999999], [0.0006256589769994514]]
[2000.0, 1600.0, 0.000205, [0.0014337084499999998], [23.0444084], [2.8455645999999994], [0.0010137848465034383]]
[2000.0, 500.0, 0.000268, [0.0009080247050000001], [6.530804], [0.8863233999999999], [0.0006420704486269399]]
[2000.0, 600.0, 0.000309, [0.00215906796], [23.0444084], [2.8455645999999994], [0.0012465382549284236]]
[2000.0, 200.0, 0.000347, [7.900147333333333e-05], [0.03265402], [0.01865944], [7.900146087100596e-05]]
[2000.0, 1800.0, 0.000513, [0.0035871443999999997], [23.0444084], [2.8455645999999994], [0.001604219250601363]]
[2000.0, 2000.0, 0.000431, [0.0014600951999999999], [6.530804], [0.8863233999999999], [0.0007300478617871571]]
[2000.0, 400.0, 0.000426, [0.0014434719499999999], [6.530804], [0.8863233999999999], [0.0007217360054064089]]
[2000.0, 1100.0, 0.000532, [0.0037199142], [23.0444084], [2.8455645999999994], [0.002630376575701662]]
[2000.0, 100.0, 0.000421, [0.005366033399999999], [60.643179999999994], [6.530804], [0.0030980807052108893]]
[2000.0, 1400.0, 0.000318, [0.00107648004], [6.530804], [0.8863233999999999], [0.0006215060068092664]]
[2000.0, 1700.0, 0.000518, [0.0036227230999999996], [23.0444084], [2.8455645999999994], [0.0016201306771368783]]
[2000.0, 700.0, 0.000313, [0.0021910577400000002], [23.0444084], [2.8455645999999994], [0.0012650077363399795]]
[2000.0, 1000.0, 0.000513, [0.0035907738], [23.0444084], [2.8455645999999994], [0.0017953868357543452]]
[2000.0, 800.0, 0.000531, [0.0017988196499999997], [6.530804], [0.8863233999999999], [0.0010385491397858842]]
[2100.0, 200.0, 9e-05, [0.000305820995], [6.530804], [0.8863233999999999], [0.00030582091646909955]]
[2100.0, 100.0, 0.000343, [0.0024025477999999995], [23.0444084], [2.8455645999999994], [0.001201273728589783]]
[2100.0, 400.0, 0.000228, [0.00159170465], [23.0444084], [2.8455645999999994], [0.001125504712118079]]
[2100.0, 1400.0, 0.000457, [0.0047788755999999995], [43.38319799999999], [5.131346], [0.00477887533212575]]
[2100.0, 500.0, 0.000511, [0.0035712076999999992], [23.0444084], [2.8455645999999994], [0.00206183833216865]]
[2100.0, 800.0, 0.000227, [0.0015848941199999998], [23.0444084], [2.8455645999999994], [0.001120689249524595]]
[2100.0, 300.0, 0.00019, [0.0024144871], [60.643179999999994], [6.530804], [0.0017073003953610507]]
[2100.0, 600.0, 0.000181, [0.0006132541749999999], [6.530804], [0.8863233999999999], [0.0006132543615825328]]
[2100.0, 700.0, 0.000236, [0.000800409545], [6.530804], [0.8863233999999999], [0.0005659746935597033]]
[2100.0, 1000.0, 0.000416, [0.0023272273999999996], [15.114146399999997], [2.1924842], [0.002327228379424761]]
[2100.0, 1700.0, 0.000362, [0.0012288946000000001], [6.530804], [0.8863233999999999], [0.0006144473783408958]]
[2100.0, 1800.0, 0.000416, [0.00140934685], [6.530804], [0.8863233999999999], [0.000575363285238118]]
[2100.0, 1900.0, 0.000178, [0.00060471232], [6.530804], [0.8863233999999999], [0.0004275962283509994]]
[2100.0, 900.0, 0.000189, [0.00240321388], [60.643179999999994], [6.530804], [0.001699329282981965]]
[2100.0, 2000.0, 0.000292, [0.00371541586], [60.643179999999994], [6.530804], [0.002145096451910729]]
[2100.0, 1200.0, 0.000138, [0.0009637903899999998], [23.0444084], [2.8455645999999994], [0.0006815027690332593]]
[2100.0, 1500.0, 0.000275, [0.0019267316199999998], [23.0444084], [2.8455645999999994], [0.0009633659206137612]]
[2100.0, 1100.0, 0.000178, [6.500556444444445e-05], [0.08396748], [0.03265402], [2.6538422571671294e-05]]
[2100.0, 1300.0, 0.000301, [0.0038380527799999997], [60.643179999999994], [6.530804], [0.001919026057144613]]
[2100.0, 1600.0, 0.000281, [0.000953836335], [6.530804], [0.8863233999999999], [0.00047691818585581316]]
[2200.0, 1700.0, 0.000178, [0.000602332855], [6.530804], [0.8863233999999999], [0.0003477570907616407]]
[2200.0, 1100.0, 0.000191, [0.0006492168599999999], [6.530804], [0.8863233999999999], [0.0003246083348051925]]
[2200.0, 200.0, 0.000159, [0.0005399108549999999], [6.530804], [0.8863233999999999], [0.0003817745398137492]]
[2200.0, 1800.0, 0.000276, [0.0007953050399999999], [4.711508599999999], [0.7463776], [0.0007953050303185563]]
[2200.0, 900.0, 0.00031, [0.0032488042799999994], [43.38319799999999], [5.131346], [0.0032488045075073383]]
[2200.0, 1000.0, 0.000233, [0.0007905624400000001], [6.530804], [0.8863233999999999], [0.0004564312188051995]]
[2200.0, 1300.0, 0.000235, [0.0007974926849999999], [6.530804], [0.8863233999999999], [0.00035664963553184797]]
[2200.0, 1900.0, 0.000189, [0.000642037985], [6.530804], [0.8863233999999999], [0.000321018931334275]]
[2200.0, 1400.0, 9.6e-05, [0.00032507234], [6.530804], [0.8863233999999999], [0.0002298608654164514]]
[2200.0, 1600.0, 0.000186, [0.0023637670399999995], [60.643179999999994], [6.530804], [0.0013647215468365697]]
[2200.0, 800.0, 0.000201, [0.0025640952], [60.643179999999994], [6.530804], [0.001282047480868006]]
[2200.0, 400.0, 0.000106, [0.0030439736399999998], [160.004698], [19.125925999999996], [0.003043973665457702]]
[2200.0, 600.0, 0.000115, [0.00080324556], [23.0444084], [2.8455645999999994], [0.0005679803780941732]]
[2200.0, 2000.0, 0.000177, [0.00060103163], [6.530804], [0.8863233999999999], [0.0003470058638553533]]
[2200.0, 500.0, 0.000118, [0.00039986730499999996], [6.530804], [0.8863233999999999], [0.0002827488935875788]]
[2200.0, 700.0, 9.7e-05, [3.543263466666666e-05], [0.08396748], [0.03265402], [1.7716315853117076e-05]]
[2200.0, 300.0, 0.000139, [0.00096952797], [23.0444084], [2.8455645999999994], [0.0005597571575245823]]
[2200.0, 1200.0, 0.000235, [0.00079532183], [6.530804], [0.8863233999999999], [0.00045917917390709255]]
[2200.0, 1500.0, 0.000234, [0.000794545005], [6.530804], [0.8863233999999999], [0.0003972724892941871]]
[2200.0, 100.0, 0.000167, [0.0021223144199999998], [60.643179999999994], [6.530804], [0.001500703029916312]]
[2300.0, 700.0, 0.000117, [0.000397718645], [6.530804], [0.8863233999999999], [0.00022962295094349777]]
[2300.0, 100.0, 0.000193, [0.0010782197599999998], [15.114146399999997], [2.1924842], [0.001078219786499951]]
[2300.0, 1800.0, 0.000194, [0.00055710531], [4.711508599999999], [0.7463776], [0.0005571052716946771]]
[2300.0, 1000.0, 0.000111, [0.00141066038], [60.643179999999994], [6.530804], [0.000997487275507813]]
[2300.0, 1500.0, 0.000123, [0.0008609107], [23.0444084], [2.8455645999999994], [0.0004304553692312363]]
[2300.0, 1200.0, 0.000188, [0.000637470185], [6.530804], [0.8863233999999999], [0.00026024609257393273]]
[2300.0, 500.0, 0.000168, [0.00213706064], [60.643179999999994], [6.530804], [0.0021370606907619633]]
[2300.0, 1900.0, 0.000212, [0.0007177205199999999], [6.530804], [0.8863233999999999], [0.00035886024093649603]]
[2300.0, 1300.0, 0.000166, [0.0021181550999999996], [60.643179999999994], [6.530804], [0.0010590776511663345]]
[2300.0, 1600.0, 0.000151, [0.00105368336], [23.0444084], [2.8455645999999994], [0.00047122156168834207]]
[2300.0, 1700.0, 0.000131, [4.7742756e-05], [0.08396748], [0.03265402], [1.5097583752392094e-05]]
[2300.0, 1400.0, 0.000381, [0.001096096395], [4.711508599999999], [0.7463776], [0.0007750572577235826]]
[2300.0, 1100.0, 0.000191, [0.00107083469], [15.114146399999997], [2.1924842], [0.0010708346511016534]]
[2300.0, 900.0, 0.000197, [0.0011043107299999997], [15.114146399999997], [2.1924842], [0.0011043106958641667]]
[2300.0, 2000.0, 6.5e-05, [2.368082555555555e-05], [0.08396748], [0.03265402], [1.3672132419227399e-05]]
[2300.0, 300.0, 0.000153, [0.0010681687599999998], [23.0444084], [2.8455645999999994], [0.0005340843663692095]]
[2300.0, 200.0, 0.000151, [0.00105895726], [23.0444084], [2.8455645999999994], [0.0005294785835140076]]
[2300.0, 400.0, 0.000118, [0.000399771855], [6.530804], [0.8863233999999999], [0.00023080838064290475]]
[2300.0, 800.0, 0.000158, [0.00053711256], [6.530804], [0.8863233999999999], [0.000268556370758543]]
[2300.0, 600.0, 0.000195, [0.0013652804599999999], [23.0444084], [2.8455645999999994], [0.0006105719422803507]]
[2400.0, 1200.0, 7.5e-05, [0.00052140586], [23.0444084], [2.8455645999999994], [0.0003010338022548298]]
[2400.0, 1500.0, 0.00013, [0.00072917935], [15.114146399999997], [2.1924842], [0.0007291790808847988]]
[2400.0, 1100.0, 0.000122, [0.00068175887], [15.114146399999997], [2.1924842], [0.000681758836613065]]
[2400.0, 1600.0, 0.000105, [0.00035528697999999995], [6.530804], [0.8863233999999999], [0.00015888917891096298]]
[2400.0, 400.0, 5.6e-05, [0.0007181455599999999], [60.643179999999994], [6.530804], [0.0005078054154890433]]
[2400.0, 1300.0, 8.3e-05, [0.00028150596999999996], [6.530804], [0.8863233999999999], [0.00014075300023445327]]
[2400.0, 200.0, 0.000111, [0.00141881158], [60.643179999999994], [6.530804], [0.001003251458010403]]
[2400.0, 1700.0, 6.9e-05, [1.5602494666666665e-05], [0.03265402], [0.01865944], [1.5602494427035664e-05]]
[2400.0, 2000.0, 0.000105, [0.00035672125999999994], [6.530804], [0.8863233999999999], [0.0001783606253493186]]
[2400.0, 600.0, 7.8e-05, [0.00026518240999999997], [6.530804], [0.8863233999999999], [0.0001531031413786144]]
[2400.0, 1900.0, 4.1e-05, [0.00013943681], [6.530804], [0.8863233999999999], [9.859672395673194e-05]]
[2400.0, 700.0, 8.5e-05, [0.000286657625], [6.530804], [0.8863233999999999], [0.00014332880493815608]]
[2400.0, 100.0, 7.1e-05, [2.5914391333333332e-05], [0.08396748], [0.03265402], [1.158926834363329e-05]]
[2400.0, 1800.0, 0.000134, [0.00139793724], [43.38319799999999], [5.131346], [0.0013979371997339507]]
[2400.0, 500.0, 0.000102, [0.0007168630799999999], [23.0444084], [2.8455645999999994], [0.0003584315159134308]]
[2400.0, 900.0, 7.8e-05, [0.00026580824], [6.530804], [0.8863233999999999], [0.00015346447308742177]]
[2400.0, 1400.0, 0.0001, [0.0007028229599999999], [23.0444084], [2.8455645999999994], [0.00031431197813637323]]
[2400.0, 800.0, 6.3e-05, [0.00021425454499999998], [6.530804], [0.8863233999999999], [0.00012369991451088394]]
[2400.0, 300.0, 7.6e-05, [0.0005303797699999999], [23.0444084], [2.8455645999999994], [0.00030621492060316067]]
[2400.0, 1000.0, 8.3e-05, [0.00028240527], [6.530804], [0.8863233999999999], [0.00014120262718873185]]
[2500.0, 400.0, 5.2e-05, [0.00017467372999999998], [6.530804], [0.8863233999999999], [0.00010084791879359732]]
[2500.0, 1300.0, 8e-05, [0.00023131433499999998], [4.711508599999999], [0.7463776], [0.00023131437439121675]]
[2500.0, 500.0, 6.7e-05, [0.00046834555], [23.0444084], [2.8455645999999994], [0.00023417275802278963]]
[2500.0, 900.0, 8e-05, [0.00022878191999999996], [4.711508599999999], [0.7463776], [0.00022878185668885544]]
[2500.0, 1400.0, 8.4e-05, [0.000284777375], [6.530804], [0.8863233999999999], [0.00011625988119295493]]
[2500.0, 200.0, 1.8e-05, [0.00023441599999999999], [60.643179999999994], [6.530804], [0.00023441601805337448]]
[2500.0, 1900.0, 4.5e-05, [1.0348420666666665e-05], [0.03265402], [0.01865944], [5.974665902121667e-06]]
[2500.0, 1000.0, 4.1e-05, [0.000137599685], [6.530804], [0.8863233999999999], [7.94432202425103e-05]]
[2500.0, 1800.0, 8.6e-05, [0.00029260231999999996], [6.530804], [0.8863233999999999], [0.00013085575054234337]]
[2500.0, 1700.0, 5.3e-05, [0.00036992395], [23.0444084], [2.8455645999999994], [0.0001849619187562672]]
[2500.0, 800.0, 0.000101, [0.0007065657499999999], [23.0444084], [2.8455645999999994], [0.00040793591298143877]]
[2500.0, 700.0, 9.2e-05, [0.00031219947], [6.530804], [0.8863233999999999], [0.00015609973934955818]]
[2500.0, 1600.0, 5.5e-05, [0.00018605757999999996], [6.530804], [0.8863233999999999], [9.302878780248616e-05]]
[2500.0, 1100.0, 4.2e-05, [1.5436414222222223e-05], [0.08396748], [0.03265402], [6.301890149533719e-06]]
[2500.0, 600.0, 6.8e-05, [0.00023172247], [6.530804], [0.8863233999999999], [0.00011586123014192453]]
[2500.0, 300.0, 3.8e-05, [1.381573711111111e-05], [0.08396748], [0.03265402], [6.907868517624674e-06]]
[2500.0, 2000.0, 5.5e-05, [0.00018766137], [6.530804], [0.8863233999999999], [9.383069102111526e-05]]
[2500.0, 1200.0, 5.5e-05, [0.00070447758], [60.643179999999994], [6.530804], [0.00040673042885921377]]
[2500.0, 100.0, 3.4e-05, [0.00011567343999999999], [6.530804], [0.8863233999999999], [8.179350241614549e-05]]
[2500.0, 1500.0, 7.9e-05, [0.00055547024], [23.0444084], [2.8455645999999994], [0.00022676978273129773]]
[2600.0, 800.0, 4.5e-05, [0.00015374373], [6.530804], [0.8863233999999999], [7.687187021271173e-05]]
[2600.0, 2000.0, 7.9e-05, [0.00026661473499999997], [6.530804], [0.8863233999999999], [0.00010077089166768347]]
[2600.0, 900.0, 2.7e-05, [0.000188019365], [23.0444084], [2.8455645999999994], [0.00010855303155600952]]
[2600.0, 1000.0, 2.7e-05, [9.2121854e-05], [6.530804], [0.8863233999999999], [5.318657377571899e-05]]
[2600.0, 200.0, 3e-05, [6.767448444444444e-06], [0.03265402], [0.01865944], [6.767446953734099e-06]]
[2600.0, 1100.0, 7.1e-05, [0.000241543815], [6.530804], [0.8863233999999999], [8.539862368621639e-05]]
[2600.0, 1500.0, 3.6e-05, [0.00012157259499999999], [6.530804], [0.8863233999999999], [6.078628484288211e-05]]
[2600.0, 700.0, 2.3e-05, [7.67184665e-05], [6.530804], [0.8863233999999999], [5.4248146373862385e-05]]
[2600.0, 1800.0, 8e-05, [0.00027100002999999996], [6.530804], [0.8863233999999999], [0.00010242837027650103]]
[2600.0, 1600.0, 2.6e-05, [9.449442666666666e-06], [0.08396748], [0.03265402], [3.5715532361310974e-06]]
[2600.0, 1400.0, 6.8e-05, [0.00023028163499999997], [6.530804], [0.8863233999999999], [9.401208853120963e-05]]
[2600.0, 1300.0, 6.8e-05, [0.00023215027], [6.530804], [0.8863233999999999], [9.477494603005584e-05]]
[2600.0, 600.0, 2.9e-05, [6.6726526666666654e-06], [0.03265402], [0.01865944], [6.672650984465906e-06]]
[2600.0, 1700.0, 5.4e-05, [0.00030236559], [15.114146399999997], [2.1924842], [0.00030236550911107564]]
[2600.0, 400.0, 2.3e-05, [7.659921149999998e-05], [6.530804], [0.8863233999999999], [5.416382801279835e-05]]
[2600.0, 300.0, 1.7e-05, [0.0012140411999999998], [494.47515999999996], [51.31345999999999], [0.0012140413561324837]]
[2600.0, 1900.0, 2.6e-05, [0.00018151038799999998], [23.0444084], [2.8455645999999994], [0.00010479507746072807]]
[2600.0, 1200.0, 4.5e-05, [0.00015344932999999998], [6.530804], [0.8863233999999999], [8.859398031186994e-05]]
[2600.0, 100.0, 6.7e-05, [0.00022880284999999997], [6.530804], [0.8863233999999999], [0.0001320993642111876]]
[2600.0, 500.0, 2.9e-05, [0.00030491642799999994], [43.38319799999999], [5.131346], [0.000304916370436223]]
[2700.0, 1400.0, 3e-05, [0.0001001425865], [6.530804], [0.8863233999999999], [5.007129581906184e-05]]
[2700.0, 1000.0, 5.1e-05, [0.00017264202499999999], [6.530804], [0.8863233999999999], [6.525254439483567e-05]]
[2700.0, 800.0, 1.8e-05, [5.947100799999999e-05], [6.530804], [0.8863233999999999], [3.433560490584081e-05]]
[2700.0, 900.0, 2.2e-05, [7.448786899999999e-05], [6.530804], [0.8863233999999999], [4.300558734048402e-05]]
[2700.0, 600.0, 3.9e-05, [0.0004081246959999999], [43.38319799999999], [5.131346], [0.00040812469231841386]]
[2700.0, 1100.0, 2.2e-05, [7.54476475e-05], [6.530804], [0.8863233999999999], [4.355971694122908e-05]]
[2700.0, 1300.0, 3e-05, [0.0001009260355], [6.530804], [0.8863233999999999], [5.0463016853929766e-05]]
[2700.0, 400.0, 1.5e-05, [5.05294935e-05], [6.530804], [0.8863233999999999], [3.572975232561793e-05]]
[2700.0, 1700.0, 1.8e-05, [6.0233527e-05], [6.530804], [0.8863233999999999], [3.477584408033829e-05]]
[2700.0, 100.0, 3.5e-05, [9.92780625e-05], [4.711508599999999], [0.7463776], [9.927806199004894e-05]]
[2700.0, 2000.0, 3.4e-05, [9.714509999999999e-05], [4.711508599999999], [0.7463776], [9.714509539858407e-05]]
[2700.0, 1200.0, 6e-05, [0.00020189687499999997], [6.530804], [0.8863233999999999], [7.138130686671405e-05]]
[2700.0, 700.0, 2.2e-05, [7.51546965e-05], [6.530804], [0.8863233999999999], [4.3390583540671584e-05]]
[2700.0, 300.0, 1.9e-05, [0.00010500677599999998], [15.114146399999997], [2.1924842], [0.00010500677644799881]]
[2700.0, 1800.0, 2.3e-05, [0.00015978226499999997], [23.0444084], [2.8455645999999994], [7.989115470438514e-05]]
[2700.0, 200.0, 1.9e-05, [7.03211711111111e-06], [0.08396748], [0.03265402], [2.4862295892315272e-06]]
[2700.0, 1500.0, 3.4e-05, [0.00023756814999999998], [23.0444084], [2.8455645999999994], [9.698680296823892e-05]]
[2700.0, 500.0, 7.1e-05, [0.00039718976], [15.114146399999997], [2.1924842], [0.000280855617177225]]
[2700.0, 1900.0, 3.6e-05, [0.000201642058], [15.114146399999997], [2.1924842], [0.00020164206381605994]]
[2700.0, 1600.0, 1.9e-05, [7.070634444444444e-06], [0.08396748], [0.03265402], [2.499847004701204e-06]]
[2800.0, 1500.0, 2.3e-05, [7.80977765e-05], [6.530804], [0.8863233999999999], [3.188328284148293e-05]]
[2800.0, 200.0, 2.2e-05, [6.26537365e-05], [4.711508599999999], [0.7463776], [6.26537372189401e-05]]
[2800.0, 400.0, 8e-06, [2.8863476888888886e-06], [0.08396748], [0.03265402], [2.8863476694840143e-06]]
[2800.0, 900.0, 1.2e-05, [3.9378369e-05], [6.530804], [0.8863233999999999], [2.2735107356245315e-05]]
[2800.0, 600.0, 1.1e-05, [3.86736605e-05], [6.530804], [0.8863233999999999], [2.2328244344327656e-05]]
[2800.0, 1200.0, 1e-05, [3.2278453e-05], [6.530804], [0.8863233999999999], [2.282431337959589e-05]]
[2800.0, 1000.0, 2.5e-05, [0.00025730997], [43.38319799999999], [5.131346], [0.00025730999568613727]]
[2800.0, 1400.0, 2.3e-05, [6.533730749999999e-05], [4.711508599999999], [0.7463776], [4.620045386681824e-05]]
[2800.0, 800.0, 1.9e-05, [6.430521699999999e-05], [6.530804], [0.8863233999999999], [2.8758161541551987e-05]]
[2800.0, 100.0, 8e-06, [2.5645908499999998e-05], [6.530804], [0.8863233999999999], [1.813439882516098e-05]]
[2800.0, 1100.0, 1.5e-05, [5.1782131e-05], [6.530804], [0.8863233999999999], [2.5891066900574026e-05]]
[2800.0, 1300.0, 1.5e-05, [5.2105142999999994e-05], [6.530804], [0.8863233999999999], [2.60525742298146e-05]]
[2800.0, 2000.0, 2.3e-05, [6.5599657e-05], [4.711508599999999], [0.7463776], [6.559966320416591e-05]]
[2800.0, 500.0, 1e-05, [3.2383977e-05], [6.530804], [0.8863233999999999], [2.289893445119226e-05]]
[2800.0, 1900.0, 3e-05, [0.00010338179149999999], [6.530804], [0.8863233999999999], [3.6550991128832605e-05]]
[2800.0, 1800.0, 1e-05, [3.23741445e-05], [6.530804], [0.8863233999999999], [2.2891976951543523e-05]]
[2800.0, 300.0, 1.4e-05, [4.85729295e-05], [6.530804], [0.8863233999999999], [2.804359592224221e-05]]
[2800.0, 700.0, 2.3e-05, [6.5070887e-05], [4.711508599999999], [0.7463776], [6.507087793321986e-05]]
[2800.0, 1600.0, 2.6e-05, [8.661126099999999e-05], [6.530804], [0.8863233999999999], [4.3305616437132025e-05]]
[2800.0, 1700.0, 2.7e-05, [8.999166299999999e-05], [6.530804], [0.8863233999999999], [3.401365247220592e-05]]
[2900.0, 1300.0, 9e-06, [0.00011154631999999999], [60.643179999999994], [6.530804], [7.887515253867976e-05]]
[2900.0, 900.0, 1.5e-05, [4.2507841e-05], [4.711508599999999], [0.7463776], [4.250783316048937e-05]]
[2900.0, 1600.0, 1.5e-05, [5.0352933999999997e-05], [6.530804], [0.8863233999999999], [2.0556493669884463e-05]]
[2900.0, 2000.0, 9e-06, [6.3280866e-05], [23.0444084], [2.8455645999999994], [3.653522308676928e-05]]
[2900.0, 1200.0, 1.6e-05, [8.735031999999998e-05], [15.114146399999997], [2.1924842], [8.735032404061247e-05]]
[2900.0, 1700.0, 1.1e-05, [4.090700777777778e-06], [0.08396748], [0.03265402], [1.233392657432096e-06]]
[2900.0, 1100.0, 1.5e-05, [4.2935893999999993e-05], [4.711508599999999], [0.7463776], [4.2935893376055426e-05]]
[2900.0, 800.0, 7e-06, [2.5233276999999998e-05], [6.530804], [0.8863233999999999], [1.4568439475455153e-05]]
[2900.0, 600.0, 9e-06, [6.2440032e-05], [23.0444084], [2.8455645999999994], [3.6049761538739756e-05]]
[2900.0, 100.0, 1.5e-05, [8.459922099999999e-05], [15.114146399999997], [2.1924842], [8.459924018571326e-05]]
[2900.0, 400.0, 1e-05, [3.2230957999999995e-05], [6.530804], [0.8863233999999999], [1.860854937925039e-05]]
[2900.0, 1000.0, 1.2e-05, [4.1898318e-05], [6.530804], [0.8863233999999999], [1.873749880587054e-05]]
[2900.0, 1400.0, 1.6e-05, [8.6770375e-05], [15.114146399999997], [2.1924842], [8.677037685754281e-05]]
[2900.0, 200.0, 9e-06, [6.2867165e-05], [23.0444084], [2.8455645999999994], [3.629637571438779e-05]]
[2900.0, 500.0, 1e-05, [3.3032002e-05], [6.530804], [0.8863233999999999], [1.6515997964095297e-05]]
[2900.0, 1500.0, 6e-06, [4.181841599999999e-05], [23.0444084], [2.8455645999999994], [4.181842770836799e-05]]
[2900.0, 1800.0, 1.2e-05, [4.1259170999999994e-05], [6.530804], [0.8863233999999999], [2.3820994626589375e-05]]
[2900.0, 300.0, 1.6e-05, [5.5526783999999995e-05], [6.530804], [0.8863233999999999], [2.7763391363448374e-05]]
[2900.0, 700.0, 7e-06, [4.9839711999999996e-05], [23.0444084], [2.8455645999999994], [2.877496715897344e-05]]
[2900.0, 1900.0, 1e-05, [3.4032134e-05], [6.530804], [0.8863233999999999], [1.7016063902971217e-05]]
[3000.0, 1900.0, 6e-06, [4.2783955999999995e-05], [23.0444084], [2.8455645999999994], [2.1391977166685643e-05]]
[3000.0, 800.0, 6e-06, [4.2796421999999996e-05], [23.0444084], [2.8455645999999994], [2.13982128856594e-05]]
[3000.0, 900.0, 6e-06, [2.1528712999999998e-05], [6.530804], [0.8863233999999999], [1.0764356297521926e-05]]
[3000.0, 1600.0, 1.1e-05, [3.76277815e-05], [6.530804], [0.8863233999999999], [1.4221966820731935e-05]]
[3000.0, 700.0, 4e-06, [0.000108291682], [160.004698], [19.125925999999996], [0.00010829167942182815]]
[3000.0, 600.0, 9e-06, [2.73111775e-05], [4.711508599999999], [0.7463776], [2.7311173230932427e-05]]
[3000.0, 1300.0, 1.2e-05, [4.0566457e-05], [6.530804], [0.8863233999999999], [1.656118589503783e-05]]
[3000.0, 500.0, 5e-06, [1.6501380666666665e-06], [0.08396748], [0.03265402], [6.236935821735257e-07]]
[3000.0, 1500.0, 4e-06, [5.3417407999999996e-05], [60.643179999999994], [6.530804], [3.777182098866826e-05]]
[3000.0, 1800.0, 8e-06, [5.3939738e-05], [23.0444084], [2.8455645999999994], [2.696987100451168e-05]]
[3000.0, 2000.0, 1e-05, [5.5091049e-05], [15.114146399999997], [2.1924842], [5.509104016988606e-05]]
[3000.0, 100.0, 8e-06, [2.6778532e-05], [6.530804], [0.8863233999999999], [1.3389264850991633e-05]]
[3000.0, 1400.0, 1e-05, [2.7556437999999997e-05], [4.711508599999999], [0.7463776], [2.755643332327317e-05]]
[3000.0, 1100.0, 3e-06, [4.31222124e-05], [60.643179999999994], [6.530804], [3.049200831037536e-05]]
[3000.0, 1200.0, 5e-06, [6.434654799999999e-05], [60.643179999999994], [6.530804], [3.715050107872032e-05]]
[3000.0, 1000.0, 6e-06, [2.1618183e-05], [6.530804], [0.8863233999999999], [1.0809089137156746e-05]]
[3000.0, 400.0, 8e-06, [5.3852176999999996e-05], [23.0444084], [2.8455645999999994], [2.692609518664004e-05]]
[3000.0, 300.0, 9e-06, [2.676579e-05], [4.711508599999999], [0.7463776], [2.67657923430262e-05]]
[3000.0, 1700.0, 1.2e-05, [4.04387725e-05], [6.530804], [0.8863233999999999], [1.650906210994434e-05]]
[3000.0, 200.0, 8e-06, [2.7138401499999995e-05], [6.530804], [0.8863233999999999], [1.2136663266730276e-05]]
