[200.0, 1800.0, 0.348543, [128.08293], [5130.0], [273.72431386341987], [14.410455579196654]]
[200.0, 700.0, 0.340543, [124.93614], [5130.0], [273.72431386341987], [14.23779266599988]]
[200.0, 2000.0, 0.411149, [53.98632], [1611.0], [91.00686787270509], [5.398631308026138]]
[200.0, 1300.0, 0.402048, [149.57316], [5130.0], [273.72431386341987], [15.594079645814304]]
[200.0, 1400.0, 0.337001, [123.54804], [5130.0], [273.72431386341987], [14.171931413889922]]
[200.0, 400.0, 0.367336, [135.54102], [5130.0], [273.72431386341987], [14.87755927563389]]
[200.0, 1900.0, 0.367151, [47.692699999999995], [1611.0], [91.00686787270509], [5.084059401698608]]
[200.0, 1700.0, 0.368223, [135.89328], [5130.0], [273.72431386341987], [14.827170330174265]]
[200.0, 500.0, 0.403785, [150.28368], [5130.0], [273.72431386341987], [15.583690512840661]]
[200.0, 1500.0, 0.408867, [53.654880000000006], [1611.0], [91.00686787270509], [5.392517964735955]]
[200.0, 100.0, 0.38841, [144.01641], [5130.0], [273.72431386341987], [15.265708630784227]]
[200.0, 600.0, 0.386203, [143.12364], [5130.0], [273.72431386341987], [15.257030838272563]]
[200.0, 1000.0, 0.38507, [142.66466999999997], [5130.0], [273.72431386341987], [15.208103432052269]]
[200.0, 1200.0, 0.33148, [121.38951], [5130.0], [273.72431386341987], [14.01685271378707]]
[200.0, 300.0, 0.423748, [55.82895], [1611.0], [91.00686787270509], [5.500989910916034]]
[200.0, 1600.0, 0.347412, [127.63839], [5130.0], [273.72431386341987], [14.452202254327885]]
[200.0, 900.0, 0.361049, [133.03464], [5130.0], [273.72431386341987], [14.691217784785577]]
[200.0, 800.0, 0.381829, [141.35628], [5130.0], [273.72431386341987], [15.15498333882291]]
[200.0, 1100.0, 0.425341, [159.20073000000002], [5130.0], [273.72431386341987], [16.08170140252579]]
[200.0, 200.0, 0.396234, [147.19656], [5130.0], [273.72431386341987], [15.43039144027137]]
[300.0, 2000.0, 0.208987, [26.399549999999998], [1611.0], [91.00686787270509], [2.239180207129386]]
[300.0, 400.0, 0.220373, [27.87747], [1611.0], [91.00686787270509], [2.307155608102757]]
[300.0, 1000.0, 0.211208, [75.85016999999999], [5130.0], [273.72431386341987], [6.57704348472777]]
[300.0, 200.0, 0.257444, [93.02217], [5130.0], [273.72431386341987], [7.286058193563925]]
[300.0, 1600.0, 0.242467, [30.76376], [1611.0], [91.00686787270509], [2.4245242832357854]]
[300.0, 1300.0, 0.228934, [28.992820000000005], [1611.0], [91.00686787270509], [2.351627946763688]]
[300.0, 800.0, 0.244614, [88.22469000000001], [5130.0], [273.72431386341987], [7.086377212652456]]
[300.0, 700.0, 0.240482, [30.503330000000002], [1611.0], [91.00686787270509], [2.4115001555048674]]
[300.0, 300.0, 0.273732, [99.15192], [5130.0], [273.72431386341987], [7.5383815902354]]
[300.0, 900.0, 0.237097, [85.42629], [5130.0], [273.72431386341987], [6.975025806403873]]
[300.0, 600.0, 0.215146, [77.30085], [5130.0], [273.72431386341987], [6.628492362521058]]
[300.0, 1400.0, 0.251827, [31.99449], [1611.0], [91.00686787270509], [2.468428447413455]]
[300.0, 500.0, 0.248993, [89.85924], [5130.0], [273.72431386341987], [7.171549414178222]]
[300.0, 1200.0, 0.227391, [81.82482], [5130.0], [273.72431386341987], [6.8187347066739585]]
[300.0, 100.0, 0.182651, [65.38856999999999], [5130.0], [273.72431386341987], [6.0975145756283355]]
[300.0, 1100.0, 0.237267, [30.082069999999998], [1611.0], [91.00686787270509], [2.3932007855589554]]
[300.0, 1900.0, 0.243458, [87.79400999999999], [5130.0], [273.72431386341987], [7.074642464464193]]
[300.0, 1500.0, 0.252819, [91.28975999999999], [5130.0], [273.72431386341987], [7.217089718162024]]
[300.0, 1700.0, 0.226657, [81.55314], [5130.0], [273.72431386341987], [6.796094613820499]]
[300.0, 1800.0, 0.231953, [83.51594999999999], [5130.0], [273.72431386341987], [6.888278957765865]]
[400.0, 900.0, 0.150483, [18.89146], [1611.0], [91.00686787270509], [1.2707769277099739]]
[400.0, 1200.0, 0.164224, [58.68018000000001], [5130.0], [273.72431386341987], [3.8776958364472063]]
[400.0, 1500.0, 0.175059, [22.02767], [1611.0], [91.00686787270509], [1.3713828787030995]]
[400.0, 200.0, 0.162767, [58.15194], [5130.0], [273.72431386341987], [3.8512066940116316]]
[400.0, 1600.0, 0.168721, [21.21681], [1611.0], [91.00686787270509], [1.3445608948649368]]
[400.0, 500.0, 0.179956, [64.39821], [5130.0], [273.72431386341987], [4.056706669208411]]
[400.0, 1700.0, 0.170083, [21.390909999999998], [1611.0], [91.00686787270509], [1.3475006493504929]]
[400.0, 300.0, 0.148563, [18.647380000000002], [1611.0], [91.00686787270509], [1.2572060292569391]]
[400.0, 1300.0, 0.168942, [60.39231], [5130.0], [273.72431386341987], [3.9312043956019385]]
[400.0, 1400.0, 0.165653, [20.82476], [1611.0], [91.00686787270509], [1.3359090537907137]]
[400.0, 1100.0, 0.156842, [19.70094], [1611.0], [91.00686787270509], [1.2962268320012513]]
[400.0, 800.0, 0.162456, [58.03944], [5130.0], [273.72431386341987], [3.8522126109549046]]
[400.0, 100.0, 0.107422, [13.44197], [1611.0], [91.00686787270509], [1.072786558454197]]
[400.0, 1000.0, 0.161219, [57.59082], [5130.0], [273.72431386341987], [3.839387060456395]]
[400.0, 400.0, 0.159546, [56.984730000000006], [5130.0], [273.72431386341987], [3.8159787735258694]]
[400.0, 1800.0, 0.163177, [58.30071], [5130.0], [273.72431386341987], [3.8610594401019003]]
[400.0, 2000.0, 0.171958, [21.630679999999998], [1611.0], [91.00686787270509], [1.3599095558161212]]
[400.0, 600.0, 0.16417, [58.660529999999994], [5130.0], [273.72431386341987], [3.8763958776162166]]
[400.0, 700.0, 0.165665, [20.826320000000003], [1611.0], [91.00686787270509], [1.3332681650740785]]
[400.0, 1900.0, 0.15827, [19.88294], [1611.0], [91.00686787270509], [1.2997884443246908]]
[500.0, 1700.0, 0.115018, [40.941], [5130.0], [273.72431386341987], [2.3215499563868964]]
[500.0, 1100.0, 0.120549, [15.097369999999998], [1611.0], [91.00686787270509], [0.809304269110203]]
[500.0, 300.0, 0.112566, [40.062059999999995], [5130.0], [273.72431386341987], [2.286463142060243]]
[500.0, 1300.0, 0.127104, [15.92587], [1611.0], [91.00686787270509], [0.83245846743246]]
[500.0, 1800.0, 0.121832, [15.25945], [1611.0], [91.00686787270509], [0.8156518865300318]]
[500.0, 1400.0, 0.127504, [15.976389999999999], [1611.0], [91.00686787270509], [0.8362424887555046]]
[500.0, 600.0, 0.124694, [15.621060000000002], [1611.0], [91.00686787270509], [0.8255985707351969]]
[500.0, 1900.0, 0.131094, [16.43076], [1611.0], [91.00686787270509], [0.8473516389315595]]
[500.0, 1200.0, 0.125928, [15.777070000000002], [1611.0], [91.00686787270509], [0.8269432870517783]]
[500.0, 800.0, 0.123039, [15.41197], [1611.0], [91.00686787270509], [0.8179822125205414]]
[500.0, 1000.0, 0.110485, [13.82747], [1611.0], [91.00686787270509], [0.7754058292275084]]
[500.0, 2000.0, 0.114513, [14.335480000000002], [1611.0], [91.00686787270509], [0.7903403064503289]]
[500.0, 700.0, 0.116625, [14.60196], [1611.0], [91.00686787270509], [0.7942419026971568]]
[500.0, 100.0, 0.074043, [26.299250999999998], [5130.0], [273.72431386341987], [1.8458456598534991]]
[500.0, 200.0, 0.108837, [13.619850000000001], [1611.0], [91.00686787270509], [0.7698395287330991]]
[500.0, 1500.0, 0.133943, [16.791510000000002], [1611.0], [91.00686787270509], [0.856888382462967]]
[500.0, 900.0, 0.116169, [41.35383], [5130.0], [273.72431386341987], [2.322662114901778]]
[500.0, 1600.0, 0.117812, [14.751729999999998], [1611.0], [91.00686787270509], [0.8012039066305157]]
[500.0, 500.0, 0.125403, [15.71072], [1611.0], [91.00686787270509], [0.8314994888753692]]
[500.0, 400.0, 0.116515, [14.58812], [1611.0], [91.00686787270509], [0.7970342527143986]]
[600.0, 200.0, 0.072852, [9.098658], [1611.0], [91.00686787270509], [0.46736666547797345]]
[600.0, 1400.0, 0.096499, [12.06658], [1611.0], [91.00686787270509], [0.5380223043703672]]
[600.0, 1900.0, 0.087192, [10.897300000000001], [1611.0], [91.00686787270509], [0.5097542545187828]]
[600.0, 100.0, 0.05874, [7.331957999999999], [1611.0], [91.00686787270509], [0.4212099239096818]]
[600.0, 800.0, 0.100255, [12.539069999999999], [1611.0], [91.00686787270509], [0.5514677687771063]]
[600.0, 1200.0, 0.093363, [11.672430000000002], [1611.0], [91.00686787270509], [0.5300179242252095]]
[600.0, 600.0, 0.092015, [32.70957], [5130.0], [273.72431386341987], [1.5385288752571398]]
[600.0, 1600.0, 0.097695, [12.217], [1611.0], [91.00686787270509], [0.5420415113254703]]
[600.0, 400.0, 0.09001, [11.2511], [1611.0], [91.00686787270509], [0.5211972755109144]]
[600.0, 500.0, 0.095871, [11.987630000000001], [1611.0], [91.00686787270509], [0.536103068448596]]
[600.0, 1100.0, 0.085051, [30.223709999999997], [5130.0], [273.72431386341987], [1.4765258209730028]]
[600.0, 300.0, 0.09237, [11.54769], [1611.0], [91.00686787270509], [0.5265293913923514]]
[600.0, 1700.0, 0.090644, [11.33085], [1611.0], [91.00686787270509], [0.5209930901653111]]
[600.0, 1500.0, 0.103195, [12.90901], [1611.0], [91.00686787270509], [0.5560303049295066]]
[600.0, 1800.0, 0.095278, [11.9131], [1611.0], [91.00686787270509], [0.5359955223693571]]
[600.0, 1000.0, 0.097415, [12.18187], [1611.0], [91.00686787270509], [0.5420860632777789]]
[600.0, 2000.0, 0.092478, [11.56117], [1611.0], [91.00686787270509], [0.5276927136127616]]
[600.0, 700.0, 0.10128, [12.668059999999999], [1611.0], [91.00686787270509], [0.5549979279240599]]
[600.0, 1300.0, 0.090263, [11.28296], [1611.0], [91.00686787270509], [0.5209984644891]]
[600.0, 900.0, 0.097546, [12.19832], [1611.0], [91.00686787270509], [0.542818109498937]]
[700.0, 2000.0, 0.07567, [9.451813999999999], [1611.0], [91.00686787270509], [0.3640703228773255]]
[700.0, 100.0, 0.047896, [5.976142], [1611.0], [91.00686787270509], [0.2895450396743139]]
[700.0, 1000.0, 0.076413, [9.544909], [1611.0], [91.00686787270509], [0.3654935019942215]]
[700.0, 600.0, 0.075761, [9.463274], [1611.0], [91.00686787270509], [0.364241540739109]]
[700.0, 1400.0, 0.073988, [9.240974999999999], [1611.0], [91.00686787270509], [0.3610747844976162]]
[700.0, 1900.0, 0.073909, [9.231164], [1611.0], [91.00686787270509], [0.35932255704311133]]
[700.0, 200.0, 0.050885, [6.349755], [1611.0], [91.00686787270509], [0.2980087750385884]]
[700.0, 400.0, 0.072635, [9.071523], [1611.0], [91.00686787270509], [0.3560884721526379]]
[700.0, 1300.0, 0.075309, [9.406601], [1611.0], [91.00686787270509], [0.3623287181552133]]
[700.0, 1100.0, 0.072655, [9.073977], [1611.0], [91.00686787270509], [0.35563717465979283]]
[700.0, 800.0, 0.080321, [10.035020000000001], [1611.0], [91.00686787270509], [0.37476472619498225]]
[700.0, 1500.0, 0.072151, [9.010897], [1611.0], [91.00686787270509], [0.3550791461068926]]
[700.0, 1600.0, 0.072598, [9.066871999999998], [1611.0], [91.00686787270509], [0.3561804318038822]]
[700.0, 1800.0, 0.073354, [9.161632], [1611.0], [91.00686787270509], [0.3579745801031129]]
[700.0, 1200.0, 0.069266, [8.649474999999999], [1611.0], [91.00686787270509], [0.34737127112068433]]
[700.0, 700.0, 0.075489, [9.429203999999999], [1611.0], [91.00686787270509], [0.3648268082254921]]
[700.0, 900.0, 0.082137, [10.26281], [1611.0], [91.00686787270509], [0.37880720690081915]]
[700.0, 300.0, 0.066129, [8.256632], [1611.0], [91.00686787270509], [0.33992013767942614]]
[700.0, 500.0, 0.073711, [9.206254], [1611.0], [91.00686787270509], [0.35971808406028183]]
[700.0, 1700.0, 0.077556, [9.688208], [1611.0], [91.00686787270509], [0.3688238061730831]]
[800.0, 300.0, 0.048493, [6.050784], [1611.0], [91.00686787270509], [0.22549937915657328]]
[800.0, 100.0, 0.033801, [4.215877], [1611.0], [91.00686787270509], [0.1889179716173133]]
[800.0, 1800.0, 0.059727, [7.455386], [1611.0], [91.00686787270509], [0.25075178962472033]]
[800.0, 800.0, 0.058572, [7.310978999999999], [1611.0], [91.00686787270509], [0.24886861995840293]]
[800.0, 400.0, 0.06039, [7.5383640000000005], [1611.0], [91.00686787270509], [0.2528286178422055]]
[800.0, 200.0, 0.039304, [4.9029180000000006], [1611.0], [91.00686787270509], [0.20340732533515107]]
[800.0, 1700.0, 0.057604, [7.189814999999999], [1611.0], [91.00686787270509], [0.2473371585508332]]
[800.0, 600.0, 0.058874, [7.348682999999999], [1611.0], [91.00686787270509], [0.24928700327132983]]
[800.0, 1600.0, 0.056294, [7.025995999999999], [1611.0], [91.00686787270509], [0.24343633664677095]]
[800.0, 1000.0, 0.057208, [7.140314999999999], [1611.0], [91.00686787270509], [0.2463642831256187]]
[800.0, 1100.0, 0.057249, [7.1454640000000005], [1611.0], [91.00686787270509], [0.2459570287672219]]
[800.0, 1500.0, 0.060373, [7.536244], [1611.0], [91.00686787270509], [0.25247368179673696]]
[800.0, 1400.0, 0.060831, [7.593469], [1611.0], [91.00686787270509], [0.25325637208173063]]
[800.0, 1200.0, 0.061047, [7.620569000000001], [1611.0], [91.00686787270509], [0.2535966482428346]]
[800.0, 900.0, 0.061223, [7.642549999999999], [1611.0], [91.00686787270509], [0.2543281345034403]]
[800.0, 1300.0, 0.060095, [7.50141], [1611.0], [91.00686787270509], [0.2525856290448845]]
[800.0, 2000.0, 0.057759, [7.209179000000001], [1611.0], [91.00686787270509], [0.24698240828042795]]
[800.0, 500.0, 0.059702, [7.452255000000001], [1611.0], [91.00686787270509], [0.2506464641681586]]
[800.0, 1900.0, 0.056997, [7.113932999999999], [1611.0], [91.00686787270509], [0.2450168769697304]]
[800.0, 700.0, 0.058498, [7.301681], [1611.0], [91.00686787270509], [0.2488406116372486]]
[900.0, 200.0, 0.029962, [3.7366129999999997], [1611.0], [91.00686787270509], [0.13974136824863279]]
[900.0, 1100.0, 0.047447, [5.920102], [1611.0], [91.00686787270509], [0.17634664726044552]]
[900.0, 300.0, 0.03484, [4.345566], [1611.0], [91.00686787270509], [0.15092776417876202]]
[900.0, 1000.0, 0.045991, [5.738076], [1611.0], [91.00686787270509], [0.17356263998914054]]
[900.0, 900.0, 0.04746, [5.921719], [1611.0], [91.00686787270509], [0.17592714401137763]]
[900.0, 1600.0, 0.044847, [5.595198], [1611.0], [91.00686787270509], [0.17153180463109458]]
[900.0, 700.0, 0.04693, [0.840932129032258], [144.0], [7.70275924588066], [0.035792453235798695]]
[900.0, 1900.0, 0.045573, [5.6859519999999995], [1611.0], [91.00686787270509], [0.1725393868077663]]
[900.0, 500.0, 0.045141, [5.63195], [1611.0], [91.00686787270509], [0.171852814931848]]
[900.0, 1400.0, 0.046323, [5.779578], [1611.0], [91.00686787270509], [0.17465826633743964]]
[900.0, 1200.0, 0.045162, [5.634497], [1611.0], [91.00686787270509], [0.17177066105712]]
[900.0, 1500.0, 0.04375, [5.458172], [1611.0], [91.00686787270509], [0.16908823140597337]]
[900.0, 800.0, 0.047266, [5.897416], [1611.0], [91.00686787270509], [0.17645546180268834]]
[900.0, 400.0, 0.042393, [5.288606000000001], [1611.0], [91.00686787270509], [0.16657541835456996]]
[900.0, 100.0, 0.028045, [3.497443], [1611.0], [91.00686787270509], [0.13593196827825307]]
[900.0, 600.0, 0.044411, [5.540717], [1611.0], [91.00686787270509], [0.17010155789997927]]
[900.0, 1800.0, 0.046888, [5.850147000000001], [1611.0], [91.00686787270509], [0.1755131618996137]]
[900.0, 2000.0, 0.047379, [5.911548], [1611.0], [91.00686787270509], [0.17695753727942756]]
[900.0, 1700.0, 0.048108, [6.002681], [1611.0], [91.00686787270509], [0.17770616196406921]]
[900.0, 1300.0, 0.046348, [5.782721], [1611.0], [91.00686787270509], [0.17388200021853903]]
[1000.0, 1600.0, 0.036463, [0.6529253225806451], [144.0], [7.70275924588066], [0.025187139575584997]]
[1000.0, 1400.0, 0.037737, [0.6757914193548388], [144.0], [7.70275924588066], [0.0255061035726529]]
[1000.0, 1500.0, 0.0362, [4.5152969999999994], [1611.0], [91.00686787270509], [0.12279987785010212]]
[1000.0, 700.0, 0.037874, [0.678249870967742], [144.0], [7.70275924588066], [0.025672134323994556]]
[1000.0, 1900.0, 0.035733, [0.6398236451612904], [144.0], [7.70275924588066], [0.024811299643718907]]
[1000.0, 1800.0, 0.036309, [0.6501562258064516], [144.0], [7.70275924588066], [0.02502452320637809]]
[1000.0, 500.0, 0.03846, [0.6887702903225805], [144.0], [7.70275924588066], [0.02581275191238475]]
[1000.0, 1000.0, 0.037058, [0.6636123870967743], [144.0], [7.70275924588066], [0.025336839338786922]]
[1000.0, 200.0, 0.02311, [2.8817130000000004], [1611.0], [91.00686787270509], [0.09798117676370294]]
[1000.0, 1100.0, 0.035812, [0.6412479677419355], [144.0], [7.70275924588066], [0.02482922321987527]]
[1000.0, 2000.0, 0.039419, [0.7059832258064517], [144.0], [7.70275924588066], [0.026147530548755977]]
[1000.0, 1700.0, 0.03608, [0.6460455483870967], [144.0], [7.70275924588066], [0.024958912542347795]]
[1000.0, 800.0, 0.037497, [0.6714847741935485], [144.0], [7.70275924588066], [0.025526020818250065]]
[1000.0, 1300.0, 0.035504, [4.428443], [1611.0], [91.00686787270509], [0.1217046424751332]]
[1000.0, 400.0, 0.030957, [0.5541419032258065], [144.0], [7.70275924588066], [0.023210441490259005]]
[1000.0, 300.0, 0.026505, [0.4743177096774193], [144.0], [7.70275924588066], [0.021427494032674268]]
[1000.0, 600.0, 0.038631, [0.6918387096774193], [144.0], [7.70275924588066], [0.025855225058993327]]
[1000.0, 1200.0, 0.036098, [4.5025900000000005], [1611.0], [91.00686787270509], [0.12227354578975781]]
[1000.0, 100.0, 0.021586, [0.3861827419354839], [144.0], [7.70275924588066], [0.019333321587901752]]
[1000.0, 900.0, 0.03712, [0.6647208387096774], [144.0], [7.70275924588066], [0.025305487738382346]]
[1100.0, 1300.0, 0.029895, [0.535104870967742], [144.0], [7.70275924588066], [0.018225745446657823]]
[1100.0, 1800.0, 0.029328, [0.5249366129032258], [144.0], [7.70275924588066], [0.01804769487559507]]
[1100.0, 2000.0, 0.032441, [0.5807604193548387], [144.0], [7.70275924588066], [0.019013245533659028]]
[1100.0, 700.0, 0.02954, [0.5287290967741936], [144.0], [7.70275924588066], [0.018178079559811326]]
[1100.0, 900.0, 0.031134, [0.5573229677419356], [144.0], [7.70275924588066], [0.018671024143303804]]
[1100.0, 200.0, 0.018814, [0.33655325806451614], [144.0], [7.70275924588066], [0.014442881651007723]]
[1100.0, 1900.0, 0.029993, [0.5368514516129032], [144.0], [7.70275924588066], [0.018295854002293988]]
[1100.0, 1500.0, 0.031361, [0.5613828387096774], [144.0], [7.70275924588066], [0.018681645602412863]]
[1100.0, 800.0, 0.029968, [0.5364107419354839], [144.0], [7.70275924588066], [0.01831276503325949]]
[1100.0, 500.0, 0.029945, [0.5359900645161291], [144.0], [7.70275924588066], [0.018277105823802764]]
[1100.0, 1700.0, 0.03119, [0.5583228387096775], [144.0], [7.70275924588066], [0.018621107908216646]]
[1100.0, 400.0, 0.023435, [0.4193178387096774], [144.0], [7.70275924588066], [0.01613955424534065]]
[1100.0, 600.0, 0.032236, [0.5770770967741936], [144.0], [7.70275924588066], [0.01893328420481869]]
[1100.0, 1400.0, 0.031697, [0.5674137096774193], [144.0], [7.70275924588066], [0.018830285428628565]]
[1100.0, 100.0, 0.016689, [0.2984934193548387], [144.0], [7.70275924588066], [0.013695811963830228]]
[1100.0, 1100.0, 0.03204, [0.5735720322580645], [144.0], [7.70275924588066], [0.018920398535686805]]
[1100.0, 1000.0, 0.031799, [0.5692456451612903], [144.0], [7.70275924588066], [0.018798143851957196]]
[1100.0, 300.0, 0.019221, [0.34383890322580646], [144.0], [7.70275924588066], [0.014648021462926517]]
[1100.0, 1200.0, 0.03163, [0.5662077096774193], [144.0], [7.70275924588066], [0.018728491180387722]]
[1100.0, 1600.0, 0.032823, [0.5876085483870969], [144.0], [7.70275924588066], [0.019175882273787245]]
[1200.0, 100.0, 0.01386, [0.2478664161290323], [144.0], [7.70275924588066], [0.009994938313139044]]
[1200.0, 1400.0, 0.025973, [0.46478787096774193], [144.0], [7.70275924588066], [0.013670226463789101]]
[1200.0, 1700.0, 0.025341, [0.4534661612903226], [144.0], [7.70275924588066], [0.013592436915841628]]
[1200.0, 1800.0, 0.02442, [0.4369558064516129], [144.0], [7.70275924588066], [0.013320833986884583]]
[1200.0, 700.0, 0.026456, [0.47345487096774186], [144.0], [7.70275924588066], [0.01381209791839705]]
[1200.0, 200.0, 0.014793, [0.2645536935483871], [144.0], [7.70275924588066], [0.010392648185921486]]
[1200.0, 1900.0, 0.026679, [0.4774427419354839], [144.0], [7.70275924588066], [0.013928438743350357]]
[1200.0, 1200.0, 0.02477, [0.44323374193548387], [144.0], [7.70275924588066], [0.013431321664859804]]
[1200.0, 1100.0, 0.024562, [0.43950338709677417], [144.0], [7.70275924588066], [0.013312172025535916]]
[1200.0, 1300.0, 0.025534, [0.45693029032258065], [144.0], [7.70275924588066], [0.01364122592529928]]
[1200.0, 2000.0, 0.025035, [0.44797790322580644], [144.0], [7.70275924588066], [0.013494779427623413]]
[1200.0, 800.0, 0.026165, [0.468229064516129], [144.0], [7.70275924588066], [0.013747677015010683]]
[1200.0, 1600.0, 0.026489, [0.47403290322580643], [144.0], [7.70275924588066], [0.013846652356350521]]
[1200.0, 1000.0, 0.024973, [0.4468711935483871], [144.0], [7.70275924588066], [0.013431007890134274]]
[1200.0, 1500.0, 0.02468, [0.44162651612903225], [144.0], [7.70275924588066], [0.013364223560834915]]
[1200.0, 300.0, 0.015844, [0.2833815193548387], [144.0], [7.70275924588066], [0.010695548491976688]]
[1200.0, 600.0, 0.026074, [0.4666079032258065], [144.0], [7.70275924588066], [0.013771496827503072]]
[1200.0, 500.0, 0.021039, [0.37640090322580644], [144.0], [7.70275924588066], [0.012309629488646796]]
[1200.0, 900.0, 0.027557, [0.49318693548387094], [144.0], [7.70275924588066], [0.014148923911973144]]
[1200.0, 400.0, 0.019722, [0.35281074193548384], [144.0], [7.70275924588066], [0.011975178282645509]]
[1300.0, 1600.0, 0.020815, [0.37237674193548387], [144.0], [7.70275924588066], [0.009948635148156467]]
[1300.0, 1700.0, 0.01865, [0.3336041612903226], [144.0], [7.70275924588066], [0.009398235659248164]]
[1300.0, 900.0, 0.019346, [0.3460645161290323], [144.0], [7.70275924588066], [0.00956139855626346]]
[1300.0, 200.0, 0.011692, [0.20907188709677418], [144.0], [7.70275924588066], [0.007462096291351002]]
[1300.0, 1800.0, 0.021083, [0.3771879677419355], [144.0], [7.70275924588066], [0.01004140149663628]]
[1300.0, 1000.0, 0.020319, [0.36350332258064516], [144.0], [7.70275924588066], [0.009828004699773608]]
[1300.0, 1400.0, 0.020877, [0.3734843225806452], [144.0], [7.70275924588066], [0.00999249666470661]]
[1300.0, 1200.0, 0.021026, [0.37615790322580644], [144.0], [7.70275924588066], [0.009985712582246403]]
[1300.0, 500.0, 0.016615, [0.29717129032258066], [144.0], [7.70275924588066], [0.008899575303503326]]
[1300.0, 100.0, 0.01152, [0.20599980967741932], [144.0], [7.70275924588066], [0.007409298458156449]]
[1300.0, 1100.0, 0.021723, [0.3886452580645161], [144.0], [7.70275924588066], [0.010129770468270953]]
[1300.0, 2000.0, 0.020746, [0.37114693548387095], [144.0], [7.70275924588066], [0.009965696313739943]]
[1300.0, 1300.0, 0.01967, [0.35187329032258063], [144.0], [7.70275924588066], [0.009674008431147376]]
[1300.0, 1500.0, 0.021322, [0.38145396774193546], [144.0], [7.70275924588066], [0.010069687102143126]]
[1300.0, 600.0, 0.019509, [0.3489825483870968], [144.0], [7.70275924588066], [0.009623674632047633]]
[1300.0, 300.0, 0.012253, [0.2191093548387097], [144.0], [7.70275924588066], [0.007633035606509335]]
[1300.0, 1900.0, 0.019814, [0.35444496774193546], [144.0], [7.70275924588066], [0.009700810923332097]]
[1300.0, 400.0, 0.014853, [0.26562762580645166], [144.0], [7.70275924588066], [0.00839568580679942]]
[1300.0, 700.0, 0.020124, [0.36001335483870966], [144.0], [7.70275924588066], [0.009776614519721111]]
[1300.0, 800.0, 0.020138, [0.36026129032258064], [144.0], [7.70275924588066], [0.009812344897267648]]
[1400.0, 1100.0, 0.016664, [0.2980498064516129], [144.0], [7.70275924588066], [0.007247980414104788]]
[1400.0, 400.0, 0.011657, [0.20844595161290325], [144.0], [7.70275924588066], [0.0060732444567141676]]
[1400.0, 1500.0, 0.015496, [0.27715049999999997], [144.0], [7.70275924588066], [0.006961470564798631]]
[1400.0, 1800.0, 0.015688, [0.2805869032258064], [144.0], [7.70275924588066], [0.0070522378718418585]]
[1400.0, 1600.0, 0.016247, [0.29058300000000004], [144.0], [7.70275924588066], [0.007160171250836893]]
[1400.0, 1400.0, 0.016099, [0.28793624516129035], [144.0], [7.70275924588066], [0.0071035848770982825]]
[1400.0, 600.0, 0.014449, [0.2584126451612903], [144.0], [7.70275924588066], [0.006739925468236109]]
[1400.0, 1700.0, 0.015935, [0.2849959741935484], [144.0], [7.70275924588066], [0.007098329506989816]]
[1400.0, 900.0, 0.016025, [0.2866216645161291], [144.0], [7.70275924588066], [0.0071080205756344035]]
[1400.0, 100.0, 0.009058, [0.1619460870967742], [144.0], [7.70275924588066], [0.00534210825456935]]
[1400.0, 700.0, 0.015924, [0.2848119387096774], [144.0], [7.70275924588066], [0.007074027070985845]]
[1400.0, 2000.0, 0.016098, [0.28791969677419355], [144.0], [7.70275924588066], [0.007107502953288825]]
[1400.0, 800.0, 0.015933, [0.284958464516129], [144.0], [7.70275924588066], [0.007075484723966571]]
[1400.0, 1300.0, 0.015741, [0.28152888387096775], [144.0], [7.70275924588066], [0.007027250717989642]]
[1400.0, 300.0, 0.010091, [0.1804321161290323], [144.0], [7.70275924588066], [0.00562205760711976]]
[1400.0, 1200.0, 0.01647, [0.2945810322580645], [144.0], [7.70275924588066], [0.0071999110296271955]]
[1400.0, 500.0, 0.01232, [0.22030359677419353], [144.0], [7.70275924588066], [0.006238617497734454]]
[1400.0, 1000.0, 0.016011, [0.28635456774193546], [144.0], [7.70275924588066], [0.007081826516189946]]
[1400.0, 200.0, 0.009237, [0.16514271290322582], [144.0], [7.70275924588066], [0.005400744485620424]]
[1400.0, 1900.0, 0.016576, [0.29648438709677416], [144.0], [7.70275924588066], [0.007224884935478579]]
[1500.0, 1500.0, 0.010724, [0.1917538548387097], [144.0], [7.70275924588066], [0.011418774998947431]]
[1500.0, 1100.0, 0.013034, [0.2330816806451613], [144.0], [7.70275924588066], [0.012622079287340104]]
[1500.0, 1800.0, 0.011958, [0.21382252258064516], [144.0], [7.70275924588066], [0.012009469988590996]]
[1500.0, 400.0, 0.008475, [0.15152211290322581], [144.0], [7.70275924588066], [0.010192481160955913]]
[1500.0, 200.0, 0.007159, [0.12797953548387098], [144.0], [7.70275924588066], [0.009383915656532052]]
[1500.0, 500.0, 0.008115, [0.14507390322580646], [144.0], [7.70275924588066], [0.009940299210139338]]
[1500.0, 1300.0, 0.011788, [0.2107787806451613], [144.0], [7.70275924588066], [0.01195216846038019]]
[1500.0, 600.0, 0.010542, [0.18849890322580648], [144.0], [7.70275924588066], [0.01126496507253031]]
[1500.0, 1000.0, 0.011875, [0.21234588387096773], [144.0], [7.70275924588066], [0.012119216987719192]]
[1500.0, 2000.0, 0.01124, [0.2009759806451613], [144.0], [7.70275924588066], [0.011761228964856851]]
[1500.0, 800.0, 0.011495, [0.20554255161290325], [144.0], [7.70275924588066], [0.011926789422611668]]
[1500.0, 1700.0, 0.012129, [0.21688679032258065], [144.0], [7.70275924588066], [0.01210543857446416]]
[1500.0, 1200.0, 0.011902, [0.21282140322580645], [144.0], [7.70275924588066], [0.0120293752059695]]
[1500.0, 300.0, 0.007932, [0.1418110258064516], [144.0], [7.70275924588066], [0.009832827644157535]]
[1500.0, 1400.0, 0.01168, [0.2088624193548387], [144.0], [7.70275924588066], [0.011939870423216701]]
[1500.0, 100.0, 0.006634, [0.11858931290322582], [144.0], [7.70275924588066], [0.009016178902279992]]
[1500.0, 900.0, 0.011595, [0.20733683225806454], [144.0], [7.70275924588066], [0.011950694492595776]]
[1500.0, 700.0, 0.012684, [0.22681100322580647], [144.0], [7.70275924588066], [0.012485535147891753]]
[1500.0, 1900.0, 0.011583, [0.2071240548387097], [144.0], [7.70275924588066], [0.01195831273618306]]
[1500.0, 1600.0, 0.011328, [0.20256532258064516], [144.0], [7.70275924588066], [0.011854237509442814]]
[1600.0, 1500.0, 0.008895, [0.15903862258064516], [144.0], [7.70275924588066], [0.008537641267839393]]
[1600.0, 100.0, 0.005284, [0.0944482064516129], [144.0], [7.70275924588066], [0.006533118007912223]]
[1600.0, 1300.0, 0.008568, [0.15319332580645162], [144.0], [7.70275924588066], [0.00838236607899023]]
[1600.0, 900.0, 0.008855, [0.15832109032258065], [144.0], [7.70275924588066], [0.00852372115760063]]
[1600.0, 300.0, 0.005988, [0.10704071612903227], [144.0], [7.70275924588066], [0.006997469848966899]]
[1600.0, 500.0, 0.006115, [0.10932395806451614], [144.0], [7.70275924588066], [0.00708642035035277]]
[1600.0, 1000.0, 0.009571, [0.171126435483871], [144.0], [7.70275924588066], [0.008848737453814235]]
[1600.0, 1200.0, 0.009263, [0.1656182612903226], [144.0], [7.70275924588066], [0.008680754881170873]]
[1600.0, 1800.0, 0.009821, [0.17559107419354839], [144.0], [7.70275924588066], [0.00891428616989799]]
[1600.0, 1100.0, 0.008901, [0.15914653548387098], [144.0], [7.70275924588066], [0.008531150150643227]]
[1600.0, 1900.0, 0.009381, [0.16771839677419356], [144.0], [7.70275924588066], [0.00871926391775302]]
[1600.0, 1700.0, 0.009111, [0.16290449999999998], [144.0], [7.70275924588066], [0.008670530896973947]]
[1600.0, 800.0, 0.008813, [0.1575642483870968], [144.0], [7.70275924588066], [0.008446329147422407]]
[1600.0, 200.0, 0.006026, [0.10773258387096774], [144.0], [7.70275924588066], [0.006997983565673174]]
[1600.0, 1600.0, 0.00896, [0.16019033225806453], [144.0], [7.70275924588066], [0.008587102475701556]]
[1600.0, 2000.0, 0.009014, [0.161163], [144.0], [7.70275924588066], [0.008541620901038957]]
[1600.0, 1400.0, 0.00923, [0.16502542258064515], [144.0], [7.70275924588066], [0.008685548674392087]]
[1600.0, 700.0, 0.0084, [0.15018468387096773], [144.0], [7.70275924588066], [0.008305232951630754]]
[1600.0, 400.0, 0.005799, [0.1036566870967742], [144.0], [7.70275924588066], [0.006864831971875289]]
[1600.0, 600.0, 0.006779, [0.12118938387096774], [144.0], [7.70275924588066], [0.007444604664159081]]
[1700.0, 900.0, 0.006691, [0.11961397741935484], [144.0], [7.70275924588066], [0.006010828781713893]]
[1700.0, 1500.0, 0.007039, [0.12583181612903224], [144.0], [7.70275924588066], [0.006154636028312232]]
[1700.0, 1800.0, 0.006539, [0.11689774838709677], [144.0], [7.70275924588066], [0.0059499394185392514]]
[1700.0, 700.0, 0.006379, [0.11404135161290323], [144.0], [7.70275924588066], [0.005904837273440011]]
[1700.0, 500.0, 0.00466, [0.0832948258064516], [144.0], [7.70275924588066], [0.005041231546426193]]
[1700.0, 300.0, 0.004514, [0.08068122580645161], [144.0], [7.70275924588066], [0.004956207818658067]]
[1700.0, 800.0, 0.006551, [0.1171161], [144.0], [7.70275924588066], [0.005961051524333138]]
[1700.0, 1300.0, 0.006938, [0.1240311193548387], [144.0], [7.70275924588066], [0.00616315658274845]]
[1700.0, 400.0, 0.004582, [0.08189567419354839], [144.0], [7.70275924588066], [0.004974807668880448]]
[1700.0, 1000.0, 0.006864, [0.12271302580645162], [144.0], [7.70275924588066], [0.006097658921981792]]
[1700.0, 2000.0, 0.006643, [0.1187491064516129], [144.0], [7.70275924588066], [0.006028571980566369]]
[1700.0, 1600.0, 0.007032, [0.12570558387096775], [144.0], [7.70275924588066], [0.006163223594681902]]
[1700.0, 1400.0, 0.00707, [0.12639800322580647], [144.0], [7.70275924588066], [0.006204633703649396]]
[1700.0, 1200.0, 0.007239, [0.1294135548387097], [144.0], [7.70275924588066], [0.006240875378845246]]
[1700.0, 100.0, 0.003555, [0.06354133548387096], [144.0], [7.70275924588066], [0.0043847687608776316]]
[1700.0, 1700.0, 0.006843, [0.12233122258064516], [144.0], [7.70275924588066], [0.006116560749361061]]
[1700.0, 1900.0, 0.006988, [0.12492960967741935], [144.0], [7.70275924588066], [0.006184937436434734]]
[1700.0, 1100.0, 0.006775, [0.12111186774193548], [144.0], [7.70275924588066], [0.0060861010263052115]]
[1700.0, 600.0, 0.005855, [0.10466352580645161], [144.0], [7.70275924588066], [0.005667848558675425]]
[1700.0, 200.0, 0.003928, [0.07020589354838709], [144.0], [7.70275924588066], [0.004619209258383596]]
[1800.0, 600.0, 0.00401, [0.07168070322580646], [144.0], [7.70275924588066], [0.003820594420684735]]
[1800.0, 1800.0, 0.005156, [0.0921603193548387], [144.0], [7.70275924588066], [0.004311078196149945]]
[1800.0, 400.0, 0.003286, [0.058729732258064514], [144.0], [7.70275924588066], [0.0034427986189879455]]
[1800.0, 1300.0, 0.005099, [0.09114561290322581], [144.0], [7.70275924588066], [0.0043255794484712016]]
[1800.0, 1200.0, 0.00508, [0.09081264193548387], [144.0], [7.70275924588066], [0.0042857139690798155]]
[1800.0, 1700.0, 0.005395, [0.09643293870967741], [144.0], [7.70275924588066], [0.004443395395762133]]
[1800.0, 500.0, 0.003555, [0.06353616774193548], [144.0], [7.70275924588066], [0.003568546386002719]]
[1800.0, 1600.0, 0.005376, [0.09609424838709678], [144.0], [7.70275924588066], [0.004409106388682651]]
[1800.0, 1000.0, 0.004976, [0.08895057096774193], [144.0], [7.70275924588066], [0.004226168477474602]]
[1800.0, 700.0, 0.004407, [0.07878359032258064], [144.0], [7.70275924588066], [0.004036206479745355]]
[1800.0, 200.0, 0.003093, [0.0552866806451613], [144.0], [7.70275924588066], [0.0033584262146007906]]
[1800.0, 800.0, 0.004805, [0.08589742258064516], [144.0], [7.70275924588066], [0.004152008778779673]]
[1800.0, 2000.0, 0.00487, [0.08706138387096773], [144.0], [7.70275924588066], [0.004238081261414874]]
[1800.0, 1100.0, 0.005652, [0.1010406193548387], [144.0], [7.70275924588066], [0.004550640450746103]]
[1800.0, 900.0, 0.005307, [0.09487106129032258], [144.0], [7.70275924588066], [0.004409032789090568]]
[1800.0, 1500.0, 0.005204, [0.09302536451612903], [144.0], [7.70275924588066], [0.004356312331317817]]
[1800.0, 1400.0, 0.005225, [0.09340310322580646], [144.0], [7.70275924588066], [0.0043455054824522886]]
[1800.0, 1900.0, 0.005211, [0.09315142258064517], [144.0], [7.70275924588066], [0.004357441157873372]]
[1800.0, 100.0, 0.002966, [0.0530113935483871], [144.0], [7.70275924588066], [0.003319702558670536]]
[1800.0, 300.0, 0.00316, [0.056489980645161295], [144.0], [7.70275924588066], [0.0033880421261388055]]
[1900.0, 300.0, 0.002342, [0.041867767741935485], [144.0], [7.70275924588066], [0.0023973419398765263]]
[1900.0, 1600.0, 0.003385, [0.06050766774193548], [144.0], [7.70275924588066], [0.0028715675687277487]]
[1900.0, 600.0, 0.002909, [0.051999125806451614], [144.0], [7.70275924588066], [0.002671015076719417]]
[1900.0, 1500.0, 0.003938, [0.0703980870967742], [144.0], [7.70275924588066], [0.003102110020048101]]
[1900.0, 500.0, 0.002814, [0.05029127419354839], [144.0], [7.70275924588066], [0.0026145182105820454]]
[1900.0, 1700.0, 0.003612, [0.06455943870967742], [144.0], [7.70275924588066], [0.0029467212771349225]]
[1900.0, 1800.0, 0.003783, [0.06762843870967743], [144.0], [7.70275924588066], [0.0030427482408901603]]
[1900.0, 800.0, 0.003298, [0.05894250967741935], [144.0], [7.70275924588066], [0.0028099731520967743]]
[1900.0, 1300.0, 0.003826, [0.06839140645161292], [144.0], [7.70275924588066], [0.003067774295138172]]
[1900.0, 1000.0, 0.003919, [0.07005663870967742], [144.0], [7.70275924588066], [0.0031143968337187236]]
[1900.0, 1900.0, 0.003787, [0.06769814516129033], [144.0], [7.70275924588066], [0.003024530149009672]]
[1900.0, 1200.0, 0.003464, [0.06191921612903226], [144.0], [7.70275924588066], [0.002896458483765818]]
[1900.0, 100.0, 0.002065, [0.036909783870967744], [144.0], [7.70275924588066], [0.002254623179509535]]
[1900.0, 2000.0, 0.003687, [0.06590075806451613], [144.0], [7.70275924588066], [0.002995488960136854]]
[1900.0, 1100.0, 0.003814, [0.06817587096774193], [144.0], [7.70275924588066], [0.0030673786291435454]]
[1900.0, 900.0, 0.00366, [0.06542512258064516], [144.0], [7.70275924588066], [0.002980033661613512]]
[1900.0, 200.0, 0.002128, [0.03803643870967742], [144.0], [7.70275924588066], [0.002269064043546343]]
[1900.0, 400.0, 0.002438, [0.04357680967741935], [144.0], [7.70275924588066], [0.0024398328634693263]]
[1900.0, 700.0, 0.002998, [0.053578045161290326], [144.0], [7.70275924588066], [0.0027026553020283004]]
[1900.0, 1400.0, 0.00406, [0.07257019354838709], [144.0], [7.70275924588066], [0.003149278793608964]]
[2000.0, 1500.0, 0.002898, [0.051795870967741936], [144.0], [7.70275924588066], [0.002167589489167261]]
[2000.0, 1200.0, 0.002858, [0.05108138709677419], [144.0], [7.70275924588066], [0.00214711067138415]]
[2000.0, 1300.0, 0.002701, [0.04828192258064516], [144.0], [7.70275924588066], [0.0021051920726744143]]
[2000.0, 300.0, 0.00165, [0.02949851612903226], [144.0], [7.70275924588066], [0.001646446717936904]]
[2000.0, 900.0, 0.002767, [0.04945650967741935], [144.0], [7.70275924588066], [0.002116543805240166]]
[2000.0, 1900.0, 0.002862, [0.051159106451612896], [144.0], [7.70275924588066], [0.00215993873482314]]
[2000.0, 1600.0, 0.002805, [0.0501295064516129], [144.0], [7.70275924588066], [0.002129799011490153]]
[2000.0, 500.0, 0.001713, [0.030615938709677416], [144.0], [7.70275924588066], [0.0016777437744592387]]
[2000.0, 600.0, 0.001845, [0.0329764935483871], [144.0], [7.70275924588066], [0.001730817422205891]]
[2000.0, 200.0, 0.001601, [0.02861246322580645], [144.0], [7.70275924588066], [0.0016146947469755728]]
[2000.0, 1800.0, 0.002807, [0.05016971612903226], [144.0], [7.70275924588066], [0.0021315061946070627]]
[2000.0, 2000.0, 0.002959, [0.05289517741935484], [144.0], [7.70275924588066], [0.0022078025363564888]]
[2000.0, 400.0, 0.001759, [0.03143043870967742], [144.0], [7.70275924588066], [0.0016921578069744188]]
[2000.0, 1100.0, 0.002771, [0.049528509677419355], [144.0], [7.70275924588066], [0.0021513804343148996]]
[2000.0, 100.0, 0.001409, [0.025189432258064515], [144.0], [7.70275924588066], [0.0015053565958766115]]
[2000.0, 1400.0, 0.00299, [0.053446558064516134], [144.0], [7.70275924588066], [0.002200359799355121]]
[2000.0, 1700.0, 0.002722, [0.04865524838709677], [144.0], [7.70275924588066], [0.0021094723635177986]]
[2000.0, 700.0, 0.002104, [0.03761367096774194], [144.0], [7.70275924588066], [0.0018621542440732679]]
[2000.0, 1000.0, 0.002653, [0.04741426451612903], [144.0], [7.70275924588066], [0.0020693276291173695]]
[2000.0, 800.0, 0.002252, [0.04025366129032258], [144.0], [7.70275924588066], [0.0019082073052126736]]
[2100.0, 200.0, 0.001128, [0.020156722258064516], [144.0], [7.70275924588066], [0.0011112761879338935]]
[2100.0, 100.0, 0.001146, [0.020482734193548388], [144.0], [7.70275924588066], [0.0011141138016177946]]
[2100.0, 400.0, 0.00127, [0.022703208387096777], [144.0], [7.70275924588066], [0.0011723885808004354]]
[2100.0, 1400.0, 0.002064, [0.03688516451612903], [144.0], [7.70275924588066], [0.0014922134422850196]]
[2100.0, 500.0, 0.001353, [0.024187990645161292], [144.0], [7.70275924588066], [0.0012124345096402088]]
[2100.0, 800.0, 0.001614, [0.028851305806451615], [144.0], [7.70275924588066], [0.0013141409201301274]]
[2100.0, 300.0, 0.00109, [0.019479867096774194], [144.0], [7.70275924588066], [0.001085570441833759]]
[2100.0, 600.0, 0.001388, [0.02480067290322581], [144.0], [7.70275924588066], [0.0012369452403301622]]
[2100.0, 700.0, 0.001531, [0.027356510322580647], [144.0], [7.70275924588066], [0.001286741971470831]]
[2100.0, 1000.0, 0.002025, [0.036189900000000004], [144.0], [7.70275924588066], [0.0014799151900778305]]
[2100.0, 1700.0, 0.002086, [0.03729118064516129], [144.0], [7.70275924588066], [0.001517356740396757]]
[2100.0, 1800.0, 0.002054, [0.03670626774193548], [144.0], [7.70275924588066], [0.0014753492575799911]]
[2100.0, 1900.0, 0.001909, [0.034119232258064514], [144.0], [7.70275924588066], [0.0014405152889180525]]
[2100.0, 900.0, 0.001769, [0.031613225806451616], [144.0], [7.70275924588066], [0.001385001207751627]]
[2100.0, 2000.0, 0.002095, [0.03744505161290323], [144.0], [7.70275924588066], [0.0015198477215741693]]
[2100.0, 1200.0, 0.002045, [0.036557796774193546], [144.0], [7.70275924588066], [0.0014912237849132326]]
[2100.0, 1500.0, 0.002065, [0.03690650322580646], [144.0], [7.70275924588066], [0.0014979888390487667]]
[2100.0, 1100.0, 0.002069, [0.036986167741935486], [144.0], [7.70275924588066], [0.0015086978211373816]]
[2100.0, 1300.0, 0.002101, [0.03754614193548387], [144.0], [7.70275924588066], [0.0015078903194200247]]
[2100.0, 1600.0, 0.001967, [0.03515684516129032], [144.0], [7.70275924588066], [0.0014548000495542824]]
[2200.0, 1700.0, 0.00145, [0.02591266935483871], [144.0], [7.70275924588066], [0.00102831299061119]]
[2200.0, 1100.0, 0.001497, [0.02675628580645161], [144.0], [7.70275924588066], [0.001047054334003675]]
[2200.0, 200.0, 0.000764, [0.013646142580645162], [144.0], [7.70275924588066], [0.0007455683973799427]]
[2200.0, 1800.0, 0.001479, [0.026440821290322578], [144.0], [7.70275924588066], [0.0010331283126029259]]
[2200.0, 900.0, 0.001283, [0.022931866451612902], [144.0], [7.70275924588066], [0.0009664628966997079]]
[2200.0, 1000.0, 0.001454, [0.025989157741935488], [144.0], [7.70275924588066], [0.001020163557309734]]
[2200.0, 1300.0, 0.001431, [0.025568985483870967], [144.0], [7.70275924588066], [0.0010146743043009086]]
[2200.0, 1900.0, 0.001433, [0.02560947677419355], [144.0], [7.70275924588066], [0.0010186901824525364]]
[2200.0, 1400.0, 0.00152, [0.027163831935483874], [144.0], [7.70275924588066], [0.00105575238618557]]
[2200.0, 1600.0, 0.001518, [0.0271279364516129], [144.0], [7.70275924588066], [0.0010418423108246035]]
[2200.0, 800.0, 0.0012, [0.021442380967741936], [144.0], [7.70275924588066], [0.0009313976440167307]]
[2200.0, 400.0, 0.00082, [0.01466251258064516], [144.0], [7.70275924588066], [0.0007632999166429526]]
[2200.0, 600.0, 0.001014, [0.01813010806451613], [144.0], [7.70275924588066], [0.0008556127110687123]]
[2200.0, 2000.0, 0.00144, [0.025729443870967744], [144.0], [7.70275924588066], [0.0010226536149806984]]
[2200.0, 500.0, 0.000973, [0.017385395806451612], [144.0], [7.70275924588066], [0.0008374251043592077]]
[2200.0, 700.0, 0.001038, [0.01854506322580645], [144.0], [7.70275924588066], [0.0008656094206365207]]
[2200.0, 300.0, 0.000886, [0.01582791387096774], [144.0], [7.70275924588066], [0.0008035406864343978]]
[2200.0, 1200.0, 0.001371, [0.024501771290322577], [144.0], [7.70275924588066], [0.000994496175497988]]
[2200.0, 1500.0, 0.001511, [0.02700751935483871], [144.0], [7.70275924588066], [0.0010418378612011845]]
[2200.0, 100.0, 0.000817, [0.014609209354838709], [144.0], [7.70275924588066], [0.0007689057484165213]]
[2300.0, 700.0, 0.000755, [0.01349202193548387], [144.0], [7.70275924588066], [0.0006021784438618017]]
[2300.0, 100.0, 0.000581, [0.010388827741935483], [144.0], [7.70275924588066], [0.000531538625213307]]
[2300.0, 1800.0, 0.001118, [0.019985280967741936], [144.0], [7.70275924588066], [0.0007356684254866893]]
[2300.0, 1000.0, 0.000885, [0.01580874677419355], [144.0], [7.70275924588066], [0.0006502849283454897]]
[2300.0, 1500.0, 0.001067, [0.019071650322580645], [144.0], [7.70275924588066], [0.0007198130220276243]]
[2300.0, 1200.0, 0.001034, [0.0184803764516129], [144.0], [7.70275924588066], [0.0007040462652414373]]
[2300.0, 500.0, 0.000659, [0.01177069935483871], [144.0], [7.70275924588066], [0.0005656638038816451]]
[2300.0, 1900.0, 0.001008, [0.01802255516129032], [144.0], [7.70275924588066], [0.0006947185200211332]]
[2300.0, 1300.0, 0.00098, [0.017521487419354838], [144.0], [7.70275924588066], [0.0006820229244760956]]
[2300.0, 1600.0, 0.001012, [0.01808847870967742], [144.0], [7.70275924588066], [0.0006936615151546609]]
[2300.0, 1700.0, 0.001064, [0.019010386451612904], [144.0], [7.70275924588066], [0.0007180124100736498]]
[2300.0, 1400.0, 0.001095, [0.019573507741935482], [144.0], [7.70275924588066], [0.0007289556004516054]]
[2300.0, 1100.0, 0.001075, [0.019213385806451613], [144.0], [7.70275924588066], [0.0007241316806679088]]
[2300.0, 900.0, 0.000844, [0.015088317096774195], [144.0], [7.70275924588066], [0.0006375976977228817]]
[2300.0, 2000.0, 0.00101, [0.01804415516129032], [144.0], [7.70275924588066], [0.0006971064731901286]]
[2300.0, 300.0, 0.000643, [0.01149359806451613], [144.0], [7.70275924588066], [0.0005581784397982128]]
[2300.0, 200.0, 0.000615, [0.010994231612903225], [144.0], [7.70275924588066], [0.0005429663323681568]]
[2300.0, 400.0, 0.000578, [0.010323452903225805], [144.0], [7.70275924588066], [0.0005268164621644735]]
[2300.0, 800.0, 0.000749, [0.01339429935483871], [144.0], [7.70275924588066], [0.0005996112320099994]]
[2300.0, 600.0, 0.000753, [0.013461169354838709], [144.0], [7.70275924588066], [0.000608113685870305]]
[2400.0, 1200.0, 0.000698, [0.012482155161290323], [144.0], [7.70275924588066], [0.00046943976285241355]]
[2400.0, 1500.0, 0.000723, [0.012917926451612903], [144.0], [7.70275924588066], [0.0004824287797959842]]
[2400.0, 1100.0, 0.000704, [0.012585120967741935], [144.0], [7.70275924588066], [0.0004690197906227814]]
[2400.0, 1600.0, 0.000752, [0.013436129032258064], [144.0], [7.70275924588066], [0.0004909454416113034]]
[2400.0, 400.0, 0.00044, [0.00787054064516129], [144.0], [7.70275924588066], [0.0003760690609523989]]
[2400.0, 1300.0, 0.000739, [0.013200776129032258], [144.0], [7.70275924588066], [0.0004842894802991367]]
[2400.0, 200.0, 0.000409, [0.007309672258064516], [144.0], [7.70275924588066], [0.00036322046778864705]]
[2400.0, 1700.0, 0.000762, [0.013622812258064516], [144.0], [7.70275924588066], [0.0004964429540840815]]
[2400.0, 2000.0, 0.000708, [0.012654226451612903], [144.0], [7.70275924588066], [0.0004765857172531487]]
[2400.0, 600.0, 0.00049, [0.00875925870967742], [144.0], [7.70275924588066], [0.00039489783712878275]]
[2400.0, 1900.0, 0.000722, [0.01290132870967742], [144.0], [7.70275924588066], [0.0004765214256407503]]
[2400.0, 700.0, 0.00048, [0.008575606451612903], [144.0], [7.70275924588066], [0.00039389060742031385]]
[2400.0, 100.0, 0.00041, [0.007330918064516129], [144.0], [7.70275924588066], [0.0003602950013992682]]
[2400.0, 1800.0, 0.000699, [0.012486930967741935], [144.0], [7.70275924588066], [0.0004709534299637163]]
[2400.0, 500.0, 0.000463, [0.008269400322580646], [144.0], [7.70275924588066], [0.0003859825334507149]]
[2400.0, 900.0, 0.0006, [0.010723076129032257], [144.0], [7.70275924588066], [0.0004381330389659136]]
[2400.0, 1400.0, 0.000735, [0.013129876451612904], [144.0], [7.70275924588066], [0.0004826638879386807]]
[2400.0, 800.0, 0.000527, [0.009411572903225807], [144.0], [7.70275924588066], [0.0004119333682720323]]
[2400.0, 300.0, 0.000396, [0.007071935806451613], [144.0], [7.70275924588066], [0.0003549302491896151]]
[2400.0, 1000.0, 0.000658, [0.011763586451612903], [144.0], [7.70275924588066], [0.0004578969729941564]]
[2500.0, 400.0, 0.000302, [0.005398031612903226], [144.0], [7.70275924588066], [0.00025250923907227125]]
[2500.0, 1300.0, 0.000498, [0.008901426774193548], [144.0], [7.70275924588066], [0.0003228887029056605]]
[2500.0, 500.0, 0.000302, [0.005399503548387097], [144.0], [7.70275924588066], [0.00025175313833970727]]
[2500.0, 900.0, 0.000378, [0.006748092580645161], [144.0], [7.70275924588066], [0.0002809267563899445]]
[2500.0, 1400.0, 0.000534, [0.009549827419354838], [144.0], [7.70275924588066], [0.00033827227979211426]]
[2500.0, 200.0, 0.000295, [0.005264535483870968], [144.0], [7.70275924588066], [0.0002492830456261085]]
[2500.0, 1900.0, 0.000506, [0.009048106451612904], [144.0], [7.70275924588066], [0.00032713506647402007]]
[2500.0, 1000.0, 0.000414, [0.00739912064516129], [144.0], [7.70275924588066], [0.00029270463105421265]]
[2500.0, 1800.0, 0.000487, [0.008698537741935485], [144.0], [7.70275924588066], [0.0003210688169594258]]
[2500.0, 1700.0, 0.000488, [0.008720190000000001], [144.0], [7.70275924588066], [0.00031905500587546586]]
[2500.0, 800.0, 0.000364, [0.006496490322580645], [144.0], [7.70275924588066], [0.0002782790170716285]]
[2500.0, 700.0, 0.000359, [0.006413542258064516], [144.0], [7.70275924588066], [0.00027372332849414694]]
[2500.0, 1600.0, 0.0005, [0.008936242258064515], [144.0], [7.70275924588066], [0.00032393859980126954]]
[2500.0, 1100.0, 0.000472, [0.008436774193548387], [144.0], [7.70275924588066], [0.00031355026881155787]]
[2500.0, 600.0, 0.000339, [0.006054540967741935], [144.0], [7.70275924588066], [0.00026576481704934066]]
[2500.0, 300.0, 0.000295, [0.0052804161290322576], [144.0], [7.70275924588066], [0.0002483699581435335]]
[2500.0, 2000.0, 0.000517, [0.009238308387096774], [144.0], [7.70275924588066], [0.0003307845842947884]]
[2500.0, 1200.0, 0.000478, [0.00854563935483871], [144.0], [7.70275924588066], [0.0003169401230884298]]
[2500.0, 100.0, 0.00028, [0.004999247419354838], [144.0], [7.70275924588066], [0.00024193051156180725]]
[2500.0, 1500.0, 0.000514, [0.009185124193548387], [144.0], [7.70275924588066], [0.00032762256843281423]]
[2600.0, 800.0, 0.000262, [0.004677178064516128], [144.0], [7.70275924588066], [0.0001903117110072684]]
[2600.0, 2000.0, 0.000348, [0.006211367419354839], [144.0], [7.70275924588066], [0.0002185151240012317]]
[2600.0, 900.0, 0.000258, [0.004612142903225806], [144.0], [7.70275924588066], [0.00019101549097904236]]
[2600.0, 1000.0, 0.000289, [0.005162957419354838], [144.0], [7.70275924588066], [0.00020006057199303682]]
[2600.0, 200.0, 0.000208, [0.0037183703225806453], [144.0], [7.70275924588066], [0.00016936711199766854]]
[2600.0, 1100.0, 0.000299, [0.005335644193548387], [144.0], [7.70275924588066], [0.00020166843828680922]]
[2600.0, 1500.0, 0.000354, [0.006322456451612903], [144.0], [7.70275924588066], [0.0002202532023671067]]
[2600.0, 700.0, 0.000231, [0.004132570645161291], [144.0], [7.70275924588066], [0.0001784998517824829]]
[2600.0, 1800.0, 0.000351, [0.006267994838709677], [144.0], [7.70275924588066], [0.00022133057590252738]]
[2600.0, 1600.0, 0.000342, [0.006111275806451613], [144.0], [7.70275924588066], [0.00021647250608263912]]
[2600.0, 1400.0, 0.000349, [0.0062323258064516125], [144.0], [7.70275924588066], [0.000220345964375682]]
[2600.0, 1300.0, 0.000356, [0.006362039032258064], [144.0], [7.70275924588066], [0.00022257958905780304]]
[2600.0, 600.0, 0.000236, [0.004216621935483871], [144.0], [7.70275924588066], [0.00017963417299673412]]
[2600.0, 1700.0, 0.000337, [0.006016279354838709], [144.0], [7.70275924588066], [0.00021473020363655908]]
[2600.0, 400.0, 0.000204, [0.0036396551612903226], [144.0], [7.70275924588066], [0.000167528682371926]]
[2600.0, 300.0, 0.000211, [0.0037674812903225807], [144.0], [7.70275924588066], [0.00016985114098425256]]
[2600.0, 1900.0, 0.000356, [0.006361771935483871], [144.0], [7.70275924588066], [0.00022042237904101747]]
[2600.0, 1200.0, 0.000317, [0.0056609941935483864], [144.0], [7.70275924588066], [0.00020966639698075803]]
[2600.0, 100.0, 0.000199, [0.0035597438709677417], [144.0], [7.70275924588066], [0.00016561423557778652]]
[2600.0, 500.0, 0.000211, [0.003776016774193548], [144.0], [7.70275924588066], [0.0001700632758533265]]
[2700.0, 1400.0, 0.000239, [0.0042737254838709675], [144.0], [7.70275924588066], [0.00014710768635246434]]
[2700.0, 1000.0, 0.000193, [0.003442488387096774], [144.0], [7.70275924588066], [0.00013143487128695536]]
[2700.0, 800.0, 0.000178, [0.003177902903225806], [144.0], [7.70275924588066], [0.00012611126349552226]]
[2700.0, 900.0, 0.000177, [0.0031671929032258067], [144.0], [7.70275924588066], [0.00012608399162799817]]
[2700.0, 600.0, 0.00015, [0.002675785935483871], [144.0], [7.70275924588066], [0.00011536131314370228]]
[2700.0, 1100.0, 0.000201, [0.0035850774193548385], [144.0], [7.70275924588066], [0.00013483078885517601]]
[2700.0, 1300.0, 0.000227, [0.004062016451612903], [144.0], [7.70275924588066], [0.00014370387085043513]]
[2700.0, 400.0, 0.000153, [0.002726232967741935], [144.0], [7.70275924588066], [0.00011797564476426575]]
[2700.0, 1700.0, 0.000243, [0.004338841935483871], [144.0], [7.70275924588066], [0.00014829858159405834]]
[2700.0, 100.0, 0.000139, [0.0024757475806451612], [144.0], [7.70275924588066], [0.00011150205244887726]]
[2700.0, 2000.0, 0.000241, [0.004300327741935483], [144.0], [7.70275924588066], [0.00014664000707630297]]
[2700.0, 1200.0, 0.000219, [0.00391270064516129], [144.0], [7.70275924588066], [0.00014073007905520587]]
[2700.0, 700.0, 0.000172, [0.0030824303225806455], [144.0], [7.70275924588066], [0.00012490644448998647]]
[2700.0, 300.0, 0.000133, [0.002375523], [144.0], [7.70275924588066], [0.00010957471899422736]]
[2700.0, 1800.0, 0.000225, [0.004023690967741936], [144.0], [7.70275924588066], [0.0001424370631594826]]
[2700.0, 200.0, 0.000141, [0.0025214658387096773], [144.0], [7.70275924588066], [0.00011220376189389802]]
[2700.0, 1500.0, 0.000234, [0.004183266774193548], [144.0], [7.70275924588066], [0.00014459481081012347]]
[2700.0, 500.0, 0.000138, [0.0024649409032258067], [144.0], [7.70275924588066], [0.00011056770730200971]]
[2700.0, 1900.0, 0.00024, [0.004284534193548387], [144.0], [7.70275924588066], [0.00014800672496462943]]
[2700.0, 1600.0, 0.000239, [0.004277337096774194], [144.0], [7.70275924588066], [0.00014653918299897212]]
[2800.0, 1500.0, 0.000158, [0.00282269235483871], [144.0], [7.70275924588066], [9.630901909587262e-05]]
[2800.0, 200.0, 8.3e-05, [0.0014824927741935484], [144.0], [7.70275924588066], [6.980785170917194e-05]]
[2800.0, 400.0, 9.5e-05, [0.0016931180322580645], [144.0], [7.70275924588066], [7.396420021626432e-05]]
[2800.0, 900.0, 0.000111, [0.001991562096774194], [144.0], [7.70275924588066], [8.123750818884446e-05]]
[2800.0, 600.0, 0.000102, [0.0018159802258064517], [144.0], [7.70275924588066], [7.687657513424e-05]]
[2800.0, 1200.0, 0.000143, [0.0025482179032258064], [144.0], [7.70275924588066], [9.083415517357892e-05]]
[2800.0, 1000.0, 0.000129, [0.002313710129032258], [144.0], [7.70275924588066], [8.782723528054343e-05]]
[2800.0, 1400.0, 0.000156, [0.002791125], [144.0], [7.70275924588066], [9.556628254798669e-05]]
[2800.0, 800.0, 0.000111, [0.0019903047096774197], [144.0], [7.70275924588066], [8.038764892628681e-05]]
[2800.0, 100.0, 8.5e-05, [0.0015247265806451612], [144.0], [7.70275924588066], [7.025569510800715e-05]]
[2800.0, 1100.0, 0.000134, [0.0024020953548387096], [144.0], [7.70275924588066], [8.86026227346745e-05]]
[2800.0, 1300.0, 0.000155, [0.002772242419354839], [144.0], [7.70275924588066], [9.548108975897204e-05]]
[2800.0, 2000.0, 0.000157, [0.0028094879032258065], [144.0], [7.70275924588066], [9.5802756526984e-05]]
[2800.0, 500.0, 9.3e-05, [0.0016650931935483873], [144.0], [7.70275924588066], [7.380396299097887e-05]]
[2800.0, 1900.0, 0.000162, [0.0028970102903225804], [144.0], [7.70275924588066], [9.72173241585329e-05]]
[2800.0, 1800.0, 0.00016, [0.002859880935483871], [144.0], [7.70275924588066], [9.68478010389343e-05]]
[2800.0, 300.0, 9.3e-05, [0.0016566654193548387], [144.0], [7.70275924588066], [7.343040367002322e-05]]
[2800.0, 700.0, 0.000103, [0.0018410693225806452], [144.0], [7.70275924588066], [7.779937196967706e-05]]
[2800.0, 1600.0, 0.000153, [0.0027301784516129035], [144.0], [7.70275924588066], [9.442520453131377e-05]]
[2800.0, 1700.0, 0.000149, [0.002671080967741936], [144.0], [7.70275924588066], [9.310804036183347e-05]]
[2900.0, 1300.0, 9.9e-05, [0.001764480193548387], [144.0], [7.70275924588066], [6.080800040810119e-05]]
[2900.0, 900.0, 8.3e-05, [0.001481355870967742], [144.0], [7.70275924588066], [5.6353430194558945e-05]]
[2900.0, 1600.0, 0.000107, [0.001915247322580645], [144.0], [7.70275924588066], [6.37001748731993e-05]]
[2900.0, 2000.0, 0.000109, [0.001954760516129032], [144.0], [7.70275924588066], [6.458711127437075e-05]]
[2900.0, 1200.0, 9.4e-05, [0.001676343193548387], [144.0], [7.70275924588066], [5.979318127123576e-05]]
[2900.0, 1700.0, 0.000109, [0.0019433827741935485], [144.0], [7.70275924588066], [6.407143101751883e-05]]
[2900.0, 1100.0, 9e-05, [0.001604295], [144.0], [7.70275924588066], [5.865883503957262e-05]]
[2900.0, 800.0, 7.6e-05, [0.0013611106451612903], [144.0], [7.70275924588066], [5.376063232449224e-05]]
[2900.0, 600.0, 7.3e-05, [0.001299764612903226], [144.0], [7.70275924588066], [5.241157292112685e-05]]
[2900.0, 100.0, 5.5e-05, [0.0009888805161290322], [144.0], [7.70275924588066], [4.5858241395087927e-05]]
[2900.0, 400.0, 6.4e-05, [0.0011398317096774193], [144.0], [7.70275924588066], [4.9746340020884605e-05]]
[2900.0, 1000.0, 7.8e-05, [0.0013919879032258066], [144.0], [7.70275924588066], [5.4265344435097146e-05]]
[2900.0, 1400.0, 0.00011, [0.0019724368064516127], [144.0], [7.70275924588066], [6.492354897291348e-05]]
[2900.0, 200.0, 6.2e-05, [0.0011132973870967742], [144.0], [7.70275924588066], [4.863462172980529e-05]]
[2900.0, 500.0, 6.3e-05, [0.001123690064516129], [144.0], [7.70275924588066], [4.840076226384378e-05]]
[2900.0, 1500.0, 0.000108, [0.0019283919677419354], [144.0], [7.70275924588066], [6.371586593055074e-05]]
[2900.0, 1800.0, 0.000109, [0.001948424806451613], [144.0], [7.70275924588066], [6.409847238687444e-05]]
[2900.0, 300.0, 6.6e-05, [0.0011807399032258063], [144.0], [7.70275924588066], [5.0210171909319044e-05]]
[2900.0, 700.0, 6.4e-05, [0.0011428882258064516], [144.0], [7.70275924588066], [4.895595452925995e-05]]
[2900.0, 1900.0, 0.000107, [0.0019202141612903224], [144.0], [7.70275924588066], [6.42215663447016e-05]]
[3000.0, 1900.0, 7.1e-05, [0.001273167870967742], [144.0], [7.70275924588066], [4.146004671325324e-05]]
[3000.0, 800.0, 4.8e-05, [0.0008535274838709678], [144.0], [7.70275924588066], [3.395150976920969e-05]]
[3000.0, 900.0, 5.2e-05, [0.0009375407419354839], [144.0], [7.70275924588066], [3.5691568972708535e-05]]
[3000.0, 1600.0, 6.9e-05, [0.0012267664838709678], [144.0], [7.70275924588066], [4.080165495205094e-05]]
[3000.0, 700.0, 4.7e-05, [0.0008322140322580646], [144.0], [7.70275924588066], [3.364025758345137e-05]]
[3000.0, 600.0, 4.2e-05, [0.0007443624193548387], [144.0], [7.70275924588066], [3.1943651448229795e-05]]
[3000.0, 1300.0, 6.6e-05, [0.0011825068064516128], [144.0], [7.70275924588066], [3.988496583275093e-05]]
[3000.0, 500.0, 4.3e-05, [0.0007645816451612902], [144.0], [7.70275924588066], [3.1996735980776496e-05]]
[3000.0, 1500.0, 7.4e-05, [0.001314424741935484], [144.0], [7.70275924588066], [4.213851990188231e-05]]
[3000.0, 1800.0, 7.4e-05, [0.001330922612903226], [144.0], [7.70275924588066], [4.244983756950572e-05]]
[3000.0, 2000.0, 6.8e-05, [0.0012110237419354838], [144.0], [7.70275924588066], [4.063930257314505e-05]]
[3000.0, 100.0, 4.1e-05, [0.0007283688387096774], [144.0], [7.70275924588066], [3.1402208840832304e-05]]
[3000.0, 1400.0, 6.8e-05, [0.001221018677419355], [144.0], [7.70275924588066], [4.085982713454795e-05]]
[3000.0, 1100.0, 5.7e-05, [0.001013795129032258], [144.0], [7.70275924588066], [3.714258475789479e-05]]
[3000.0, 1200.0, 6.3e-05, [0.0011303515161290322], [144.0], [7.70275924588066], [3.911743146384773e-05]]
[3000.0, 1000.0, 5.9e-05, [0.0010492246451612904], [144.0], [7.70275924588066], [3.7836005595978245e-05]]
[3000.0, 400.0, 4.2e-05, [0.0007528488387096774], [144.0], [7.70275924588066], [3.204336762809133e-05]]
[3000.0, 300.0, 3.9e-05, [0.000701640870967742], [144.0], [7.70275924588066], [3.08283349062276e-05]]
[3000.0, 1700.0, 6.9e-05, [0.001233768193548387], [144.0], [7.70275924588066], [4.1011843673993274e-05]]
[3000.0, 200.0, 4.5e-05, [0.0008070726774193549], [144.0], [7.70275924588066], [3.325485169550937e-05]]
