[200.0, 1800.0, 0.871461, [128.35316666666668], [793.31], [78.43589999999999], [7.602984154630046]]
[200.0, 700.0, 0.882313, [336.6785], [1626.9325000000001], [209.49545], [21.336135720884418]]
[200.0, 2000.0, 0.889557, [479.1285], [4299.869], [290.9889], [25.429498127175062]]
[200.0, 1300.0, 0.892253, [135.93458333333334], [793.31], [78.43589999999999], [7.83513676048833]]
[200.0, 1400.0, 0.865733, [126.43808333333334], [793.31], [78.43589999999999], [7.556118289909913]]
[200.0, 400.0, 0.892631, [136.08533333333335], [793.31], [78.43589999999999], [7.856892321041726]]
[200.0, 1900.0, 0.850021, [121.48991666666666], [793.31], [78.43589999999999], [7.407371984869007]]
[200.0, 1700.0, 0.902738, [140.20733333333334], [793.31], [78.43589999999999], [7.937677819530513]]
[200.0, 500.0, 0.893593, [136.45833333333331], [793.31], [78.43589999999999], [7.826420265144638]]
[200.0, 1500.0, 0.86733, [451.18875], [4299.869], [290.9889], [24.724992416581244]]
[200.0, 100.0, 0.881005, [131.70041666666665], [793.31], [78.43589999999999], [7.6940191418760815]]
[200.0, 600.0, 0.876543, [130.1124166666667], [793.31], [78.43589999999999], [7.666946552862126]]
[200.0, 1000.0, 0.876642, [130.14550000000003], [793.31], [78.43589999999999], [7.65561613022318]]
[200.0, 1200.0, 0.855754, [4207.4006875477435], [31040.89], [2811.8165], [601.057303998335]]
[200.0, 300.0, 0.856772, [3536.919085816147], [31836.045], [2344.6115], [552.3741353697319]]
[200.0, 1600.0, 0.862713, [125.4565], [793.31], [78.43589999999999], [7.551596593509953]]
[200.0, 900.0, 0.880805, [335.29049999999995], [1626.9325000000001], [209.49545], [21.29097079750005]]
[200.0, 800.0, 0.858769, [441.39975], [4299.869], [290.9889], [24.446877356832307]]
[200.0, 1100.0, 0.895397, [137.17975], [793.31], [78.43589999999999], [7.867799618275324]]
[200.0, 200.0, 0.872914, [3689.9684873949604], [31836.045], [2344.6115], [562.7148379079264]]
[300.0, 2000.0, 0.888954, [73.8332625], [316.11505], [41.70535], [4.186699550361836]]
[300.0, 400.0, 0.897332, [75.66059999999999], [316.11505], [41.70535], [4.249522031946651]]
[300.0, 1000.0, 0.848661, [119.288175], [773.8245000000001], [77.21495], [7.529402366722076]]
[300.0, 200.0, 0.877833, [71.5738], [316.11505], [41.70535], [4.125445051748963]]
[300.0, 1600.0, 0.853893, [120.857625], [773.8245000000001], [77.21495], [7.598254733818812]]
[300.0, 1300.0, 0.875137, [71.05147500000001], [316.11505], [41.70535], [4.115900949366979]]
[300.0, 800.0, 0.83109, [114.31262500000001], [773.8245000000001], [77.21495], [7.363524122320779]]
[300.0, 700.0, 0.875213, [127.7327], [773.8245000000001], [77.21495], [7.8025164210016245]]
[300.0, 300.0, 0.865505, [69.253525], [316.11505], [41.70535], [4.066707436612573]]
[300.0, 900.0, 0.889525, [132.885325], [773.8245000000001], [77.21495], [7.9414183242038066]]
[300.0, 600.0, 0.859806, [122.6772], [773.8245000000001], [77.21495], [7.62279025357513]]
[300.0, 1400.0, 0.873424, [127.12095000000001], [773.8245000000001], [77.21495], [7.7796762464770985]]
[300.0, 500.0, 0.862328, [68.68223750000001], [316.11505], [41.70535], [4.047140194013545]]
[300.0, 1200.0, 0.884579, [72.92257500000001], [316.11505], [41.70535], [4.155149290338436]]
[300.0, 100.0, 0.72762, [90.97537499999999], [773.8245000000001], [77.21495], [6.565583085301716]]
[300.0, 1100.0, 0.880554, [72.11128749999999], [316.11505], [41.70535], [4.142685572186236]]
[300.0, 1900.0, 0.868696, [69.8361375], [316.11505], [41.70535], [4.072927003396943]]
[300.0, 1500.0, 0.833832, [115.06315], [773.8245000000001], [77.21495], [7.396539309028243]]
[300.0, 1700.0, 0.862269, [68.668875], [316.11505], [41.70535], [4.025440581476766]]
[300.0, 1800.0, 0.862157, [68.64972499999999], [316.11505], [41.70535], [4.031250968992132]]
[400.0, 900.0, 0.81088, [27.78155], [112.0686], [17.457115], [1.7229385327109032]]
[400.0, 1200.0, 0.744012, [23.916237499999998], [112.0686], [17.457115], [1.5979708813054136]]
[400.0, 1500.0, 0.813193, [157.95035], [336.96265000000005], [114.66195], [25.966882754770545]]
[400.0, 200.0, 0.819839, [28.374575], [112.0686], [17.457115], [1.7364961128663663]]
[400.0, 1600.0, 0.785371, [26.201487499999995], [112.0686], [17.457115], [1.6705458501639516]]
[400.0, 500.0, 0.790599, [26.513162499999996], [112.0686], [17.457115], [1.680203205716499]]
[400.0, 1700.0, 0.741143, [23.7676875], [112.0686], [17.457115], [1.5880446900197742]]
[400.0, 300.0, 0.832338, [165.28359999999998], [336.96265000000005], [114.66195], [26.466554365840675]]
[400.0, 1300.0, 0.796455, [26.869462499999997], [112.0686], [17.457115], [1.6926167795753413]]
[400.0, 1400.0, 0.757659, [24.638350000000003], [112.0686], [17.457115], [1.6246047596261683]]
[400.0, 1100.0, 0.814789, [28.037599999999998], [112.0686], [17.457115], [1.7288724649319855]]
[400.0, 800.0, 0.819291, [28.3379], [112.0686], [17.457115], [1.7375085431444646]]
[400.0, 100.0, 0.57641, [16.69545], [112.0686], [17.457115], [1.3367053714263288]]
[400.0, 1000.0, 0.813341, [27.942212500000004], [112.0686], [17.457115], [1.7262753437676157]]
[400.0, 400.0, 0.772316, [25.447212500000003], [112.0686], [17.457115], [1.6460430773524732]]
[400.0, 1800.0, 0.81249, [157.6847], [336.96265000000005], [114.66195], [25.923203891494587]]
[400.0, 2000.0, 0.781415, [25.96965], [112.0686], [17.457115], [1.6659536495653173]]
[400.0, 600.0, 0.835283, [166.50365], [336.96265000000005], [114.66195], [26.661925099287185]]
[400.0, 700.0, 0.85617, [31.047425], [112.0686], [17.457115], [1.8200326233339885]]
[400.0, 1900.0, 0.780498, [25.9158], [112.0686], [17.457115], [1.6590890761197845]]
[500.0, 1700.0, 0.735744, [131.643], [336.96265000000005], [114.66195], [16.995043395060808]]
[500.0, 1100.0, 0.72123, [9.544316666666667], [38.072655], [5.44904], [0.5874121683754564]]
[500.0, 300.0, 0.718996, [9.497158333333333], [38.072655], [5.44904], [0.5867365607039217]]
[500.0, 1300.0, 0.739599, [132.71555], [336.96265000000005], [114.66195], [16.992483632477036]]
[500.0, 1800.0, 0.740507, [132.9752], [336.96265000000005], [114.66195], [17.025730527645504]]
[500.0, 1400.0, 0.88309, [186.02645], [336.96265000000005], [114.66195], [20.177400724573022]]
[500.0, 600.0, 0.732232, [9.781341666666666], [38.072655], [5.44904], [0.5963789459917429]]
[500.0, 1900.0, 0.732892, [9.795816666666667], [38.072655], [5.44904], [0.597261691202255]]
[500.0, 1200.0, 0.740719, [9.969025], [38.072655], [5.44904], [0.600065042770828]]
[500.0, 800.0, 0.662643, [112.87635], [336.96265000000005], [114.66195], [15.653135468652918]]
[500.0, 1000.0, 0.768784, [141.31845], [336.96265000000005], [114.66195], [17.528398386618214]]
[500.0, 2000.0, 0.747847, [135.0759], [336.96265000000005], [114.66195], [17.15465680216308]]
[500.0, 700.0, 0.751356, [136.08335], [336.96265000000005], [114.66195], [17.14488990924118]]
[500.0, 100.0, 0.466168, [5.326065833333333], [38.072655], [5.44904], [0.43779989721332735]]
[500.0, 200.0, 0.754676, [137.06879999999998], [336.96265000000005], [114.66195], [17.269047454911924]]
[500.0, 1500.0, 0.700165, [9.109975], [38.072655], [5.44904], [0.5761656662801073]]
[500.0, 900.0, 0.782616, [145.6733], [336.96265000000005], [114.66195], [17.79682555963282]]
[500.0, 1600.0, 0.731845, [130.54625000000001], [336.96265000000005], [114.66195], [16.853449201869626]]
[500.0, 500.0, 0.731017, [9.755016666666666], [38.072655], [5.44904], [0.5981188101966959]]
[500.0, 400.0, 0.747569, [134.99455], [336.96265000000005], [114.66195], [17.14432850828518]]
[600.0, 200.0, 0.514998, [81.62384999999999], [336.96265000000005], [114.66195], [9.898344558561295]]
[600.0, 1400.0, 0.658906, [111.54995], [336.96265000000005], [114.66195], [11.567188508881491]]
[600.0, 1900.0, 0.561444, [90.61214999999999], [336.96265000000005], [114.66195], [10.393924908329865]]
[600.0, 100.0, 0.3886, [59.2848], [336.96265000000005], [114.66195], [8.469257641611808]]
[600.0, 800.0, 0.60436, [99.43945], [336.96265000000005], [114.66195], [10.981249928856004]]
[600.0, 1200.0, 0.617644, [102.2842], [336.96265000000005], [114.66195], [11.094280057759494]]
[600.0, 600.0, 0.56668, [91.664], [336.96265000000005], [114.66195], [10.514581541839885]]
[600.0, 1600.0, 0.59233, [7.1746783333333335], [38.072655], [5.44904], [0.37919349721920775]]
[600.0, 400.0, 0.629153, [7.786439166666667], [38.072655], [5.44904], [0.3958070166690384]]
[600.0, 500.0, 0.615853, [101.89485], [336.96265000000005], [114.66195], [11.052047321650411]]
[600.0, 1100.0, 0.588818, [96.17735], [336.96265000000005], [114.66195], [10.75295424522954]]
[600.0, 300.0, 0.606319, [7.4023674999999995], [38.072655], [5.44904], [0.38483068066070014]]
[600.0, 1700.0, 0.688189, [118.57865000000001], [336.96265000000005], [114.66195], [11.917603576222865]]
[600.0, 1500.0, 0.637143, [106.57715], [336.96265000000005], [114.66195], [11.297155615463568]]
[600.0, 1800.0, 0.560526, [90.4334], [336.96265000000005], [114.66195], [10.44235007074557]]
[600.0, 1000.0, 0.584486, [95.28389999999999], [336.96265000000005], [114.66195], [10.720278681079145]]
[600.0, 2000.0, 0.655646, [110.7945], [336.96265000000005], [114.66195], [11.551126568434785]]
[600.0, 700.0, 0.633494, [105.76985], [336.96265000000005], [114.66195], [11.339715604899444]]
[600.0, 1300.0, 0.685352, [117.88165], [336.96265000000005], [114.66195], [11.907843003667793]]
[600.0, 900.0, 0.613781, [101.45134999999999], [336.96265000000005], [114.66195], [11.069252458951327]]
[700.0, 2000.0, 0.506603, [79.93375], [336.96265000000005], [114.66195], [7.486481149378525]]
[700.0, 100.0, 0.246545, [1.3502433333333332], [13.56206], [1.8869829999999999], [0.08883948931140427]]
[700.0, 1000.0, 0.467286, [72.77645], [336.96265000000005], [114.66195], [7.136315575981768]]
[700.0, 600.0, 0.460108, [71.5003], [336.96265000000005], [114.66195], [7.07958332107194]]
[700.0, 1400.0, 0.512973, [81.12305], [336.96265000000005], [114.66195], [7.564765363182126]]
[700.0, 1900.0, 0.501699, [79.02435], [336.96265000000005], [114.66195], [7.43398614472747]]
[700.0, 200.0, 0.290376, [43.35736], [336.96265000000005], [114.66195], [5.506389470424336]]
[700.0, 400.0, 0.450975, [69.88844999999999], [336.96265000000005], [114.66195], [6.988846471342749]]
[700.0, 1300.0, 0.526843, [83.73830000000001], [336.96265000000005], [114.66195], [7.644224944361593]]
[700.0, 1100.0, 0.457774, [71.08645], [336.96265000000005], [114.66195], [7.038607816891064]]
[700.0, 800.0, 0.494381, [77.67695], [336.96265000000005], [114.66195], [7.3727691541238425]]
[700.0, 1500.0, 0.494267, [77.656], [336.96265000000005], [114.66195], [7.37078354043856]]
[700.0, 1600.0, 0.527966, [83.9525], [336.96265000000005], [114.66195], [7.663780072522958]]
[700.0, 1800.0, 0.451245, [69.9361], [336.96265000000005], [114.66195], [6.993613157731846]]
[700.0, 1200.0, 0.562536, [90.67999999999999], [336.96265000000005], [114.66195], [7.953161321135137]]
[700.0, 700.0, 0.501814, [79.0472], [336.96265000000005], [114.66195], [7.469260338212881]]
[700.0, 900.0, 0.505333, [79.69755], [336.96265000000005], [114.66195], [7.46436199550906]]
[700.0, 300.0, 0.486672, [76.2689], [336.96265000000005], [114.66195], [7.305234424712187]]
[700.0, 500.0, 0.496176, [78.0072], [336.96265000000005], [114.66195], [7.404113721438914]]
[700.0, 1700.0, 0.468606, [73.0126], [336.96265000000005], [114.66195], [7.159472745949942]]
[800.0, 300.0, 0.298035, [44.54049], [336.96265000000005], [114.66195], [4.326154759136571]]
[800.0, 100.0, 0.223457, [33.0159], [336.96265000000005], [114.66195], [3.738314794128499]]
[800.0, 1800.0, 0.362161, [54.818999999999996], [336.96265000000005], [114.66195], [4.807946027151304]]
[800.0, 800.0, 0.384218, [58.45395], [336.96265000000005], [114.66195], [4.975930566235827]]
[800.0, 400.0, 0.404814, [61.90110000000001], [336.96265000000005], [114.66195], [5.122970329798915]]
[800.0, 200.0, 0.233847, [34.598905], [336.96265000000005], [114.66195], [3.820810123520927]]
[800.0, 1700.0, 0.362537, [54.88085], [336.96265000000005], [114.66195], [4.831988203627985]]
[800.0, 600.0, 0.36048, [54.5443], [336.96265000000005], [114.66195], [4.802358795425431]]
[800.0, 1600.0, 0.316104, [1.1410097222222222], [5.751765], [0.9788095], [0.051704085912043736]]
[800.0, 1000.0, 0.377721, [57.37755], [336.96265000000005], [114.66195], [4.938271964969124]]
[800.0, 1100.0, 0.394153, [60.10995], [336.96265000000005], [114.66195], [5.044313630217693]]
[800.0, 1500.0, 0.360547, [54.5553], [336.96265000000005], [114.66195], [4.8033267117696665]]
[800.0, 1400.0, 0.331374, [49.83478], [336.96265000000005], [114.66195], [4.587663348590435]]
[800.0, 1200.0, 0.35721, [54.01065], [336.96265000000005], [114.66195], [4.773914274471212]]
[800.0, 900.0, 0.355568, [53.7433], [336.96265000000005], [114.66195], [4.768945900301239]]
[800.0, 1300.0, 0.428374, [65.91375], [336.96265000000005], [114.66195], [5.29432006965956]]
[800.0, 2000.0, 0.368426, [55.845749999999995], [336.96265000000005], [114.66195], [4.860749170652607]]
[800.0, 500.0, 0.320218, [48.051875], [336.96265000000005], [114.66195], [4.5004699754581186]]
[800.0, 1900.0, 0.317878, [47.67938], [336.96265000000005], [114.66195], [4.485299321115593]]
[800.0, 700.0, 0.361426, [54.699], [336.96265000000005], [114.66195], [4.815978612909323]]
[900.0, 200.0, 0.149771, [21.94933], [336.96265000000005], [114.66195], [2.3948684723800597]]
[900.0, 1100.0, 0.276979, [41.23585], [336.96265000000005], [114.66195], [3.2909789576963266]]
[900.0, 300.0, 0.159037, [23.326620000000002], [336.96265000000005], [114.66195], [2.4726170346416363]]
[900.0, 1000.0, 0.295297, [44.09866], [336.96265000000005], [114.66195], [3.4022856288089627]]
[900.0, 900.0, 0.258771, [38.41539], [336.96265000000005], [114.66195], [3.168447963909144]]
[900.0, 1600.0, 0.248342, [36.810515], [336.96265000000005], [114.66195], [3.111056090783321]]
[900.0, 700.0, 0.247827, [36.731535], [336.96265000000005], [114.66195], [3.10438158092719]]
[900.0, 1900.0, 0.21121, [31.152315], [336.96265000000005], [114.66195], [2.8557280157606044]]
[900.0, 500.0, 0.227083, [33.560970000000005], [336.96265000000005], [114.66195], [2.966398489751503]]
[900.0, 1400.0, 0.237172, [35.09972], [336.96265000000005], [114.66195], [3.0435320763875646]]
[900.0, 1200.0, 0.230212, [34.037385], [336.96265000000005], [114.66195], [2.9852763691155966]]
[900.0, 1500.0, 0.233717, [34.571915], [336.96265000000005], [114.66195], [3.0090991176762523]]
[900.0, 800.0, 0.240692, [35.63792], [336.96265000000005], [114.66195], [3.067223907705468]]
[900.0, 400.0, 0.247794, [36.72643], [336.96265000000005], [114.66195], [3.1039499029462445]]
[900.0, 100.0, 0.1407, [20.60427], [336.96265000000005], [114.66195], [2.332973960420476]]
[900.0, 600.0, 0.256867, [38.1218], [336.96265000000005], [114.66195], [3.154982567305246]]
[900.0, 1800.0, 0.24523, [36.333045], [336.96265000000005], [114.66195], [3.0928740679180584]]
[900.0, 2000.0, 0.268974, [39.993], [336.96265000000005], [114.66195], [3.2545840748089456]]
[900.0, 1700.0, 0.287496, [42.876290000000004], [336.96265000000005], [114.66195], [3.3583306865167404]]
[900.0, 1300.0, 0.269007, [39.998020000000004], [336.96265000000005], [114.66195], [3.2336484812050923]]
[1000.0, 1600.0, 0.16534, [24.263385], [336.96265000000005], [114.66195], [2.014964639888254]]
[1000.0, 1400.0, 0.173841, [25.532035], [336.96265000000005], [114.66195], [2.0574304362480884]]
[1000.0, 1500.0, 0.180652, [26.550749999999997], [336.96265000000005], [114.66195], [2.1056109564684546]]
[1000.0, 700.0, 0.164232, [24.098275], [336.96265000000005], [114.66195], [2.008189483091673]]
[1000.0, 1900.0, 0.163752, [24.026799999999998], [336.96265000000005], [114.66195], [1.9953170174185353]]
[1000.0, 1800.0, 0.172824, [25.38017], [336.96265000000005], [114.66195], [2.0518650053061482]]
[1000.0, 500.0, 0.172446, [25.323695], [336.96265000000005], [114.66195], [2.0540228820536544]]
[1000.0, 1000.0, 0.159034, [23.324245], [336.96265000000005], [114.66195], [1.9712584812753504]]
[1000.0, 200.0, 0.123022, [17.989885], [336.96265000000005], [114.66195], [1.7310776990071821]]
[1000.0, 1100.0, 0.17583, [25.82938], [336.96265000000005], [114.66195], [2.0680056818103765]]
[1000.0, 2000.0, 0.154817, [0.4408675], [4.157417], [0.706357], [0.015655661027954786]]
[1000.0, 1700.0, 0.180783, [26.57036], [336.96265000000005], [114.66195], [2.1005713508471926]]
[1000.0, 800.0, 0.18079, [26.57152], [336.96265000000005], [114.66195], [2.1072582898164147]]
[1000.0, 1300.0, 0.176448, [25.921780000000002], [336.96265000000005], [114.66195], [2.0820878943983128]]
[1000.0, 400.0, 0.138379, [20.25912], [336.96265000000005], [114.66195], [1.841738309315414]]
[1000.0, 300.0, 0.102741, [15.00393], [336.96265000000005], [114.66195], [1.5815530342040385]]
[1000.0, 600.0, 0.174478, [25.627235], [336.96265000000005], [114.66195], [2.0651010871141393]]
[1000.0, 1200.0, 0.177412, [26.065875], [336.96265000000005], [114.66195], [2.080283634507564]]
[1000.0, 100.0, 0.085689, [12.50174], [336.96265000000005], [114.66195], [1.4435766346127938]]
[1000.0, 900.0, 0.153922, [22.56411], [336.96265000000005], [114.66195], [1.9348565838325071]]
[1100.0, 1300.0, 0.122831, [17.960985], [336.96265000000005], [114.66195], [1.3857199392373627]]
[1100.0, 1800.0, 0.122052, [17.846055], [336.96265000000005], [114.66195], [1.3809692248562238]]
[1100.0, 2000.0, 0.110936, [0.31088699999999997], [4.157417], [0.706357], [0.010540058507111491]]
[1100.0, 700.0, 0.108311, [15.82229], [336.96265000000005], [114.66195], [1.3050004789271152]]
[1100.0, 900.0, 0.123759, [18.097885], [336.96265000000005], [114.66195], [1.3962820273855852]]
[1100.0, 200.0, 0.062987, [9.179975], [336.96265000000005], [114.66195], [0.9899023941783351]]
[1100.0, 1900.0, 0.128463, [18.79223], [336.96265000000005], [114.66195], [1.4205590448833867]]
[1100.0, 1500.0, 0.122285, [17.88039], [336.96265000000005], [114.66195], [1.383626033290788]]
[1100.0, 800.0, 0.109079, [15.935335], [336.96265000000005], [114.66195], [1.309876425469212]]
[1100.0, 500.0, 0.099966, [0.2790748333333333], [4.157417], [0.706357], [0.009992483286061688]]
[1100.0, 1700.0, 0.119259, [17.43422], [336.96265000000005], [114.66195], [1.3655533676865215]]
[1100.0, 400.0, 0.108391, [15.833995], [336.96265000000005], [114.66195], [1.3015463879554967]]
[1100.0, 600.0, 0.110567, [16.154155], [336.96265000000005], [114.66195], [1.314606500059999]]
[1100.0, 1400.0, 0.123642, [18.080585], [336.96265000000005], [114.66195], [1.3949472212237994]]
[1100.0, 100.0, 0.061778, [0.17027499999999998], [4.157417], [0.706357], [0.007837541422892485]]
[1100.0, 1100.0, 0.111818, [16.338245], [336.96265000000005], [114.66195], [1.3252064933435845]]
[1100.0, 1000.0, 0.117755, [17.212555000000002], [336.96265000000005], [114.66195], [1.35653943916128]]
[1100.0, 300.0, 0.067092, [9.779884999999998], [336.96265000000005], [114.66195], [1.0252105881232403]]
[1100.0, 1200.0, 0.123302, [18.03041], [336.96265000000005], [114.66195], [1.386954667608138]]
[1100.0, 1600.0, 0.102968, [0.2877551666666667], [4.157417], [0.706357], [0.010167326481321319]]
[1200.0, 100.0, 0.046224, [6.73292], [336.96265000000005], [114.66195], [0.6836245314498303]]
[1200.0, 1400.0, 0.087325, [12.74101], [336.96265000000005], [114.66195], [0.9392796441954867]]
[1200.0, 1700.0, 0.077902, [0.1318154761904762], [1.5741675], [0.33299695], [0.004692756878443779]]
[1200.0, 1800.0, 0.081513, [11.889495], [336.96265000000005], [114.66195], [0.9118826678909957]]
[1200.0, 700.0, 0.079935, [11.658405], [336.96265000000005], [114.66195], [0.8994655357488689]]
[1200.0, 200.0, 0.047305, [6.89055], [336.96265000000005], [114.66195], [0.6960510038783078]]
[1200.0, 1900.0, 0.081855, [0.13879333333333332], [1.5741675], [0.33299695], [0.00480890201072478]]
[1200.0, 1200.0, 0.075739, [0.12800892857142857], [1.5741675], [0.33299695], [0.004622133235450759]]
[1200.0, 1100.0, 0.07741, [0.13094857142857141], [1.5741675], [0.33299695], [0.004653055039628702]]
[1200.0, 1300.0, 0.084138, [12.273945000000001], [336.96265000000005], [114.66195], [0.9278231243076452]]
[1200.0, 2000.0, 0.082553, [12.041834999999999], [336.96265000000005], [114.66195], [0.9181812184966539]]
[1200.0, 800.0, 0.080212, [0.13588869047619048], [1.5741675], [0.33299695], [0.00474254995180351]]
[1200.0, 1600.0, 0.078809, [11.493549999999999], [336.96265000000005], [114.66195], [0.8947713395052391]]
[1200.0, 1000.0, 0.078181, [11.401655], [336.96265000000005], [114.66195], [0.8903194651359702]]
[1200.0, 1500.0, 0.078762, [0.13333011904761904], [1.5741675], [0.33299695], [0.004702191075129708]]
[1200.0, 300.0, 0.050796, [0.08475090476190476], [1.5741675], [0.33299695], [0.0037454961616051135]]
[1200.0, 600.0, 0.075847, [11.060035000000001], [336.96265000000005], [114.66195], [0.8798891975697849]]
[1200.0, 500.0, 0.066348, [0.11159011904761905], [1.5741675], [0.33299695], [0.004291928365312091]]
[1200.0, 900.0, 0.07923, [0.13415607142857142], [1.5741675], [0.33299695], [0.004725445245311801]]
[1200.0, 400.0, 0.06388, [9.310285], [336.96265000000005], [114.66195], [0.8073040009810432]]
[1300.0, 1600.0, 0.059567, [0.09983430952380953], [1.5741675], [0.33299695], [0.003298618337502527]]
[1300.0, 1700.0, 0.059218, [0.09923094047619048], [1.5741675], [0.33299695], [0.00328226764534698]]
[1300.0, 900.0, 0.062221, [0.10442454761904761], [1.5741675], [0.33299695], [0.003363288237192868]]
[1300.0, 200.0, 0.037755, [0.06257783333333333], [1.5741675], [0.33299695], [0.0026142263524355936]]
[1300.0, 1800.0, 0.060597, [0.10161329761904762], [1.5741675], [0.33299695], [0.0033374184151832888]]
[1300.0, 1000.0, 0.057151, [0.09566579761904762], [1.5741675], [0.33299695], [0.0032285644051054385]]
[1300.0, 1400.0, 0.062692, [0.10524146428571429], [1.5741675], [0.33299695], [0.0033966538906784753]]
[1300.0, 1200.0, 0.059791, [0.100221], [1.5741675], [0.33299695], [0.003300602698690525]]
[1300.0, 500.0, 0.048335, [0.08054511904761905], [1.5741675], [0.33299695], [0.0029669176974737206]]
[1300.0, 100.0, 0.032718, [0.05409192857142857], [1.5741675], [0.33299695], [0.0024312511476310182]]
[1300.0, 1100.0, 0.056923, [0.09527266666666666], [1.5741675], [0.33299695], [0.003211640887180355]]
[1300.0, 2000.0, 0.059958, [0.10050896428571429], [1.5741675], [0.33299695], [0.003320909884401783]]
[1300.0, 1300.0, 0.063323, [0.10633373809523809], [1.5741675], [0.33299695], [0.0034054049509300056]]
[1300.0, 1500.0, 0.057742, [0.0966837619047619], [1.5741675], [0.33299695], [0.00324632336079014]]
[1300.0, 600.0, 0.055628, [0.09304308333333333], [1.5741675], [0.33299695], [0.0031820063480598165]]
[1300.0, 300.0, 0.03705, [0.061387785714285714], [1.5741675], [0.33299695], [0.002587186888829724]]
[1300.0, 1900.0, 0.060197, [0.10092228571428571], [1.5741675], [0.33299695], [0.0033147227065495532]]
[1300.0, 400.0, 0.039229, [0.06506991666666667], [1.5741675], [0.33299695], [0.002660906565972294]]
[1300.0, 700.0, 0.059251, [0.09928723809523811], [1.5741675], [0.33299695], [0.0032877290665390886]]
[1300.0, 800.0, 0.064188, [0.10783575000000001], [1.5741675], [0.33299695], [0.0034376782575920462]]
[1400.0, 1100.0, 0.046834, [0.07798419047619047], [1.5741675], [0.33299695], [0.0023740826489480693]]
[1400.0, 400.0, 0.029929, [0.04941230952380953], [1.5741675], [0.33299695], [0.001893483723786634]]
[1400.0, 1500.0, 0.044703, [0.07435411904761904], [1.5741675], [0.33299695], [0.002308955808896663]]
[1400.0, 1800.0, 0.043462, [0.07224582142857143], [1.5741675], [0.33299695], [0.0022914984477530025]]
[1400.0, 1600.0, 0.043649, [0.07256336904761905], [1.5741675], [0.33299695], [0.00229122104510914]]
[1400.0, 1400.0, 0.045181, [0.07516754761904762], [1.5741675], [0.33299695], [0.0023241522483411856]]
[1400.0, 600.0, 0.039625, [0.06574022619047619], [1.5741675], [0.33299695], [0.0021768761293513425]]
[1400.0, 1700.0, 0.047017, [0.07829559523809523], [1.5741675], [0.33299695], [0.0023824590471005188]]
[1400.0, 900.0, 0.043781, [0.07278766666666667], [1.5741675], [0.33299695], [0.002293733761612493]]
[1400.0, 100.0, 0.023056, [0.03793622619047619], [1.5741675], [0.33299695], [0.0016556724969732266]]
[1400.0, 700.0, 0.041647, [0.069165], [1.5741675], [0.33299695], [0.0022322904713095292]]
[1400.0, 2000.0, 0.043158, [0.0717295], [1.5741675], [0.33299695], [0.0022716959136871813]]
[1400.0, 800.0, 0.044146, [0.07340825000000001], [1.5741675], [0.33299695], [0.0022996287164583963]]
[1400.0, 1300.0, 0.045305, [0.07537878571428572], [1.5741675], [0.33299695], [0.0023284585253571495]]
[1400.0, 300.0, 0.025121, [0.04137509523809523], [1.5741675], [0.33299695], [0.0017239624373114313]]
[1400.0, 1200.0, 0.042476, [0.07057129761904762], [1.5741675], [0.33299695], [0.0022566216496881504]]
[1400.0, 500.0, 0.033851, [0.055998261904761905], [1.5741675], [0.33299695], [0.0020141171971611352]]
[1400.0, 1000.0, 0.044266, [0.0736122619047619], [1.5741675], [0.33299695], [0.002299261071284186]]
[1400.0, 200.0, 0.026541, [0.043744619047619046], [1.5741675], [0.33299695], [0.0017799434530751603]]
[1400.0, 1900.0, 0.044494, [0.07399863095238096], [1.5741675], [0.33299695], [0.0023113287620454394]]
[1500.0, 1500.0, 0.029227, [0.04823707142857143], [1.5741675], [0.33299695], [0.003667397113390039]]
[1500.0, 1100.0, 0.031217, [0.05157170238095238], [1.5741675], [0.33299695], [0.003801915766039996]]
[1500.0, 1800.0, 0.033118, [0.05476452380952381], [1.5741675], [0.33299695], [0.0038919450657168616]]
[1500.0, 400.0, 0.020191, [0.03317459523809524], [1.5741675], [0.33299695], [0.003053969388344178]]
[1500.0, 200.0, 0.016856, [0.02764990476190476], [1.5741675], [0.33299695], [0.0027930616374612282]]
[1500.0, 500.0, 0.023084, [0.037982940476190476], [1.5741675], [0.33299695], [0.0032570101441913068]]
[1500.0, 1300.0, 0.029796, [0.04919032142857143], [1.5741675], [0.33299695], [0.0036973712470242956]]
[1500.0, 600.0, 0.02729, [0.04499645238095238], [1.5741675], [0.33299695], [0.0035243940554441247]]
[1500.0, 1000.0, 0.029892, [0.04935084523809524], [1.5741675], [0.33299695], [0.0037412778383789647]]
[1500.0, 2000.0, 0.033278, [0.05503460714285714], [1.5741675], [0.33299695], [0.003941109142086942]]
[1500.0, 800.0, 0.032445, [0.053634833333333326], [1.5741675], [0.33299695], [0.0039013613967818104]]
[1500.0, 1700.0, 0.030367, [0.05014717857142857], [1.5741675], [0.33299695], [0.0037274106096065822]]
[1500.0, 1200.0, 0.030058, [0.04962846428571428], [1.5741675], [0.33299695], [0.003719810832607686]]
[1500.0, 300.0, 0.015689, [0.02572020238095238], [1.5741675], [0.33299695], [0.002681516634776863]]
[1500.0, 1400.0, 0.032174, [0.053178047619047625], [1.5741675], [0.33299695], [0.0038579419366282014]]
[1500.0, 100.0, 0.017983, [0.02951403571428572], [1.5741675], [0.33299695], [0.002880275648577994]]
[1500.0, 900.0, 0.03259, [4.74525], [336.96265000000005], [114.66195], [0.750289943955002]]
[1500.0, 700.0, 0.028527, [0.04706592857142858], [1.5741675], [0.33299695], [0.003642070215346588]]
[1500.0, 1900.0, 0.0295, [0.0486942380952381], [1.5741675], [0.33299695], [0.003712901146089796]]
[1500.0, 1600.0, 0.032014, [0.05290966666666667], [1.5741675], [0.33299695], [0.003879526103677567]]
[1600.0, 1500.0, 0.022621, [0.03721159523809524], [1.5741675], [0.33299695], [0.002644512566054119]]
[1600.0, 100.0, 0.012833, [1.8678750000000002], [336.96265000000005], [114.66195], [0.38127837599318426]]
[1600.0, 1300.0, 0.021959, [0.036110583333333335], [1.5741675], [0.33299695], [0.002606056797055363]]
[1600.0, 900.0, 0.023101, [0.038011142857142854], [1.5741675], [0.33299695], [0.0026744547730955057]]
[1600.0, 300.0, 0.011921, [0.019507714285714284], [1.5741675], [0.33299695], [0.0019128885418905476]]
[1600.0, 500.0, 0.015056, [0.02467457142857143], [1.5741675], [0.33299695], [0.002155827479224951]]
[1600.0, 1000.0, 0.020438, [0.03358446428571429], [1.5741675], [0.33299695], [0.0025102206044475845]]
[1600.0, 1200.0, 0.022234, [0.036568130952380956], [1.5741675], [0.33299695], [0.0026120094826426197]]
[1600.0, 1800.0, 0.020552, [0.03377396428571429], [1.5741675], [0.33299695], [0.002503492741557179]]
[1600.0, 1100.0, 0.022797, [0.03750489285714286], [1.5741675], [0.33299695], [0.0026519962104472844]]
[1600.0, 1900.0, 0.021704, [0.03568782142857143], [1.5741675], [0.33299695], [0.0025755470215698757]]
[1600.0, 1700.0, 0.022775, [0.03746825], [1.5741675], [0.33299695], [0.0026627527612554827]]
[1600.0, 800.0, 0.022908, [0.03768897619047619], [1.5741675], [0.33299695], [0.0026452474711590726]]
[1600.0, 200.0, 0.013092, [0.021435642857142855], [1.5741675], [0.33299695], [0.0019988839714999156]]
[1600.0, 1600.0, 0.021696, [0.03567457142857143], [1.5741675], [0.33299695], [0.002594943189884927]]
[1600.0, 2000.0, 0.021118, [0.03471336904761905], [1.5741675], [0.33299695], [0.0025384930560206093]]
[1600.0, 1400.0, 0.023126, [0.038052190476190476], [1.5741675], [0.33299695], [0.0026707396085521597]]
[1600.0, 700.0, 0.020514, [0.03371094047619048], [1.5741675], [0.33299695], [0.0025196740039472964]]
[1600.0, 400.0, 0.015015, [0.024608], [1.5741675], [0.33299695], [0.0021418512850890567]]
[1600.0, 600.0, 0.020653, [0.03394197619047619], [1.5741675], [0.33299695], [0.002522887578687144]]
[1700.0, 900.0, 0.014514, [0.023780880952380953], [1.5741675], [0.33299695], [0.0017162373150418184]]
[1700.0, 1500.0, 0.014615, [0.023947261904761902], [1.5741675], [0.33299695], [0.0017193130648506065]]
[1700.0, 1800.0, 0.0141, [0.023097857142857142], [1.5741675], [0.33299695], [0.0016936171356796005]]
[1700.0, 700.0, 0.012485, [0.02043529761904762], [1.5741675], [0.33299695], [0.001600616377873114]]
[1700.0, 500.0, 0.009035, [0.014763095238095238], [1.5741675], [0.33299695], [0.0013590525411196616]]
[1700.0, 300.0, 0.009167, [0.014981238095238094], [1.5741675], [0.33299695], [0.001367593430586452]]
[1700.0, 800.0, 0.014579, [0.02388747619047619], [1.5741675], [0.33299695], [0.00172393037592679]]
[1700.0, 1300.0, 0.013725, [0.02247857142857143], [1.5741675], [0.33299695], [0.001680127191897203]]
[1700.0, 400.0, 0.008344, [0.013630892857142857], [1.5741675], [0.33299695], [0.001299654367100308]]
[1700.0, 1000.0, 0.014785, [0.02422758333333333], [1.5741675], [0.33299695], [0.0017349735502175958]]
[1700.0, 2000.0, 0.016908, [0.027735166666666665], [1.5741675], [0.33299695], [0.0018656691485582557]]
[1700.0, 1600.0, 0.014069, [0.02304697619047619], [1.5741675], [0.33299695], [0.0016898867181504816]]
[1700.0, 1400.0, 0.01365, [0.022355535714285717], [1.5741675], [0.33299695], [0.001670930769717348]]
[1700.0, 1200.0, 0.015583, [0.025545916666666668], [1.5741675], [0.33299695], [0.001775564009271535]]
[1700.0, 100.0, 0.009111, [0.01488875], [1.5741675], [0.33299695], [0.0013591505617234266]]
[1700.0, 1700.0, 0.012869, [0.021068154761904764], [1.5741675], [0.33299695], [0.0016254434245862302]]
[1700.0, 1900.0, 0.016308, [0.02674390476190476], [1.5741675], [0.33299695], [0.0018324619141108138]]
[1700.0, 1100.0, 0.014543, [0.023827857142857144], [1.5741675], [0.33299695], [0.0017286546451174588]]
[1700.0, 600.0, 0.011463, [0.01875284523809524], [1.5741675], [0.33299695], [0.001536293264798376]]
[1700.0, 200.0, 0.009075, [0.014830250000000001], [1.5741675], [0.33299695], [0.0013594868020982641]]
[1800.0, 600.0, 0.007059, [0.011523345238095239], [1.5741675], [0.33299695], [0.000980932370923975]]
[1800.0, 1800.0, 0.009763, [0.015959714285714285], [1.5741675], [0.33299695], [0.0011488050826462392]]
[1800.0, 400.0, 0.00644, [0.010510146428571428], [1.5741675], [0.33299695], [0.0009326246246353303]]
[1800.0, 1300.0, 0.008861, [0.014478416666666667], [1.5741675], [0.33299695], [0.0011039691454699538]]
[1800.0, 1200.0, 0.009943, [0.016255333333333333], [1.5741675], [0.33299695], [0.0011610953586905725]]
[1800.0, 1700.0, 0.009554, [0.015615547619047617], [1.5741675], [0.33299695], [0.0011449877213691717]]
[1800.0, 500.0, 0.006948, [0.011341766666666666], [1.5741675], [0.33299695], [0.0009654752363332729]]
[1800.0, 1600.0, 0.008834, [0.014434214285714286], [1.5741675], [0.33299695], [0.0010942543459800125]]
[1800.0, 1000.0, 0.010673, [0.017455035714285715], [1.5741675], [0.33299695], [0.0011988166169932491]]
[1800.0, 700.0, 0.007736, [0.012633892857142857], [1.5741675], [0.33299695], [0.0010350084485945665]]
[1800.0, 200.0, 0.004822, [0.007863555952380953], [1.5741675], [0.33299695], [0.0008110638362578254]]
[1800.0, 800.0, 0.008263, [0.013496476190476189], [1.5741675], [0.33299695], [0.0010538971113515745]]
[1800.0, 2000.0, 0.009884, [0.01615795238095238], [1.5741675], [0.33299695], [0.001169148417243059]]
[1800.0, 1100.0, 0.008744, [0.014286892857142857], [1.5741675], [0.33299695], [0.001095754989310402]]
[1800.0, 900.0, 0.009101, [0.014871880952380952], [1.5741675], [0.33299695], [0.0011178391397708473]]
[1800.0, 1500.0, 0.008806, [0.014388154761904762], [1.5741675], [0.33299695], [0.0010970859799451867]]
[1800.0, 1400.0, 0.009333, [0.015253761904761905], [1.5741675], [0.33299695], [0.0011245224484026325]]
[1800.0, 1900.0, 0.009206, [0.015044773809523808], [1.5741675], [0.33299695], [0.0011213715105288925]]
[1800.0, 100.0, 0.005591, [0.009121215476190478], [1.5741675], [0.33299695], [0.0008817811417009384]]
[1800.0, 300.0, 0.00572, [0.009332207142857143], [1.5741675], [0.33299695], [0.0008818107144134856]]
[1900.0, 300.0, 0.004385, [0.0071486440476190485], [1.5741675], [0.33299695], [0.0006343396275171123]]
[1900.0, 1600.0, 0.007086, [0.011567454761904763], [1.5741675], [0.33299695], [0.0008039936280644605]]
[1900.0, 600.0, 0.004623, [0.007538785714285714], [1.5741675], [0.33299695], [0.0006512519558337803]]
[1900.0, 1500.0, 0.00632, [0.01031362380952381], [1.5741675], [0.33299695], [0.0007603304978668122]]
[1900.0, 500.0, 0.004069, [0.006632505952380952], [1.5741675], [0.33299695], [0.0006080009109448362]]
[1900.0, 1700.0, 0.006421, [0.010478809523809524], [1.5741675], [0.33299695], [0.0007602128722345546]]
[1900.0, 1800.0, 0.005437, [0.008869507142857143], [1.5741675], [0.33299695], [0.0007056201538981873]]
[1900.0, 800.0, 0.00539, [0.7844115], [336.96265000000005], [114.66195], [0.13452546227387588]]
[1900.0, 1300.0, 0.006293, [0.010269669047619048], [1.5741675], [0.33299695], [0.000761238548015093]]
[1900.0, 1000.0, 0.006505, [0.010616472619047617], [1.5741675], [0.33299695], [0.0007763534192101394]]
[1900.0, 1900.0, 0.006045, [0.009862769047619048], [1.5741675], [0.33299695], [0.0007392459348242606]]
[1900.0, 1200.0, 0.005993, [0.009778264285714287], [1.5741675], [0.33299695], [0.0007370644684233836]]
[1900.0, 100.0, 0.003638, [0.005929741666666667], [1.5741675], [0.33299695], [0.0005786836066049287]]
[1900.0, 2000.0, 0.006022, [0.009826470238095237], [1.5741675], [0.33299695], [0.0007406980796010724]]
[1900.0, 1100.0, 0.005966, [0.009733570238095237], [1.5741675], [0.33299695], [0.0007421777456394452]]
[1900.0, 900.0, 0.005187, [0.008460208333333333], [1.5741675], [0.33299695], [0.0006862134426611657]]
[1900.0, 200.0, 0.0031, [0.005050971428571429], [1.5741675], [0.33299695], [0.0005294856154862025]]
[1900.0, 400.0, 0.003746, [0.006105639285714286], [1.5741675], [0.33299695], [0.0005848142038812195]]
[1900.0, 700.0, 0.003741, [0.0033821249999999997], [0.504541], [0.110999], [0.00030746591537216976]]
[1900.0, 1400.0, 0.006558, [0.010703777380952382], [1.5741675], [0.33299695], [0.0007744982283187835]]
[2000.0, 1500.0, 0.003811, [0.006211770238095238], [1.5741675], [0.33299695], [0.0004806812059657705]]
[2000.0, 1200.0, 0.003474, [0.005662100000000001], [1.5741675], [0.33299695], [0.0004577536532125969]]
[2000.0, 1300.0, 0.00391, [0.5691025], [336.96265000000005], [114.66195], [0.09485043489620909]]
[2000.0, 300.0, 0.0019, [0.0017145357142857144], [0.504541], [0.110999], [0.0001797321305364334]]
[2000.0, 900.0, 0.003646, [0.005942795238095238], [1.5741675], [0.33299695], [0.0004698192830548345]]
[2000.0, 1900.0, 0.004014, [0.006543919047619047], [1.5741675], [0.33299695], [0.0004946738715851333]]
[2000.0, 1600.0, 0.003711, [0.006047992857142857], [1.5741675], [0.33299695], [0.00047371529333379344]]
[2000.0, 500.0, 0.002983, [0.0022431604166666666], [0.31281535], [0.21190715000000002], [0.0003846988811611838]]
[2000.0, 600.0, 0.002429, [0.00182529875], [0.31281535], [0.21190715000000002], [0.00034494898223827566]]
[2000.0, 200.0, 0.002271, [0.0036991392857142857], [1.5741675], [0.33299695], [0.000371777480353449]]
[2000.0, 1800.0, 0.003509, [0.005718634523809524], [1.5741675], [0.33299695], [0.00046082070876164277]]
[2000.0, 2000.0, 0.003941, [0.006423816666666667], [1.5741675], [0.33299695], [0.0004926842922109282]]
[2000.0, 400.0, 0.002317, [0.00377305], [1.5741675], [0.33299695], [0.00037543255476130886]]
[2000.0, 1100.0, 0.004395, [0.007165735714285714], [1.5741675], [0.33299695], [0.0005240105133874601]]
[2000.0, 100.0, 0.001699, [0.0027666964285714283], [1.5741675], [0.33299695], [0.0003194705796269283]]
[2000.0, 1400.0, 0.003829, [0.006240464285714286], [1.5741675], [0.33299695], [0.0004814621885488699]]
[2000.0, 1700.0, 0.004004, [0.5827855], [336.96265000000005], [114.66195], [0.09580938106469533]]
[2000.0, 700.0, 0.003164, [0.46043965], [336.96265000000005], [114.66195], [0.08550150583469275]]
[2000.0, 1000.0, 0.003976, [0.006480784523809524], [1.5741675], [0.33299695], [0.0004899012753986136]]
[2000.0, 800.0, 0.002846, [0.004636554761904762], [1.5741675], [0.33299695], [0.00041470610170776464]]
[2100.0, 200.0, 0.001451, [0.002361520238095238], [1.5741675], [0.33299695], [0.0002435722722603272]]
[2100.0, 100.0, 0.001793, [0.26091585], [336.96265000000005], [114.66195], [0.05218316299344071]]
[2100.0, 400.0, 0.001357, [0.0022094583333333337], [1.5741675], [0.33299695], [0.0002342021603816618]]
[2100.0, 1400.0, 0.002286, [0.33269745], [336.96265000000005], [114.66195], [0.058813178795232623]]
[2100.0, 500.0, 0.00187, [0.27213180000000003], [336.96265000000005], [114.66195], [0.05336942008304006]]
[2100.0, 800.0, 0.002408, [0.35049885], [336.96265000000005], [114.66195], [0.06011004491763419]]
[2100.0, 300.0, 0.00179, [0.26047095], [336.96265000000005], [114.66195], [0.05209419353440458]]
[2100.0, 600.0, 0.001616, [0.0026309380952380954], [1.5741675], [0.33299695], [0.00025798470550915224]]
[2100.0, 700.0, 0.002363, [0.3439738], [336.96265000000005], [114.66195], [0.05987814709892082]]
[2100.0, 1000.0, 0.002407, [0.003920877380952381], [1.5741675], [0.33299695], [0.0003119282524778375]]
[2100.0, 1700.0, 0.002363, [0.003848155952380952], [1.5741675], [0.33299695], [0.00031212667042408064]]
[2100.0, 1800.0, 0.002737, [0.39829349999999997], [336.96265000000005], [114.66195], [0.06377801345291338]]
[2100.0, 1900.0, 0.002519, [0.36660105], [336.96265000000005], [114.66195], [0.061966886318420095]]
[2100.0, 900.0, 0.002078, [0.0033838416666666666], [1.5741675], [0.33299695], [0.0002901620569171242]]
[2100.0, 2000.0, 0.002555, [0.3718459], [336.96265000000005], [114.66195], [0.0628534207501867]]
[2100.0, 1200.0, 0.002374, [0.0038661357142857145], [1.5741675], [0.33299695], [0.000310535548846675]]
[2100.0, 1500.0, 0.002554, [0.0023061940476190477], [0.504541], [0.110999], [0.0001695547703636239]]
[2100.0, 1100.0, 0.002476, [0.3603571], [336.96265000000005], [114.66195], [0.06180072815105013]]
[2100.0, 1300.0, 0.002866, [0.41717955], [336.96265000000005], [114.66195], [0.06596188293249368]]
[2100.0, 1600.0, 0.002707, [0.39397594999999996], [336.96265000000005], [114.66195], [0.06391134484580965]]
[2200.0, 1700.0, 0.001512, [0.0013637535714285714], [0.504541], [0.110999], [0.00010681742906439677]]
[2200.0, 1100.0, 0.001769, [0.0015961589285714286], [0.504541], [0.110999], [0.00011579755540540776]]
[2200.0, 200.0, 0.000811, [0.0013195690476190474], [1.5741675], [0.33299695], [0.000148463120625767]]
[2200.0, 1800.0, 0.001767, [0.25723175], [336.96265000000005], [114.66195], [0.042288636180420856]]
[2200.0, 900.0, 0.001446, [0.2104464], [336.96265000000005], [114.66195], [0.03842207698706565]]
[2200.0, 1000.0, 0.001356, [0.001223330357142857], [0.504541], [0.110999], [0.00010021911227332144]]
[2200.0, 1300.0, 0.001623, [0.0026417988095238094], [1.5741675], [0.33299695], [0.00020885248241385792]]
[2200.0, 1900.0, 0.001427, [0.0012877315476190478], [0.504541], [0.110999], [0.00010343306302182633]]
[2200.0, 1400.0, 0.001538, [0.001388119642857143], [0.504541], [0.110999], [0.00010806496390089851]]
[2200.0, 1600.0, 0.001657, [0.2411817], [336.96265000000005], [114.66195], [0.04076714669927244]]
[2200.0, 800.0, 0.001532, [0.22296480000000002], [336.96265000000005], [114.66195], [0.0394149781174619]]
[2200.0, 400.0, 0.001039, [0.0009368922619047619], [0.504541], [0.110999], [8.736566461569154e-05]]
[2200.0, 600.0, 0.001338, [0.19471585], [336.96265000000005], [114.66195], [0.03679783281662114]]
[2200.0, 2000.0, 0.001683, [0.24501004999999998], [336.96265000000005], [114.66195], [0.04141426082884977]]
[2200.0, 500.0, 0.001337, [0.19451564999999998], [336.96265000000005], [114.66195], [0.036760005440696006]]
[2200.0, 700.0, 0.001195, [0.17395819999999998], [336.96265000000005], [114.66195], [0.03479163333331737]]
[2200.0, 300.0, 0.000937, [0.0008447404761904761], [0.504541], [0.110999], [8.405480628247067e-05]]
[2200.0, 1200.0, 0.001863, [0.27112064999999996], [336.96265000000005], [114.66195], [0.043414047265833214]]
[2200.0, 1500.0, 0.001518, [0.0024719892857142855], [1.5741675], [0.33299695], [0.00020183711945307697]]
[2200.0, 100.0, 0.001101, [0.16030110000000003], [336.96265000000005], [114.66195], [0.0334250953626164]]
[2300.0, 700.0, 0.000859, [0.1249759], [336.96265000000005], [114.66195], [0.02405162676410891]]
[2300.0, 100.0, 0.000572, [0.00042934229166666666], [0.31281535], [0.21190715000000002], [9.153610493649183e-05]]
[2300.0, 1800.0, 0.001186, [0.17256185000000002], [336.96265000000005], [114.66195], [0.02836899716239543]]
[2300.0, 1000.0, 0.001013, [0.14741755], [336.96265000000005], [114.66195], [0.026059983691476094]]
[2300.0, 1500.0, 0.000976, [0.0008800720238095239], [0.504541], [0.110999], [7.001475285904988e-05]]
[2300.0, 1200.0, 0.001103, [0.0008276333333333333], [0.31281535], [0.21190715000000002], [0.00012621290021450087]]
[2300.0, 500.0, 0.000661, [0.0005963595238095238], [0.504541], [0.110999], [5.765224041466153e-05]]
[2300.0, 1900.0, 0.001331, [0.19370455], [336.96265000000005], [114.66195], [0.029889258103874043]]
[2300.0, 1300.0, 0.00108, [0.0009742940476190476], [0.504541], [0.110999], [7.282214476087405e-05]]
[2300.0, 1600.0, 0.001102, [0.16034315000000002], [336.96265000000005], [114.66195], [0.02710293803261927]]
[2300.0, 1700.0, 0.001284, [0.18681945000000003], [336.96265000000005], [114.66195], [0.02953874997355169]]
[2300.0, 1400.0, 0.001189, [0.17299135000000002], [336.96265000000005], [114.66195], [0.028439602669517026]]
[2300.0, 1100.0, 0.001148, [0.0008617114583333333], [0.31281535], [0.21190715000000002], [0.00012990788670353228]]
[2300.0, 900.0, 0.00102, [0.14848820000000001], [336.96265000000005], [114.66195], [0.02624925237030571]]
[2300.0, 2000.0, 0.001147, [0.16697574999999998], [336.96265000000005], [114.66195], [0.027829292121791385]]
[2300.0, 300.0, 0.0007, [0.00052520875], [0.31281535], [0.21190715000000002], [0.00010107645449251659]]
[2300.0, 200.0, 0.000508, [0.07389075], [336.96265000000005], [114.66195], [0.01847268930069469]]
[2300.0, 400.0, 0.000618, [0.0005567049404761905], [0.504541], [0.110999], [5.539420162522558e-05]]
[2300.0, 800.0, 0.001175, [0.17104499999999997], [336.96265000000005], [114.66195], [0.028119623930628945]]
[2300.0, 600.0, 0.000736, [0.0005519791666666667], [0.31281535], [0.21190715000000002], [0.00010431424961917288]]
[2400.0, 1200.0, 0.000703, [0.0006334583333333333], [0.504541], [0.110999], [4.788495697302432e-05]]
[2400.0, 1500.0, 0.000762, [0.0006870630952380953], [0.504541], [0.110999], [5.0377898036184664e-05]]
[2400.0, 1100.0, 0.000786, [0.11439255], [336.96265000000005], [114.66195], [0.01855691919473704]]
[2400.0, 1600.0, 0.000743, [0.10813085], [336.96265000000005], [114.66195], [0.018277445116864664]]
[2400.0, 400.0, 0.000489, [0.0711783], [336.96265000000005], [114.66195], [0.014841699700506004]]
[2400.0, 1300.0, 0.00082, [0.11933410000000001], [336.96265000000005], [114.66195], [0.019108741455156068]]
[2400.0, 200.0, 0.000513, [0.07460075], [336.96265000000005], [114.66195], [0.015227817473295378]]
[2400.0, 1700.0, 0.000771, [0.11216659999999999], [336.96265000000005], [114.66195], [0.018694430988933575]]
[2400.0, 2000.0, 0.000738, [0.0005538510416666667], [0.31281535], [0.21190715000000002], [8.44614783167122e-05]]
[2400.0, 600.0, 0.000548, [0.07971955], [336.96265000000005], [114.66195], [0.015634288439196713]]
[2400.0, 1900.0, 0.000875, [0.1273119], [336.96265000000005], [114.66195], [0.01964464939875487]]
[2400.0, 700.0, 0.000578, [0.08412775], [336.96265000000005], [114.66195], [0.01619039838916881]]
[2400.0, 100.0, 0.000377, [0.05489335], [336.96265000000005], [114.66195], [0.012938486194296456]]
[2400.0, 1800.0, 0.000663, [0.0004970989583333333], [0.31281535], [0.21190715000000002], [7.959955659249756e-05]]
[2400.0, 500.0, 0.000406, [0.0003656844642857142], [0.504541], [0.110999], [3.675266758023203e-05]]
[2400.0, 900.0, 0.000505, [0.0008221489285714286], [1.5741675], [0.33299695], [7.768577324761185e-05]]
[2400.0, 1400.0, 0.00095, [0.0007130087499999999], [0.31281535], [0.21190715000000002], [9.527980996779958e-05]]
[2400.0, 800.0, 0.000552, [0.0004140183333333333], [0.31281535], [0.21190715000000002], [7.31888076313585e-05]]
[2400.0, 300.0, 0.000431, [0.0007012275000000001], [1.5741675], [0.33299695], [7.15687315336337e-05]]
[2400.0, 1000.0, 0.000696, [0.10129755], [336.96265000000005], [114.66195], [0.017633639726386607]]
[2500.0, 400.0, 0.000294, [0.00022037916666666667], [0.31281535], [0.21190715000000002], [4.321990362604299e-05]]
[2500.0, 1300.0, 0.000389, [0.0003505975], [0.504541], [0.110999], [2.901565620468822e-05]]
[2500.0, 500.0, 0.000339, [0.0003056395833333333], [0.504541], [0.110999], [2.7121127475743987e-05]]
[2500.0, 900.0, 0.000358, [0.00026855499999999997], [0.31281535], [0.21190715000000002], [4.747424831919113e-05]]
[2500.0, 1400.0, 0.000438, [0.000712434880952381], [1.5741675], [0.33299695], [5.9164498858437636e-05]]
[2500.0, 200.0, 0.000228, [0.00020570940476190476], [0.504541], [0.110999], [2.2312315600081532e-05]]
[2500.0, 1900.0, 0.000504, [0.07333105], [336.96265000000005], [114.66195], [0.01222184519620503]]
[2500.0, 1000.0, 0.000397, [0.05783175], [336.96265000000005], [114.66195], [0.010739087484511894]]
[2500.0, 1800.0, 0.000477, [0.0693934], [336.96265000000005], [114.66195], [0.01190087181680401]]
[2500.0, 1700.0, 0.000608, [0.08846005], [336.96265000000005], [114.66195], [0.013335853928414184]]
[2500.0, 800.0, 0.000342, [0.00030793755952380954], [0.504541], [0.110999], [2.7433257494873724e-05]]
[2500.0, 700.0, 0.000359, [0.0523104], [336.96265000000005], [114.66195], [0.01025891685315755]]
[2500.0, 1600.0, 0.000472, [0.0687604], [336.96265000000005], [114.66195], [0.01179231317426738]]
[2500.0, 1100.0, 0.000423, [0.0013379374999999997], [5.176589999999999], [1.0898085], [0.0002115464553656661]]
[2500.0, 600.0, 0.000346, [0.00025950958333333335], [0.31281535], [0.21190715000000002], [4.660930254073036e-05]]
[2500.0, 300.0, 0.000332, [0.048287004999999994], [336.96265000000005], [114.66195], [0.009856543511799662]]
[2500.0, 2000.0, 0.000533, [0.0003994604166666667], [0.31281535], [0.21190715000000002], [5.8267284035630915e-05]]
[2500.0, 1200.0, 0.000473, [0.06883005], [336.96265000000005], [114.66195], [0.011804259824317662]]
[2500.0, 100.0, 0.000236, [0.034277945], [336.96265000000005], [114.66195], [0.008313624360048991]]
[2500.0, 1500.0, 0.000443, [0.06440235], [336.96265000000005], [114.66195], [0.011384835308426731]]
[2600.0, 800.0, 0.000245, [0.00018337447916666667], [0.31281535], [0.21190715000000002], [3.19214054902384e-05]]
[2600.0, 2000.0, 0.000368, [0.00027581875000000003], [0.31281535], [0.21190715000000002], [3.900666008837465e-05]]
[2600.0, 900.0, 0.0003, [0.043598689999999996], [336.96265000000005], [114.66195], [0.007707233615247432]]
[2600.0, 1000.0, 0.000268, [0.00024158940476190475], [0.504541], [0.110999], [1.9595487616301742e-05]]
[2600.0, 200.0, 0.00014, [0.00011071678571428571], [0.3935419], [0.0504541], [1.3233188432010538e-05]]
[2600.0, 1100.0, 0.000314, [0.0002351989583333333], [0.31281535], [0.21190715000000002], [3.5867498247794694e-05]]
[2600.0, 1500.0, 0.000281, [0.00025327625], [0.504541], [0.110999], [1.9960961403668165e-05]]
[2600.0, 700.0, 0.000274, [0.0398351], [336.96265000000005], [114.66195], [0.007272862228861482]]
[2600.0, 1800.0, 0.000333, [0.04845582], [336.96265000000005], [114.66195], [0.00807597052991156]]
[2600.0, 1600.0, 0.00033, [0.00024760770833333334], [0.31281535], [0.21190715000000002], [3.691116987858222e-05]]
[2600.0, 1400.0, 0.000295, [0.042933790000000006], [336.96265000000005], [114.66195], [0.007589693669707625]]
[2600.0, 1300.0, 0.000323, [0.04693875], [336.96265000000005], [114.66195], [0.007934097302151014]]
[2600.0, 600.0, 0.000249, [0.00018671102083333332], [0.31281535], [0.21190715000000002], [3.2020677455703875e-05]]
[2600.0, 1700.0, 0.000345, [0.000258484375], [0.31281535], [0.21190715000000002], [3.7703803825564685e-05]]
[2600.0, 400.0, 0.000184, [0.00016600357142857144], [0.504541], [0.110999], [1.6200288080778895e-05]]
[2600.0, 300.0, 0.000181, [0.00016327857142857142], [0.504541], [0.110999], [1.6010780629684552e-05]]
[2600.0, 1900.0, 0.00027, [0.00020277429166666667], [0.31281535], [0.21190715000000002], [3.3335885318977205e-05]]
[2600.0, 1200.0, 0.000303, [0.04413349], [336.96265000000005], [114.66195], [0.007682654163763979]]
[2600.0, 100.0, 0.000184, [0.00016587309523809522], [0.504541], [0.110999], [1.61875544457537e-05]]
[2600.0, 500.0, 0.000227, [0.032977389999999995], [336.96265000000005], [114.66195], [0.006595477617276856]]
[2700.0, 1400.0, 0.000222, [0.032266735], [336.96265000000005], [114.66195], [0.005304618270903195]]
[2700.0, 1000.0, 0.000159, [0.00011883391666666666], [0.31281535], [0.21190715000000002], [2.068632927200957e-05]]
[2700.0, 800.0, 0.000172, [0.0001292848125], [0.31281535], [0.21190715000000002], [2.1547468593265843e-05]]
[2700.0, 900.0, 0.000155, [0.0001399567857142857], [0.504541], [0.110999], [1.2001197207380221e-05]]
[2700.0, 600.0, 0.000212, [0.030836195], [336.96265000000005], [114.66195], [0.005139365233178121]]
[2700.0, 1100.0, 0.000184, [0.00013827412499999999], [0.31281535], [0.21190715000000002], [2.2431018872063945e-05]]
[2700.0, 1300.0, 0.000271, [0.039400054999999996], [336.96265000000005], [114.66195], [0.005873412551489977]]
[2700.0, 400.0, 0.000166, [0.00012455997916666666], [0.31281535], [0.21190715000000002], [2.1361858370833648e-05]]
[2700.0, 1700.0, 0.000209, [0.00015640350000000003], [0.31281535], [0.21190715000000002], [2.3851309872602152e-05]]
[2700.0, 100.0, 0.000115, [8.64865625e-05], [0.31281535], [0.21190715000000002], [1.7653996291759113e-05]]
[2700.0, 2000.0, 0.000258, [0.00019376481250000003], [0.31281535], [0.21190715000000002], [2.6368054641090906e-05]]
[2700.0, 1200.0, 0.00024, [0.03486955], [336.96265000000005], [114.66195], [0.00551336104386426]]
[2700.0, 700.0, 0.000126, [9.443381249999999e-05], [0.31281535], [0.21190715000000002], [1.8519995528482184e-05]]
[2700.0, 300.0, 0.000138, [0.020020660000000003], [336.96265000000005], [114.66195], [0.004174596387676298]]
[2700.0, 1800.0, 0.000203, [0.00015196683333333334], [0.31281535], [0.21190715000000002], [2.3448987925328936e-05]]
[2700.0, 200.0, 0.000136, [0.019777834999999997], [336.96265000000005], [114.66195], [0.004123963506143089]]
[2700.0, 1500.0, 0.000225, [0.03270866], [336.96265000000005], [114.66195], [0.005306046079709448]]
[2700.0, 500.0, 0.000158, [0.023062325], [336.96265000000005], [114.66195], [0.004438346538971467]]
[2700.0, 1900.0, 0.00022, [0.00016510108333333333], [0.31281535], [0.21190715000000002], [2.4611821417201577e-05]]
[2700.0, 1600.0, 0.000184, [0.02680309], [336.96265000000005], [114.66195], [0.0048139767864002]]
[2800.0, 1500.0, 0.000135, [0.00012194357142857142], [0.504541], [0.110999], [9.063992859291536e-06]]
[2800.0, 200.0, 8.2e-05, [6.132920833333334e-05], [0.31281535], [0.21190715000000002], [1.2027646466116673e-05]]
[2800.0, 400.0, 0.000115, [0.01669423], [336.96265000000005], [114.66195], [0.0030479353667687906]]
[2800.0, 900.0, 9.4e-05, [0.013696819999999998], [336.96265000000005], [114.66195], [0.0027958522850823147]]
[2800.0, 600.0, 0.000104, [0.01513317], [336.96265000000005], [114.66195], [0.002912379611245759]]
[2800.0, 1200.0, 0.000112, [8.36454375e-05], [0.31281535], [0.21190715000000002], [1.3940906409834973e-05]]
[2800.0, 1000.0, 0.000118, [0.01722503], [336.96265000000005], [114.66195], [0.0031448453857065854]]
[2800.0, 1400.0, 0.000185, [0.00013853522916666667], [0.31281535], [0.21190715000000002], [1.8035751291609056e-05]]
[2800.0, 800.0, 8.5e-05, [0.012301865], [336.96265000000005], [114.66195], [0.0026227666689966913]]
[2800.0, 100.0, 8e-05, [0.011707915], [336.96265000000005], [114.66195], [0.0025548767093540935]]
[2800.0, 1100.0, 0.000143, [0.020825424999999998], [336.96265000000005], [114.66195], [0.003423678212098795]]
[2800.0, 1300.0, 0.000132, [0.01925625], [336.96265000000005], [114.66195], [0.0033024199460395705]]
[2800.0, 2000.0, 0.000144, [0.00010783616666666665], [0.31281535], [0.21190715000000002], [1.58995749746652e-05]]
[2800.0, 500.0, 0.000105, [0.01521156], [336.96265000000005], [114.66195], [0.0029274660544573354]]
[2800.0, 1900.0, 0.000139, [0.020226875000000002], [336.96265000000005], [114.66195], [0.0033711459475970484]]
[2800.0, 1800.0, 0.000167, [0.024287850000000003], [336.96265000000005], [114.66195], [0.003703862510947187]]
[2800.0, 300.0, 8.5e-05, [0.01233187], [336.96265000000005], [114.66195], [0.002629162889590525]]
[2800.0, 700.0, 9.3e-05, [0.00029253758333333335], [5.176589999999999], [1.0898085], [5.254130650154113e-05]]
[2800.0, 1600.0, 0.000135, [0.0196853], [336.96265000000005], [114.66195], [0.003327422425842562]]
[2800.0, 1700.0, 0.000123, [0.01788654], [336.96265000000005], [114.66195], [0.0031619238605633754]]
[2900.0, 1300.0, 7.2e-05, [5.4135874999999996e-05], [0.31281535], [0.21190715000000002], [9.022647046306433e-06]]
[2900.0, 900.0, 7.2e-05, [5.384277083333333e-05], [0.31281535], [0.21190715000000002], [9.101088819934312e-06]]
[2900.0, 1600.0, 9.7e-05, [7.297525e-05], [0.31281535], [0.21190715000000002], [1.053307044107589e-05]]
[2900.0, 2000.0, 8.4e-05, [6.278558333333333e-05], [0.31281535], [0.21190715000000002], [9.805460142752665e-06]]
[2900.0, 1200.0, 6.8e-05, [0.009917299999999999], [336.96265000000005], [114.66195], [0.0019085845540609409]]
[2900.0, 1700.0, 0.000115, [8.640189583333332e-05], [0.31281535], [0.21190715000000002], [1.1444210994113038e-05]]
[2900.0, 1100.0, 8.6e-05, [0.012558875], [336.96265000000005], [114.66195], [0.002153829728646162]]
[2900.0, 800.0, 6e-05, [0.00877679], [336.96265000000005], [114.66195], [0.001791555190330457]]
[2900.0, 600.0, 7.3e-05, [5.4597166666666666e-05], [0.31281535], [0.21190715000000002], [9.099526849726247e-06]]
[2900.0, 100.0, 4.3e-05, [0.006226285], [336.96265000000005], [114.66195], [0.0015100958578845253]]
[2900.0, 400.0, 5e-05, [4.495860119047619e-05], [0.504541], [0.110999], [4.4735479313520616e-06]]
[2900.0, 1000.0, 8.1e-05, [6.072220833333334e-05], [0.31281535], [0.21190715000000002], [9.601023075548888e-06]]
[2900.0, 1400.0, 0.000114, [0.01656163], [336.96265000000005], [114.66195], [0.002468862086063132]]
[2900.0, 200.0, 4.7e-05, [3.5065958333333334e-05], [0.31281535], [0.21190715000000002], [7.311758034532841e-06]]
[2900.0, 500.0, 6e-05, [4.488041666666666e-05], [0.31281535], [0.21190715000000002], [8.194007168182258e-06]]
[2900.0, 1500.0, 9.7e-05, [7.251352083333333e-05], [0.31281535], [0.21190715000000002], [1.0466424907637863e-05]]
[2900.0, 1800.0, 8.5e-05, [6.355341666666666e-05], [0.31281535], [0.21190715000000002], [9.80650692780054e-06]]
[2900.0, 300.0, 5.8e-05, [0.008457580000000001], [336.96265000000005], [114.66195], [0.0017635277145539845]]
[2900.0, 700.0, 6.5e-05, [0.00939009], [336.96265000000005], [114.66195], [0.0018415482616537641]]
[2900.0, 1900.0, 0.00013, [9.710254166666667e-05], [0.31281535], [0.21190715000000002], [1.2233770782937059e-05]]
[3000.0, 1900.0, 7.9e-05, [5.909920833333333e-05], [0.31281535], [0.21190715000000002], [7.566880618304129e-06]]
[3000.0, 800.0, 3.7e-05, [2.8104541666666667e-05], [0.31281535], [0.21190715000000002], [5.21888181802918e-06]]
[3000.0, 900.0, 4e-05, [3.593690476190476e-05], [0.504541], [0.110999], [3.164068147058313e-06]]
[3000.0, 1600.0, 6.3e-05, [0.009114805], [336.96265000000005], [114.66195], [0.0014595367415724757]]
[3000.0, 700.0, 3e-05, [2.676484523809524e-05], [0.504541], [0.110999], [2.7316753153229376e-06]]
[3000.0, 600.0, 3.7e-05, [2.7543583333333335e-05], [0.31281535], [0.21190715000000002], [5.205249086792635e-06]]
[3000.0, 1300.0, 7.7e-05, [5.792206249999999e-05], [0.31281535], [0.21190715000000002], [7.477704128125008e-06]]
[3000.0, 500.0, 4.9e-05, [0.007148890000000001], [336.96265000000005], [114.66195], [0.0012839783876685777]]
[3000.0, 1500.0, 5.8e-05, [4.362277083333333e-05], [0.31281535], [0.21190715000000002], [6.502899660386553e-06]]
[3000.0, 1800.0, 5.9e-05, [0.008627605], [336.96265000000005], [114.66195], [0.0014183693101586768]]
[3000.0, 2000.0, 6.1e-05, [0.00892509], [336.96265000000005], [114.66195], [0.0014478403744888455]]
[3000.0, 100.0, 3.2e-05, [2.4287729166666665e-05], [0.31281535], [0.21190715000000002], [4.857546659437366e-06]]
[3000.0, 1400.0, 5.8e-05, [4.31719375e-05], [0.31281535], [0.21190715000000002], [6.508413358449542e-06]]
[3000.0, 1100.0, 4.5e-05, [0.006562075], [336.96265000000005], [114.66195], [0.00124011561960972]]
[3000.0, 1200.0, 5.1e-05, [3.788520833333333e-05], [0.31281535], [0.21190715000000002], [6.066487448703555e-06]]
[3000.0, 1000.0, 4e-05, [0.005874505], [336.96265000000005], [114.66195], [0.0011749011660561071]]
[3000.0, 400.0, 3.9e-05, [0.005637275], [336.96265000000005], [114.66195], [0.0011507036977432548]]
[3000.0, 300.0, 2.8e-05, [8.942333333333335e-05], [5.176589999999999], [1.0898085], [1.864605633013766e-05]]
[3000.0, 1700.0, 6.4e-05, [4.79356875e-05], [0.31281535], [0.21190715000000002], [6.847958181093105e-06]]
[3000.0, 200.0, 2.5e-05, [2.2193934523809522e-05], [0.504541], [0.110999], [2.497012812848253e-06]]
