[200.0, 1800.0, 1.0, [186.03095], [252.352891], [27.8891193], [7.847243294622641]]
[200.0, 700.0, 1.0, [4328.596299999999], [6115.6802], [692.13725], [437.254163108318]]
[200.0, 2000.0, 1.0, [4276.615466666666], [5983.4341], [710.82732], [434.2245465706014]]
[200.0, 1300.0, 1.0, [4868.352533333334], [6401.9333], [698.12554], [464.17928139650724]]
[200.0, 1400.0, 1.0, [183.87249999999997], [252.352891], [27.8891193], [7.811995099684843]]
[200.0, 400.0, 1.0, [4445.454766666667], [6401.9333], [698.12554], [444.54553686258555]]
[200.0, 1900.0, 1.0, [4248.986], [6401.9333], [698.12554], [433.66033509341537]]
[200.0, 1700.0, 1.0, [4403.9485], [6115.6802], [692.13725], [440.39485826799677]]
[200.0, 500.0, 1.0, [4398.9848], [6401.9333], [698.12554], [439.89845326948915]]
[200.0, 1500.0, 1.0, [5178.509466666666], [6401.9333], [698.12554], [478.7533208239918]]
[200.0, 100.0, 1.0, [4228.796366666667], [6115.6802], [692.13725], [431.5997030042228]]
[200.0, 600.0, 1.0, [4161.790500000001], [6401.9333], [698.12554], [429.2558171870113]]
[200.0, 1000.0, 1.0, [4854.5623000000005], [6401.9333], [698.12554], [462.86427551113127]]
[200.0, 1200.0, 1.0, [131.1883125], [133.44287599999998], [15.1671464], [6.584154496307783]]
[200.0, 300.0, 1.0, [4249.503766666666], [5983.4341], [710.82732], [433.71320631649354]]
[200.0, 1600.0, 1.0, [4543.707933333333], [6401.9333], [698.12554], [449.8941877819717]]
[200.0, 900.0, 1.0, [4504.7905], [6115.6802], [692.13725], [446.04072565679974]]
[200.0, 800.0, 1.0, [4732.637233333333], [6115.6802], [692.13725], [457.5212738830355]]
[200.0, 1100.0, 1.0, [4599.131833333333], [6401.9333], [698.12554], [450.98202665590424]]
[200.0, 200.0, 1.0, [4755.580666666667], [6115.6802], [692.13725], [457.60598955627506]]
[300.0, 2000.0, 1.0, [112.1410815], [107.80558599999999], [12.187819], [5.10788689356959]]
[300.0, 400.0, 1.0, [116.01609950000001], [107.80558599999999], [12.187819], [5.2092767437044465]]
[300.0, 1000.0, 1.0, [115.5051765], [107.80558599999999], [12.187819], [5.18633520537383]]
[300.0, 200.0, 1.0, [113.7191265], [107.80558599999999], [12.187819], [5.147822559102051]]
[300.0, 1600.0, 1.0, [114.695329], [107.80558599999999], [12.187819], [5.181407104493913]]
[300.0, 1300.0, 1.0, [119.39986800000001], [107.80558599999999], [12.187819], [5.281938629897171]]
[300.0, 800.0, 1.0, [116.2099435], [107.80558599999999], [12.187819], [5.1970667950777765]]
[300.0, 700.0, 1.0, [114.90223149999998], [107.80558599999999], [12.187819], [5.180192886611463]]
[300.0, 300.0, 1.0, [112.80204250000001], [107.80558599999999], [12.187819], [5.137991726832577]]
[300.0, 900.0, 1.0, [110.69347450000001], [107.80558599999999], [12.187819], [5.073627029798307]]
[300.0, 600.0, 1.0, [112.564613], [107.80558599999999], [12.187819], [5.111296022292193]]
[300.0, 1400.0, 1.0, [118.97949700000001], [107.80558599999999], [12.187819], [5.268500986286328]]
[300.0, 500.0, 1.0, [118.2574575], [107.80558599999999], [12.187819], [5.257185086621927]]
[300.0, 1200.0, 1.0, [122.973977], [107.80558599999999], [12.187819], [5.341648423941808]]
[300.0, 100.0, 0.999999, [63.15208199999999], [58.226357], [5.8080827], [3.829157192842832]]
[300.0, 1100.0, 1.0, [58.42442725000001], [43.4034062], [5.13471], [2.6102105567606997]]
[300.0, 1900.0, 1.0, [108.0132235], [107.80558599999999], [12.187819], [5.014388132165279]]
[300.0, 1500.0, 1.0, [117.654439], [107.80558599999999], [12.187819], [5.235554269129487]]
[300.0, 1700.0, 1.0, [116.7842725], [107.80558599999999], [12.187819], [5.196832329169377]]
[300.0, 1800.0, 1.0, [112.51453500000001], [107.80558599999999], [12.187819], [5.109021956059691]]
[400.0, 900.0, 0.999953, [38.3257175], [32.8722086], [3.67932425], [2.0033173746937853]]
[400.0, 1200.0, 0.999988, [42.1673175], [32.8722086], [3.67932425], [2.100503324265401]]
[400.0, 1500.0, 0.999901, [36.187725], [32.8722086], [3.67932425], [1.9454633778999797]]
[400.0, 200.0, 0.999984, [41.45025149999999], [32.8722086], [3.67932425], [2.077713829428875]]
[400.0, 1600.0, 0.999988, [35.3847865], [20.9567463], [2.31092232], [1.9218378446164492]]
[400.0, 500.0, 0.999957, [32.139492], [20.9567463], [2.31092232], [1.8313170676455786]]
[400.0, 1700.0, 0.999928, [37.122130500000004], [32.8722086], [3.67932425], [1.9647122697102497]]
[400.0, 300.0, 0.999967, [32.810914499999996], [20.9567463], [2.31092232], [1.8457578709028981]]
[400.0, 1300.0, 0.999971, [39.70710100000001], [32.8722086], [3.67932425], [2.0369309429875133]]
[400.0, 1400.0, 0.999975, [33.593861000000004], [20.9567463], [2.31092232], [1.877953527180585]]
[400.0, 1100.0, 0.999993, [36.67062], [20.9567463], [2.31092232], [1.957332891589982]]
[400.0, 800.0, 0.999991, [43.1183585], [32.8722086], [3.67932425], [2.121715559989133]]
[400.0, 100.0, 0.998922, [28.947338000000002], [32.8722086], [3.67932425], [1.7424247735555185]]
[400.0, 1000.0, 0.999971, [33.131766500000005], [20.9567463], [2.31092232], [1.860866207442115]]
[400.0, 400.0, 0.999962, [32.4510585], [20.9567463], [2.31092232], [1.8401300710819328]]
[400.0, 1800.0, 0.999977, [33.72535250000001], [20.9567463], [2.31092232], [1.8765285561376357]]
[400.0, 2000.0, 0.999956, [38.5419545], [32.8722086], [3.67932425], [2.0091377330835236]]
[400.0, 600.0, 0.999972, [39.851994000000005], [32.8722086], [3.67932425], [2.041680125288974]]
[400.0, 700.0, 0.999968, [39.418491], [32.8722086], [3.67932425], [2.0301558043657635]]
[400.0, 1900.0, 0.999939, [37.575797], [32.8722086], [3.67932425], [1.977672719005852]]
[500.0, 1700.0, 0.997931, [247.269484], [385.909251], [74.467015], [16.304465606084733]]
[500.0, 1100.0, 0.998625, [257.219375], [385.909251], [74.467015], [16.53468679775943]]
[500.0, 300.0, 0.998647, [74.59985400000001], [56.637238], [18.1991929], [8.916385815452356]]
[500.0, 1300.0, 0.999512, [281.444044], [385.909251], [74.467015], [17.321683662392637]]
[500.0, 1800.0, 0.999886, [92.930068], [56.637238], [18.1991929], [9.963147238699225]]
[500.0, 1400.0, 0.997759, [15.1206699], [7.791122499999999], [0.8690443999999999], [0.9004228320628037]]
[500.0, 600.0, 0.99963, [84.454048], [56.637238], [18.1991929], [9.5018252430783]]
[500.0, 1900.0, 0.998544, [255.87844099999998], [385.909251], [74.467015], [16.55139927015236]]
[500.0, 1200.0, 0.998936, [263.355743], [385.909251], [74.467015], [16.72310489711764]]
[500.0, 800.0, 0.999748, [87.218677], [56.637238], [18.1991929], [9.631693821441793]]
[500.0, 1000.0, 0.998825, [261.004282], [385.909251], [74.467015], [16.674952701582097]]
[500.0, 2000.0, 0.998838, [75.795013], [56.637238], [18.1991929], [8.995212285432736]]
[500.0, 700.0, 0.997494, [242.37957799999998], [385.909251], [74.467015], [16.016892566911974]]
[500.0, 100.0, 0.973368, [11.3207689], [12.2164644], [1.3934492600000001], [0.7738718165174385]]
[500.0, 200.0, 0.997363, [69.295898], [56.637238], [18.1991929], [8.595097249013532]]
[500.0, 1500.0, 0.999656, [289.260083], [385.909251], [74.467015], [17.603804949498844]]
[500.0, 900.0, 0.999102, [77.77216299999999], [56.637238], [18.1991929], [9.102541022154197]]
[500.0, 1600.0, 0.998111, [249.473896], [385.909251], [74.467015], [16.308617816970266]]
[500.0, 500.0, 0.998779, [75.473083], [56.637238], [18.1991929], [9.020756272619275]]
[500.0, 400.0, 0.998124, [249.652844], [385.909251], [74.467015], [16.320317830851213]]
[600.0, 200.0, 0.965325, [45.289229999999996], [56.637238], [18.1991929], [5.161186537996859]]
[600.0, 1400.0, 0.988704, [55.247206000000006], [56.637238], [18.1991929], [5.698314475351462]]
[600.0, 1900.0, 0.991134, [57.252531000000005], [56.637238], [18.1991929], [5.783382631298053]]
[600.0, 100.0, 0.930955, [38.5351239], [56.637238], [18.1991929], [4.779693942398405]]
[600.0, 800.0, 0.983999, [52.290595], [56.637238], [18.1991929], [5.574197443578762]]
[600.0, 1200.0, 0.99844, [70.75658800000001], [56.637238], [18.1991929], [6.4591646851585995]]
[600.0, 600.0, 0.991185, [57.326178], [56.637238], [18.1991929], [5.82059159278505]]
[600.0, 1600.0, 0.992208, [58.33136399999999], [56.637238], [18.1991929], [5.862519808921757]]
[600.0, 400.0, 0.996402, [64.476552], [56.637238], [18.1991929], [6.175734200886563]]
[600.0, 500.0, 0.994048, [60.501574000000005], [56.637238], [18.1991929], [5.961395258662186]]
[600.0, 1100.0, 0.998154, [69.512184], [56.637238], [18.1991929], [6.399114848164549]]
[600.0, 300.0, 0.981137, [185.27924099999998], [385.909251], [74.467015], [10.43930251597299]]
[600.0, 1700.0, 0.99617, [63.972587000000004], [56.637238], [18.1991929], [6.127463224695845]]
[600.0, 1500.0, 0.99554, [62.784729], [56.637238], [18.1991929], [6.069628635262623]]
[600.0, 1800.0, 0.997117, [66.17312799999999], [56.637238], [18.1991929], [6.25277440101592]]
[600.0, 1000.0, 0.994715, [61.464179], [56.637238], [18.1991929], [6.027057763950832]]
[600.0, 2000.0, 0.998683, [71.992368], [56.637238], [18.1991929], [6.517882308695056]]
[600.0, 700.0, 0.992777, [58.975812000000005], [56.637238], [18.1991929], [5.927290828025904]]
[600.0, 1300.0, 0.988102, [54.814977000000006], [56.637238], [18.1991929], [5.68404646532732]]
[600.0, 900.0, 0.99613, [63.914375], [56.637238], [18.1991929], [6.150163709203196]]
[700.0, 2000.0, 0.97007, [46.039032899999995], [56.637238], [18.1991929], [3.977166431895955]]
[700.0, 100.0, 0.718368, [21.996692900000003], [56.637238], [18.1991929], [2.7495868749686743]]
[700.0, 1000.0, 0.980291, [49.718879], [56.637238], [18.1991929], [4.128929982574178]]
[700.0, 600.0, 0.973285, [47.0570079], [56.637238], [18.1991929], [4.020351312012422]]
[700.0, 1400.0, 0.974149, [47.3547172], [56.637238], [18.1991929], [4.045785822185846]]
[700.0, 1900.0, 0.974967, [47.6314153], [56.637238], [18.1991929], [4.040043016973953]]
[700.0, 200.0, 0.859185, [30.497007099999998], [56.637238], [18.1991929], [3.2326759865473687]]
[700.0, 400.0, 0.950894, [41.4368794], [56.637238], [18.1991929], [3.7669885747105742]]
[700.0, 1300.0, 0.970485, [46.1607293], [56.637238], [18.1991929], [3.972883316308195]]
[700.0, 1100.0, 0.966741, [45.077182500000006], [56.637238], [18.1991929], [3.9234649124211622]]
[700.0, 800.0, 0.941714, [39.776195900000005], [56.637238], [18.1991929], [3.693127106937967]]
[700.0, 1500.0, 0.95612, [42.5079263], [56.637238], [18.1991929], [3.8173242360323547]]
[700.0, 1600.0, 0.939582, [39.4227001], [56.637238], [18.1991929], [3.676186261875206]]
[700.0, 1800.0, 0.949257, [41.1224415], [56.637238], [18.1991929], [3.7539478516623004]]
[700.0, 1200.0, 0.969283, [45.800368600000006], [56.637238], [18.1991929], [3.9565492921231247]]
[700.0, 700.0, 0.978828, [49.108093999999994], [56.637238], [18.1991929], [4.121058766263834]]
[700.0, 900.0, 0.967241, [45.2178909], [56.637238], [18.1991929], [3.935711905996169]]
[700.0, 300.0, 0.935292, [38.7431926], [56.637238], [18.1991929], [3.644653136445223]]
[700.0, 500.0, 0.973636, [47.1767786], [56.637238], [18.1991929], [4.0305840499858085]]
[700.0, 1700.0, 0.988163, [54.008241], [56.637238], [18.1991929], [4.310327550662478]]
[800.0, 300.0, 0.7879, [25.530945300000003], [56.637238], [18.1991929], [2.292746600477253]]
[800.0, 100.0, 0.643183, [18.6666823], [56.637238], [18.1991929], [1.9676413545156037]]
[800.0, 1800.0, 0.856977, [30.167325299999998], [56.637238], [18.1991929], [2.496665645015367]]
[800.0, 800.0, 0.878334, [31.9632929], [56.637238], [18.1991929], [2.575675573320522]]
[800.0, 400.0, 0.903899, [34.4865283], [56.637238], [18.1991929], [2.6766740556145416]]
[800.0, 200.0, 0.686414, [20.4682065], [56.637238], [18.1991929], [2.0571324004545746]]
[800.0, 1700.0, 0.865432, [30.8523894], [56.637238], [18.1991929], [2.5360508468877354]]
[800.0, 600.0, 0.852697, [29.8344683], [56.637238], [18.1991929], [2.4862061129359323]]
[800.0, 1600.0, 0.890105, [33.0635095], [56.637238], [18.1991929], [2.613900395768745]]
[800.0, 1000.0, 0.890591, [33.1132151], [56.637238], [18.1991929], [2.626048474609713]]
[800.0, 1100.0, 0.868568, [31.1132458], [56.637238], [18.1991929], [2.540386085617696]]
[800.0, 1500.0, 0.870665, [31.2910619], [56.637238], [18.1991929], [2.5464301029087766]]
[800.0, 1400.0, 0.900737, [34.1452727], [56.637238], [18.1991929], [2.658205967377246]]
[800.0, 1200.0, 0.941556, [39.4910845], [56.637238], [18.1991929], [2.857474817736807]]
[800.0, 900.0, 0.920917, [36.4946561], [56.637238], [18.1991929], [2.750888104594587]]
[800.0, 1300.0, 0.906715, [34.7982075], [56.637238], [18.1991929], [2.692766010443536]]
[800.0, 2000.0, 0.928597, [37.5224262], [56.637238], [18.1991929], [2.789019997597723]]
[800.0, 500.0, 0.896138, [33.6658175], [56.637238], [18.1991929], [2.6369103132264473]]
[800.0, 1900.0, 0.900444, [34.1139666], [56.637238], [18.1991929], [2.6557688097799477]]
[800.0, 700.0, 0.903931, [34.4900514], [56.637238], [18.1991929], [2.676947180838651]]
[900.0, 200.0, 0.547255, [15.1084542], [56.637238], [18.1991929], [1.390846162017928]]
[900.0, 1100.0, 0.788135, [25.4821805], [56.637238], [18.1991929], [1.8109395047875012]]
[900.0, 300.0, 0.606203, [17.2092802], [56.637238], [18.1991929], [1.4866553971583327]]
[900.0, 1000.0, 0.737075, [22.7659341], [56.637238], [18.1991929], [1.7111926738389223]]
[900.0, 900.0, 0.745343, [23.1772842], [56.637238], [18.1991929], [1.722753871567265]]
[900.0, 1600.0, 0.737847, [22.804114900000002], [56.637238], [18.1991929], [1.7140624437283491]]
[900.0, 700.0, 0.747161, [23.2694287], [56.637238], [18.1991929], [1.7296028301318196]]
[900.0, 1900.0, 0.694475, [20.7804247], [56.637238], [18.1991929], [1.6326642646300555]]
[900.0, 500.0, 0.741743, [22.9971308], [56.637238], [18.1991929], [1.7188861969310243]]
[900.0, 1400.0, 0.757352, [23.793919799999998], [56.637238], [18.1991929], [1.7541110312634145]]
[900.0, 1200.0, 0.775373, [24.760890699999997], [56.637238], [18.1991929], [1.7823281041940622]]
[900.0, 1500.0, 0.738654, [22.843653], [56.637238], [18.1991929], [1.7122040208456466]]
[900.0, 800.0, 0.715432, [21.7312109], [56.637238], [18.1991929], [1.6765992830727323]]
[900.0, 400.0, 0.680711, [20.1811743], [56.637238], [18.1991929], [1.6106330559751962]]
[900.0, 100.0, 0.413248, [10.8727129], [56.637238], [18.1991929], [1.1863103405938937]]
[900.0, 600.0, 0.769463, [24.437118299999998], [56.637238], [18.1991929], [1.7682076207278374]]
[900.0, 1800.0, 0.722454, [22.0604762], [56.637238], [18.1991929], [1.6870067385757532]]
[900.0, 2000.0, 0.751471, [23.4899287], [56.637238], [18.1991929], [1.7459924613239313]]
[900.0, 1700.0, 0.758335, [23.845007199999998], [56.637238], [18.1991929], [1.7531197511864385]]
[900.0, 1300.0, 0.770007, [24.4667633], [56.637238], [18.1991929], [1.7703531150592526]]
[1000.0, 1600.0, 0.525043, [14.348866000000001], [56.637238], [18.1991929], [1.0846721946745017]]
[1000.0, 1400.0, 0.530848, [14.541656499999998], [56.637238], [18.1991929], [1.0868943369527695]]
[1000.0, 1500.0, 0.562727, [15.628207], [56.637238], [18.1991929], [1.1308171335366297]]
[1000.0, 700.0, 0.507571, [13.7761785], [56.637238], [18.1991929], [1.062855407052154]]
[1000.0, 1900.0, 0.582321, [16.3199939], [56.637238], [18.1991929], [1.151123785350646]]
[1000.0, 1800.0, 0.540767, [14.874768300000001], [56.637238], [18.1991929], [1.099574739206026]]
[1000.0, 500.0, 0.596041, [16.816932299999998], [56.637238], [18.1991929], [1.1716913360608245]]
[1000.0, 1000.0, 0.56404, [15.673894599999999], [56.637238], [18.1991929], [1.1311657163740423]]
[1000.0, 200.0, 0.384882, [10.0393552], [56.637238], [18.1991929], [0.9052180746648842]]
[1000.0, 1100.0, 0.579697, [16.2261491], [56.637238], [18.1991929], [1.147361969040285]]
[1000.0, 2000.0, 0.564532, [15.6910985], [56.637238], [18.1991929], [1.1324075983054864]]
[1000.0, 1700.0, 0.581044, [16.2743455], [56.637238], [18.1991929], [1.1507699813603065]]
[1000.0, 800.0, 0.563078, [15.6404276], [56.637238], [18.1991929], [1.1317018614458492]]
[1000.0, 1300.0, 0.534631, [14.6683852], [56.637238], [18.1991929], [1.0963664318100952]]
[1000.0, 400.0, 0.510302, [13.8649371], [56.637238], [18.1991929], [1.0665337118441216]]
[1000.0, 300.0, 0.347763, [8.9856886], [56.637238], [18.1991929], [0.8567516534562394]]
[1000.0, 600.0, 0.602165, [17.0421118], [56.637238], [18.1991929], [1.1788273720099987]]
[1000.0, 1200.0, 0.52657, [14.3993213], [56.637238], [18.1991929], [1.0823192718879213]]
[1000.0, 100.0, 0.2577, [6.5342431], [56.637238], [18.1991929], [0.7305505623158468]]
[1000.0, 900.0, 0.589664, [16.5846233], [56.637238], [18.1991929], [1.1611558855726478]]
[1100.0, 1300.0, 0.38202, [9.9533749], [56.637238], [18.1991929], [0.7220940989926451]]
[1100.0, 1800.0, 0.389142, [10.1583615], [56.637238], [18.1991929], [0.7293275947748035]]
[1100.0, 2000.0, 0.440097, [11.6614806], [56.637238], [18.1991929], [0.7826672922768653]]
[1100.0, 700.0, 0.384365, [10.020784200000001], [56.637238], [18.1991929], [0.7269839881317882]]
[1100.0, 900.0, 0.417253, [10.979381], [56.637238], [18.1991929], [0.7612832452510695]]
[1100.0, 200.0, 0.255931, [6.4857625], [56.637238], [18.1991929], [0.5824385365856212]]
[1100.0, 1900.0, 0.370673, [9.629136999999998], [56.637238], [18.1991929], [0.7118064230533467]]
[1100.0, 1500.0, 0.409637, [10.7550002], [56.637238], [18.1991929], [0.7511618492708478]]
[1100.0, 800.0, 0.375278, [9.7603933], [56.637238], [18.1991929], [0.7175982664416073]]
[1100.0, 500.0, 0.394334, [10.3085955], [56.637238], [18.1991929], [0.7363283330145595]]
[1100.0, 1700.0, 0.380348, [9.905418599999999], [56.637238], [18.1991929], [0.7205129685161815]]
[1100.0, 400.0, 0.345234, [8.911973], [56.637238], [18.1991929], [0.6835169812813724]]
[1100.0, 600.0, 0.418235, [11.0083596], [56.637238], [18.1991929], [0.7596490402152826]]
[1100.0, 1400.0, 0.413323, [10.8634176], [56.637238], [18.1991929], [0.7568901384613226]]
[1100.0, 100.0, 0.247298, [6.2576087], [56.637238], [18.1991929], [0.5760593466822668]]
[1100.0, 1100.0, 0.389377, [10.1651823], [56.637238], [18.1991929], [0.7317056973947927]]
[1100.0, 1000.0, 0.43032, [11.3677697], [56.637238], [18.1991929], [0.7716944646684982]]
[1100.0, 300.0, 0.291066, [7.4251905], [56.637238], [18.1991929], [0.6253137260607671]]
[1100.0, 1200.0, 0.40834, [10.716892900000001], [56.637238], [18.1991929], [0.7485001411489512]]
[1100.0, 1600.0, 0.445639, [11.8292125], [56.637238], [18.1991929], [0.7903725821408534]]
[1200.0, 100.0, 0.18458, [4.62558579], [56.637238], [18.1991929], [0.3966407295147587]]
[1200.0, 1400.0, 0.282495, [7.1931313999999995], [56.637238], [18.1991929], [0.49402620385967383]]
[1200.0, 1700.0, 0.293711, [7.4953438], [56.637238], [18.1991929], [0.5076485134421257]]
[1200.0, 1800.0, 0.307959, [7.8820371], [56.637238], [18.1991929], [0.5197260250362685]]
[1200.0, 700.0, 0.285607, [7.276789099999999], [56.637238], [18.1991929], [0.49743109683653675]]
[1200.0, 200.0, 0.173476, [4.34104818], [56.637238], [18.1991929], [0.38673130099592407]]
[1200.0, 1900.0, 0.28406, [7.2352126000000005], [56.637238], [18.1991929], [0.4980924114057551]]
[1200.0, 1200.0, 0.25489, [6.457254300000001], [56.637238], [18.1991929], [0.4709437388690925]]
[1200.0, 1100.0, 0.297136, [7.587973399999999], [56.637238], [18.1991929], [0.508128346188244]]
[1200.0, 1300.0, 0.29613, [7.5607539], [56.637238], [18.1991929], [0.5097458012578426]]
[1200.0, 2000.0, 0.29309, [7.4785368], [56.637238], [18.1991929], [0.5065104663281895]]
[1200.0, 800.0, 0.284814, [7.2554643], [56.637238], [18.1991929], [0.4971363334136824]]
[1200.0, 1600.0, 0.266228, [6.758207400000001], [56.637238], [18.1991929], [0.4802847675181881]]
[1200.0, 1000.0, 0.273398, [6.9494446000000005], [56.637238], [18.1991929], [0.48655852705507074]]
[1200.0, 1500.0, 0.285331, [7.2693803], [56.637238], [18.1991929], [0.49808951916297134]]
[1200.0, 300.0, 0.179556, [4.49669668], [56.637238], [18.1991929], [0.39138726611886593]]
[1200.0, 600.0, 0.267475, [6.791419599999999], [56.637238], [18.1991929], [0.48264534870855225]]
[1200.0, 500.0, 0.258643, [6.5566459], [56.637238], [18.1991929], [0.4719577389872953]]
[1200.0, 900.0, 0.267138, [6.7824379], [56.637238], [18.1991929], [0.4820067759585958]]
[1200.0, 400.0, 0.225853, [5.6939763999999995], [56.637238], [18.1991929], [0.44193811442327535]]
[1300.0, 1600.0, 0.193067, [0.16800088549999997], [0.299048666], [0.074228532], [0.004340658853215718]]
[1300.0, 1700.0, 0.193261, [4.84848385], [56.637238], [18.1991929], [0.32913654166622097]]
[1300.0, 900.0, 0.193704, [4.8599013399999995], [56.637238], [18.1991929], [0.3291540488282044]]
[1300.0, 200.0, 0.139774, [3.48371772], [56.637238], [18.1991929], [0.27981896084790253]]
[1300.0, 1800.0, 0.195076, [4.8952621899999995], [56.637238], [18.1991929], [0.33231202486518596]]
[1300.0, 1000.0, 0.204361, [5.135028500000001], [56.637238], [18.1991929], [0.33933237645411907]]
[1300.0, 1400.0, 0.190206, [0.1649219215], [0.299048666], [0.074228532], [0.004313251267315643]]
[1300.0, 1200.0, 0.199561, [5.010965400000001], [56.637238], [18.1991929], [0.3348090435905219]]
[1300.0, 500.0, 0.163788, [4.0934403999999995], [56.637238], [18.1991929], [0.30342598670845583]]
[1300.0, 100.0, 0.115507, [0.09141832], [0.299048666], [0.074228532], [0.003206179561019626]]
[1300.0, 1100.0, 0.203096, [5.1023062999999995], [56.637238], [18.1991929], [0.33716988657055363]]
[1300.0, 2000.0, 0.199714, [0.175233212], [0.299048666], [0.074228532], [0.004448059173673391]]
[1300.0, 1300.0, 0.192024, [0.1668756005], [0.299048666], [0.074228532], [0.004327502487867569]]
[1300.0, 1500.0, 0.198361, [4.9799876], [56.637238], [18.1991929], [0.3342348869881778]]
[1300.0, 600.0, 0.198913, [4.994227], [56.637238], [18.1991929], [0.3344381202554518]]
[1300.0, 300.0, 0.133459, [0.107935436], [0.299048666], [0.074228532], [0.003479978137143967]]
[1300.0, 1900.0, 0.2016, [5.0636208], [56.637238], [18.1991929], [0.3368270122184383]]
[1300.0, 400.0, 0.14032, [0.114431415], [0.299048666], [0.074228532], [0.0035794793462178265]]
[1300.0, 700.0, 0.186197, [0.16064348650000002], [0.299048666], [0.074228532], [0.00424217482313023]]
[1300.0, 800.0, 0.195172, [0.17027857700000001], [0.299048666], [0.074228532], [0.0043819912639689275]]
[1400.0, 1100.0, 0.13902, [0.1131918375], [0.299048666], [0.074228532], [0.002901401056817206]]
[1400.0, 400.0, 0.095981, [0.0742146895], [0.299048666], [0.074228532], [0.0023539465616810424]]
[1400.0, 1500.0, 0.143251, [0.11723722850000001], [0.299048666], [0.074228532], [0.002941057393183615]]
[1400.0, 1800.0, 0.146155, [0.12003745599999999], [0.299048666], [0.074228532], [0.0029962588497991958]]
[1400.0, 1600.0, 0.144502, [0.1184410115], [0.299048666], [0.074228532], [0.0029693878712623582]]
[1400.0, 1400.0, 0.141365, [0.11542954500000001], [0.299048666], [0.074228532], [0.0029215651618610186]]
[1400.0, 600.0, 0.122895, [0.09813220199999999], [0.299048666], [0.074228532], [0.002697936173262815]]
[1400.0, 1700.0, 0.140323, [0.1144337915], [0.299048666], [0.074228532], [0.0029217397933423163]]
[1400.0, 900.0, 0.145543, [3.62963923], [56.637238], [18.1991929], [0.23236386917935412]]
[1400.0, 100.0, 0.077815, [0.05888918], [0.299048666], [0.074228532], [0.0020925352326782933]]
[1400.0, 700.0, 0.137786, [0.112019831], [0.299048666], [0.074228532], [0.0028817926473811402]]
[1400.0, 2000.0, 0.136917, [0.11119570000000001], [0.299048666], [0.074228532], [0.00286914875485744]]
[1400.0, 800.0, 0.146233, [3.64712929], [56.637238], [18.1991929], [0.23253244147860316]]
[1400.0, 1300.0, 0.145783, [0.11967769800000001], [0.299048666], [0.074228532], [0.0029761732363053064]]
[1400.0, 300.0, 0.089492, [0.068666934], [0.299048666], [0.074228532], [0.002252888970744009]]
[1400.0, 1200.0, 0.14372, [0.1176884695], [0.299048666], [0.074228532], [0.002956101408950647]]
[1400.0, 500.0, 0.117045, [0.09280678400000002], [0.299048666], [0.074228532], [0.002630237890857023]]
[1400.0, 1000.0, 0.140207, [0.1143225615], [0.299048666], [0.074228532], [0.002906610860607247]]
[1400.0, 200.0, 0.089106, [0.068339614], [0.299048666], [0.074228532], [0.0022567725203817062]]
[1400.0, 1900.0, 0.140602, [0.114699739], [0.299048666], [0.074228532], [0.0029190318313612137]]
[1500.0, 1500.0, 0.090392, [0.06943295099999999], [0.299048666], [0.074228532], [0.004463319734513762]]
[1500.0, 1100.0, 0.097584, [2.42263693], [56.637238], [18.1991929], [0.3738209967885699]]
[1500.0, 1800.0, 0.103128, [2.56148627], [56.637238], [18.1991929], [0.38184379875807856]]
[1500.0, 400.0, 0.061196, [0.0454191045], [0.299048666], [0.074228532], [0.0036248402030296454]]
[1500.0, 200.0, 0.053297, [0.039193728], [0.299048666], [0.074228532], [0.0033732594363612175]]
[1500.0, 500.0, 0.06906, [0.051729397999999996], [0.299048666], [0.074228532], [0.0038556820025774947]]
[1500.0, 1300.0, 0.09381, [0.0723506315], [0.299048666], [0.074228532], [0.004548645217534557]]
[1500.0, 600.0, 0.093853, [2.32927037], [56.637238], [18.1991929], [0.3637708979976271]]
[1500.0, 1000.0, 0.115026, [2.86013686], [56.637238], [18.1991929], [0.4085909593958241]]
[1500.0, 2000.0, 0.093766, [0.072312926], [0.299048666], [0.074228532], [0.004582645592067971]]
[1500.0, 800.0, 0.099642, [0.077383152], [0.299048666], [0.074228532], [0.004753609303729115]]
[1500.0, 1700.0, 0.119194, [2.96494541], [56.637238], [18.1991929], [0.41116390230661054]]
[1500.0, 1200.0, 0.106237, [2.6394536], [56.637238], [18.1991929], [0.3891662241639169]]
[1500.0, 300.0, 0.056511, [0.041712867], [0.299048666], [0.074228532], [0.003464064348420797]]
[1500.0, 1400.0, 0.087304, [0.066816253], [0.299048666], [0.074228532], [0.004386702251407086]]
[1500.0, 100.0, 0.06773, [1.67757821], [56.637238], [18.1991929], [0.3115184393418791]]
[1500.0, 900.0, 0.102976, [2.55768975], [56.637238], [18.1991929], [0.38558625863741564]]
[1500.0, 700.0, 0.085102, [0.064961113], [0.299048666], [0.074228532], [0.004340397485830071]]
[1500.0, 1900.0, 0.093348, [0.071955079], [0.299048666], [0.074228532], [0.0045783925557994695]]
[1500.0, 1600.0, 0.091352, [0.0702503935], [0.299048666], [0.074228532], [0.004534642912347123]]
[1600.0, 1500.0, 0.059525, [0.044092356], [0.299048666], [0.074228532], [0.0029200875671801354]]
[1600.0, 100.0, 0.037023, [0.91525875], [56.637238], [18.1991929], [0.18682640423666028]]
[1600.0, 1300.0, 0.074974, [1.8578893900000002], [56.637238], [18.1991929], [0.2681632612048116]]
[1600.0, 900.0, 0.070348, [1.74267912], [56.637238], [18.1991929], [0.25978328664484945]]
[1600.0, 300.0, 0.04682, [1.15808315], [56.637238], [18.1991929], [0.2114360504029528]]
[1600.0, 500.0, 0.048577, [1.2016706099999999], [56.637238], [18.1991929], [0.2158263947713532]]
[1600.0, 1000.0, 0.065488, [1.62173536], [56.637238], [18.1991929], [0.25023921487248957]]
[1600.0, 1200.0, 0.062034, [1.53586139], [56.637238], [18.1991929], [0.24284105365444286]]
[1600.0, 1800.0, 0.06631, [1.64219384], [56.637238], [18.1991929], [0.25043218822667346]]
[1600.0, 1100.0, 0.057694, [0.042644749], [0.299048666], [0.074228532], [0.002868596391530185]]
[1600.0, 1900.0, 0.048887, [0.0357664475], [0.299048666], [0.074228532], [0.002615502087076208]]
[1600.0, 1700.0, 0.066047, [1.6356592], [56.637238], [18.1991929], [0.2523877699889596]]
[1600.0, 800.0, 0.055581, [1.3755177100000002], [56.637238], [18.1991929], [0.22925292929426222]]
[1600.0, 200.0, 0.030835, [0.019180239050000002], [0.223889134], [0.05566596], [0.006065324229997932]]
[1600.0, 1600.0, 0.058068, [1.43728858], [56.637238], [18.1991929], [0.23628880170249286]]
[1600.0, 2000.0, 0.056177, [0.0414505455], [0.299048666], [0.074228532], [0.0028138471320418245]]
[1600.0, 1400.0, 0.059867, [0.0443635955], [0.299048666], [0.074228532], [0.0029252487013927556]]
[1600.0, 700.0, 0.061057, [1.51156817], [56.637238], [18.1991929], [0.24204467461607165]]
[1600.0, 400.0, 0.037246, [0.92078644], [56.637238], [18.1991929], [0.18795476437164343]]
[1600.0, 600.0, 0.050542, [0.0370488755], [0.299048666], [0.074228532], [0.002673772902660209]]
[1700.0, 900.0, 0.03488, [0.025107771499999997], [0.299048666], [0.074228532], [0.001788855214725328]]
[1700.0, 1500.0, 0.045195, [1.1177693800000001], [56.637238], [18.1991929], [0.16851006673193147]]
[1700.0, 1800.0, 0.039279, [0.97115305], [56.637238], [18.1991929], [0.157541820225615]]
[1700.0, 700.0, 0.03653, [0.90303962], [56.637238], [18.1991929], [0.1526415594096182]]
[1700.0, 500.0, 0.031255, [0.77243502], [56.637238], [18.1991929], [0.14102666496801236]]
[1700.0, 300.0, 0.025997, [0.64232042], [56.637238], [18.1991929], [0.12846411404746463]]
[1700.0, 800.0, 0.042452, [1.0497804099999999], [56.637238], [18.1991929], [0.16394809822013795]]
[1700.0, 1300.0, 0.044934, [1.11129501], [56.637238], [18.1991929], [0.16947094692011372]]
[1700.0, 400.0, 0.028778, [0.01785150605], [0.223889134], [0.05566596], [0.004771016292678112]]
[1700.0, 1000.0, 0.038267, [0.94606848], [56.637238], [18.1991929], [0.15553274623049643]]
[1700.0, 2000.0, 0.039695, [0.9814484400000001], [56.637238], [18.1991929], [0.15921192621785596]]
[1700.0, 1600.0, 0.033358, [0.02397035165], [0.299048666], [0.074228532], [0.0017482174101066494]]
[1700.0, 1400.0, 0.031196, [0.02236127985], [0.299048666], [0.074228532], [0.0016952040240779279]]
[1700.0, 1200.0, 0.042111, [1.04131076], [56.637238], [18.1991929], [0.1626254562176537]]
[1700.0, 100.0, 0.019641, [0.48514998000000004], [56.637238], [18.1991929], [0.11130101653623833]]
[1700.0, 1700.0, 0.037582, [0.9291056599999999], [56.637238], [18.1991929], [0.15485093157614518]]
[1700.0, 1900.0, 0.045968, [1.13695484], [56.637238], [18.1991929], [0.1714023922236793]]
[1700.0, 1100.0, 0.04175, [1.03237316], [56.637238], [18.1991929], [0.1632325255578679]]
[1700.0, 600.0, 0.035626, [0.88065397], [56.637238], [18.1991929], [0.15103088540096693]]
[1700.0, 200.0, 0.020467, [0.01449089985], [0.299048666], [0.074228532], [0.0013631893349788208]]
[1800.0, 600.0, 0.016887, [0.010310891150000001], [0.223889134], [0.05566596], [0.002976497931714383]]
[1800.0, 1800.0, 0.0303, [0.74879987], [56.637238], [18.1991929], [0.11288582310901578]]
[1800.0, 400.0, 0.013793, [0.340628057], [56.637238], [18.1991929], [0.07616674492191458]]
[1800.0, 1300.0, 0.027343, [0.6756203300000001], [56.637238], [18.1991929], [0.10818583044003498]]
[1800.0, 1200.0, 0.02901, [0.7168602000000001], [56.637238], [18.1991929], [0.1106139483925965]]
[1800.0, 1700.0, 0.025874, [0.6392804599999999], [56.637238], [18.1991929], [0.10509707289453879]]
[1800.0, 500.0, 0.015752, [0.389022564], [56.637238], [18.1991929], [0.08111681760892743]]
[1800.0, 1600.0, 0.020734, [0.51216515], [56.637238], [18.1991929], [0.09350819068402512]]
[1800.0, 1000.0, 0.025375, [0.62694863], [56.637238], [18.1991929], [0.10306973833769056]]
[1800.0, 700.0, 0.0178, [0.01256401895], [0.299048666], [0.074228532], [0.0010470017024819015]]
[1800.0, 200.0, 0.018819, [0.464836491], [56.637238], [18.1991929], [0.08945781726601651]]
[1800.0, 800.0, 0.023375, [0.0143959599], [0.223889134], [0.05566596], [0.0034915328131065876]]
[1800.0, 2000.0, 0.030293, [0.7486293500000001], [56.637238], [18.1991929], [0.11416488958519602]]
[1800.0, 1100.0, 0.031492, [0.77829983], [56.637238], [18.1991929], [0.11602207748958818]]
[1800.0, 900.0, 0.02869, [0.70896042], [56.637238], [18.1991929], [0.11072099460806879]]
[1800.0, 1500.0, 0.026477, [0.65419214], [56.637238], [18.1991929], [0.10612400045230107]]
[1800.0, 1400.0, 0.02417, [0.59713507], [56.637238], [18.1991929], [0.10093425541905979]]
[1800.0, 1900.0, 0.038267, [0.94606554], [56.637238], [18.1991929], [0.12756747933936768]]
[1800.0, 100.0, 0.012996, [0.00789453945], [0.223889134], [0.05566596], [0.0026315132827899614]]
[1800.0, 300.0, 0.013194, [0.325810702], [56.637238], [18.1991929], [0.07474609112187741]]
[1900.0, 300.0, 0.011259, [0.278020365], [56.637238], [18.1991929], [0.056750673775735914]]
[1900.0, 1600.0, 0.024671, [0.6095208], [56.637238], [18.1991929], [0.08372415365950257]]
[1900.0, 600.0, 0.014065, [0.34734678999999996], [56.637238], [18.1991929], [0.0634165451045703]]
[1900.0, 1500.0, 0.021947, [0.54217128], [56.637238], [18.1991929], [0.07908384445637427]]
[1900.0, 500.0, 0.009756, [0.24087704199999999], [56.637238], [18.1991929], [0.05256368657162471]]
[1900.0, 1700.0, 0.016085, [0.39725716099999997], [56.637238], [18.1991929], [0.06714872111217011]]
[1900.0, 1800.0, 0.020579, [0.50832404], [56.637238], [18.1991929], [0.07663269462181269]]
[1900.0, 800.0, 0.013276, [0.327837881], [56.637238], [18.1991929], [0.0608779596898582]]
[1900.0, 1300.0, 0.021155, [0.52256834], [56.637238], [18.1991929], [0.07789986034647302]]
[1900.0, 1000.0, 0.018921, [0.46735190600000004], [56.637238], [18.1991929], [0.07389482686900349]]
[1900.0, 1900.0, 0.018928, [0.4675286], [56.637238], [18.1991929], [0.07301568904009603]]
[1900.0, 1200.0, 0.019442, [0.480223912], [56.637238], [18.1991929], [0.07410015178122106]]
[1900.0, 100.0, 0.010355, [0.25569047699999997], [56.637238], [18.1991929], [0.05451339740834357]]
[1900.0, 2000.0, 0.015819, [0.39066915999999996], [56.637238], [18.1991929], [0.0669991999429844]]
[1900.0, 1100.0, 0.019332, [0.47749961], [56.637238], [18.1991929], [0.07457289700018364]]
[1900.0, 900.0, 0.021794, [0.53836986], [56.637238], [18.1991929], [0.07852929931560577]]
[1900.0, 200.0, 0.007403, [0.18276745200000002], [56.637238], [18.1991929], [0.04569186286419061]]
[1900.0, 400.0, 0.011205, [0.276669533], [56.637238], [18.1991929], [0.056474918061029535]]
[1900.0, 700.0, 0.010717, [0.26461078], [56.637238], [18.1991929], [0.055175153185106796]]
[1900.0, 1400.0, 0.013061, [0.00916888], [0.299048666], [0.074228532], [0.0007271394454642109]]
[2000.0, 1500.0, 0.01178, [0.290889382], [56.637238], [18.1991929], [0.04718848829428635]]
[2000.0, 1200.0, 0.009871, [0.243714534], [56.637238], [18.1991929], [0.04308305320540781]]
[2000.0, 1300.0, 0.009412, [0.232383529], [56.637238], [18.1991929], [0.042427235084318185]]
[2000.0, 300.0, 0.006282, [0.155099504], [56.637238], [18.1991929], [0.03468130209349124]]
[2000.0, 900.0, 0.012073, [0.298112913], [56.637238], [18.1991929], [0.047736269275049134]]
[2000.0, 1900.0, 0.014958, [0.369391204], [56.637238], [18.1991929], [0.053317021362788077]]
[2000.0, 1600.0, 0.01206, [0.297806124], [56.637238], [18.1991929], [0.047687143884908856]]
[2000.0, 500.0, 0.009427, [0.232760927], [56.637238], [18.1991929], [0.04249613528192887]]
[2000.0, 600.0, 0.010867, [0.26831890399999997], [56.637238], [18.1991929], [0.04535417077513379]]
[2000.0, 200.0, 0.009655, [0.238381472], [56.637238], [18.1991929], [0.042814581029130716]]
[2000.0, 1800.0, 0.014854, [0.366824437], [56.637238], [18.1991929], [0.05294653501410644]]
[2000.0, 2000.0, 0.013541, [0.33439364000000005], [56.637238], [18.1991929], [0.050994547424209974]]
[2000.0, 400.0, 0.00903, [0.222953675], [56.637238], [18.1991929], [0.04140145677147122]]
[2000.0, 1100.0, 0.015647, [0.38642090900000003], [56.637238], [18.1991929], [0.05520299637700837]]
[2000.0, 100.0, 0.007687, [0.18979537500000002], [56.637238], [18.1991929], [0.037959073240794484]]
[2000.0, 1400.0, 0.010106, [0.0061156557], [0.223889134], [0.05566596], [0.0015289136616401856]]
[2000.0, 1700.0, 0.010627, [0.262411121], [56.637238], [18.1991929], [0.04500313495857817]]
[2000.0, 700.0, 0.008508, [0.210055748], [56.637238], [18.1991929], [0.04042524945377579]]
[2000.0, 1000.0, 0.014505, [0.358205876], [56.637238], [18.1991929], [0.05224969510915829]]
[2000.0, 800.0, 0.013292, [0.32824585500000003], [56.637238], [18.1991929], [0.050057019577677615]]
[2100.0, 200.0, 0.003876, [0.00517022275], [1.07230816], [0.23558073000000002], [0.0011560970842667152]]
[2100.0, 100.0, 0.004972, [0.122734808], [56.637238], [18.1991929], [0.025053139843141416]]
[2100.0, 400.0, 0.004967, [0.122617502], [56.637238], [18.1991929], [0.02502919328504217]]
[2100.0, 1400.0, 0.00681, [0.16811625600000002], [56.637238], [18.1991929], [0.029265276151097565]]
[2100.0, 500.0, 0.004571, [0.112829997], [56.637238], [18.1991929], [0.024055441997602123]]
[2100.0, 800.0, 0.008184, [0.202052235], [56.637238], [18.1991929], [0.03194726724619807]]
[2100.0, 300.0, 0.004756, [0.117420317], [56.637238], [18.1991929], [0.024483824660375266]]
[2100.0, 600.0, 0.006116, [0.150980417], [56.637238], [18.1991929], [0.02803636387443992]]
[2100.0, 700.0, 0.007447, [0.183869609], [56.637238], [18.1991929], [0.03064493846950912]]
[2100.0, 1000.0, 0.00786, [0.194068518], [56.637238], [18.1991929], [0.031482074822031664]]
[2100.0, 1700.0, 0.009707, [0.239669241], [56.637238], [18.1991929], [0.03533730048121956]]
[2100.0, 1800.0, 0.008513, [0.210176435], [56.637238], [18.1991929], [0.03243093049852255]]
[2100.0, 1900.0, 0.007692, [0.18989935300000002], [56.637238], [18.1991929], [0.03121925706515131]]
[2100.0, 900.0, 0.007881, [0.194580862], [56.637238], [18.1991929], [0.031565186162923226]]
[2100.0, 2000.0, 0.008645, [0.213439541], [56.637238], [18.1991929], [0.03333365595160543]]
[2100.0, 1200.0, 0.009979, [0.246395128], [56.637238], [18.1991929], [0.03556407037727825]]
[2100.0, 1500.0, 0.008728, [0.21550072599999998], [56.637238], [18.1991929], [0.0332524917592652]]
[2100.0, 1100.0, 0.006731, [0.166188253], [56.637238], [18.1991929], [0.029378207339795258]]
[2100.0, 1300.0, 0.010762, [0.265743415], [56.637238], [18.1991929], [0.03685198103494573]]
[2100.0, 1600.0, 0.010904, [0.269251472], [56.637238], [18.1991929], [0.03698453004162686]]
[2200.0, 1700.0, 0.005022, [0.123972744], [56.637238], [18.1991929], [0.020662121154421682]]
[2200.0, 1100.0, 0.006163, [0.15214255000000002], [56.637238], [18.1991929], [0.022936349907951792]]
[2200.0, 200.0, 0.005152, [0.127189741], [56.637238], [18.1991929], [0.020909862268795553]]
[2200.0, 1800.0, 0.005658, [0.13966989400000002], [56.637238], [18.1991929], [0.021812772547294395]]
[2200.0, 900.0, 0.006126, [0.151240803], [56.637238], [18.1991929], [0.022800406081910033]]
[2200.0, 1000.0, 0.004928, [0.121656465], [56.637238], [18.1991929], [0.020276079216653302]]
[2200.0, 1300.0, 0.005506, [0.13592051200000002], [56.637238], [18.1991929], [0.021490921836905926]]
[2200.0, 1900.0, 0.005541, [0.136781981], [56.637238], [18.1991929], [0.02162713128225748]]
[2200.0, 1400.0, 0.005891, [0.145434548], [56.637238], [18.1991929], [0.02244103709724664]]
[2200.0, 1600.0, 0.005334, [0.131685197], [56.637238], [18.1991929], [0.0210865110888454]]
[2200.0, 800.0, 0.004702, [0.11608104899999999], [56.637238], [18.1991929], [0.019907735775321112]]
[2200.0, 400.0, 0.003668, [0.090538035], [56.637238], [18.1991929], [0.017424051374465125]]
[2200.0, 600.0, 0.005521, [0.136301095], [56.637238], [18.1991929], [0.02155109463809205]]
[2200.0, 2000.0, 0.004284, [0.0025726053500000003], [0.223889134], [0.05566596], [0.0006642439349365563]]
[2200.0, 500.0, 0.005653, [0.139564985], [56.637238], [18.1991929], [0.021796387512613185]]
[2200.0, 700.0, 0.00442, [0.109106536], [56.637238], [18.1991929], [0.019287497987038136]]
[2200.0, 300.0, 0.003068, [0.075735576], [56.637238], [18.1991929], [0.01614687922788797]]
[2200.0, 1200.0, 0.005933, [0.146474671], [56.637238], [18.1991929], [0.02233718086733418]]
[2200.0, 1500.0, 0.006319, [0.156012178], [56.637238], [18.1991929], [0.02300274195394975]]
[2200.0, 100.0, 0.003459, [0.085377747], [56.637238], [18.1991929], [0.01707555442145291]]
[2300.0, 700.0, 0.00265, [0.0015876568400000001], [0.223889134], [0.05566596], [0.00042431913487963273]]
[2300.0, 100.0, 0.002138, [0.052785691], [56.637238], [18.1991929], [0.011006576940629634]]
[2300.0, 1800.0, 0.002962, [0.073128923], [56.637238], [18.1991929], [0.012927489947008274]]
[2300.0, 1000.0, 0.003292, [0.08126390300000001], [56.637238], [18.1991929], [0.01354398557700059]]
[2300.0, 1500.0, 0.004272, [0.105461573], [56.637238], [18.1991929], [0.015549461151435443]]
[2300.0, 1200.0, 0.003584, [0.0021503069349999996], [0.223889134], [0.05566596], [0.0004933142379102797]]
[2300.0, 500.0, 0.002066, [0.0027528395999999998], [1.07230816], [0.23558073000000002], [0.0005619210530848617]]
[2300.0, 1900.0, 0.003296, [0.08135592500000001], [56.637238], [18.1991929], [0.013559318212579864]]
[2300.0, 1300.0, 0.004175, [0.103055232], [56.637238], [18.1991929], [0.015194666928235052]]
[2300.0, 1600.0, 0.004456, [0.109995396], [56.637238], [18.1991929], [0.015713628470216547]]
[2300.0, 1700.0, 0.002503, [0.061790518999999995], [56.637238], [18.1991929], [0.01189159435483737]]
[2300.0, 1400.0, 0.004547, [0.112257334], [56.637238], [18.1991929], [0.016036765035380422]]
[2300.0, 1100.0, 0.003359, [0.082912312], [56.637238], [18.1991929], [0.013818717605479895]]
[2300.0, 900.0, 0.003776, [0.093222745], [56.637238], [18.1991929], [0.014558946428227557]]
[2300.0, 2000.0, 0.003591, [0.08863629599999999], [56.637238], [18.1991929], [0.014193166132332843]]
[2300.0, 300.0, 0.001761, [0.043463931], [56.637238], [18.1991929], [0.009971308573101125]]
[2300.0, 200.0, 0.001742, [0.0429951872], [56.637238], [18.1991929], [0.009863771807985018]]
[2300.0, 400.0, 0.002206, [0.054449045], [56.637238], [18.1991929], [0.011114364445167344]]
[2300.0, 800.0, 0.003303, [0.081546878], [56.637238], [18.1991929], [0.013591144406561208]]
[2300.0, 600.0, 0.002515, [0.00150690337], [0.223889134], [0.05566596], [0.00041793969702577904]]
[2400.0, 1200.0, 0.00323, [0.0019368624449999997], [0.223889134], [0.05566596], [0.00037984996264972835]]
[2400.0, 1500.0, 0.002341, [0.057775361000000004], [56.637238], [18.1991929], [0.009372397426485926]]
[2400.0, 1100.0, 0.002151, [0.053102231], [56.637238], [18.1991929], [0.008850369908088587]]
[2400.0, 1600.0, 0.002453, [0.060553269], [56.637238], [18.1991929], [0.009574311612852382]]
[2400.0, 400.0, 0.001106, [0.0272953275], [56.637238], [18.1991929], [0.006433571247759676]]
[2400.0, 1300.0, 0.003219, [0.07946428000000001], [56.637238], [18.1991929], [0.010915254561850586]]
[2400.0, 200.0, 0.001781, [0.0010661691950000001], [0.223889134], [0.05566596], [0.00028494574356357734]]
[2400.0, 1700.0, 0.002675, [0.0016030477399999999], [0.223889134], [0.05566596], [0.0003498136734034278]]
[2400.0, 2000.0, 0.002455, [0.060588745], [56.637238], [18.1991929], [0.00957991855863086]]
[2400.0, 600.0, 0.001643, [0.0405649832], [56.637238], [18.1991929], [0.007806733453244064]]
[2400.0, 1900.0, 0.002467, [0.060897543], [56.637238], [18.1991929], [0.00951059453399208]]
[2400.0, 700.0, 0.001732, [0.042749364], [56.637238], [18.1991929], [0.008078871192190158]]
[2400.0, 100.0, 0.001332, [0.032875016300000004], [56.637238], [18.1991929], [0.007008976854006582]]
[2400.0, 1800.0, 0.002915, [0.071949346], [56.637238], [18.1991929], [0.010384993692342812]]
[2400.0, 500.0, 0.001651, [0.0009882344499999999], [0.223889134], [0.05566596], [0.0002740868994953972]]
[2400.0, 900.0, 0.002326, [0.057406538], [56.637238], [18.1991929], [0.009312572144686988]]
[2400.0, 1400.0, 0.002851, [0.07037394699999999], [56.637238], [18.1991929], [0.010265097700947615]]
[2400.0, 800.0, 0.001664, [0.0410809679], [56.637238], [18.1991929], [0.0079060372551614]]
[2400.0, 300.0, 0.001949, [0.0481042065], [56.637238], [18.1991929], [0.008503702596516413]]
[2400.0, 1000.0, 0.00195, [0.0481316808], [56.637238], [18.1991929], [0.00850856041113889]]
[2500.0, 400.0, 0.00105, [0.025916585099999997], [56.637238], [18.1991929], [0.005082660666422656]]
[2500.0, 1300.0, 0.001802, [0.0444778488], [56.637238], [18.1991929], [0.006630366337541237]]
[2500.0, 500.0, 0.001244, [0.0307073935], [56.637238], [18.1991929], [0.0055152106668739315]]
[2500.0, 900.0, 0.001399, [0.0345428783], [56.637238], [18.1991929], [0.005838812119772309]]
[2500.0, 1400.0, 0.001843, [0.0455024829], [56.637238], [18.1991929], [0.006783108069314538]]
[2500.0, 200.0, 0.000928, [0.0229107046], [56.637238], [18.1991929], [0.004777211770792666]]
[2500.0, 1900.0, 0.00182, [0.0449152767], [56.637238], [18.1991929], [0.006695575232196259]]
[2500.0, 1000.0, 0.001583, [0.0390862906], [56.637238], [18.1991929], [0.006180085056858036]]
[2500.0, 1800.0, 0.001985, [0.049003969], [56.637238], [18.1991929], [0.007000570511751167]]
[2500.0, 1700.0, 0.001836, [0.0453156655], [56.637238], [18.1991929], [0.006681431649728972]]
[2500.0, 800.0, 0.001304, [0.0321897415], [56.637238], [18.1991929], [0.005690395970404872]]
[2500.0, 700.0, 0.001158, [0.0285896478], [56.637238], [18.1991929], [0.0053089662750859514]]
[2500.0, 1600.0, 0.001445, [0.0356745235], [56.637238], [18.1991929], [0.005945751748097124]]
[2500.0, 1100.0, 0.001753, [0.043268891399999995], [56.637238], [18.1991929], [0.00652303010494356]]
[2500.0, 600.0, 0.001356, [0.0334717187], [56.637238], [18.1991929], [0.005740351568501706]]
[2500.0, 300.0, 0.001078, [0.026618211200000002], [56.637238], [18.1991929], [0.005122677575253004]]
[2500.0, 2000.0, 0.002227, [0.054972560999999996], [56.637238], [18.1991929], [0.007412496762899799]]
[2500.0, 1200.0, 0.001969, [0.0486061625], [56.637238], [18.1991929], [0.006943739153366867]]
[2500.0, 100.0, 0.001001, [0.0247002875], [56.637238], [18.1991929], [0.004940057911603871]]
[2500.0, 1500.0, 0.001998, [0.049308063], [56.637238], [18.1991929], [0.006973211330513367]]
[2600.0, 800.0, 0.000794, [0.019604400199999997], [56.637238], [18.1991929], [0.0035792576505471073]]
[2600.0, 2000.0, 0.00092, [0.022705394599999998], [56.637238], [18.1991929], [0.00383791260531034]]
[2600.0, 900.0, 0.000784, [0.0193605468], [56.637238], [18.1991929], [0.0035951630917108613]]
[2600.0, 1000.0, 0.000822, [0.0202801592], [56.637238], [18.1991929], [0.0036424241543236008]]
[2600.0, 200.0, 0.000607, [0.014973336700000001], [56.637238], [18.1991929], [0.0031221568054791865]]
[2600.0, 1100.0, 0.000834, [0.0205837338], [56.637238], [18.1991929], [0.0036387242956838596]]
[2600.0, 1500.0, 0.001233, [0.030432787700000002], [56.637238], [18.1991929], [0.00443907845965804]]
[2600.0, 700.0, 0.000762, [0.000455447895], [0.223889134], [0.05566596], [0.00012172358450604387]]
[2600.0, 1800.0, 0.001042, [0.025721962], [56.637238], [18.1991929], [0.004118810706988123]]
[2600.0, 1600.0, 0.00065, [0.000388248805], [0.223889134], [0.05566596], [0.00011207776651727139]]
[2600.0, 1400.0, 0.001039, [0.025639524400000002], [56.637238], [18.1991929], [0.004105609969541676]]
[2600.0, 1300.0, 0.001012, [0.0249714143], [56.637238], [18.1991929], [0.0040508984879900406]]
[2600.0, 600.0, 0.000654, [0.0161450149], [56.637238], [18.1991929], [0.00322900259337152]]
[2600.0, 1700.0, 0.001258, [0.031044513500000002], [56.637238], [18.1991929], [0.00448088938749887]]
[2600.0, 400.0, 0.000791, [0.019522016500000003], [56.637238], [18.1991929], [0.0035642163483716864]]
[2600.0, 300.0, 0.000785, [0.019386188500000002], [56.637238], [18.1991929], [0.0035394175803371945]]
[2600.0, 1900.0, 0.000916, [0.00054781951], [0.223889134], [0.05566596], [0.00013286571595976144]]
[2600.0, 1200.0, 0.001009, [0.0249019813], [56.637238], [18.1991929], [0.004039635009007621]]
[2600.0, 100.0, 0.000527, [0.013004448100000001], [56.637238], [18.1991929], [0.0029078831090674877]]
[2600.0, 500.0, 0.00055, [0.013573494900000002], [56.637238], [18.1991929], [0.0029619788701136947]]
[2700.0, 1400.0, 0.000658, [0.0162380169], [56.637238], [18.1991929], [0.002634154503820913]]
[2700.0, 1000.0, 0.000463, [0.0114339834], [56.637238], [18.1991929], [0.002200471561052312]]
[2700.0, 800.0, 0.000411, [0.010135929299999999], [56.637238], [18.1991929], [0.0020689880828559646]]
[2700.0, 900.0, 0.000515, [0.0127072582], [56.637238], [18.1991929], [0.00232001675963774]]
[2700.0, 600.0, 0.000527, [0.0130111611], [56.637238], [18.1991929], [0.0023368731371214827]]
[2700.0, 1100.0, 0.000641, [0.0158331152], [56.637238], [18.1991929], [0.002602948075164005]]
[2700.0, 1300.0, 0.000861, [0.00051482732], [0.223889134], [0.05566596], [0.00010508869395658128]]
[2700.0, 400.0, 0.000397, [0.00023695704199999998], [0.223889134], [0.05566596], [7.144524306768086e-05]]
[2700.0, 1700.0, 0.000849, [0.0209595246], [56.637238], [18.1991929], [0.002994217961839118]]
[2700.0, 100.0, 0.000464, [0.0114421713], [56.637238], [18.1991929], [0.0022020471339187996]]
[2700.0, 2000.0, 0.000769, [0.0189889504], [56.637238], [18.1991929], [0.002830705444761076]]
[2700.0, 1200.0, 0.000606, [0.0149503214], [56.637238], [18.1991929], [0.0025270654423659076]]
[2700.0, 700.0, 0.000536, [0.013241074], [56.637238], [18.1991929], [0.002378166930852416]]
[2700.0, 300.0, 0.000484, [0.0119427602], [56.637238], [18.1991929], [0.0022569694678927317]]
[2700.0, 1800.0, 0.000741, [0.0182968058], [56.637238], [18.1991929], [0.002790236580292073]]
[2700.0, 200.0, 0.000495, [0.0122192623], [56.637238], [18.1991929], [0.002269060327756845]]
[2700.0, 1500.0, 0.000581, [0.014340163599999999], [56.637238], [18.1991929], [0.0024593182496374885]]
[2700.0, 500.0, 0.000627, [0.0154859208], [56.637238], [18.1991929], [0.002545870437001852]]
[2700.0, 1900.0, 0.000752, [0.0185529631], [56.637238], [18.1991929], [0.0028293000551373126]]
[2700.0, 1600.0, 0.000704, [0.0173701276], [56.637238], [18.1991929], [0.002712758337375447]]
[2800.0, 1500.0, 0.000461, [0.0113694504], [56.637238], [18.1991929], [0.0017756101813179604]]
[2800.0, 200.0, 0.000281, [0.0069349161], [56.637238], [18.1991929], [0.001386983495756168]]
[2800.0, 400.0, 0.000376, [0.0092708637], [56.637238], [18.1991929], [0.0015899393875239394]]
[2800.0, 900.0, 0.000304, [0.000181768244], [0.223889134], [0.05566596], [5.041343395613911e-05]]
[2800.0, 600.0, 0.000323, [0.007964528600000001], [56.637238], [18.1991929], [0.0014789762624531878]]
[2800.0, 1200.0, 0.000465, [0.0114761528], [56.637238], [18.1991929], [0.0017708087485665976]]
[2800.0, 1000.0, 0.000319, [0.007877578100000001], [56.637238], [18.1991929], [0.0014887224964713875]]
[2800.0, 1400.0, 0.000347, [0.008560069699999999], [56.637238], [18.1991929], [0.0015374337012697488]]
[2800.0, 800.0, 0.000289, [0.0071238993], [56.637238], [18.1991929], [0.0013971113346115261]]
[2800.0, 100.0, 0.000398, [0.0098346479], [56.637238], [18.1991929], [0.0016391082276652753]]
[2800.0, 1100.0, 0.000436, [0.0107560488], [56.637238], [18.1991929], [0.001722346166425321]]
[2800.0, 1300.0, 0.000528, [0.0130432806], [56.637238], [18.1991929], [0.001902557749714841]]
[2800.0, 2000.0, 0.000424, [0.0104760481], [56.637238], [18.1991929], [0.0016994398112319248]]
[2800.0, 500.0, 0.000235, [0.005797292900000001], [56.637238], [18.1991929], [0.0012650734366431067]]
[2800.0, 1900.0, 0.000424, [0.0104617891], [56.637238], [18.1991929], [0.0016971261588343985]]
[2800.0, 1800.0, 0.000493, [0.0121778181], [56.637238], [18.1991929], [0.001835874440968118]]
[2800.0, 300.0, 0.000189, [0.004669293299999999], [56.637238], [18.1991929], [0.001132470038279159]]
[2800.0, 700.0, 0.000292, [0.0072134124999999995], [56.637238], [18.1991929], [0.0014146664058356656]]
[2800.0, 1600.0, 0.000435, [0.0107481745], [56.637238], [18.1991929], [0.0017210848055804803]]
[2800.0, 1700.0, 0.000544, [0.0134204973], [56.637238], [18.1991929], [0.0019172135267100533]]
[2900.0, 1300.0, 0.000272, [0.0067200658], [56.637238], [18.1991929], [0.0010901387808439804]]
[2900.0, 900.0, 0.000213, [0.0052464398], [56.637238], [18.1991929], [0.0009742391652463988]]
[2900.0, 1600.0, 0.000311, [0.0076879432], [56.637238], [18.1991929], [0.0011724003408392545]]
[2900.0, 2000.0, 0.000248, [0.0061229714], [56.637238], [18.1991929], [0.0010500810895354702]]
[2900.0, 1200.0, 0.000211, [0.000125986399], [0.223889134], [0.05566596], [3.367128155045483e-05]]
[2900.0, 1700.0, 0.000318, [0.007843474100000001], [56.637238], [18.1991929], [0.0011824480765767265]]
[2900.0, 1100.0, 0.000301, [0.0074208197], [56.637238], [18.1991929], [0.0011589371193468608]]
[2900.0, 800.0, 0.000196, [0.00483820757], [56.637238], [18.1991929], [0.0009311133378380958]]
[2900.0, 600.0, 0.000152, [0.00374536547], [56.637238], [18.1991929], [0.0008173057522738965]]
[2900.0, 100.0, 0.000233, [0.005742834299999999], [56.637238], [18.1991929], [0.0010151988818945775]]
[2900.0, 400.0, 0.000178, [0.00439721786], [56.637238], [18.1991929], [0.0008975783566909353]]
[2900.0, 1000.0, 0.000239, [0.00589127], [56.637238], [18.1991929], [0.0010255381600408637]]
[2900.0, 1400.0, 0.000248, [0.0061314826999999995], [56.637238], [18.1991929], [0.0010515407991609266]]
[2900.0, 200.0, 0.000182, [0.0044823436], [56.637238], [18.1991929], [0.0008964688937157831]]
[2900.0, 500.0, 0.000171, [0.00422235058], [56.637238], [18.1991929], [0.0008618836749817228]]
[2900.0, 1500.0, 0.000274, [0.0067510093], [56.637238], [18.1991929], [0.001095158440683356]]
[2900.0, 1800.0, 0.000332, [0.0081856803], [56.637238], [18.1991929], [0.0012069127722830677]]
[2900.0, 300.0, 0.000197, [0.0048649463799999995], [56.637238], [18.1991929], [0.0009362596063058579]]
[2900.0, 700.0, 0.000172, [0.0042472102399999994], [56.637238], [18.1991929], [0.0008669580399304225]]
[2900.0, 1900.0, 0.000477, [0.0117817756], [56.637238], [18.1991929], [0.0014613494854756682]]
[3000.0, 1900.0, 0.00012, [0.00296232391], [56.637238], [18.1991929], [0.0005809594238843192]]
[3000.0, 800.0, 0.000166, [0.00410287486], [56.637238], [18.1991929], [0.0006838125123160587]]
[3000.0, 900.0, 0.000172, [0.00424256014], [56.637238], [18.1991929], [0.0006974726163800269]]
[3000.0, 1600.0, 0.000213, [0.005267887099999999], [56.637238], [18.1991929], [0.0007767078085741124]]
[3000.0, 700.0, 9.8e-05, [0.0024098396], [56.637238], [18.1991929], [0.0005258702280981497]]
[3000.0, 600.0, 0.000108, [0.0026607107799999996], [56.637238], [18.1991929], [0.0005547966440958345]]
[3000.0, 1300.0, 0.000133, [0.00329228991], [56.637238], [18.1991929], [0.0006113629285457206]]
[3000.0, 500.0, 8.7e-05, [0.00214697273], [56.637238], [18.1991929], [0.0004925492089121655]]
[3000.0, 1500.0, 0.000185, [0.00456003457], [56.637238], [18.1991929], [0.0007210046553247767]]
[3000.0, 1800.0, 0.000176, [0.00434178367], [56.637238], [18.1991929], [0.0007043303020600491]]
[3000.0, 2000.0, 0.000173, [0.00425820633], [56.637238], [18.1991929], [0.00070004487556156]]
[3000.0, 100.0, 8.3e-05, [0.0020564908], [56.637238], [18.1991929], [0.000484719581139446]]
[3000.0, 1400.0, 0.000201, [0.004961632200000001], [56.637238], [18.1991929], [0.0007566417151466076]]
[3000.0, 1100.0, 0.000172, [0.00424894337], [56.637238], [18.1991929], [0.0006985219400276559]]
[3000.0, 1200.0, 0.000153, [0.00376986939], [56.637238], [18.1991929], [0.0006562499589333321]]
[3000.0, 1000.0, 0.000135, [8.05982135e-05], [0.223889134], [0.05566596], [2.1540779813530427e-05]]
[3000.0, 400.0, 7.9e-05, [0.00195660381], [56.637238], [18.1991929], [0.0004745461155251405]]
[3000.0, 300.0, 0.000102, [0.00251473978], [56.637238], [18.1991929], [0.0005361444220543565]]
[3000.0, 1700.0, 0.000205, [0.0050620087], [56.637238], [18.1991929], [0.0007631266670088262]]
[3000.0, 200.0, 8.4e-05, [0.00208139799], [56.637238], [18.1991929], [0.0004905900946819045]]
