[100.0, 1800.0, 0.861532, [66.2470656], [401.764], [38.278302], [3.1873134116368287]]
[100.0, 800.0, 0.875486, [68.7744528], [401.764], [38.278302], [3.2565645338607982]]
[100.0, 500.0, 0.861612, [66.2609576], [401.764], [38.278302], [3.195387144244027]]
[100.0, 1100.0, 0.865185, [66.8883056], [401.764], [38.278302], [3.2070487427539978]]
[100.0, 600.0, 0.883035, [70.237768], [401.764], [38.278302], [3.285584189881611]]
[100.0, 1400.0, 0.892862, [72.2617496], [401.764], [38.278302], [3.336737395720556]]
[100.0, 1700.0, 0.86277, [66.4628608], [401.764], [38.278302], [3.194001511834332]]
[100.0, 100.0, 0.843539, [63.2710128], [401.764], [38.278302], [3.124732834915651]]
[100.0, 1200.0, 0.870304, [67.8105872], [401.764], [38.278302], [3.2290757582936944]]
[100.0, 1000.0, 0.856798, [65.4357544], [401.764], [38.278302], [3.181595179277213]]
[100.0, 2000.0, 0.841939, [63.0195768], [401.764], [38.278302], [3.116118091728874]]
[100.0, 400.0, 0.999777, [77.35695799999999], [27.319399999999998], [16.034657], [77.35695692049939]]
[100.0, 1600.0, 0.878302, [69.3118064], [401.764], [38.278302], [3.2637653199946834]]
[100.0, 1300.0, 0.870776, [67.89704880000001], [401.764], [38.278302], [3.236864908889464]]
[100.0, 1500.0, 0.875803, [68.8343264], [401.764], [38.278302], [3.255751966965543]]
[100.0, 900.0, 0.850575, [64.4009016], [401.764], [38.278302], [3.149951025397062]]
[100.0, 1900.0, 0.85459, [65.0646632], [401.764], [38.278302], [3.163552405255839]]
[100.0, 200.0, 0.875397, [68.7576168], [401.764], [38.278302], [3.255767045229127]]
[100.0, 700.0, 0.859761, [65.9410184], [401.764], [38.278302], [3.17995814110815]]
[100.0, 300.0, 0.883651, [70.3606064], [401.764], [38.278302], [3.2877355611423495]]
[200.0, 1800.0, 0.794081, [27.821149600000002], [190.20999999999998], [15.425373200000001], [1.0448452596628843]]
[200.0, 700.0, 0.812049, [29.0329184], [190.20999999999998], [15.425373200000001], [1.0694410194489457]]
[200.0, 2000.0, 0.784617, [27.215863199999998], [190.20999999999998], [15.425373200000001], [1.033845389756128]]
[200.0, 1300.0, 0.811639, [29.004288], [190.20999999999998], [15.425373200000001], [1.069839040454217]]
[200.0, 1400.0, 0.785772, [27.2885984], [190.20999999999998], [15.425373200000001], [1.0373565244022904]]
[200.0, 400.0, 0.793048, [27.7540448], [190.20999999999998], [15.425373200000001], [1.0467633699361094]]
[200.0, 1900.0, 0.770791, [26.3676048], [190.20999999999998], [15.425373200000001], [1.0194305751742]]
[200.0, 1700.0, 0.784791, [27.226811199999997], [190.20999999999998], [15.425373200000001], [1.0335157321686013]]
[200.0, 500.0, 0.824581, [29.9333776], [190.20999999999998], [15.425373200000001], [1.0843721191546747]]
[200.0, 1500.0, 0.823345, [29.842371199999995], [190.20999999999998], [15.425373200000001], [1.0846395005161855]]
[200.0, 100.0, 0.796532, [27.9814688], [190.20999999999998], [15.425373200000001], [1.0501260599375677]]
[200.0, 600.0, 0.751166, [25.228424], [190.20999999999998], [15.425373200000001], [0.999586837528386]]
[200.0, 1000.0, 0.79992, [28.205544000000003], [190.20999999999998], [15.425373200000001], [1.0540910187645087]]
[200.0, 1200.0, 0.791219, [27.635898400000002], [190.20999999999998], [15.425373200000001], [1.0423076244564269]]
[200.0, 300.0, 0.797103, [28.0189864], [190.20999999999998], [15.425373200000001], [1.0500559357291401]]
[200.0, 1600.0, 0.814232, [29.186264000000005], [190.20999999999998], [15.425373200000001], [1.0729085597570747]]
[200.0, 900.0, 0.78556, [27.275258400000002], [190.20999999999998], [15.425373200000001], [1.0361013695580177]]
[200.0, 800.0, 0.790388, [27.5824648], [190.20999999999998], [15.425373200000001], [1.042519384107557]]
[200.0, 1100.0, 0.776762, [26.728944000000002], [190.20999999999998], [15.425373200000001], [1.0265191631528365]]
[200.0, 200.0, 0.799393, [28.1704552], [190.20999999999998], [15.425373200000001], [1.054992044102703]]
[300.0, 2000.0, 0.655253, [11.31910592], [77.83200000000001], [6.5614124], [0.4160986186951358]]
[300.0, 400.0, 0.655149, [183.34634], [3529.12], [183.784812], [8.368577102470885]]
[300.0, 1000.0, 0.627495, [10.632491520000002], [77.83200000000001], [6.5614124], [0.4041866899342431]]
[300.0, 200.0, 0.663503, [11.5311788], [77.83200000000001], [6.5614124], [0.4202195448286526]]
[300.0, 1600.0, 0.628964, [173.579206], [3529.12], [183.784812], [8.16448037783177]]
[300.0, 1300.0, 0.658621, [11.40520872], [77.83200000000001], [6.5614124], [0.4175743690218546]]
[300.0, 800.0, 0.638655, [10.903790319999999], [77.83200000000001], [6.5614124], [0.40835014332310454]]
[300.0, 700.0, 0.644711, [11.05362888], [77.83200000000001], [6.5614124], [0.41165862361913425]]
[300.0, 300.0, 0.633199, [10.770395839999999], [77.83200000000001], [6.5614124], [0.4059245597694232]]
[300.0, 900.0, 0.638259, [10.894056720000002], [77.83200000000001], [6.5614124], [0.40855902118543413]]
[300.0, 600.0, 0.637349, [10.87173016], [77.83200000000001], [6.5614124], [0.40829641460096117]]
[300.0, 1400.0, 0.668718, [11.667276240000001], [77.83200000000001], [6.5614124], [0.42293847919526073]]
[300.0, 500.0, 0.663137, [11.52168624], [77.83200000000001], [6.5614124], [0.4204323097764966]]
[300.0, 1200.0, 0.673013, [11.7805908], [77.83200000000001], [6.5614124], [0.4242676532567619]]
[300.0, 100.0, 0.25698, [3.71378976], [77.83200000000001], [6.5614124], [0.2387315443589305]]
[300.0, 1100.0, 0.660581, [11.4556192], [77.83200000000001], [6.5614124], [0.4185792539914036]]
[300.0, 1900.0, 0.675691, [11.85182088], [77.83200000000001], [6.5614124], [0.42628038922755995]]
[300.0, 1500.0, 0.631592, [174.539134], [3529.12], [183.784812], [8.191526768557862]]
[300.0, 1700.0, 0.630859, [10.71362632], [77.83200000000001], [6.5614124], [0.404648087859068]]
[300.0, 1800.0, 0.67853, [11.92782392], [77.83200000000001], [6.5614124], [0.426265695922156]]
[400.0, 900.0, 0.527818, [139.37793000000002], [3529.12], [183.784812], [4.996940427901857]]
[400.0, 1200.0, 0.533167, [5.27171224], [33.0878], [2.97621058], [0.1941860020495813]]
[400.0, 1500.0, 0.521547, [5.1203207200000005], [33.0878], [2.97621058], [0.1914891102908988]]
[400.0, 200.0, 0.527798, [139.371812], [3529.12], [183.784812], [4.990311012351835]]
[400.0, 1600.0, 0.522466, [5.1321924], [33.0878], [2.97621058], [0.1917990616869645]]
[400.0, 500.0, 0.530017, [140.073542], [3529.12], [183.784812], [5.002626366220047]]
[400.0, 1700.0, 0.515348, [135.468574], [3529.12], [183.784812], [4.926943592126867]]
[400.0, 300.0, 0.55683, [148.704568], [3529.12], [183.784812], [5.158503662885197]]
[400.0, 1300.0, 0.515266, [135.44304400000001], [3529.12], [183.784812], [4.926015838382982]]
[400.0, 1400.0, 0.5237, [5.14816544], [33.0878], [2.97621058], [0.1918608330639685]]
[400.0, 1100.0, 0.532494, [5.26286552], [33.0878], [2.97621058], [0.19425590313810287]]
[400.0, 800.0, 0.527548, [139.292876], [3529.12], [183.784812], [4.993892710101009]]
[400.0, 100.0, 0.150342, [36.6480482], [3529.12], [183.784812], [2.5596108821459564]]
[400.0, 1000.0, 0.524474, [138.323932], [3529.12], [183.784812], [4.968741055841006]]
[400.0, 400.0, 0.519976, [94.922196], [1702.9199999999998], [127.16401], [4.115398168828868]]
[400.0, 1800.0, 0.546426, [5.4480744], [33.0878], [2.97621058], [0.1971044552312301]]
[400.0, 2000.0, 0.507892, [4.94600096], [33.0878], [2.97621058], [0.18842767932551735]]
[400.0, 600.0, 0.508358, [133.30119200000001], [3529.12], [183.784812], [4.883776911366858]]
[400.0, 700.0, 0.53138, [140.505344], [3529.12], [183.784812], [5.014850294874215]]
[400.0, 1900.0, 0.532339, [5.26083048], [33.0878], [2.97621058], [0.1940486541875516]]
[500.0, 1700.0, 0.344126, [59.774469999999994], [1702.9199999999998], [127.16401], [2.364640279619714]]
[500.0, 1100.0, 0.355103, [61.826576], [1702.9199999999998], [127.16401], [2.3975317382675043]]
[500.0, 300.0, 0.339463, [58.907048], [1702.9199999999998], [127.16401], [2.343195932055192]]
[500.0, 1300.0, 0.336497, [58.356612], [1702.9199999999998], [127.16401], [2.3268298725949004]]
[500.0, 1800.0, 0.349939, [87.83286], [3529.12], [183.784812], [2.8572028993405425]]
[500.0, 1400.0, 0.351884, [61.223286], [1702.9199999999998], [127.16401], [2.392191511564239]]
[500.0, 600.0, 0.350625, [60.987628], [1702.9199999999998], [127.16401], [2.3829842592849833]]
[500.0, 1900.0, 0.357823, [62.337360000000004], [1702.9199999999998], [127.16401], [2.406507047153613]]
[500.0, 1200.0, 0.360767, [62.891292], [1702.9199999999998], [127.16401], [2.415326358900594]]
[500.0, 800.0, 0.340572, [59.113082], [1702.9199999999998], [127.16401], [2.353254978110107]]
[500.0, 1000.0, 0.342778, [59.523402], [1702.9199999999998], [127.16401], [2.3528691982343597]]
[500.0, 2000.0, 0.344038, [59.758002], [1702.9199999999998], [127.16401], [2.3584604190021934]]
[500.0, 700.0, 0.330379, [57.224506000000005], [1702.9199999999998], [127.16401], [2.303772126752123]]
[500.0, 100.0, 0.082298, [19.968319400000002], [3529.12], [183.784812], [1.36182827140576]]
[500.0, 200.0, 0.176602, [43.15576479999999], [3529.12], [183.784812], [2.0034560559193704]]
[500.0, 1500.0, 0.349982, [60.86743], [1702.9199999999998], [127.16401], [2.3801055228707826]]
[500.0, 900.0, 0.350965, [61.051292000000004], [1702.9199999999998], [127.16401], [2.383652801059752]]
[500.0, 1600.0, 0.338162, [58.665502], [1702.9199999999998], [127.16401], [2.3410081990458727]]
[500.0, 500.0, 0.360125, [62.770358], [1702.9199999999998], [127.16401], [2.416032807724266]]
[500.0, 400.0, 0.358162, [62.401024], [1702.9199999999998], [127.16401], [2.412563399374201]]
[600.0, 200.0, 0.076, [12.7629208], [1702.9199999999998], [127.16401], [0.8120852819747443]]
[600.0, 1400.0, 0.212094, [36.0397672], [1702.9199999999998], [127.16401], [1.3670662910042073]]
[600.0, 1900.0, 0.229662, [39.114402600000005], [1702.9199999999998], [127.16401], [1.4235189610258094]]
[600.0, 100.0, 0.042036, [10.183346599999998], [3529.12], [183.784812], [0.727381899967273]]
[600.0, 800.0, 0.208259, [35.3712308], [1702.9199999999998], [127.16401], [1.3534425777254089]]
[600.0, 1200.0, 0.238583, [40.6839732], [1702.9199999999998], [127.16401], [1.4529991099790804]]
[600.0, 600.0, 0.220091, [37.436819400000005], [1702.9199999999998], [127.16401], [1.3942200852089315]]
[600.0, 1600.0, 0.206508, [35.066370400000004], [1702.9199999999998], [127.16401], [1.350706170564124]]
[600.0, 400.0, 0.239517, [40.848561200000006], [1702.9199999999998], [127.16401], [1.4542473495248323]]
[600.0, 500.0, 0.222653, [37.88527800000001], [1702.9199999999998], [127.16401], [1.403158502522078]]
[600.0, 1100.0, 0.215912, [36.706150799999996], [1702.9199999999998], [127.16401], [1.3795017300460337]]
[600.0, 300.0, 0.220367, [37.485032000000004], [1702.9199999999998], [127.16401], [1.39408333423795]]
[600.0, 1700.0, 0.216677, [36.839928], [1702.9199999999998], [127.16401], [1.3835526071675048]]
[600.0, 1500.0, 0.222073, [37.7837422], [1702.9199999999998], [127.16401], [1.3993979498341422]]
[600.0, 1800.0, 0.22242, [37.8445404], [1702.9199999999998], [127.16401], [1.4016495894480903]]
[600.0, 1000.0, 0.22484, [38.2684948], [1702.9199999999998], [127.16401], [1.405828336035378]]
[600.0, 2000.0, 0.213338, [36.256873399999996], [1702.9199999999998], [127.16401], [1.3733270532542492]]
[600.0, 700.0, 0.216883, [36.8758218], [1702.9199999999998], [127.16401], [1.383925041467203]]
[600.0, 1300.0, 0.214067, [36.3841002], [1702.9199999999998], [127.16401], [1.3732293640903548]]
[600.0, 900.0, 0.226276, [38.520133200000004], [1702.9199999999998], [127.16401], [1.4150724532687364]]
[700.0, 2000.0, 0.167882, [0.3183118733333333], [1.56584], [0.228597782], [0.017934842278524658]]
[700.0, 100.0, 0.029739, [4.9855214000000005], [1702.9199999999998], [127.16401], [0.3893037642253155]]
[700.0, 1000.0, 0.152708, [25.782857399999997], [1702.9199999999998], [127.16401], [0.8843447060959884]]
[700.0, 600.0, 0.144953, [0.2681375266666667], [1.56584], [0.228597782], [0.016471561688086667]]
[700.0, 1400.0, 0.156924, [0.2940336866666667], [1.56584], [0.228597782], [0.017207019936965003]]
[700.0, 1900.0, 0.169451, [0.32183486], [1.56584], [0.228597782], [0.01804760690815021]]
[700.0, 200.0, 0.040635, [0.06745899999999999], [1.56584], [0.228597782], [0.008241429174872793]]
[700.0, 400.0, 0.150819, [0.28074612666666665], [1.56584], [0.228597782], [0.01689892642217908]]
[700.0, 1300.0, 0.156533, [0.29317686000000004], [1.56584], [0.228597782], [0.01724569931573924]]
[700.0, 1100.0, 0.146566, [24.732304799999998], [1702.9199999999998], [127.16401], [0.9678499476675091]]
[700.0, 800.0, 0.146804, [0.27209874], [1.56584], [0.228597782], [0.016621071646156473]]
[700.0, 1500.0, 0.144488, [24.377267600000003], [1702.9199999999998], [127.16401], [0.8591858031881113]]
[700.0, 1600.0, 0.149444, [0.27777805333333333], [1.56584], [0.228597782], [0.016750647337408255]]
[700.0, 1800.0, 0.143787, [0.26564908], [1.56584], [0.228597782], [0.016349568869613113]]
[700.0, 1200.0, 0.153149, [0.28579892], [1.56584], [0.228597782], [0.01695904098441628]]
[700.0, 700.0, 0.148776, [0.27633702666666665], [1.56584], [0.228597782], [0.016755390814103183]]
[700.0, 900.0, 0.154222, [0.28813219333333334], [1.56584], [0.228597782], [0.017097505510063938]]
[700.0, 300.0, 0.091303, [0.15962444666666667], [1.56584], [0.228597782], [0.012699037599580354]]
[700.0, 500.0, 0.146459, [0.32373788], [2.3414], [0.294280676], [0.018069284299913793]]
[700.0, 1700.0, 0.154312, [0.28832784666666667], [1.56584], [0.228597782], [0.017079068970201186]]
[800.0, 300.0, 0.052036, [0.07109781466666668], [1.01798], [0.163028324], [0.006601266235436282]]
[800.0, 100.0, 0.019576, [0.025687366], [1.01798], [0.163028324], [0.003963645905812812]]
[800.0, 1800.0, 0.106083, [0.1552253133333333], [1.01798], [0.163028324], [0.0097782795805579]]
[800.0, 800.0, 0.098988, [0.11409740333333332], [0.59984], [0.115804954], [0.005923643438702982]]
[800.0, 400.0, 0.109387, [0.16073964000000002], [1.01798], [0.163028324], [0.0099305265273857]]
[800.0, 200.0, 0.028488, [0.06404026466666667], [2.97666], [0.33321944600000003], [0.006279665532494545]]
[800.0, 1700.0, 0.114513, [0.16938534000000002], [1.01798], [0.163028324], [0.010214319306194068]]
[800.0, 600.0, 0.105242, [0.15382829333333334], [1.01798], [0.163028324], [0.009728957105237721]]
[800.0, 1600.0, 0.099979, [0.14515448733333333], [1.01798], [0.163028324], [0.009408967384598824]]
[800.0, 1000.0, 0.108934, [0.1599811], [1.01798], [0.163028324], [0.0099025807837037]]
[800.0, 1100.0, 0.099626, [0.1445766046666667], [1.01798], [0.163028324], [0.009411136091531849]]
[800.0, 1500.0, 0.105502, [0.1542602333333333], [1.01798], [0.163028324], [0.009717478678477595]]
[800.0, 1400.0, 0.106487, [0.15589798666666665], [1.01798], [0.163028324], [0.00978190838231477]]
[800.0, 1200.0, 0.113218, [0.16719068], [1.01798], [0.163028324], [0.01011883715541355]]
[800.0, 900.0, 0.111192, [0.16377134666666668], [1.01798], [0.163028324], [0.010041466238663666]]
[800.0, 1300.0, 0.115332, [0.17077760666666666], [1.01798], [0.163028324], [0.010242562225016422]]
[800.0, 2000.0, 0.105864, [0.15486053333333336], [1.01798], [0.163028324], [0.009755292735513146]]
[800.0, 500.0, 0.109223, [0.16046486666666665], [1.01798], [0.163028324], [0.009894685660045555]]
[800.0, 1900.0, 0.111011, [0.16346713333333335], [1.01798], [0.163028324], [0.010004027666672837]]
[800.0, 700.0, 0.112662, [0.16625166666666666], [1.01798], [0.163028324], [0.010136544153594844]]
[900.0, 200.0, 0.019356, [2.5302677200000003], [621.92], [101.24287199999999], [0.7629043626562899]]
[900.0, 1100.0, 0.083644, [0.09401165666666668], [0.59984], [0.115804954], [0.0042426851220005056]]
[900.0, 300.0, 0.031492, [0.03251414166666667], [0.59984], [0.115804954], [0.0024864183186977117]]
[900.0, 1000.0, 0.078071, [0.08695134666666667], [0.59984], [0.115804954], [0.0040808299087862565]]
[900.0, 900.0, 0.07865, [0.08767837666666665], [0.59984], [0.115804954], [0.00409694213882609]]
[900.0, 1600.0, 0.081235, [0.09094483666666667], [0.59984], [0.115804954], [0.004159720961528283]]
[900.0, 700.0, 0.080226, [0.08966649666666666], [0.59984], [0.115804954], [0.0041404131275353025]]
[900.0, 1900.0, 0.075037, [0.08315803333333334], [0.59984], [0.115804954], [0.003982545915198803]]
[900.0, 500.0, 0.079146, [0.08830382333333334], [0.59984], [0.115804954], [0.004103826378447856]]
[900.0, 1400.0, 0.07787, [0.08669796333333334], [0.59984], [0.115804954], [0.004064464370888521]]
[900.0, 1200.0, 0.079299, [0.08849579666666667], [0.59984], [0.115804954], [0.004112749015763868]]
[900.0, 1500.0, 0.08478, [0.09546594666666666], [0.59984], [0.115804954], [0.004252389078832955]]
[900.0, 800.0, 0.077645, [0.08641628999999999], [0.59984], [0.115804954], [0.0040557181156156965]]
[900.0, 400.0, 0.057957, [0.06246421266666667], [0.59984], [0.115804954], [0.0034542787541122257]]
[900.0, 100.0, 0.026278, [3.43583016], [621.92], [101.24287199999999], [0.8871274779196053]]
[900.0, 600.0, 0.079008, [0.08812940666666666], [0.59984], [0.115804954], [0.004104596866116493]]
[900.0, 1800.0, 0.077141, [0.08578402], [0.59984], [0.115804954], [0.004039409445286113]]
[900.0, 2000.0, 0.082883, [0.09304013666666666], [0.59984], [0.115804954], [0.0042203854510643405]]
[900.0, 1700.0, 0.078183, [0.08709203], [0.59984], [0.115804954], [0.004082935860927091]]
[900.0, 1300.0, 0.077892, [0.08672633], [0.59984], [0.115804954], [0.004056886048573599]]
[1000.0, 1600.0, 0.053735, [0.0552777676], [0.5492400000000001], [0.11345973599999999], [0.0028394280908661876]]
[1000.0, 1400.0, 0.052097, [0.0739706036], [1.10354], [0.173620008], [0.0032819148020629663]]
[1000.0, 1500.0, 0.05458, [0.028460132533333335], [0.115092], [0.0285439154], [0.001172679459471627]]
[1000.0, 700.0, 0.051594, [0.052882290000000005], [0.5492400000000001], [0.11345973599999999], [0.0027756003576884045]]
[1000.0, 1900.0, 0.055498, [0.029035948266666667], [0.115092], [0.0285439154], [0.0011853874625810939]]
[1000.0, 1800.0, 0.049587, [0.025389785866666667], [0.115092], [0.0285439154], [0.0011091578402854423]]
[1000.0, 500.0, 0.053305, [0.027666200133333336], [0.115092], [0.0285439154], [0.001158809705018233]]
[1000.0, 1000.0, 0.050802, [0.026127644266666663], [0.115092], [0.0285439154], [0.0011243547641005287]]
[1000.0, 200.0, 0.0126, [0.0056315438666666665], [0.115092], [0.0285439154], [0.0005206364636566372]]
[1000.0, 1100.0, 0.05094, [6.665503039999999], [621.92], [101.24287199999999], [0.9827749015924248]]
[1000.0, 2000.0, 0.050927, [0.026203740533333335], [0.115092], [0.0285439154], [0.0011234761689605268]]
[1000.0, 1700.0, 0.055822, [0.02924001346666667], [0.115092], [0.0285439154], [0.0011877944670691137]]
[1000.0, 800.0, 0.050677, [0.026051544933333334], [0.115092], [0.0285439154], [0.0011252552389964194]]
[1000.0, 1300.0, 0.05138, [0.026480672799999997], [0.115092], [0.0285439154], [0.0011363942883817512]]
[1000.0, 400.0, 0.029654, [0.014112980933333335], [0.115092], [0.0285439154], [0.0008258997362876441]]
[1000.0, 300.0, 0.015535, [2.03061756], [621.92], [101.24287199999999], [0.5427054188784188]]
[1000.0, 600.0, 0.051924, [0.05325084200000001], [0.5492400000000001], [0.11345973599999999], [0.0027796712588361956]]
[1000.0, 1200.0, 0.054349, [7.112543919999999], [621.92], [101.24287199999999], [1.0160778387505556]]
[1000.0, 100.0, 0.0133, [1.7384669599999998], [621.92], [101.24287199999999], [0.5018521997560637]]
[1000.0, 900.0, 0.054897, [0.02865879426666667], [0.115092], [0.0285439154], [0.0011788655179168373]]
[1100.0, 1300.0, 0.05138, [0.026480850666666667], [0.115092], [0.0285439154], [0.0010162416965357097]]
[1100.0, 1800.0, 0.051091, [0.0263037476], [0.115092], [0.0285439154], [0.0009054123390171157]]
[1100.0, 2000.0, 0.052959, [0.02745227866666667], [0.115092], [0.0285439154], [0.0009222772992495865]]
[1100.0, 700.0, 0.051335, [0.026453232266666665], [0.115092], [0.0285439154], [0.0009073383622686987]]
[1100.0, 900.0, 0.048469, [0.0247161588], [0.115092], [0.0285439154], [0.0008776965011260379]]
[1100.0, 200.0, 0.01428, [1.86657144], [621.92], [101.24287199999999], [0.41737805385525484]]
[1100.0, 1900.0, 0.050414, [0.025891428133333335], [0.115092], [0.0285439154], [0.0008981637396871958]]
[1100.0, 1500.0, 0.049569, [0.025378978933333334], [0.115092], [0.0285439154], [0.0008906275823759833]]
[1100.0, 800.0, 0.05218, [0.026971824], [0.115092], [0.0285439154], [0.0009170694770723633]]
[1100.0, 500.0, 0.037455, [0.018344205066666668], [0.115092], [0.0285439154], [0.0007552189538581952]]
[1100.0, 1700.0, 0.050361, [0.025859191333333333], [0.115092], [0.0285439154], [0.0008970454484212789]]
[1100.0, 400.0, 0.022198, [0.010278500666666667], [0.115092], [0.0285439154], [0.000566672039817663]]
[1100.0, 600.0, 0.051751, [0.026708029333333334], [0.115092], [0.0285439154], [0.0009117970502255423]]
[1100.0, 1400.0, 0.051615, [0.026624858266666662], [0.115092], [0.0285439154], [0.0009094878224583328]]
[1100.0, 100.0, 0.010768, [1.4073479199999999], [621.92], [101.24287199999999], [0.3633756599443611]]
[1100.0, 1100.0, 0.052586, [0.027221794133333338], [0.115092], [0.0285439154], [0.0009207909622106902]]
[1100.0, 1000.0, 0.050639, [0.02602843146666667], [0.115092], [0.0285439154], [0.0009018316913186555]]
[1100.0, 300.0, 0.012998, [0.005818224133333333], [0.115092], [0.0285439154], [0.00042661290494623653]]
[1100.0, 1200.0, 0.049999, [0.02563908746666667], [0.115092], [0.0285439154], [0.0008931799730053164]]
[1100.0, 1600.0, 0.053675, [0.027896353466666666], [0.115092], [0.0285439154], [0.0009309133752276727]]
[1200.0, 100.0, 0.006674, [0.0029184767466666666], [0.115092], [0.0285439154], [0.00024405528688757754]]
[1200.0, 1400.0, 0.038044, [0.018672835199999998], [0.115092], [0.0285439154], [0.0006156251414980097]]
[1200.0, 1700.0, 0.038789, [0.019090748266666666], [0.115092], [0.0285439154], [0.0006253382262779436]]
[1200.0, 1800.0, 0.037194, [0.018198866533333333], [0.115092], [0.0285439154], [0.0006093431940850557]]
[1200.0, 700.0, 0.037646, [0.018450667466666664], [0.115092], [0.0285439154], [0.000612982329562244]]
[1200.0, 200.0, 0.007481, [0.97776496], [621.92], [101.24287199999999], [0.24444133382061226]]
[1200.0, 1900.0, 0.037505, [0.0183720688], [0.115092], [0.0285439154], [0.0006113842062438679]]
[1200.0, 1200.0, 0.03734, [0.01827997066666667], [0.115092], [0.0285439154], [0.0006093323132011884]]
[1200.0, 1100.0, 0.037172, [0.018186618266666666], [0.115092], [0.0285439154], [0.0006082514364599196]]
[1200.0, 1300.0, 0.036348, [0.017729930266666666], [0.115092], [0.0285439154], [0.0006000672916339374]]
[1200.0, 2000.0, 0.036978, [0.0180786716], [0.115092], [0.0285439154], [0.000605998474512198]]
[1200.0, 800.0, 0.036062, [0.017571668800000002], [0.115092], [0.0285439154], [0.0005988408549856965]]
[1200.0, 1600.0, 0.036112, [0.017599535599999997], [0.115092], [0.0285439154], [0.0005984022271200385]]
[1200.0, 1000.0, 0.035983, [0.017528125199999998], [0.115092], [0.0285439154], [0.0005966643511314475]]
[1200.0, 1500.0, 0.036908, [0.018040102133333333], [0.115092], [0.0285439154], [0.0006053861764012933]]
[1200.0, 300.0, 0.009073, [0.004002812666666667], [0.115092], [0.0285439154], [0.00028591516998345274]]
[1200.0, 600.0, 0.036002, [0.017538919866666666], [0.115092], [0.0285439154], [0.0005959967849279427]]
[1200.0, 500.0, 0.021301, [0.0098306968], [0.115092], [0.0285439154], [0.0004487078299096443]]
[1200.0, 900.0, 0.037335, [0.018277149333333333], [0.115092], [0.0285439154], [0.0006089000846334862]]
[1200.0, 400.0, 0.012292, [0.0061504514666666675], [0.1449], [0.046468142], [0.00035391884367904334]]
[1300.0, 1600.0, 0.026678, [0.013991363066666667], [0.1449], [0.046468142], [0.00043260765699290257]]
[1300.0, 1700.0, 0.027005, [0.014178153733333334], [0.1449], [0.046468142], [0.00043506835774520666]]
[1300.0, 900.0, 0.025992, [0.0136014732], [0.1449], [0.046468142], [0.00042650630673987563]]
[1300.0, 200.0, 0.005299, [0.0025911925733333335], [0.1449], [0.046468142], [0.00018651811045817745]]
[1300.0, 1800.0, 0.027331, [0.014364536533333333], [0.1449], [0.046468142], [0.00043770734332428097]]
[1300.0, 1000.0, 0.026731, [0.014022048133333334], [0.1449], [0.046468142], [0.0004333492983725715]]
[1300.0, 1400.0, 0.027899, [0.014690428133333334], [0.1449], [0.046468142], [0.00044414598020620804]]
[1300.0, 1200.0, 0.028215, [0.014872063733333335], [0.1449], [0.046468142], [0.0004453831606855183]]
[1300.0, 500.0, 0.012566, [0.006292944133333334], [0.1449], [0.046468142], [0.0002899635742947341]]
[1300.0, 100.0, 0.00507, [0.0024775314800000005], [0.1449], [0.046468142], [0.00018215173943110667]]
[1300.0, 1100.0, 0.026479, [0.013878147866666666], [0.1449], [0.046468142], [0.00043013637754657404]]
[1300.0, 2000.0, 0.027226, [0.014304478933333333], [0.1449], [0.046468142], [0.00043607978434124996]]
[1300.0, 1300.0, 0.027055, [0.014207041733333332], [0.1449], [0.046468142], [0.0004363658697316584]]
[1300.0, 1500.0, 0.026917, [0.014127780666666668], [0.1449], [0.046468142], [0.0004357853106493813]]
[1300.0, 600.0, 0.020713, [0.010653198266666667], [0.1449], [0.046468142], [0.000377592603270303]]
[1300.0, 300.0, 0.007744, [1.01206072], [621.92], [101.24287199999999], [0.2024121478172691]]
[1300.0, 1900.0, 0.026354, [0.013807022666666668], [0.1449], [0.046468142], [0.0004295858209950603]]
[1300.0, 400.0, 0.008576, [1.12089764], [621.92], [101.24287199999999], [0.21182967535262853]]
[1300.0, 700.0, 0.026176, [0.013705589600000002], [0.1449], [0.046468142], [0.0004280907399138645]]
[1300.0, 800.0, 0.028333, [0.014939919866666667], [0.1449], [0.046468142], [0.00044721485047892684]]
[1400.0, 1100.0, 0.018316, [0.009346457866666666], [0.1449], [0.046468142], [0.0003033988653608023]]
[1400.0, 400.0, 0.005015, [0.10604747999999999], [27.319399999999998], [16.034657], [0.05302374327035012]]
[1400.0, 1500.0, 0.017192, [0.0087410304], [0.1449], [0.046468142], [0.0002786538441069054]]
[1400.0, 1800.0, 0.018587, [0.009493265333333334], [0.1449], [0.046468142], [0.00028913872773386057]]
[1400.0, 1600.0, 0.017836, [0.009087232533333333], [0.1449], [0.046468142], [0.00028369915489632477]]
[1400.0, 1400.0, 0.017611, [0.008966292399999999], [0.1449], [0.046468142], [0.00028199228140736996]]
[1400.0, 600.0, 0.010027, [0.21209624799999996], [27.319399999999998], [16.034657], [0.07498735963880844]]
[1400.0, 1700.0, 0.01716, [0.0087240012], [0.1449], [0.046468142], [0.00027796977837327727]]
[1400.0, 900.0, 0.0213, [0.450993568], [27.319399999999998], [16.034657], [0.10938200319979517]]
[1400.0, 100.0, 0.003755, [0.0793880144], [27.319399999999998], [16.034657], [0.04583469176944468]]
[1400.0, 700.0, 0.017393, [0.008849026133333333], [0.1449], [0.046468142], [0.00028011100196568894]]
[1400.0, 2000.0, 0.016497, [0.008368451866666666], [0.1449], [0.046468142], [0.0002715083858905446]]
[1400.0, 800.0, 0.018121, [0.009241059599999999], [0.1449], [0.046468142], [0.0002861406737797182]]
[1400.0, 1300.0, 0.017223, [0.008757584266666667], [0.1449], [0.046468142], [0.00027918159245273394]]
[1400.0, 300.0, 0.004298, [0.0020951156933333333], [0.1449], [0.046468142], [0.00013638039370329836]]
[1400.0, 1200.0, 0.017532, [0.008923524666666667], [0.1449], [0.046468142], [0.0002814838023206467]]
[1400.0, 500.0, 0.006572, [0.003227237333333333], [0.1449], [0.046468142], [0.0001691532303104036]]
[1400.0, 1000.0, 0.017553, [0.008935184133333333], [0.1449], [0.046468142], [0.0002810140297011679]]
[1400.0, 200.0, 0.004062, [0.53081654], [621.92], [101.24287199999999], [0.11869419139957943]]
[1400.0, 1900.0, 0.018383, [0.009382751866666667], [0.1449], [0.046468142], [0.00028873421516066366]]
[1500.0, 1500.0, 0.010315, [1.34822596], [621.92], [101.24287199999999], [0.47666992554596943]]
[1500.0, 1100.0, 0.010142, [0.005038809333333333], [0.1449], [0.046468142], [0.0005341128033997646]]
[1500.0, 1800.0, 0.008773, [0.004339155466666667], [0.1449], [0.046468142], [0.0004944927493008477]]
[1500.0, 400.0, 0.008138, [0.172111944], [27.319399999999998], [16.034657], [0.17211191224316807]]
[1500.0, 200.0, 0.003884, [0.507610276], [621.92], [101.24287199999999], [0.29306888446233936]]
[1500.0, 500.0, 0.003992, [0.0019437462533333334], [0.1449], [0.046468142], [0.00033334976999475425]]
[1500.0, 1300.0, 0.009913, [0.004387016933333334], [0.115092], [0.0285439154], [0.0004999468074816671]]
[1500.0, 600.0, 0.005422, [0.0425599406], [12.3188], [5.1794528], [0.019033385931042326]]
[1500.0, 1000.0, 0.024005, [0.508379304], [27.319399999999998], [16.034657], [0.29351287590155223]]
[1500.0, 2000.0, 0.018183, [2.3768862399999997], [621.92], [101.24287199999999], [0.6352495075165348]]
[1500.0, 800.0, 0.016056, [0.33980153999999996], [27.319399999999998], [16.034657], [0.24027601445004865]]
[1500.0, 1700.0, 0.009595, [0.004758608], [0.1449], [0.046468142], [0.0005131340721487904]]
[1500.0, 1200.0, 0.024192, [0.51234662], [27.319399999999998], [16.034657], [0.29580339254308763]]
[1500.0, 300.0, 0.002581, [0.337319196], [621.92], [101.24287199999999], [0.23852069464933226]]
[1500.0, 1400.0, 0.010395, [0.16832306200000002], [47.978], [10.8899618], [0.03763817710782498]]
[1500.0, 100.0, 0.002016, [0.010664847], [6.683800000000001], [3.33366738], [0.010664846783709553]]
[1500.0, 900.0, 0.010328, [0.005134612], [0.1449], [0.046468142], [0.000535320376098899]]
[1500.0, 700.0, 0.010391, [0.005166897866666667], [0.1449], [0.046468142], [0.0005386864278553485]]
[1500.0, 1900.0, 0.015916, [0.33685027199999995], [27.319399999999998], [16.034657], [0.23818911934847065]]
[1500.0, 1600.0, 0.009962, [0.004946530266666667], [0.1449], [0.046468142], [0.0005273018075700733]]
[1600.0, 1500.0, 0.00569, [0.002786230733333333], [0.1449], [0.046468142], [0.0003261036290642729]]
[1600.0, 100.0, 0.000872, [0.113950004], [621.92], [101.24287199999999], [0.11395001304080661]]
[1600.0, 1300.0, 0.007695, [1.0056842], [621.92], [101.24287199999999], [0.33522810478836645]]
[1600.0, 900.0, 0.005457, [0.0023758711733333337], [0.115092], [0.0285439154], [0.00029933164513258164]]
[1600.0, 300.0, 0.003515, [0.45932380000000006], [621.92], [101.24287199999999], [0.22966187225571424]]
[1600.0, 500.0, 0.005365, [0.113437932], [27.319399999999998], [16.034657], [0.11343790266044237]]
[1600.0, 1000.0, 0.010806, [0.228606108], [27.319399999999998], [16.034657], [0.16164892195124594]]
[1600.0, 1200.0, 0.006009, [0.7852853199999998], [621.92], [101.24287199999999], [0.2968100230113531]]
[1600.0, 1800.0, 0.021101, [0.4467692039999999], [27.319399999999998], [16.034657], [0.22338460115236233]]
[1600.0, 1100.0, 0.016029, [0.33922838], [27.319399999999998], [16.034657], [0.19585360961697895]]
[1600.0, 1900.0, 0.01598, [0.33818785999999995], [27.319399999999998], [16.034657], [0.19525285083706204]]
[1600.0, 1700.0, 0.006744, [0.10915455], [47.978], [10.8899618], [0.025041772181696724]]
[1600.0, 800.0, 0.015945, [0.337448916], [27.319399999999998], [16.034657], [0.19482619979869237]]
[1600.0, 200.0, 0.003477, [0.0095432566], [1.3201999999999998], [1.85908264], [0.009543256274458945]]
[1600.0, 1600.0, 0.010597, [0.22417704399999996], [27.319399999999998], [16.034657], [0.15851709459865834]]
[1600.0, 2000.0, 0.010703, [0.22642717999999998], [27.319399999999998], [16.034657], [0.16010820556111421]]
[1600.0, 1400.0, 0.010461, [1.3672616799999997], [621.92], [101.24287199999999], [0.3946943680368393]]
[1600.0, 700.0, 0.003401, [0.0016529670666666667], [0.1449], [0.046468142], [0.00024919415191996603]]
[1600.0, 400.0, 0.001434, [0.0112507904], [12.3188], [5.1794528], [0.007955509494683544]]
[1600.0, 600.0, 0.005357, [0.113282084], [27.319399999999998], [16.034657], [0.11328207724084158]]
[1700.0, 900.0, 0.010643, [0.225142584], [27.319399999999998], [16.034657], [0.12998610294950763]]
[1700.0, 1500.0, 0.017923, [0.37936945200000005], [27.319399999999998], [16.034657], [0.16965917533690889]]
[1700.0, 1800.0, 0.005234, [0.684007028], [621.92], [101.24287199999999], [0.22800235844394237]]
[1700.0, 700.0, 0.002289, [0.299151984], [621.92], [101.24287199999999], [0.1495759868428084]]
[1700.0, 500.0, 0.003548, [0.0750197808], [27.319399999999998], [16.034657], [0.07501977521693863]]
[1700.0, 300.0, 0.000846, [0.00040755969333333334], [0.1449], [0.046468142], [0.00010188997115625375]]
[1700.0, 800.0, 0.004071, [0.5319923], [621.92], [101.24287199999999], [0.20107416112469545]]
[1700.0, 1300.0, 0.014453, [0.30584222399999994], [27.319399999999998], [16.034657], [0.1529211314109335]]
[1700.0, 400.0, 0.002295, [0.299939688], [621.92], [101.24287199999999], [0.14996982053733343]]
[1700.0, 1000.0, 0.010605, [0.224335652], [27.319399999999998], [16.034657], [0.129520219209203]]
[1700.0, 2000.0, 0.011036, [0.233472264], [27.319399999999998], [16.034657], [0.13479525920446905]]
[1700.0, 1600.0, 0.003498, [0.0017007938799999999], [0.1449], [0.046468142], [0.00020778503190664252]]
[1700.0, 1400.0, 0.01445, [0.305784264], [27.319399999999998], [16.034657], [0.15289215357237923]]
[1700.0, 1200.0, 0.007233, [0.152960028], [27.319399999999998], [16.034657], [0.10815909873884859]]
[1700.0, 100.0, 0.003532, [0.0746826376], [27.319399999999998], [16.034657], [0.07468263980337063]]
[1700.0, 1700.0, 0.008125, [1.06184744], [621.92], [101.24287199999999], [0.2837908030363211]]
[1700.0, 1900.0, 0.00728, [0.153962552], [27.319399999999998], [16.034657], [0.10886795811440572]]
[1700.0, 1100.0, 0.007075, [0.14962346399999998], [27.319399999999998], [16.034657], [0.1057997599997278]]
[1700.0, 600.0, 0.003567, [0.0754157856], [27.319399999999998], [16.034657], [0.07541577879462626]]
[1700.0, 200.0, 0.00362, [0.07653798319999999], [27.319399999999998], [16.034657], [0.07653797884971879]]
[1800.0, 600.0, 0.00242, [0.051153858399999995], [27.319399999999998], [16.034657], [0.05115385320383989]]
[1800.0, 1800.0, 0.00477, [0.10086456799999999], [27.319399999999998], [16.034657], [0.0713220053784244]]
[1800.0, 400.0, 0.001172, [0.153154884], [621.92], [101.24287199999999], [0.08842402332398137]]
[1800.0, 1300.0, 0.009554, [0.202086004], [27.319399999999998], [16.034657], [0.10104301824470605]]
[1800.0, 1200.0, 0.003119, [0.119204446], [179.538], [27.3840668], [0.017387756612053207]]
[1800.0, 1700.0, 0.007402, [0.15654085199999998], [27.319399999999998], [16.034657], [0.09037892420691895]]
[1800.0, 500.0, 0.000771, [0.100766036], [621.92], [101.24287199999999], [0.07125235776028747]]
[1800.0, 1600.0, 0.009528, [0.20154348000000002], [27.319399999999998], [16.034657], [0.10077171190368853]]
[1800.0, 1000.0, 0.004645, [0.6070309039999999], [621.92], [101.24287199999999], [0.17523474043693504]]
[1800.0, 700.0, 0.004765, [0.10074598], [27.319399999999998], [16.034657], [0.07123818481685226]]
[1800.0, 200.0, 0.000926, [0.0025390325599999996], [1.3201999999999998], [1.85908264], [0.002539032494475012]]
[1800.0, 800.0, 0.009645, [0.204016532], [27.319399999999998], [16.034657], [0.10200825417582639]]
[1800.0, 2000.0, 0.009652, [0.20417155199999998], [27.319399999999998], [16.034657], [0.10208580508572188]]
[1800.0, 1100.0, 0.014078, [0.297905844], [27.319399999999998], [16.034657], [0.12161954606065589]]
[1800.0, 900.0, 0.009762, [0.20650393599999997], [27.319399999999998], [16.034657], [0.1032519569984027]]
[1800.0, 1500.0, 0.007229, [0.15287952800000001], [27.319399999999998], [16.034657], [0.08826502247209819]]
[1800.0, 1400.0, 0.012058, [0.255120416], [27.319399999999998], [16.034657], [0.11409331696466714]]
[1800.0, 1900.0, 0.009764, [0.20653264], [27.319399999999998], [16.034657], [0.10326630149279095]]
[1800.0, 100.0, 0.002387, [0.0504665448], [27.319399999999998], [16.034657], [0.050466541090112366]]
[1800.0, 300.0, 0.002429, [0.0513562124], [27.319399999999998], [16.034657], [0.0513562178825505]]
[1900.0, 300.0, 0.001617, [0.0341779448], [27.319399999999998], [16.034657], [0.03417794427990074]]
[1900.0, 1600.0, 0.001823, [0.238248536], [621.92], [101.24287199999999], [0.09004947122998558]]
[1900.0, 600.0, 0.001607, [0.033981957199999996], [27.319399999999998], [16.034657], [0.0339819656641578]]
[1900.0, 1500.0, 0.006355, [0.134387252], [27.319399999999998], [16.034657], [0.06719364088959609]]
[1900.0, 500.0, 0.004763, [0.10070918], [27.319399999999998], [16.034657], [0.058144443985646645]]
[1900.0, 1700.0, 0.001627, [0.062174888], [179.538], [27.3840668], [0.010221492930095877]]
[1900.0, 1800.0, 0.006492, [0.137282768], [27.319399999999998], [16.034657], [0.06864139667576702]]
[1900.0, 800.0, 0.001643, [0.034726724800000004], [27.319399999999998], [16.034657], [0.03472672805779433]]
[1900.0, 1300.0, 0.002634, [0.344174576], [621.92], [101.24287199999999], [0.10883755535659553]]
[1900.0, 1000.0, 0.001823, [0.2382018], [621.92], [101.24287199999999], [0.09003180825463854]]
[1900.0, 1900.0, 0.008082, [0.17093719599999999], [27.319399999999998], [16.034657], [0.07644542907983447]]
[1900.0, 1200.0, 0.004923, [0.10410122], [27.319399999999998], [16.034657], [0.06010286841740583]]
[1900.0, 100.0, 0.000268, [0.0102309336], [179.538], [27.3840668], [0.004176761750926189]]
[1900.0, 2000.0, 0.001558, [0.203599956], [621.92], [101.24287199999999], [0.08311932447271213]]
[1900.0, 1100.0, 0.004815, [0.10180802799999998], [27.319399999999998], [16.034657], [0.0587789000781743]]
[1900.0, 900.0, 0.001376, [0.05257478], [179.538], [27.3840668], [0.009442709873759758]]
[1900.0, 200.0, 0.000783, [0.00414064262], [6.683800000000001], [3.33366738], [0.004140643183371395]]
[1900.0, 400.0, 0.003201, [0.0676756048], [27.319399999999998], [16.034657], [0.04785388644613935]]
[1900.0, 700.0, 0.001588, [0.03356708319999999], [27.319399999999998], [16.034657], [0.033567067098571476]]
[1900.0, 1400.0, 0.003204, [0.06774806400000001], [27.319399999999998], [16.034657], [0.04790510761912554]]
[2000.0, 1500.0, 0.004308, [0.0910849864], [27.319399999999998], [16.034657], [0.045542490436953485]]
[2000.0, 1200.0, 0.00437, [0.092404708], [27.319399999999998], [16.034657], [0.046202368857018575]]
[2000.0, 1300.0, 0.004333, [0.09162314039999998], [27.319399999999998], [16.034657], [0.04581157528834825]]
[2000.0, 300.0, 0.000358, [0.0057852267999999995], [47.978], [10.8899618], [0.0025872319594500994]]
[2000.0, 900.0, 0.001241, [0.16215634799999998], [621.92], [101.24287199999999], [0.061289347694358766]]
[2000.0, 1900.0, 0.007674, [0.162304836], [27.319399999999998], [16.034657], [0.06134544547071118]]
[2000.0, 1600.0, 0.005368, [0.11350858800000001], [27.319399999999998], [16.034657], [0.0507625871523507]]
[2000.0, 500.0, 0.002156, [0.045576938], [27.319399999999998], [16.034657], [0.03222775889198627]]
[2000.0, 600.0, 0.00035, [0.0456809992], [621.92], [101.24287199999999], [0.03230134280800103]]
[2000.0, 200.0, 0.000528, [0.06901599879999999], [621.92], [101.24287199999999], [0.0398463991045615]]
[2000.0, 1800.0, 0.001106, [0.0233815148], [27.319399999999998], [16.034657], [0.02338152081281284]]
[2000.0, 2000.0, 0.005378, [0.11372460399999999], [27.319399999999998], [16.034657], [0.05085919433101551]]
[2000.0, 400.0, 0.001077, [0.0227604136], [27.319399999999998], [16.034657], [0.02276040953585853]]
[2000.0, 1100.0, 0.006518, [0.137835872], [27.319399999999998], [16.034657], [0.056271264339803125]]
[2000.0, 100.0, 0.001095, [0.0231428484], [27.319399999999998], [16.034657], [0.023142842753646316]]
[2000.0, 1400.0, 0.006544, [0.138381064], [27.319399999999998], [16.034657], [0.056493828363813337]]
[2000.0, 1700.0, 0.004248, [0.08982260839999999], [27.319399999999998], [16.034657], [0.04491130558779159]]
[2000.0, 700.0, 0.001058, [0.022359873199999995], [27.319399999999998], [16.034657], [0.022359872750979594]]
[2000.0, 1000.0, 0.003269, [0.0691065176], [27.319399999999998], [16.034657], [0.03989867217840714]]
[2000.0, 800.0, 0.001236, [0.16148069999999998], [621.92], [101.24287199999999], [0.061033981538156264]]
[2100.0, 200.0, 0.002196, [0.046431765199999996], [27.319399999999998], [16.034657], [0.026807390285516416]]
[2100.0, 100.0, 0.000725, [0.015326307599999998], [27.319399999999998], [16.034657], [0.015326305376051985]]
[2100.0, 400.0, 0.000231, [0.030226627599999997], [621.92], [101.24287199999999], [0.021373455365008252]]
[2100.0, 1400.0, 0.003616, [0.07644722519999998], [27.319399999999998], [16.034657], [0.03418824476336859]]
[2100.0, 500.0, 0.000723, [0.015277400399999998], [27.319399999999998], [16.034657], [0.01527739988872452]]
[2100.0, 800.0, 0.002177, [0.0460156308], [27.319399999999998], [16.034657], [0.026567134234614015]]
[2100.0, 300.0, 0.000727, [0.015367321199999999], [27.319399999999998], [16.034657], [0.01536731604933015]]
[2100.0, 600.0, 0.001443, [0.030504844800000003], [27.319399999999998], [16.034657], [0.02157018038682106]]
[2100.0, 700.0, 0.000718, [0.015187074799999999], [27.319399999999998], [16.034657], [0.015187076774679188]]
[2100.0, 1000.0, 0.00291, [0.061512993999999994], [27.319399999999998], [16.034657], [0.03075649576918671]]
[2100.0, 1700.0, 0.003682, [0.0778398568], [27.319399999999998], [16.034657], [0.03481104213320825]]
[2100.0, 1800.0, 0.002912, [0.0615593344], [27.319399999999998], [16.034657], [0.030779672123010016]]
[2100.0, 1900.0, 0.003671, [0.0776192684], [27.319399999999998], [16.034657], [0.034712393682948456]]
[2100.0, 900.0, 0.000734, [0.0155111172], [27.319399999999998], [16.034657], [0.015511118149250235]]
[2100.0, 2000.0, 0.004305, [0.091031102], [27.319399999999998], [16.034657], [0.037163297227237525]]
[2100.0, 1200.0, 0.004355, [0.09207543999999998], [27.319399999999998], [16.034657], [0.037589639615191836]]
[2100.0, 1500.0, 0.002873, [0.060746109599999994], [27.319399999999998], [16.034657], [0.030373058403789364]]
[2100.0, 1100.0, 0.00217, [0.04588198239999999], [27.319399999999998], [16.034657], [0.026489976190249776]]
[2100.0, 1300.0, 0.002937, [0.0621001472], [27.319399999999998], [16.034657], [0.031050074962872473]]
[2100.0, 1600.0, 0.005821, [0.12309968], [27.319399999999998], [16.034657], [0.04352232089399645]]
[2200.0, 1700.0, 0.002919, [0.0617074084], [27.319399999999998], [16.034657], [0.02519194525240161]]
[2200.0, 1100.0, 0.000549, [0.0716962716], [621.92], [101.24287199999999], [0.027098646460662935]]
[2200.0, 200.0, 0.000485, [0.0102431328], [27.319399999999998], [16.034657], [0.010243133083192857]]
[2200.0, 1800.0, 0.002454, [0.05187773279999999], [27.319399999999998], [16.034657], [0.023200426402978026]]
[2200.0, 900.0, 0.00097, [0.0204973884], [27.319399999999998], [16.034657], [0.014493843045928155]]
[2200.0, 1000.0, 0.002442, [0.051632709199999995], [27.319399999999998], [16.034657], [0.023090852720503846]]
[2200.0, 1300.0, 0.001458, [0.0308267344], [27.319399999999998], [16.034657], [0.017797820284517988]]
[2200.0, 1900.0, 0.001918, [0.0405555044], [27.319399999999998], [16.034657], [0.0202777537888199]]
[2200.0, 1400.0, 0.002446, [0.05171715599999999], [27.319399999999998], [16.034657], [0.02312861519417019]]
[2200.0, 1600.0, 0.00289, [0.061098009599999996], [27.319399999999998], [16.034657], [0.024943159716443303]]
[2200.0, 800.0, 0.000177, [0.0067448696], [179.538], [27.3840668], [0.001870690546295672]]
[2200.0, 400.0, 0.000159, [0.0060909106], [179.538], [27.3840668], [0.0017582948683312477]]
[2200.0, 600.0, 0.000483, [0.010215864], [27.319399999999998], [16.034657], [0.010215865754795331]]
[2200.0, 2000.0, 0.001919, [0.040576756400000004], [27.319399999999998], [16.034657], [0.020288382263748874]]
[2200.0, 500.0, 0.000236, [0.0308635344], [621.92], [101.24287199999999], [0.01781906530882021]]
[2200.0, 700.0, 0.000976, [0.0206265748], [27.319399999999998], [16.034657], [0.014585189178066907]]
[2200.0, 300.0, 0.000487, [0.0102858944], [27.319399999999998], [16.034657], [0.010285896239025552]]
[2200.0, 1200.0, 0.00431, [0.09114111559999999], [27.319399999999998], [16.034657], [0.03038037255861093]]
[2200.0, 1500.0, 0.002952, [0.0624184672], [27.319399999999998], [16.034657], [0.025482233007332773]]
[2200.0, 100.0, 0.000482, [0.01019383], [27.319399999999998], [16.034657], [0.010193828336792806]]
[2300.0, 700.0, 0.000322, [0.00681219152], [27.319399999999998], [16.034657], [0.006812189683794778]]
[2300.0, 100.0, 0.000644, [0.0136050888], [27.319399999999998], [16.034657], [0.009620244287958596]]
[2300.0, 1800.0, 0.003251, [0.0687331724], [27.319399999999998], [16.034657], [0.021735338304245462]]
[2300.0, 1000.0, 0.001605, [0.033935543199999994], [27.319399999999998], [16.034657], [0.015176436672684403]]
[2300.0, 1500.0, 0.003239, [0.06848459759999999], [27.319399999999998], [16.034657], [0.021656727697415414]]
[2300.0, 1200.0, 0.002279, [0.048176085199999996], [27.319399999999998], [16.034657], [0.018208847686770297]]
[2300.0, 500.0, 8e-05, [0.000424796752], [6.683800000000001], [3.33366738], [0.0004247968871825687]]
[2300.0, 1900.0, 0.004589, [0.097030376], [27.319399999999998], [16.034657], [0.025932451756052684]]
[2300.0, 1300.0, 0.001965, [0.041547218399999995], [27.319399999999998], [16.034657], [0.016961581690396684]]
[2300.0, 1600.0, 0.000974, [0.020595984799999998], [27.319399999999998], [16.034657], [0.011891095202713666]]
[2300.0, 1700.0, 0.002256, [0.0476849524], [27.319399999999998], [16.034657], [0.018023220311586936]]
[2300.0, 1400.0, 0.001279, [0.027027253999999997], [27.319399999999998], [16.034657], [0.013513628812424884]]
[2300.0, 1100.0, 0.000973, [0.020557593199999998], [27.319399999999998], [16.034657], [0.011868930661184267]]
[2300.0, 900.0, 0.001605, [0.0339250828], [27.319399999999998], [16.034657], [0.015171759581538326]]
[2300.0, 2000.0, 0.002619, [0.055370098799999996], [27.319399999999998], [16.034657], [0.019576287831966507]]
[2300.0, 300.0, 0.000318, [0.0067260188], [27.319399999999998], [16.034657], [0.006726018636905491]]
[2300.0, 200.0, 0.000961, [0.020305715599999996], [27.319399999999998], [16.034657], [0.011723511303359586]]
[2300.0, 400.0, 6.3e-05, [0.00241058446], [179.538], [27.3840668], [0.000911115091961493]]
[2300.0, 800.0, 0.001288, [0.027218209199999996], [27.319399999999998], [16.034657], [0.01360910447016996]]
[2300.0, 600.0, 0.000317, [0.006704350959999999], [27.319399999999998], [16.034657], [0.00670435253011057]]
[2400.0, 1200.0, 0.00151, [0.031921838], [27.319399999999998], [16.034657], [0.012065318595047541]]
[2400.0, 1500.0, 0.001481, [0.03131312], [27.319399999999998], [16.034657], [0.011835248451975986]]
[2400.0, 1100.0, 0.001504, [0.0317916672], [27.319399999999998], [16.034657], [0.012016119260393514]]
[2400.0, 1600.0, 0.000648, [0.013696177999999998], [27.319399999999998], [16.034657], [0.007907492320577997]]
[2400.0, 400.0, 0.000428, [0.00905629968], [27.319399999999998], [16.034657], [0.00640377100902273]]
[2400.0, 1300.0, 0.000429, [0.009073017000000001], [27.319399999999998], [16.034657], [0.006415592806280648]]
[2400.0, 200.0, 0.000433, [0.009145355679999998], [27.319399999999998], [16.034657], [0.0064667434141150205]]
[2400.0, 1700.0, 0.000855, [0.018080345999999997], [27.319399999999998], [16.034657], [0.009040171109885033]]
[2400.0, 2000.0, 0.001936, [0.0409322996], [27.319399999999998], [16.034657], [0.01364410248568956]]
[2400.0, 600.0, 0.000216, [0.004556560359999999], [27.319399999999998], [16.034657], [0.004556561340309159]]
[2400.0, 1900.0, 0.001071, [0.022634373599999997], [27.319399999999998], [16.034657], [0.01012240007903264]]
[2400.0, 700.0, 0.000644, [0.013609652], [27.319399999999998], [16.034657], [0.007857535211502396]]
[2400.0, 100.0, 0.000429, [0.009064780239999999], [27.319399999999998], [16.034657], [0.00640976749406716]]
[2400.0, 1800.0, 0.001278, [0.027014539599999998], [27.319399999999998], [16.034657], [0.011028639821845668]]
[2400.0, 500.0, 6.9e-05, [0.00901379108], [621.92], [101.24287199999999], [0.006373712592202444]]
[2400.0, 900.0, 0.000214, [0.0045309880399999995], [27.319399999999998], [16.034657], [0.004530988324858054]]
[2400.0, 1400.0, 0.001281, [0.027084496399999998], [27.319399999999998], [16.034657], [0.011057198270809834]]
[2400.0, 800.0, 0.000649, [0.0137261884], [27.319399999999998], [16.034657], [0.007924822005824483]]
[2400.0, 300.0, 0.000429, [0.009061921799999999], [27.319399999999998], [16.034657], [0.006407747494400821]]
[2400.0, 1000.0, 0.001075, [0.022715996], [27.319399999999998], [16.034657], [0.010158903948753528]]
[2500.0, 400.0, 0.000141, [0.0029880781199999994], [27.319399999999998], [16.034657], [0.0029880772894957048]]
[2500.0, 1300.0, 0.000851, [0.017985098399999996], [27.319399999999998], [16.034657], [0.007342386223565197]]
[2500.0, 500.0, 0.000283, [0.005990871639999999], [27.319399999999998], [16.034657], [0.004236185929819417]]
[2500.0, 900.0, 0.000426, [0.008996288079999998], [27.319399999999998], [16.034657], [0.0051940090874005975]]
[2500.0, 1400.0, 0.000562, [0.011869352399999998], [27.319399999999998], [16.034657], [0.005934673915220615]]
[2500.0, 200.0, 2.8e-05, [0.00105152826], [179.538], [27.3840668], [0.0003974402662036146]]
[2500.0, 1900.0, 0.000424, [0.008970401119999999], [27.319399999999998], [16.034657], [0.005179062352202376]]
[2500.0, 1000.0, 0.000568, [0.012010195199999999], [27.319399999999998], [16.034657], [0.006005096599389554]]
[2500.0, 1800.0, 0.000855, [0.0180643472], [27.319399999999998], [16.034657], [0.007374739166641759]]
[2500.0, 1700.0, 0.00085, [0.017973773199999998], [27.319399999999998], [16.034657], [0.0073377616281806255]]
[2500.0, 800.0, 0.000141, [0.0029759258399999996], [27.319399999999998], [16.034657], [0.002975926262527349]]
[2500.0, 700.0, 0.000139, [0.00293356352], [27.319399999999998], [16.034657], [0.0029335624977150218]]
[2500.0, 1600.0, 0.001272, [0.026896641599999997], [27.319399999999998], [16.034657], [0.008965547038301677]]
[2500.0, 1100.0, 0.000427, [0.009034390799999998], [27.319399999999998], [16.034657], [0.005216008133429242]]
[2500.0, 600.0, 0.000142, [0.0029912282], [27.319399999999998], [16.034657], [0.0029912297163541286]]
[2500.0, 300.0, 0.000143, [0.0030227694799999996], [27.319399999999998], [16.034657], [0.003022770570188879]]
[2500.0, 2000.0, 0.000286, [0.0060470937599999995], [27.319399999999998], [16.034657], [0.004275940880788695]]
[2500.0, 1200.0, 0.000287, [0.00607028328], [27.319399999999998], [16.034657], [0.004292337865546001]]
[2500.0, 100.0, 4.6e-05, [0.006060826599999999], [621.92], [101.24287199999999], [0.004285651909336548]]
[2500.0, 1500.0, 0.001129, [0.0238582496], [27.319399999999998], [16.034657], [0.008435162875487349]]
[2600.0, 800.0, 9.6e-05, [0.002022183], [27.319399999999998], [16.034657], [0.0020221838579120347]]
[2600.0, 2000.0, 0.000374, [0.00789497816], [27.319399999999998], [16.034657], [0.003947489403658988]]
[2600.0, 900.0, 0.000284, [0.0059937126], [27.319399999999998], [16.034657], [0.0034604708835648365]]
[2600.0, 1000.0, 0.000279, [0.005903916], [27.319399999999998], [16.034657], [0.0034086279351082014]]
[2600.0, 200.0, 9.3e-05, [0.00196811552], [27.319399999999998], [16.034657], [0.0019681161148672097]]
[2600.0, 1100.0, 0.000759, [0.016047238], [27.319399999999998], [16.034657], [0.005673555786629756]]
[2600.0, 1500.0, 0.000923, [0.019501451599999997], [27.319399999999998], [16.034657], [0.006166899377807295]]
[2600.0, 700.0, 9.3e-05, [0.0019719326000000002], [27.319399999999998], [16.034657], [0.0019719328158940915]]
[2600.0, 1800.0, 0.000564, [0.011925564399999998], [27.319399999999998], [16.034657], [0.00486859271330022]]
[2600.0, 1600.0, 0.000465, [0.0098235024], [27.319399999999998], [16.034657], [0.004393202780660141]]
[2600.0, 1400.0, 0.000563, [0.0119087652], [27.319399999999998], [16.034657], [0.00486173127352798]]
[2600.0, 1300.0, 0.000459, [0.009711648799999998], [27.319399999999998], [16.034657], [0.0043431805654381905]]
[2600.0, 600.0, 9.3e-05, [0.00197160048], [27.319399999999998], [16.034657], [0.001971599924934062]]
[2600.0, 1700.0, 0.000841, [0.0177818152], [27.319399999999998], [16.034657], [0.005927271627317243]]
[2600.0, 400.0, 0.00028, [0.00592673936], [27.319399999999998], [16.034657], [0.0034218039265860923]]
[2600.0, 300.0, 3e-05, [0.00392117524], [621.92], [101.24287199999999], [0.0027726896749546274]]
[2600.0, 1900.0, 0.00075, [0.015845804], [27.319399999999998], [16.034657], [0.005602336959519661]]
[2600.0, 1200.0, 0.000755, [0.015962459999999998], [27.319399999999998], [16.034657], [0.0056435832588879195]]
[2600.0, 100.0, 9.4e-05, [0.00199630248], [27.319399999999998], [16.034657], [0.001996301638129869]]
[2600.0, 500.0, 0.000187, [0.00395637996], [27.319399999999998], [16.034657], [0.0027975832521660547]]
[2700.0, 1400.0, 0.000616, [0.013024881600000001], [27.319399999999998], [16.034657], [0.004118828800520847]]
[2700.0, 1000.0, 0.000183, [0.0038612280400000002], [27.319399999999998], [16.034657], [0.002229281498958801]]
[2700.0, 800.0, 0.00012, [0.0025306532], [27.319399999999998], [16.034657], [0.001789441860692881]]
[2700.0, 900.0, 0.000245, [0.00516879828], [27.319399999999998], [16.034657], [0.0025843998690605135]]
[2700.0, 600.0, 0.000249, [0.005252778639999999], [27.319399999999998], [16.034657], [0.0026263892454851394]]
[2700.0, 1100.0, 0.000245, [0.00518045652], [27.319399999999998], [16.034657], [0.0025902277728416085]]
[2700.0, 1300.0, 0.000786, [0.0166151908], [27.319399999999998], [16.034657], [0.004608224807016254]]
[2700.0, 400.0, 0.000121, [0.0025566910399999997], [27.319399999999998], [16.034657], [0.0018078538414374099]]
[2700.0, 1700.0, 0.000248, [0.005238442279999999], [27.319399999999998], [16.034657], [0.0026192209342474335]]
[2700.0, 100.0, 6.2e-05, [0.00131063844], [27.319399999999998], [16.034657], [0.0013106387291698654]]
[2700.0, 2000.0, 0.000432, [0.009134016679999999], [27.319399999999998], [16.034657], [0.003452333557465153]]
[2700.0, 1200.0, 0.000488, [0.010319879199999998], [27.319399999999998], [16.034657], [0.0036486276740714447]]
[2700.0, 700.0, 0.000121, [0.0025485876799999996], [27.319399999999998], [16.034657], [0.0018021236073033392]]
[2700.0, 300.0, 6.2e-05, [0.0013064966], [27.319399999999998], [16.034657], [0.0013064968555645284]]
[2700.0, 1800.0, 0.000306, [0.006462893279999999], [27.319399999999998], [16.034657], [0.002890294320514781]]
[2700.0, 200.0, 0.000123, [0.0026016348799999998], [27.319399999999998], [16.034657], [0.0018396338035598279]]
[2700.0, 1500.0, 0.000498, [0.0105204484], [27.319399999999998], [16.034657], [0.00371954077165448]]
[2700.0, 500.0, 6.1e-05, [0.0012908317599999999], [27.319399999999998], [16.034657], [0.001290831473430982]]
[2700.0, 1900.0, 0.000547, [0.011561575599999999], [27.319399999999998], [16.034657], [0.003853859025963456]]
[2700.0, 1600.0, 0.000123, [0.0026015870399999997], [27.319399999999998], [16.034657], [0.0018395995264187256]]
[2800.0, 1500.0, 0.000162, [0.0034305383199999995], [27.319399999999998], [16.034657], [0.0017152693763954395]]
[2800.0, 200.0, 8e-05, [0.0016932296399999997], [27.319399999999998], [16.034657], [0.0011972943765006165]]
[2800.0, 400.0, 8.1e-05, [0.0017222197599999999], [27.319399999999998], [16.034657], [0.0012177929873340542]]
[2800.0, 900.0, 4e-05, [0.000839508924], [27.319399999999998], [16.034657], [0.0008395089983079396]]
[2800.0, 600.0, 4e-05, [0.000839697524], [27.319399999999998], [16.034657], [0.0008396974113095741]]
[2800.0, 1200.0, 0.000161, [0.00339785992], [27.319399999999998], [16.034657], [0.0016989301504181976]]
[2800.0, 1000.0, 4.1e-05, [0.0008667098279999998], [27.319399999999998], [16.034657], [0.000866709827335539]]
[2800.0, 1400.0, 0.00016, [0.00337593264], [27.319399999999998], [16.034657], [0.0016879663489536751]]
[2800.0, 800.0, 8e-05, [0.0016903665999999998], [27.319399999999998], [16.034657], [0.0011952697924736489]]
[2800.0, 100.0, 4e-05, [0.000841695304], [27.319399999999998], [16.034657], [0.0008416952743600264]]
[2800.0, 1100.0, 0.00012, [0.00254022028], [27.319399999999998], [16.034657], [0.0014665968711271681]]
[2800.0, 1300.0, 0.000161, [0.0034074987599999997], [27.319399999999998], [16.034657], [0.0017037493388406641]]
[2800.0, 2000.0, 0.000235, [0.00497006724], [27.319399999999998], [16.034657], [0.0020290217792818294]]
[2800.0, 500.0, 7.9e-05, [0.00167449936], [27.319399999999998], [16.034657], [0.0011840496503103236]]
[2800.0, 1900.0, 0.000278, [0.0058728871600000005], [27.319399999999998], [16.034657], [0.0022197424758741723]]
[2800.0, 1800.0, 0.000199, [0.00420745072], [27.319399999999998], [16.034657], [0.0018816289738415488]]
[2800.0, 300.0, 8e-05, [0.0016889065599999997], [27.319399999999998], [16.034657], [0.0011942369004514974]]
[2800.0, 700.0, 4e-05, [0.0008374205239999999], [27.319399999999998], [16.034657], [0.0008374206698189387]]
[2800.0, 1600.0, 0.00032, [0.00677445312], [27.319399999999998], [16.034657], [0.002395131081506814]]
[2800.0, 1700.0, 0.000365, [0.007711282679999999], [27.319399999999998], [16.034657], [0.0025704274797784116]]
[2900.0, 1300.0, 0.000153, [0.00324256944], [27.319399999999998], [16.034657], [0.0013237735467971853]]
[2900.0, 900.0, 5.2e-05, [0.00110841048], [27.319399999999998], [16.034657], [0.0007837645714881478]]
[2900.0, 1600.0, 0.000206, [0.00436219748], [27.319399999999998], [16.034657], [0.0015422696262327154]]
[2900.0, 2000.0, 0.000313, [0.006618350279999999], [27.319399999999998], [16.034657], [0.0019105533920830372]]
[2900.0, 1200.0, 7.9e-05, [0.0016596661999999998], [27.319399999999998], [16.034657], [0.0009582085977489452]]
[2900.0, 1700.0, 0.000158, [0.003342843], [27.319399999999998], [16.034657], [0.0013647098405155582]]
[2900.0, 1100.0, 0.000128, [0.0026950562799999997], [27.319399999999998], [16.034657], [0.0012052656623334128]]
[2900.0, 800.0, 7.7e-05, [0.0016379946800000001], [27.319399999999998], [16.034657], [0.0009456964570093302]]
[2900.0, 600.0, 1.3e-05, [6.8271498e-05], [6.683800000000001], [3.33366738], [4.827524127334839e-05]]
[2900.0, 100.0, 2.6e-05, [0.0005452658759999999], [27.319399999999998], [16.034657], [0.0005452658465005854]]
[2900.0, 400.0, 5.2e-05, [0.0010986529599999997], [27.319399999999998], [16.034657], [0.0007768648003867853]]
[2900.0, 1000.0, 7.9e-05, [0.00166897476], [27.319399999999998], [16.034657], [0.0009635826324711338]]
[2900.0, 1400.0, 0.000235, [0.00496451872], [27.319399999999998], [16.034657], [0.0016548396267916721]]
[2900.0, 200.0, 2.6e-05, [0.000555692052], [27.319399999999998], [16.034657], [0.0005556921091395845]]
[2900.0, 500.0, 0.000104, [0.0021971182399999995], [27.319399999999998], [16.034657], [0.001098558975385482]]
[2900.0, 1500.0, 0.000233, [0.004929617599999999], [27.319399999999998], [16.034657], [0.0016432057648389626]]
[2900.0, 1800.0, 0.000104, [0.0022065776800000002], [27.319399999999998], [16.034657], [0.0011032886875156475]]
[2900.0, 300.0, 2.6e-05, [0.0005456988279999999], [27.319399999999998], [16.034657], [0.0005456987580707876]]
[2900.0, 700.0, 1.7e-05, [0.0021815683999999998], [621.92], [101.24287199999999], [0.0010907844509342806]]
[2900.0, 1900.0, 0.00021, [0.0044471879999999995], [27.319399999999998], [16.034657], [0.0015723184898741094]]
[3000.0, 800.0, 1.7e-05, [0.000354896072], [27.319399999999998], [16.034657], [0.0003548961263243092]]
[3000.0, 900.0, 1.7e-05, [0.00035117310799999993], [27.319399999999998], [16.034657], [0.000351173170957008]]
[3000.0, 1600.0, 0.000168, [0.00355623792], [27.319399999999998], [16.034657], [0.0011245809957490835]]
[3000.0, 700.0, 8e-06, [2.25105876e-05], [1.3201999999999998], [1.85908264], [2.251059244888948e-05]]
[3000.0, 600.0, 5e-06, [0.000702154028], [621.92], [101.24287199999999], [0.0004964979266824786]]
[3000.0, 1300.0, 6.7e-05, [0.0014188166399999997], [27.319399999999998], [16.034657], [0.0007094083550677988]]
[3000.0, 500.0, 3.4e-05, [0.000713066884], [27.319399999999998], [16.034657], [0.0005042144751591331]]
[3000.0, 1500.0, 0.000133, [0.0028081435999999997], [27.319399999999998], [16.034657], [0.0009928287747643094]]
[3000.0, 1800.0, 8.3e-05, [0.0017542992399999999], [27.319399999999998], [16.034657], [0.0007845465266509055]]
[3000.0, 2000.0, 0.000102, [0.00216011032], [27.319399999999998], [16.034657], [0.0008818612478615896]]
[3000.0, 100.0, 5e-06, [8.748919399999999e-05], [47.978], [10.8899618], [3.912635993802644e-05]]
[3000.0, 1400.0, 0.000152, [0.00321764204], [27.319399999999998], [16.034657], [0.0010725475847718831]]
[3000.0, 1100.0, 1.7e-05, [0.000349000988], [27.319399999999998], [16.034657], [0.0003490010026346628]]
[3000.0, 1200.0, 5e-05, [0.0010617996], [27.319399999999998], [16.034657], [0.000613030455882903]]
[3000.0, 1000.0, 3.3e-05, [0.000704990572], [27.319399999999998], [16.034657], [0.0004985035938887502]]
[3000.0, 400.0, 1.7e-05, [0.000353551768], [27.319399999999998], [16.034657], [0.0003535518225097984]]
[3000.0, 300.0, 1.1e-05, [0.0014287471199999997], [621.92], [101.24287199999999], [0.000714373513170806]]
[3000.0, 1700.0, 8.3e-05, [0.0017612066000000002], [27.319399999999998], [16.034657], [0.0007876355826395858]]
[3000.0, 200.0, 5e-05, [0.00106376656], [27.319399999999998], [16.034657], [0.000614166050380514]]
