[100.0, 1800.0, 0.089125, [3.0669934199999997], [200.58897999999996], [23.324299999999997], [1.0843460681904094]]
[100.0, 800.0, 0.094646, [6.55362], [391.84824], [51.31345999999999], [1.5894860527856163]]
[100.0, 500.0, 0.116977, [1.7335716399999999], [64.841554], [8.396747999999999], [0.5778572748525366]]
[100.0, 1100.0, 0.07023, [0.4805194499999999], [23.324299999999997], [2.33243], [0.2148948477744406]]
[100.0, 600.0, 0.078265, [1.1526983599999998], [64.841554], [8.396747999999999], [0.4705872506772788]]
[100.0, 1400.0, 0.100629, [3.4667150199999996], [200.58897999999996], [23.324299999999997], [1.1555715474171209]]
[100.0, 1700.0, 0.103802, [1.5349390399999998], [64.841554], [8.396747999999999], [0.5426828920281161]]
[100.0, 100.0, 0.129871, [1.9289938999999996], [64.841554], [8.396747999999999], [0.6100015408177262]]
[100.0, 1200.0, 0.052394, [0.76882744], [64.841554], [8.396747999999999], [0.38441374611218054]]
[100.0, 1000.0, 0.0899, [3.09388916], [200.58897999999996], [23.324299999999997], [1.0938546590841034]]
[100.0, 2000.0, 0.07846, [1.1556159099999999], [64.841554], [8.396747999999999], [0.4717782179160034]]
[100.0, 400.0, 0.071733, [0.7256700099999999], [32.18753399999999], [5.5978319999999995], [0.4189658181761371]]
[100.0, 1600.0, 0.078232, [2.6894824600000002], [200.58897999999996], [23.324299999999997], [1.0165289160668278]]
[100.0, 1300.0, 0.05659, [0.385778655], [23.324299999999997], [2.33243], [0.19288935293322956]]
[100.0, 1500.0, 0.100575, [3.4648156799999996], [200.58897999999996], [23.324299999999997], [1.1549384444203075]]
[100.0, 900.0, 0.091349, [1.34810521], [64.841554], [8.396747999999999], [0.5095358144429103]]
[100.0, 1900.0, 0.078327, [1.1536289399999997], [64.841554], [8.396747999999999], [0.4709669401348676]]
[100.0, 200.0, 0.078502, [1.1562378299999998], [64.841554], [8.396747999999999], [0.4720321216824126]]
[100.0, 700.0, 0.078063, [2.6836455200000002], [200.58897999999996], [23.324299999999997], [1.0143228432801854]]
[100.0, 300.0, 0.141905, [2.11235473], [64.841554], [8.396747999999999], [0.6368989466155521]]
[200.0, 1800.0, 0.043506, [0.6376497], [64.841554], [8.396747999999999], [0.1768522182218815]]
[200.0, 700.0, 0.036987, [0.5416587399999999], [64.841554], [8.396747999999999], [0.16331627735776982]]
[200.0, 2000.0, 0.043356, [0.29454398], [23.324299999999997], [2.33243], [0.08502754246419214]]
[200.0, 1300.0, 0.025527, [0.17264455499999998], [23.324299999999997], [2.33243], [0.0652534969561019]]
[200.0, 1400.0, 0.043532, [0.29575780500000004], [23.324299999999997], [2.33243], [0.08537794710872358]]
[200.0, 400.0, 0.043582, [0.29609567499999995], [23.324299999999997], [2.33243], [0.0854754626047733]]
[200.0, 1900.0, 0.026947, [0.39413467], [64.841554], [8.396747999999999], [0.1393476406330584]]
[200.0, 1700.0, 0.056779, [0.8336740999999999], [64.841554], [8.396747999999999], [0.20219565423124206]]
[200.0, 500.0, 0.039789, [0.2700683], [23.324299999999997], [2.33243], [0.08142864890503831]]
[200.0, 1500.0, 0.040362, [0.59132839], [64.841554], [8.396747999999999], [0.17070181024230527]]
[200.0, 100.0, 0.043694, [0.6404212], [64.841554], [8.396747999999999], [0.17762085615152293]]
[200.0, 600.0, 0.054495, [0.37129750999999994], [23.324299999999997], [2.33243], [0.09586861727124261]]
[200.0, 1000.0, 0.047068, [0.32006995499999996], [23.324299999999997], [2.33243], [0.08877144907006981]]
[200.0, 1200.0, 0.054097, [0.36854418], [23.324299999999997], [2.33243], [0.09515769489379196]]
[200.0, 300.0, 0.032671, [0.22135786500000001], [23.324299999999997], [2.33243], [0.0737859572683041]]
[200.0, 1600.0, 0.043539, [0.295806795], [23.324299999999997], [2.33243], [0.0853920572857921]]
[200.0, 900.0, 0.047027, [0.319785675], [23.324299999999997], [2.33243], [0.08869258228566805]]
[200.0, 800.0, 0.03991, [0.27089929], [23.324299999999997], [2.33243], [0.08167919830042407]]
[200.0, 1100.0, 0.037015, [0.5420692899999999], [64.841554], [8.396747999999999], [0.16344006176577391]]
[200.0, 200.0, 0.051826, [1.7779395599999999], [200.58897999999996], [23.324299999999997], [0.4190643424582912]]
[300.0, 2000.0, 0.028252, [0.19120106999999997], [23.324299999999997], [2.33243], [0.042753869707898955]]
[300.0, 400.0, 0.035213, [0.23873217999999996], [23.324299999999997], [2.33243], [0.04774644337539708]]
[300.0, 1000.0, 0.01849, [0.12483962999999998], [23.324299999999997], [2.33243], [0.03462426943994631]]
[300.0, 200.0, 0.028284, [0.191420605], [23.324299999999997], [2.33243], [0.042802962923143534]]
[300.0, 1600.0, 0.018486, [0.12480800499999999], [23.324299999999997], [2.33243], [0.0346155310590492]]
[300.0, 1300.0, 0.014394, [0.21021666499999997], [64.841554], [8.396747999999999], [0.06338270460464747]]
[300.0, 800.0, 0.015705, [0.229392501], [64.841554], [8.396747999999999], [0.06621991188456837]]
[300.0, 700.0, 0.017036, [0.114982267], [23.324299999999997], [2.33243], [0.03319252233561047]]
[300.0, 300.0, 0.022637, [0.15298863999999998], [23.324299999999997], [2.33243], [0.0382471397623404]]
[300.0, 900.0, 0.021261, [0.14364523499999998], [23.324299999999997], [2.33243], [0.03708904221599689]]
[300.0, 600.0, 0.015747, [0.23000827999999998], [64.841554], [8.396747999999999], [0.06639770566819309]]
[300.0, 1400.0, 0.024094, [0.16289726999999998], [23.324299999999997], [2.33243], [0.03950838347743425]]
[300.0, 500.0, 0.02411, [0.16300652], [23.324299999999997], [2.33243], [0.039534902649431165]]
[300.0, 1200.0, 0.021203, [0.14324652999999998], [23.324299999999997], [2.33243], [0.03698608109816448]]
[300.0, 100.0, 0.014573, [0.49875269999999994], [200.58897999999996], [23.324299999999997], [0.13832916675813525]]
[300.0, 1100.0, 0.025442, [0.17206369], [23.324299999999997], [2.33243], [0.04055580615029123]]
[300.0, 1900.0, 0.017038, [0.11499181199999998], [23.324299999999997], [2.33243], [0.03319527141024757]]
[300.0, 1500.0, 0.01425, [0.09611183649999998], [23.324299999999997], [2.33243], [0.030393235974473003]]
[300.0, 1700.0, 0.026826, [0.18148977999999996], [23.324299999999997], [2.33243], [0.04163660721048246]]
[300.0, 1800.0, 0.021139, [0.142814015], [23.324299999999997], [2.33243], [0.036874405249440974]]
[400.0, 900.0, 0.011297, [0.07613831449999998], [23.324299999999997], [2.33243], [0.018466253687470013]]
[400.0, 1200.0, 0.009953, [0.06705875399999998], [23.324299999999997], [2.33243], [0.017314494101763413]]
[400.0, 1500.0, 0.009302, [0.0626612575], [23.324299999999997], [2.33243], [0.016746926083613077]]
[400.0, 200.0, 0.01391, [0.09380794949999999], [23.324299999999997], [2.33243], [0.020470571761677787]]
[400.0, 1600.0, 0.01395, [0.09407826849999999], [23.324299999999997], [2.33243], [0.020529558300168074]]
[400.0, 500.0, 0.011266, [0.0759327175], [23.324299999999997], [2.33243], [0.01841638739003934]]
[400.0, 1700.0, 0.00931, [0.06271692899999999], [23.324299999999997], [2.33243], [0.01676180526524515]]
[400.0, 300.0, 0.009297, [0.06263128849999999], [23.324299999999997], [2.33243], [0.01673891663907793]]
[400.0, 1300.0, 0.006753, [0.09853662299999999], [64.841554], [8.396747999999999], [0.029709902238142752]]
[400.0, 1400.0, 0.00735, [0.10725348499999998], [64.841554], [8.396747999999999], [0.030961408801926306]]
[400.0, 1100.0, 0.008649, [0.05825719449999999], [23.324299999999997], [2.33243], [0.016157639145308326]]
[400.0, 800.0, 0.007976, [0.053711911499999994], [23.324299999999997], [2.33243], [0.015505292677018384]]
[400.0, 100.0, 0.009405, [0.32178770999999995], [200.58897999999996], [23.324299999999997], [0.07584610510764545]]
[400.0, 1000.0, 0.011915, [0.0803171155], [23.324299999999997], [2.33243], [0.018930924719886243]]
[400.0, 400.0, 0.007336, [0.107055087], [64.841554], [8.396747999999999], [0.030904144091043837]]
[400.0, 1800.0, 0.010582, [0.07130987849999999], [23.324299999999997], [2.33243], [0.017827470473962364]]
[400.0, 2000.0, 0.014633, [0.098704684], [23.324299999999997], [2.33243], [0.021043906528969376]]
[400.0, 600.0, 0.009959, [0.06709789999999999], [23.324299999999997], [2.33243], [0.017324604007018456]]
[400.0, 700.0, 0.009299, [0.062645698], [23.324299999999997], [2.33243], [0.016742767811804594]]
[400.0, 1900.0, 0.011945, [0.08052290799999999], [23.324299999999997], [2.33243], [0.01897943220963156]]
[500.0, 1700.0, 0.007987, [0.05378763899999999], [23.324299999999997], [2.33243], [0.011215499034817843]]
[500.0, 1100.0, 0.005525, [0.0371889185], [23.324299999999997], [2.33243], [0.009297229747349475]]
[500.0, 300.0, 0.004156, [0.027962203999999997], [23.324299999999997], [2.33243], [0.00807199245849499]]
[500.0, 1300.0, 0.007922, [0.053346648499999996], [23.324299999999997], [2.33243], [0.01112354523971562]]
[500.0, 1800.0, 0.003799, [0.025559830999999998], [23.324299999999997], [2.33243], [0.007706577226629211]]
[500.0, 1400.0, 0.005902, [0.0397250365], [23.324299999999997], [2.33243], [0.00963473610043368]]
[500.0, 600.0, 0.005106, [0.07448871999999998], [64.841554], [8.396747999999999], [0.018622181198774755]]
[500.0, 1900.0, 0.004458, [0.065031534], [64.841554], [8.396747999999999], [0.017380407733997495]]
[500.0, 1200.0, 0.00448, [0.030147008499999996], [23.324299999999997], [2.33243], [0.008361277439781555]]
[500.0, 800.0, 0.007651, [0.051524876], [23.324299999999997], [2.33243], [0.010985142273771424]]
[500.0, 1000.0, 0.006907, [0.04650265349999999], [23.324299999999997], [2.33243], [0.010398310556287496]]
[500.0, 2000.0, 0.007947, [0.053521574999999995], [23.324299999999997], [2.33243], [0.01116002093188001]]
[500.0, 700.0, 0.0062, [0.041735868999999995], [23.324299999999997], [2.33243], [0.00983723806893988]]
[500.0, 100.0, 0.004344, [0.14860148199999998], [200.58897999999996], [23.324299999999997], [0.03715036722833302]]
[500.0, 200.0, 0.004275, [0.0035136399777777774], [0.41983739999999997], [0.05597832], [0.0006025843933517619]]
[500.0, 1500.0, 0.005104, [0.07445559999999998], [64.841554], [8.396747999999999], [0.01861390014209811]]
[500.0, 900.0, 0.003509, [0.051186315999999996], [64.841554], [8.396747999999999], [0.0154332519353505]]
[500.0, 1600.0, 0.004512, [0.030360333499999996], [23.324299999999997], [2.33243], [0.008420440254226615]]
[500.0, 500.0, 0.006216, [0.04184691299999999], [23.324299999999997], [2.33243], [0.009863411964173452]]
[500.0, 400.0, 0.003787, [0.0031091691333333333], [0.41983739999999997], [0.05597832], [0.0005676539534471662]]
[600.0, 200.0, 0.002113, [0.0142097335], [23.324299999999997], [2.33243], [0.004284395958008549]]
[600.0, 1400.0, 0.002891, [0.0194459135], [23.324299999999997], [2.33243], [0.0050209136967289125]]
[600.0, 1900.0, 0.00385, [0.025903577499999997], [23.324299999999997], [2.33243], [0.00579221677123707]]
[600.0, 100.0, 0.003206, [0.046760242], [64.841554], [8.396747999999999], [0.01102149824660876]]
[600.0, 800.0, 0.003272, [0.022009919], [23.324299999999997], [2.33243], [0.005338189259945735]]
[600.0, 1200.0, 0.002893, [0.0194598055], [23.324299999999997], [2.33243], [0.005024501216538812]]
[600.0, 600.0, 0.003473, [0.023365562], [23.324299999999997], [2.33243], [0.005507315060444608]]
[600.0, 1600.0, 0.002707, [0.018209537], [23.324299999999997], [2.33243], [0.004866704346886094]]
[600.0, 400.0, 0.003655, [0.0245919795], [23.324299999999997], [2.33243], [0.005641785608298139]]
[600.0, 500.0, 0.003476, [0.0233859745], [23.324299999999997], [2.33243], [0.005512127667697837]]
[600.0, 1100.0, 0.002951, [0.002419426222222222], [0.41983739999999997], [0.05597832], [0.00037332557610988526]]
[600.0, 300.0, 0.002698, [0.0181462755], [23.324299999999997], [2.33243], [0.004849798292197315]]
[600.0, 1700.0, 0.002704, [0.018186145999999997], [23.324299999999997], [2.33243], [0.004860451565955574]]
[600.0, 1500.0, 0.002697, [0.0181403415], [23.324299999999997], [2.33243], [0.004848210966428751]]
[600.0, 1800.0, 0.003165, [0.002595647622222222], [0.41983739999999997], [0.05597832], [0.0003869362607414084]]
[600.0, 1000.0, 0.004221, [0.028404413499999996], [23.324299999999997], [2.33243], [0.00605584147332144]]
[600.0, 2000.0, 0.0029, [0.019506921], [23.324299999999997], [2.33243], [0.005036666541473635]]
[600.0, 700.0, 0.00251, [0.016879780499999997], [23.324299999999997], [2.33243], [0.0046816074856826685]]
[600.0, 1300.0, 0.00289, [0.019435954499999998], [23.324299999999997], [2.33243], [0.00501834095344268]]
[600.0, 900.0, 0.002898, [0.019493994999999997], [23.324299999999997], [2.33243], [0.005033326799940572]]
[700.0, 2000.0, 0.002479, [0.016673482], [23.324299999999997], [2.33243], [0.003554797141891503]]
[700.0, 100.0, 0.001563, [0.0227996355], [64.841554], [8.396747999999999], [0.005886840901536238]]
[700.0, 1000.0, 0.002223, [0.001819966488888889], [0.41983739999999997], [0.05597832], [0.00024766606021559766]]
[700.0, 600.0, 0.002144, [0.014418723], [23.324299999999997], [2.33243], [0.003307880797806958]]
[700.0, 1400.0, 0.002021, [0.0135940235], [23.324299999999997], [2.33243], [0.003204142085254647]]
[700.0, 1900.0, 0.002082, [0.030361793999999998], [64.841554], [8.396747999999999], [0.006789101726296344]]
[700.0, 200.0, 0.001657, [0.024164421], [64.841554], [8.396747999999999], [0.006041104885697648]]
[700.0, 400.0, 0.002269, [0.0152579355], [23.324299999999997], [2.33243], [0.0034117782837546754]]
[700.0, 1300.0, 0.001654, [0.0013526039333333331], [0.41983739999999997], [0.05597832], [0.0002138654040786597]]
[700.0, 1100.0, 0.003097, [0.020831191999999995], [23.324299999999997], [2.33243], [0.004441224960526093]]
[700.0, 800.0, 0.001925, [0.012944998], [23.324299999999997], [2.33243], [0.0031396223694100532]]
[700.0, 1500.0, 0.002139, [0.014384108], [23.324299999999997], [2.33243], [0.0032999391770909955]]
[700.0, 1600.0, 0.00177, [0.001447812688888889], [0.41983739999999997], [0.05597832], [0.00022078935159508434]]
[700.0, 1800.0, 0.001641, [0.0013416620666666665], [0.41983739999999997], [0.05597832], [0.0002121353721065052]]
[700.0, 1200.0, 0.001764, [0.0014424117777777777], [0.41983739999999997], [0.05597832], [0.0002199657981270702]]
[700.0, 700.0, 0.002234, [0.0018287008666666663], [0.41983739999999997], [0.05597832], [0.0002488546410960859]]
[700.0, 900.0, 0.001943, [0.0015894625333333333], [0.41983739999999997], [0.05597832], [0.00023184683950326843]]
[700.0, 300.0, 0.001455, [0.021215903799999998], [64.841554], [8.396747999999999], [0.005670189491542588]]
[700.0, 500.0, 0.002137, [0.014371538499999998], [23.324299999999997], [2.33243], [0.003297057420640411]]
[700.0, 1700.0, 0.002144, [0.014416388499999998], [23.324299999999997], [2.33243], [0.003307347018004007]]
[800.0, 300.0, 0.001009, [0.014709891499999999], [64.841554], [8.396747999999999], [0.003677473445179448]]
[800.0, 100.0, 0.001132, [0.016513300800000002], [64.841554], [8.396747999999999], [0.0038922225270403023]]
[800.0, 1800.0, 0.001056, [0.0008623635333333332], [0.41983739999999997], [0.05597832], [0.00013306552747601136]]
[800.0, 800.0, 0.001235, [0.008303586499999998], [23.324299999999997], [2.33243], [0.0019571743202893297]]
[800.0, 400.0, 0.001505, [0.010122912949999998], [23.324299999999997], [2.33243], [0.002158212693410916]]
[800.0, 200.0, 0.001267, [0.0184731561], [64.841554], [8.396747999999999], [0.004130722521545111]]
[800.0, 1700.0, 0.001717, [0.0115490015], [23.324299999999997], [2.33243], [0.0023097998349424134]]
[800.0, 600.0, 0.00103, [0.0008409280444444443], [0.41983739999999997], [0.05597832], [0.00013133091251764015]]
[800.0, 1600.0, 0.001293, [0.008690972049999999], [23.324299999999997], [2.33243], [0.0019938456441008666]]
[800.0, 1000.0, 0.001504, [0.0101137463], [23.324299999999997], [2.33243], [0.0021562579733185915]]
[800.0, 1100.0, 0.001503, [0.010108109], [23.324299999999997], [2.33243], [0.002155056429655613]]
[800.0, 1500.0, 0.001229, [0.008263939099999998], [23.324299999999997], [2.33243], [0.0019478291133977847]]
[800.0, 1400.0, 0.001164, [0.007825587850000001], [23.324299999999997], [2.33243], [0.0018979836353351415]]
[800.0, 1200.0, 0.00105, [0.0008573878666666666], [0.41983739999999997], [0.05597832], [0.00013229782098370718]]
[800.0, 900.0, 0.001331, [0.0010877047555555555], [0.41983739999999997], [0.05597832], [0.0001494077094049354]]
[800.0, 1300.0, 0.001576, [0.01059681415], [23.324299999999997], [2.33243], [0.0022095881658128055]]
[800.0, 2000.0, 0.001028, [0.0069134135999999995], [23.324299999999997], [2.33243], [0.0017850356158911787]]
[800.0, 500.0, 0.001429, [0.009609585149999999], [23.324299999999997], [2.33243], [0.0020969836128353504]]
[800.0, 1900.0, 0.001229, [0.0082651926], [23.324299999999997], [2.33243], [0.001948124778472878]]
[800.0, 700.0, 0.001135, [0.0009270538444444443], [0.41983739999999997], [0.05597832], [0.00013819706300143364]]
[900.0, 200.0, 0.000749, [0.0109261569], [64.841554], [8.396747999999999], [0.0025066317619466963]]
[900.0, 1100.0, 0.000797, [0.0006509971111111111], [0.41983739999999997], [0.05597832], [9.115780938759816e-05]]
[900.0, 300.0, 0.000594, [0.003992964449999999], [23.324299999999997], [2.33243], [0.0010671646195643855]]
[900.0, 1000.0, 0.000798, [0.0006511775333333333], [0.41983739999999997], [0.05597832], [9.118311035940161e-05]]
[900.0, 900.0, 0.000769, [0.005168812999999999], [23.324299999999997], [2.33243], [0.001218301120413176]]
[900.0, 1600.0, 0.000761, [0.0006215197999999999], [0.41983739999999997], [0.05597832], [8.878856224303435e-05]]
[900.0, 700.0, 0.001092, [0.0008922037333333333], [0.41983739999999997], [0.05597832], [0.00010663873715366475]]
[900.0, 1900.0, 0.000766, [0.00514969195], [23.324299999999997], [2.33243], [0.0012137943565530365]]
[900.0, 500.0, 0.000763, [0.0006230219555555556], [0.41983739999999997], [0.05597832], [8.900312842330769e-05]]
[900.0, 1400.0, 0.000765, [0.005144715899999999], [23.324299999999997], [2.33243], [0.0012126208795414993]]
[900.0, 1200.0, 0.000826, [0.012041544199999999], [64.841554], [8.396747999999999], [0.0026276802944802855]]
[900.0, 1500.0, 0.000845, [0.0056824938499999995], [23.324299999999997], [2.33243], [0.0012706443621249806]]
[900.0, 800.0, 0.000849, [0.00571032845], [23.324299999999997], [2.33243], [0.0012768682576914502]]
[900.0, 400.0, 0.00078, [0.0006367401777777776], [0.41983739999999997], [0.05597832], [9.004866898064172e-05]]
[900.0, 100.0, 0.000864, [0.012598043], [64.841554], [8.396747999999999], [0.00268591159943882]]
[900.0, 600.0, 0.000896, [0.00602185885], [23.324299999999997], [2.33243], [0.0013140771780987598]]
[900.0, 1800.0, 0.000994, [0.0008115560222222222], [0.41983739999999997], [0.05597832], [0.00010144447014725244]]
[900.0, 2000.0, 0.000907, [0.0007402371111111111], [0.41983739999999997], [0.05597832], [9.719788053371797e-05]]
[900.0, 1700.0, 0.000766, [0.0006252759555555556], [0.41983739999999997], [0.05597832], [8.932512994396465e-05]]
[900.0, 1300.0, 0.000744, [0.0006072741111111111], [0.41983739999999997], [0.05597832], [8.765245605145271e-05]]
[1000.0, 1600.0, 0.000506, [0.00041324626444444446], [0.41983739999999997], [0.05597832], [5.7866062422173785e-05]]
[1000.0, 1400.0, 0.000487, [0.00327625685], [23.324299999999997], [2.33243], [0.0007722211038620998]]
[1000.0, 1500.0, 0.000674, [0.0045299454500000004], [23.324299999999997], [2.33243], [0.0009059890204908668]]
[1000.0, 700.0, 0.00046, [0.0030957263999999997], [23.324299999999997], [2.33243], [0.0007508239825351877]]
[1000.0, 1900.0, 0.000514, [0.0004194081688888889], [0.41983739999999997], [0.05597832], [5.816143518870452e-05]]
[1000.0, 1800.0, 0.000595, [0.003997437949999999], [23.324299999999997], [2.33243], [0.0008522566127640195]]
[1000.0, 500.0, 0.000569, [0.0038223044499999994], [23.324299999999997], [2.33243], [0.0008340951664828181]]
[1000.0, 1000.0, 0.000583, [0.00047578116888888887], [0.41983739999999997], [0.05597832], [6.1941437256353e-05]]
[1000.0, 200.0, 0.000403, [0.0027074737499999998], [23.324299999999997], [2.33243], [0.000699066640242545]]
[1000.0, 1100.0, 0.000513, [0.00041860644], [0.41983739999999997], [0.05597832], [5.805027557063929e-05]]
[1000.0, 2000.0, 0.00058, [0.00047365821777777776], [0.41983739999999997], [0.05597832], [6.166506308225325e-05]]
[1000.0, 1700.0, 0.000619, [0.0041616361], [23.324299999999997], [2.33243], [0.0008677610742594991]]
[1000.0, 800.0, 0.000813, [0.0054679084499999996], [23.324299999999997], [2.33243], [0.000998298831512889]]
[1000.0, 1300.0, 0.000528, [0.0004307782955555555], [0.41983739999999997], [0.05597832], [5.917194501233848e-05]]
[1000.0, 400.0, 0.000539, [0.0036249092499999994], [23.324299999999997], [2.33243], [0.0008105543948434305]]
[1000.0, 300.0, 0.000497, [0.0072522059], [64.841554], [8.396747999999999], [0.0016216427242151707]]
[1000.0, 600.0, 0.000593, [0.0004836588733333333], [0.41983739999999997], [0.05597832], [6.244010388235678e-05]]
[1000.0, 1200.0, 0.000648, [0.004354618749999999], [23.324299999999997], [2.33243], [0.0008888828273456519]]
[1000.0, 100.0, 0.000522, [0.007605791799999999], [64.841554], [8.396747999999999], [0.0016597200646494576]]
[1000.0, 900.0, 0.000515, [0.00042026438222222224], [0.41983739999999997], [0.05597832], [5.828018264289233e-05]]
[1100.0, 1300.0, 0.000295, [0.00024049863111111108], [0.41983739999999997], [0.05597832], [3.953773332581434e-05]]
[1100.0, 1800.0, 0.000363, [0.0002960729688888888], [0.41983739999999997], [0.05597832], [3.921582727848289e-05]]
[1100.0, 2000.0, 0.000399, [0.0003253374022222222], [0.41983739999999997], [0.05597832], [4.098865426275428e-05]]
[1100.0, 700.0, 0.000407, [0.0003319621177777778], [0.41983739999999997], [0.05597832], [4.1495266247942714e-05]]
[1100.0, 900.0, 0.000414, [0.00033765242000000003], [0.41983739999999997], [0.05597832], [4.188062970154019e-05]]
[1100.0, 200.0, 0.000347, [0.0023332143], [23.324299999999997], [2.33243], [0.0005217224405754462]]
[1100.0, 1900.0, 0.000414, [0.0003375336888888889], [0.41983739999999997], [0.05597832], [4.186590014042337e-05]]
[1100.0, 1500.0, 0.000351, [0.00028650323111111106], [0.41983739999999997], [0.05597832], [3.8632089137284704e-05]]
[1100.0, 800.0, 0.000435, [0.0029232470999999995], [23.324299999999997], [2.33243], [0.0005846493006495431]]
[1100.0, 500.0, 0.000364, [0.0024484845500000003], [23.324299999999997], [2.33243], [0.0005343032919138716]]
[1100.0, 1700.0, 0.000486, [0.0032674064499999995], [23.324299999999997], [2.33243], [0.00061748178859785]]
[1100.0, 400.0, 0.000314, [0.00210881135], [23.324299999999997], [2.33243], [0.0004970514988409148]]
[1100.0, 600.0, 0.000434, [0.0029182722], [23.324299999999997], [2.33243], [0.0005836545140320599]]
[1100.0, 1400.0, 0.000347, [0.0023300632999999995], [23.324299999999997], [2.33243], [0.0005210180308780109]]
[1100.0, 100.0, 0.000366, [0.0024628583999999998], [23.324299999999997], [2.33243], [0.0005374397996520168]]
[1100.0, 1100.0, 0.000388, [0.0003166532155555555], [0.41983739999999997], [0.05597832], [4.0543290869981206e-05]]
[1100.0, 1000.0, 0.000351, [0.0002864273311111111], [0.41983739999999997], [0.05597832], [3.862184994066838e-05]]
[1100.0, 300.0, 0.000349, [0.00234605865], [23.324299999999997], [2.33243], [0.0005245945308045061]]
[1100.0, 1200.0, 0.000375, [0.00030596807999999995], [0.41983739999999997], [0.05597832], [3.9833653567595446e-05]]
[1100.0, 1600.0, 0.000416, [0.0027958477999999996], [23.324299999999997], [2.33243], [0.0005707001730330909]]
[1200.0, 100.0, 0.000189, [0.0027552044999999995], [64.841554], [8.396747999999999], [0.0006494081259885804]]
[1200.0, 1400.0, 0.000278, [0.0002266449133333333], [0.41983739999999997], [0.05597832], [2.7689082984873475e-05]]
[1200.0, 1700.0, 0.000285, [0.0002321478422222222], [0.41983739999999997], [0.05597832], [2.8152063100066456e-05]]
[1200.0, 1800.0, 0.000285, [0.0019127179499999999], [23.324299999999997], [2.33243], [0.00038254348543662324]]
[1200.0, 700.0, 0.000273, [0.0018328481499999998], [23.324299999999997], [2.33243], [0.00037412842380658536]]
[1200.0, 200.0, 0.00025, [0.0016805341], [23.324299999999997], [2.33243], [0.0003582910958285176]]
[1200.0, 1900.0, 0.000225, [0.0001831103088888889], [0.41983739999999997], [0.05597832], [2.491815801804671e-05]]
[1200.0, 1200.0, 0.000245, [0.0001997256111111111], [0.41983739999999997], [0.05597832], [2.6002061333291384e-05]]
[1200.0, 1100.0, 0.000316, [0.00025767763777777774], [0.41983739999999997], [0.05597832], [2.9557653217123037e-05]]
[1200.0, 1300.0, 0.000291, [0.0002369406844444444], [0.41983739999999997], [0.05597832], [2.8319826793778763e-05]]
[1200.0, 2000.0, 0.000249, [0.0016758317499999998], [23.324299999999997], [2.33243], [0.00035728858427047454]]
[1200.0, 800.0, 0.000292, [0.00023809850444444442], [0.41983739999999997], [0.05597832], [2.845821044493829e-05]]
[1200.0, 1600.0, 0.000245, [0.00020007178666666667], [0.41983739999999997], [0.05597832], [2.6047131895853715e-05]]
[1200.0, 1000.0, 0.000238, [0.0015994671499999997], [23.324299999999997], [2.33243], [0.0003490322939929771]]
[1200.0, 1500.0, 0.00034, [0.00228548585], [23.324299999999997], [2.33243], [0.0004172706501780349]]
[1200.0, 300.0, 0.000171, [0.0011487662799999998], [23.324299999999997], [2.33243], [0.00029661019280361893]]
[1200.0, 600.0, 0.000226, [0.0015189602499999998], [23.324299999999997], [2.33243], [0.00033964971113634114]]
[1200.0, 500.0, 0.000297, [0.00199686], [23.324299999999997], [2.33243], [0.00039161645522117685]]
[1200.0, 900.0, 0.000328, [0.0022060380999999996], [23.324299999999997], [2.33243], [0.0004096509202967814]]
[1200.0, 400.0, 0.000205, [0.0013746869999999999], [23.324299999999997], [2.33243], [0.0003240168826234213]]
[1300.0, 1600.0, 0.000205, [0.00016720079999999997], [0.41983739999999997], [0.05597832], [1.9306690300783567e-05]]
[1300.0, 1700.0, 0.000216, [0.0001757806177777778], [0.41983739999999997], [0.05597832], [1.9776863087462754e-05]]
[1300.0, 900.0, 0.0002, [0.00016271835555555558], [0.41983739999999997], [0.05597832], [1.9044743469712595e-05]]
[1300.0, 200.0, 0.000112, [0.000755205115], [23.324299999999997], [2.33243], [0.00019499310609608737]]
[1300.0, 1800.0, 0.000191, [0.0001556047111111111], [0.41983739999999997], [0.05597832], [1.8598321336701595e-05]]
[1300.0, 1000.0, 0.000156, [0.0001272296622222222], [0.41983739999999997], [0.05597832], [1.6851977441941454e-05]]
[1300.0, 1400.0, 0.000157, [0.00105746893], [23.324299999999997], [2.33243], [0.00023075866874290983]]
[1300.0, 1200.0, 0.000188, [0.00015338899333333333], [0.41983739999999997], [0.05597832], [1.8465865138374697e-05]]
[1300.0, 500.0, 0.000164, [0.0011022671799999998], [23.324299999999997], [2.33243], [0.00023500418123939836]]
[1300.0, 100.0, 0.000131, [0.0019083688799999996], [64.841554], [8.396747999999999], [0.00043780987848608444]]
[1300.0, 1100.0, 0.000196, [0.00015997864666666669], [0.41983739999999997], [0.05597832], [1.885366198833453e-05]]
[1300.0, 2000.0, 0.000212, [0.00017282363555555557], [0.41983739999999997], [0.05597832], [1.9568421386395876e-05]]
[1300.0, 1300.0, 0.000165, [0.002412516], [64.841554], [8.396747999999999], [0.0004924528812993178]]
[1300.0, 1500.0, 0.000195, [0.00015906636444444443], [0.41983739999999997], [0.05597832], [1.8877700516485672e-05]]
[1300.0, 600.0, 0.000202, [0.0013550703], [23.324299999999997], [2.33243], [0.00026078346415177474]]
[1300.0, 300.0, 0.000125, [0.0018217092499999998], [64.841554], [8.396747999999999], [0.00042938098723627714]]
[1300.0, 1900.0, 0.000183, [0.00014925308222222218], [0.41983739999999997], [0.05597832], [1.8234163783647684e-05]]
[1300.0, 400.0, 0.000156, [0.00105084148], [23.324299999999997], [2.33243], [0.00022931236458158984]]
[1300.0, 700.0, 0.0002, [0.00016268421333333333], [0.41983739999999997], [0.05597832], [1.904075143760461e-05]]
[1300.0, 800.0, 0.000167, [0.00013610142666666667], [0.41983739999999997], [0.05597832], [1.7426003345362716e-05]]
[1400.0, 1100.0, 0.000117, [9.520451333333332e-05], [0.41983739999999997], [0.05597832], [1.250096594983813e-05]]
[1400.0, 400.0, 0.000104, [0.000695936645], [23.324299999999997], [2.33243], [0.00015186584935396105]]
[1400.0, 1500.0, 0.000134, [0.00010955896666666667], [0.41983739999999997], [0.05597832], [1.273597205546286e-05]]
[1400.0, 1800.0, 0.000157, [0.0001276923711111111], [0.41983739999999997], [0.05597832], [1.3690056488804808e-05]]
[1400.0, 1600.0, 0.000143, [0.0009631937699999998], [23.324299999999997], [2.33243], [0.00017886056880989727]]
[1400.0, 1400.0, 0.00014, [0.00011381544888888889], [0.41983739999999997], [0.05597832], [1.2970472416841623e-05]]
[1400.0, 600.0, 8.9e-05, [0.0005965207549999999], [23.324299999999997], [2.33243], [0.00014060131578331689]]
[1400.0, 1700.0, 0.000104, [0.0006974771849999999], [23.324299999999997], [2.33243], [0.00015220201123835388]]
[1400.0, 900.0, 0.000123, [0.00010022081333333333], [0.41983739999999997], [0.05597832], [1.2153556985813139e-05]]
[1400.0, 100.0, 9.8e-05, [0.000661566825], [23.324299999999997], [2.33243], [0.00014793081668469215]]
[1400.0, 700.0, 0.000129, [0.0008645089349999999], [23.324299999999997], [2.33243], [0.00016954416887643173]]
[1400.0, 2000.0, 0.000103, [8.368452888888887e-05], [0.41983739999999997], [0.05597832], [1.1084283202961605e-05]]
[1400.0, 800.0, 0.000134, [0.00010927427777777777], [0.41983739999999997], [0.05597832], [1.2702876738443885e-05]]
[1400.0, 1300.0, 0.000116, [9.493316444444445e-05], [0.41983739999999997], [0.05597832], [1.1866646204726427e-05]]
[1400.0, 300.0, 0.000119, [0.0007989846949999998], [23.324299999999997], [2.33243], [0.0001630920982911189]]
[1400.0, 1200.0, 0.000124, [0.0008324184149999999], [23.324299999999997], [2.33243], [0.00016648370115419705]]
[1400.0, 500.0, 8.7e-05, [0.0012634107], [64.841554], [8.396747999999999], [0.00028984627011572874]]
[1400.0, 1000.0, 0.00011, [8.985266888888888e-05], [0.41983739999999997], [0.05597832], [1.1504456025577411e-05]]
[1400.0, 200.0, 0.000105, [0.0015260976099999996], [64.841554], [8.396747999999999], [0.0003182132913628844]]
[1400.0, 1900.0, 0.000131, [0.00010662217333333332], [0.41983739999999997], [0.05597832], [1.2565544787332902e-05]]
[1500.0, 1500.0, 0.000188, [0.0012639615499999996], [23.324299999999997], [2.33243], [0.0005160102668552245]]
[1500.0, 1100.0, 6.3e-05, [0.00042461875499999994], [23.324299999999997], [2.33243], [0.00030025083938267345]]
[1500.0, 1800.0, 0.000145, [0.00211322528], [64.841554], [8.396747999999999], [0.0009450629751503334]]
[1500.0, 400.0, 0.00016, [0.0010756995349999999], [23.324299999999997], [2.33243], [0.00048106741939150276]]
[1500.0, 200.0, 0.000145, [0.0021150427399999998], [64.841554], [8.396747999999999], [0.0009458759437685261]]
[1500.0, 500.0, 8.8e-05, [0.0012863028299999997], [64.841554], [8.396747999999999], [0.000742647170599875]]
[1500.0, 1300.0, 8e-05, [0.000534682955], [23.324299999999997], [2.33243], [0.0003780779569083604]]
[1500.0, 600.0, 0.00025, [0.0010732076], [9.796206], [1.3994579999999999], [0.000619616649025831]]
[1500.0, 1000.0, 4.6e-05, [3.7657731333333325e-05], [0.41983739999999997], [0.05597832], [1.882886439276112e-05]]
[1500.0, 2000.0, 0.000127, [0.00010375294888888888], [0.41983739999999997], [0.05597832], [3.128269323917453e-05]]
[1500.0, 800.0, 6.9e-05, [5.663361555555555e-05], [0.41983739999999997], [0.05597832], [2.3120567445725586e-05]]
[1500.0, 1700.0, 0.000141, [0.00205000863], [64.841554], [8.396747999999999], [0.0011835729381833634]]
[1500.0, 1200.0, 4e-05, [0.00026775841], [23.324299999999997], [2.33243], [0.0002677584046766786]]
[1500.0, 300.0, 0.000125, [0.0008432981049999998], [23.324299999999997], [2.33243], [0.0004216490329646209]]
[1500.0, 1400.0, 8.7e-05, [0.0012624228499999999], [64.841554], [8.396747999999999], [0.0007288601656010568]]
[1500.0, 100.0, 6.3e-05, [0.000425464465], [23.324299999999997], [2.33243], [0.0003008487919204596]]
[1500.0, 900.0, 0.000311, [0.0020929126], [23.324299999999997], [2.33243], [0.0006618371393326307]]
[1500.0, 700.0, 0.000116, [0.0016848583299999998], [64.841554], [8.396747999999999], [0.000842429122834675]]
[1500.0, 1900.0, 0.000143, [0.00011620581333333333], [0.41983739999999997], [0.05597832], [3.674750978713463e-05]]
[1500.0, 1600.0, 5.3e-05, [0.00035386132499999997], [23.324299999999997], [2.33243], [0.00035386137222081756]]
[1600.0, 1500.0, 9.7e-05, [7.928161333333333e-05], [0.41983739999999997], [0.05597832], [2.5071044603902407e-05]]
[1600.0, 100.0, 8.3e-05, [0.0038157837199999994], [254.23487], [33.120506], [0.0019078917988187907]]
[1600.0, 1300.0, 8.4e-05, [6.828720444444444e-05], [0.41983739999999997], [0.05597832], [2.0589367458610254e-05]]
[1600.0, 900.0, 5.8e-05, [4.7540943777777773e-05], [0.41983739999999997], [0.05597832], [1.9408511534891076e-05]]
[1600.0, 300.0, 9.8e-05, [0.00143538653], [64.841554], [8.396747999999999], [0.0006419244786577313]]
[1600.0, 500.0, 0.000122, [0.0028420005199999996], [110.09069599999998], [15.394037999999998], [0.002009597804537017]]
[1600.0, 1000.0, 0.000117, [9.525255777777776e-05], [0.41983739999999997], [0.05597832], [2.4594096280446085e-05]]
[1600.0, 1200.0, 9.6e-05, [7.79672911111111e-05], [0.41983739999999997], [0.05597832], [2.46554246754325e-05]]
[1600.0, 1800.0, 6.6e-05, [5.3969091111111105e-05], [0.41983739999999997], [0.05597832], [2.039839898099001e-05]]
[1600.0, 1100.0, 8.7e-05, [7.06215511111111e-05], [0.41983739999999997], [0.05597832], [2.354051494658979e-05]]
[1600.0, 1900.0, 3.8e-05, [3.131369755555555e-05], [0.41983739999999997], [0.05597832], [1.4003909073302827e-05]]
[1600.0, 1700.0, 4.9e-05, [0.0007185245999999999], [64.841554], [8.396747999999999], [0.0005080736441698191]]
[1600.0, 800.0, 4.9e-05, [0.00070743975], [64.841554], [8.396747999999999], [0.0007074398086763283]]
[1600.0, 200.0, 6.4e-05, [0.00042980720999999996], [23.324299999999997], [2.33243], [0.00024814929593895685]]
[1600.0, 1600.0, 5.3e-05, [4.358997822222222e-05], [0.41983739999999997], [0.05597832], [1.6475458756422167e-05]]
[1600.0, 2000.0, 6.9e-05, [0.00046716484499999993], [23.324299999999997], [2.33243], [0.0003303354131787871]]
[1600.0, 1400.0, 7.8e-05, [6.329911777777778e-05], [0.41983739999999997], [0.05597832], [2.0016940899222412e-05]]
[1600.0, 700.0, 8.4e-05, [0.0005635115], [23.324299999999997], [2.33243], [0.0002817557499413277]]
[1600.0, 400.0, 0.000144, [0.0014374735499999998], [32.18753399999999], [5.5978319999999995], [0.0014374735037558082]]
[1600.0, 600.0, 8.2e-05, [0.00035321617499999995], [9.796206], [1.3994579999999999], [0.0003532162051775088]]
[1700.0, 900.0, 7e-05, [0.0004710447149999999], [23.324299999999997], [2.33243], [0.0002355223583866296]]
[1700.0, 1500.0, 7.1e-05, [0.000474211815], [23.324299999999997], [2.33243], [0.00021207396917113613]]
[1700.0, 1800.0, 8.8e-05, [7.177850222222221e-05], [0.41983739999999997], [0.05597832], [1.7408845105326045e-05]]
[1700.0, 700.0, 5.6e-05, [0.00037393998], [23.324299999999997], [2.33243], [0.00018696998355351052]]
[1700.0, 500.0, 5.1e-05, [0.0007501979], [64.841554], [8.396747999999999], [0.0003750989042905884]]
[1700.0, 300.0, 4.3e-05, [0.00028656562499999996], [23.324299999999997], [2.33243], [0.00016544867391429886]]
[1700.0, 800.0, 3.1e-05, [2.5332961555555554e-05], [0.41983739999999997], [0.05597832], [1.0342138523273022e-05]]
[1700.0, 1300.0, 3.1e-05, [2.5486852e-05], [0.41983739999999997], [0.05597832], [1.0404965706720261e-05]]
[1700.0, 400.0, 7e-05, [0.00047024075], [23.324299999999997], [2.33243], [0.00023512038974746532]]
[1700.0, 1000.0, 6.1e-05, [4.985235688888889e-05], [0.41983739999999997], [0.05597832], [1.4391137282935503e-05]]
[1700.0, 2000.0, 2.7e-05, [2.1643378222222218e-05], [0.41983739999999997], [0.05597832], [1.2495809559336676e-05]]
[1700.0, 1600.0, 6.5e-05, [0.0009531243699999999], [64.841554], [8.396747999999999], [0.0005502866200445]]
[1700.0, 1400.0, 3.9e-05, [3.1757551555555556e-05], [0.41983739999999997], [0.05597832], [1.2964968806292907e-05]]
[1700.0, 1200.0, 3.1e-05, [2.549334311111111e-05], [0.41983739999999997], [0.05597832], [1.040761287368026e-05]]
[1700.0, 100.0, 4.7e-05, [0.00046631947999999996], [32.18753399999999], [5.5978319999999995], [0.0004663194839377826]]
[1700.0, 1700.0, 3.9e-05, [3.1795823555555555e-05], [0.41983739999999997], [0.05597832], [1.2980590186129707e-05]]
[1700.0, 1900.0, 7.2e-05, [0.00048113309], [23.324299999999997], [2.33243], [0.00021516927173739284]]
[1700.0, 1100.0, 7e-05, [0.000467573325], [23.324299999999997], [2.33243], [0.00020910516755929298]]
[1700.0, 600.0, 9.5e-05, [0.00094718094], [32.18753399999999], [5.5978319999999995], [0.000669757946425423]]
[1700.0, 200.0, 3.7e-05, [0.0012765423199999997], [200.58897999999996], [23.324299999999997], [0.0009026518710998166]]
[1800.0, 600.0, 2.8e-05, [0.0012706598399999998], [254.23487], [33.120506], [0.0012706596411313296]]
[1800.0, 1800.0, 2.7e-05, [2.241434333333333e-05], [0.41983739999999997], [0.05597832], [7.924668582858727e-06]]
[1800.0, 400.0, 3.1e-05, [0.00021043735], [23.324299999999997], [2.33243], [0.0001488016458242314]]
[1800.0, 1300.0, 2.8e-05, [2.2454010666666666e-05], [0.41983739999999997], [0.05597832], [7.938690911146247e-06]]
[1800.0, 1200.0, 3.1e-05, [2.5362651999999996e-05], [0.41983739999999997], [0.05597832], [8.45421656794867e-06]]
[1800.0, 1700.0, 2.4e-05, [0.00016234400499999998], [23.324299999999997], [2.33243], [0.0001147945760260475]]
[1800.0, 500.0, 2.4e-05, [0.00010521091249999999], [9.796206], [1.3994579999999999], [0.0001052109225555978]]
[1800.0, 1600.0, 3.1e-05, [2.519293244444444e-05], [0.41983739999999997], [0.05597832], [8.397644214044734e-06]]
[1800.0, 1000.0, 4.7e-05, [0.000314594805], [23.324299999999997], [2.33243], [0.0001816313873618764]]
[1800.0, 700.0, 2.8e-05, [0.00018889877], [23.324299999999997], [2.33243], [0.00010906074581397287]]
[1800.0, 200.0, 1.8e-05, [7.868388549999999e-05], [9.796206], [1.3994579999999999], [7.868388745480233e-05]]
[1800.0, 800.0, 3.6e-05, [0.000242040615], [23.324299999999997], [2.33243], [0.00013974222527568392]]
[1800.0, 2000.0, 3.6e-05, [0.00023935156999999998], [23.324299999999997], [2.33243], [0.00013818971542774085]]
[1800.0, 1100.0, 5.1e-05, [4.1296821999999994e-05], [0.41983739999999997], [0.05597832], [1.192136618651933e-05]]
[1800.0, 900.0, 3e-05, [2.408515533333333e-05], [0.41983739999999997], [0.05597832], [1.0771210416065618e-05]]
[1800.0, 1500.0, 2.6e-05, [2.1385451111111112e-05], [0.41983739999999997], [0.05597832], [8.73057223811465e-06]]
[1800.0, 1400.0, 2.8e-05, [2.267736622222222e-05], [0.41983739999999997], [0.05597832], [8.017660401949414e-06]]
[1800.0, 1900.0, 2.9e-05, [0.00019362434999999997], [23.324299999999997], [2.33243], [0.0001117890564746836]]
[1800.0, 100.0, 3.8e-05, [0.00025233277], [23.324299999999997], [2.33243], [0.00012616637368966424]]
[1800.0, 300.0, 6.4e-05, [0.00063641368], [32.18753399999999], [5.5978319999999995], [0.0006364137405021987]]
[1900.0, 300.0, 2.3e-05, [0.00034177954], [64.841554], [8.396747999999999], [0.00017088972139950372]]
[1900.0, 1600.0, 3.8e-05, [0.000255266305], [23.324299999999997], [2.33243], [0.00010421201395472596]]
[1900.0, 600.0, 2.5e-05, [0.00016990985500000001], [23.324299999999997], [2.33243], [8.495491416039452e-05]]
[1900.0, 1500.0, 3.1e-05, [2.5036920888888886e-05], [0.41983739999999997], [0.05597832], [8.851888165739863e-06]]
[1900.0, 500.0, 1.6e-05, [0.00010586062799999999], [23.324299999999997], [2.33243], [7.485476235684674e-05]]
[1900.0, 1700.0, 2.1e-05, [1.6804029999999996e-05], [0.41983739999999997], [0.05597832], [5.601344062690844e-06]]
[1900.0, 1800.0, 2.1e-05, [1.716035111111111e-05], [0.41983739999999997], [0.05597832], [5.720116617994495e-06]]
[1900.0, 800.0, 1.5e-05, [0.00052090078], [200.58897999999996], [23.324299999999997], [0.0003007423220632573]]
[1900.0, 1300.0, 2.3e-05, [1.9120809777777778e-05], [0.41983739999999997], [0.05597832], [6.046530853144197e-06]]
[1900.0, 1000.0, 2.9e-05, [2.359288888888889e-05], [0.41983739999999997], [0.05597832], [7.460727247509346e-06]]
[1900.0, 1900.0, 2e-05, [1.6592547555555553e-05], [0.41983739999999997], [0.05597832], [6.271393733296028e-06]]
[1900.0, 1200.0, 1.9e-05, [0.00013012652499999998], [23.324299999999997], [2.33243], [7.512858552175729e-05]]
[1900.0, 100.0, 3.5e-05, [0.0005115466799999999], [64.841554], [8.396747999999999], [0.00020883808754630943]]
[1900.0, 2000.0, 2.5e-05, [2.0737029999999997e-05], [0.41983739999999997], [0.05597832], [6.252449609829477e-06]]
[1900.0, 1100.0, 3.2e-05, [0.00021210013499999995], [23.324299999999997], [2.33243], [9.485404677714071e-05]]
[1900.0, 900.0, 2e-05, [1.6450765333333332e-05], [0.41983739999999997], [0.05597832], [6.2178047890764256e-06]]
[1900.0, 200.0, 2.1e-05, [0.000208021338], [32.18753399999999], [5.5978319999999995], [0.0002080212872760862]]
[1900.0, 400.0, 2.5e-05, [0.00016918903499999998], [23.324299999999997], [2.33243], [8.459451903049038e-05]]
[1900.0, 700.0, 1.7e-05, [0.00025175294], [64.841554], [8.396747999999999], [0.00014534968238699388]]
[1900.0, 1400.0, 1.8e-05, [1.5055125333333332e-05], [0.41983739999999997], [0.05597832], [5.322789735458393e-06]]
[2000.0, 1500.0, 1.2e-05, [1.0120552e-05], [0.41983739999999997], [0.05597832], [3.5781563450511246e-06]]
[2000.0, 1200.0, 9e-06, [5.7752953999999995e-05], [23.324299999999997], [2.33243], [4.0837518503209764e-05]]
[2000.0, 1300.0, 1.2e-05, [0.00017179343999999998], [64.841554], [8.396747999999999], [9.9184976634569e-05]]
[2000.0, 300.0, 2.9e-05, [0.00029390802999999994], [32.18753399999999], [5.5978319999999995], [0.0002078243269927753]]
[2000.0, 900.0, 8e-06, [6.398533555555555e-06], [0.41983739999999997], [0.05597832], [3.6941939383742407e-06]]
[2000.0, 1900.0, 1.2e-05, [9.675282222222222e-06], [0.41983739999999997], [0.05597832], [3.94991712930728e-06]]
[2000.0, 1600.0, 1.2e-05, [9.43703288888889e-06], [0.41983739999999997], [0.05597832], [3.852652016532745e-06]]
[2000.0, 500.0, 1.2e-05, [0.00042471551599999993], [200.58897999999996], [23.324299999999997], [0.0002452096004645821]]
[2000.0, 600.0, 2.6e-05, [0.00017789970999999998], [23.324299999999997], [2.33243], [7.955919092097403e-05]]
[2000.0, 200.0, 1.7e-05, [0.0005751333999999999], [200.58897999999996], [23.324299999999997], [0.0002572073865191278]]
[2000.0, 1800.0, 1.8e-05, [1.4691306222222222e-05], [0.41983739999999997], [0.05597832], [4.897102495794936e-06]]
[2000.0, 2000.0, 1.1e-05, [8.845248e-06], [0.41983739999999997], [0.05597832], [3.343189068930634e-06]]
[2000.0, 400.0, 1.3e-05, [0.00091041636], [391.84824], [51.31345999999999], [0.00032188080508163263]]
[2000.0, 1100.0, 2.9e-05, [2.3328956222222224e-05], [0.41983739999999997], [0.05597832], [7.0339455763014224e-06]]
[2000.0, 100.0, 1.3e-05, [0.00058297732], [254.23487], [33.120506], [0.0005829773662844895]]
[2000.0, 1400.0, 1.4e-05, [1.128215422222222e-05], [0.41983739999999997], [0.05597832], [4.264252715856713e-06]]
[2000.0, 1700.0, 1.8e-05, [1.4970439333333331e-05], [0.41983739999999997], [0.05597832], [4.3215926973715725e-06]]
[2000.0, 700.0, 2.1e-05, [0.00013974915], [23.324299999999997], [2.33243], [6.249773371891175e-05]]
[2000.0, 1000.0, 1.3e-05, [1.0238005333333333e-05], [0.41983739999999997], [0.05597832], [3.619680805789713e-06]]
[2000.0, 800.0, 2.1e-05, [0.00014417929499999996], [23.324299999999997], [2.33243], [6.447891147499311e-05]]
[2100.0, 200.0, 8e-06, [0.00019265209399999997], [110.09069599999998], [15.394037999999998], [0.00019265209690008566]]
[2100.0, 100.0, 1.1e-05, [4.7237537999999993e-05], [9.796206], [1.3994579999999999], [4.72375431198533e-05]]
[2100.0, 400.0, 8e-06, [0.00018854107399999997], [110.09069599999998], [15.394037999999998], [0.0001885410883600707]]
[2100.0, 1400.0, 1.1e-05, [7.236398e-05], [23.324299999999997], [2.33243], [4.177935913821561e-05]]
[2100.0, 500.0, 1e-05, [6.38937355e-05], [23.324299999999997], [2.33243], [4.517969333671931e-05]]
[2100.0, 800.0, 6e-06, [5.295039555555555e-06], [0.41983739999999997], [0.05597832], [2.3680125833833163e-06]]
[2100.0, 300.0, 2.5e-05, [0.00058203432], [110.09069599999998], [15.394037999999998], [0.00033603772954833507]]
[2100.0, 600.0, 5e-06, [7.6262112e-05], [64.841554], [8.396747999999999], [5.3925450967052644e-05]]
[2100.0, 700.0, 1.3e-05, [0.000127417125], [32.18753399999999], [5.5978319999999995], [9.009752044312874e-05]]
[2100.0, 1000.0, 1e-05, [8.543472666666665e-06], [0.41983739999999997], [0.05597832], [2.701683246687535e-06]]
[2100.0, 1700.0, 9e-06, [7.58807311111111e-06], [0.41983739999999997], [0.05597832], [2.8680224761073247e-06]]
[2100.0, 1800.0, 8e-06, [0.00011542375199999999], [64.841554], [8.396747999999999], [6.663993502397792e-05]]
[2100.0, 1900.0, 8e-06, [6.509112444444444e-06], [0.41983739999999997], [0.05597832], [2.657334450205113e-06]]
[2100.0, 900.0, 1e-05, [9.902643099999998e-05], [32.18753399999999], [5.5978319999999995], [9.902644591219054e-05]]
[2100.0, 2000.0, 1.1e-05, [7.1278863e-05], [23.324299999999997], [2.33243], [4.115287492994869e-05]]
[2100.0, 1200.0, 1.3e-05, [1.0230604444444443e-05], [0.41983739999999997], [0.05597832], [2.953321008251182e-06]]
[2100.0, 1500.0, 1.1e-05, [7.11607695e-05], [23.324299999999997], [2.33243], [4.1084689544890074e-05]]
[2100.0, 1100.0, 8e-06, [0.00011470497899999998], [64.841554], [8.396747999999999], [6.622493648166074e-05]]
[2100.0, 1300.0, 7e-06, [6.037515333333333e-06], [0.41983739999999997], [0.05597832], [2.2819660150464907e-06]]
[2100.0, 1600.0, 9e-06, [7.4975757777777775e-06], [0.41983739999999997], [0.05597832], [2.833816826721058e-06]]
[2200.0, 1700.0, 7e-06, [5.713649777777778e-06], [0.41983739999999997], [0.05597832], [1.8068142853454514e-06]]
[2200.0, 1100.0, 6e-06, [5.121164666666667e-06], [0.41983739999999997], [0.05597832], [1.7070544900789676e-06]]
[2200.0, 200.0, 4e-06, [5.121566399999999e-05], [64.841554], [8.396747999999999], [3.6214944318609686e-05]]
[2200.0, 1800.0, 8e-06, [5.18777305e-05], [23.324299999999997], [2.33243], [2.5938863742461806e-05]]
[2200.0, 900.0, 9e-06, [0.00012879799899999999], [64.841554], [8.396747999999999], [6.439901427817043e-05]]
[2200.0, 1000.0, 8e-06, [6.310663333333333e-06], [0.41983739999999997], [0.05597832], [1.9027369968054821e-06]]
[2200.0, 1300.0, 7e-06, [5.7086562222222215e-06], [0.41983739999999997], [0.05597832], [1.8052347489358365e-06]]
[2200.0, 1900.0, 4e-06, [2.5347196e-05], [23.324299999999997], [2.33243], [1.7923173358811214e-05]]
[2200.0, 1400.0, 1.2e-05, [7.7575734e-05], [23.324299999999997], [2.33243], [3.167015857633175e-05]]
[2200.0, 1600.0, 5e-06, [3.810907822222222e-06], [0.41983739999999997], [0.05597832], [1.9054541663988964e-06]]
[2200.0, 800.0, 6e-06, [0.00025985883], [254.23487], [33.120506], [0.00015002954828966192]]
[2200.0, 400.0, 1e-05, [4.2194396999999995e-05], [9.796206], [1.3994579999999999], [2.9835940512241274e-05]]
[2200.0, 600.0, 6e-06, [6.347494e-05], [32.18753399999999], [5.5978319999999995], [6.34749372981179e-05]]
[2200.0, 2000.0, 7e-06, [5.625999333333334e-06], [0.41983739999999997], [0.05597832], [1.9890905273330133e-06]]
[2200.0, 500.0, 6e-06, [6.368039899999999e-05], [32.18753399999999], [5.5978319999999995], [6.368039203710982e-05]]
[2200.0, 700.0, 6e-06, [4.2996246e-05], [23.324299999999997], [2.33243], [3.040293346866384e-05]]
[2200.0, 300.0, 7e-06, [3.21923755e-05], [9.796206], [1.3994579999999999], [3.219238240251877e-05]]
[2200.0, 1200.0, 6e-06, [3.79754725e-05], [23.324299999999997], [2.33243], [2.1925144338179393e-05]]
[2200.0, 1500.0, 1e-05, [6.5019229e-05], [23.324299999999997], [2.33243], [2.9077487911612994e-05]]
[2200.0, 100.0, 1.2e-05, [0.00017839200199999997], [64.841554], [8.396747999999999], [6.742583279426364e-05]]
[2300.0, 700.0, 1.7e-05, [0.000168338978], [32.18753399999999], [5.5978319999999995], [0.00011903363302025187]]
[2300.0, 100.0, 7e-06, [0.000169614328], [110.09069599999998], [15.394037999999998], [0.0001199354357644145]]
[2300.0, 1800.0, 4e-06, [5.1549876999999996e-05], [64.841554], [8.396747999999999], [2.9762337710603308e-05]]
[2300.0, 1000.0, 1e-05, [4.28894685e-05], [9.796206], [1.3994579999999999], [4.2889465460646625e-05]]
[2300.0, 1500.0, 4e-06, [2.8665380444444445e-06], [0.41983739999999997], [0.05597832], [1.170259291517361e-06]]
[2300.0, 1200.0, 6e-06, [4.588198444444444e-06], [0.41983739999999997], [0.05597832], [1.3244987611904594e-06]]
[2300.0, 500.0, 4e-06, [2.55662825e-05], [23.324299999999997], [2.33243], [1.4760701346819531e-05]]
[2300.0, 1900.0, 4e-06, [2.8800496499999997e-05], [23.324299999999997], [2.33243], [2.036502267369226e-05]]
[2300.0, 1300.0, 6e-06, [4.3278352499999996e-05], [23.324299999999997], [2.33243], [1.9354670825152257e-05]]
[2300.0, 1600.0, 3e-06, [1.7163313e-05], [23.324299999999997], [2.33243], [1.2136298220627243e-05]]
[2300.0, 1700.0, 5e-06, [3.743390044444444e-06], [0.41983739999999997], [0.05597832], [1.3234883467377479e-06]]
[2300.0, 1400.0, 6e-06, [4.1735328499999995e-05], [23.324299999999997], [2.33243], [2.0867665004738788e-05]]
[2300.0, 1100.0, 4e-06, [3.045568511111111e-06], [0.41983739999999997], [0.05597832], [1.076771256013912e-06]]
[2300.0, 900.0, 4e-06, [8.490390199999998e-05], [110.09069599999998], [15.394037999999998], [8.490392601052085e-05]]
[2300.0, 2000.0, 4e-06, [3.3496877999999997e-06], [0.41983739999999997], [0.05597832], [1.2660625615965995e-06]]
[2300.0, 300.0, 5e-06, [3.3630094e-05], [23.324299999999997], [2.33243], [1.681504895175747e-05]]
[2300.0, 200.0, 1e-05, [4.228763899999999e-05], [9.796206], [1.3994579999999999], [4.228764388092579e-05]]
[2300.0, 400.0, 3e-06, [0.00017271137], [391.84824], [51.31345999999999], [8.635569843386132e-05]]
[2300.0, 800.0, 6e-06, [4.2528449e-05], [23.324299999999997], [2.33243], [1.9019296477525136e-05]]
[2300.0, 600.0, 6e-06, [4.2071105499999996e-05], [23.324299999999997], [2.33243], [2.1035555941072723e-05]]
[2400.0, 1200.0, 2e-06, [2.026783e-06], [0.41983739999999997], [0.05597832], [7.165761372623478e-07]]
[2400.0, 1500.0, 3e-06, [2.2366510999999997e-05], [23.324299999999997], [2.33243], [1.1183258948088434e-05]]
[2400.0, 1100.0, 2e-06, [1.2626100444444441e-06], [0.41983739999999997], [0.05597832], [7.28968089870457e-07]]
[2400.0, 1600.0, 4e-06, [3.160880288888889e-06], [0.41983739999999997], [0.05597832], [9.995581134792624e-07]]
[2400.0, 400.0, 5e-06, [6.7922243e-05], [64.841554], [8.396747999999999], [2.7729139961419643e-05]]
[2400.0, 1300.0, 4e-06, [3.024338488888889e-06], [0.41983739999999997], [0.05597832], [8.730515386480928e-07]]
[2400.0, 200.0, 4e-06, [2.85792365e-05], [23.324299999999997], [2.33243], [1.2781022601889099e-05]]
[2400.0, 1700.0, 2e-06, [2.26004279e-05], [64.841554], [8.396747999999999], [1.598091408211683e-05]]
[2400.0, 2000.0, 3e-06, [2.2740166444444445e-06], [0.41983739999999997], [0.05597832], [7.580055213323782e-07]]
[2400.0, 600.0, 2e-06, [6.834840999999999e-05], [200.58897999999996], [23.324299999999997], [3.9460976064968276e-05]]
[2400.0, 1900.0, 5e-06, [3.39515535e-05], [23.324299999999997], [2.33243], [1.3860663331889999e-05]]
[2400.0, 700.0, 3e-06, [1.2870268444444444e-06], [0.13994579999999998], [0.02798916], [1.2870265942555295e-06]]
[2400.0, 100.0, 6e-06, [5.8140043999999996e-05], [32.18753399999999], [5.5978319999999995], [5.814004674060728e-05]]
[2400.0, 1800.0, 3e-06, [1.68840815e-05], [23.324299999999997], [2.33243], [9.748033184955825e-06]]
[2400.0, 500.0, 3e-06, [0.00011267240000000001], [200.58897999999996], [23.324299999999997], [5.0388627605839795e-05]]
[2400.0, 900.0, 2e-06, [0.00022134022399999996], [634.4209599999999], [102.62691999999998], [0.00022134018422329007]]
[2400.0, 1400.0, 2e-06, [1.4094331e-05], [23.324299999999997], [2.33243], [9.966196187613405e-06]]
[2400.0, 800.0, 3e-06, [1.7157747e-05], [23.324299999999997], [2.33243], [9.906028174803461e-06]]
[2400.0, 300.0, 7e-06, [2.8016920999999997e-05], [9.796206], [1.3994579999999999], [1.9810952236073862e-05]]
[2400.0, 1000.0, 2e-06, [5.7004441999999994e-05], [200.58897999999996], [23.324299999999997], [4.0308233302887386e-05]]
[2500.0, 400.0, 2e-06, [5.5769388e-05], [200.58897999999996], [23.324299999999997], [3.2198485250085914e-05]]
[2500.0, 1300.0, 1e-06, [9.4078004e-06], [64.841554], [8.396747999999999], [9.407801310614504e-06]]
[2500.0, 500.0, 2e-06, [2.9954349e-05], [64.841554], [8.396747999999999], [1.4977177220691488e-05]]
[2500.0, 900.0, 4e-06, [1.82009005e-05], [9.796206], [1.3994579999999999], [1.820090725760669e-05]]
[2500.0, 1400.0, 2e-06, [1.112751385e-05], [23.324299999999997], [2.33243], [6.424472709880554e-06]]
[2500.0, 200.0, 2e-06, [3.0043657999999997e-05], [64.841554], [8.396747999999999], [1.5021829825290924e-05]]
[2500.0, 1900.0, 4e-06, [2.3567893e-05], [23.324299999999997], [2.33243], [1.0539883318851305e-05]]
[2500.0, 1000.0, 3e-06, [7.4728748e-05], [110.09069599999998], [15.394037999999998], [7.47287662148921e-05]]
[2500.0, 1800.0, 2e-06, [1.4681799555555551e-06], [0.41983739999999997], [0.05597832], [5.5492004406819e-07]]
[2500.0, 1700.0, 1e-06, [1.49781451e-05], [64.841554], [8.396747999999999], [1.0591146628198477e-05]]
[2500.0, 800.0, 3e-06, [4.6284463999999995e-05], [64.841554], [8.396747999999999], [2.0699045477992455e-05]]
[2500.0, 700.0, 2e-06, [3.6905022599999996e-05], [110.09069599999998], [15.394037999999998], [2.609578418825539e-05]]
[2500.0, 1600.0, 2e-06, [1.120693515e-05], [23.324299999999997], [2.33243], [6.470325563679157e-06]]
[2500.0, 1100.0, 2e-06, [1.1292987349999998e-05], [23.324299999999997], [2.33243], [6.520009152600937e-06]]
[2500.0, 600.0, 3e-06, [8.973684599999998e-05], [200.58897999999996], [23.324299999999997], [3.6634923878725336e-05]]
[2500.0, 300.0, 2e-06, [1.1335388999999998e-05], [23.324299999999997], [2.33243], [6.544489248596867e-06]]
[2500.0, 2000.0, 2e-06, [1.8793090444444443e-06], [0.41983739999999997], [0.05597832], [6.264364687521919e-07]]
[2500.0, 1200.0, 4e-06, [3.7640443000000004e-05], [32.18753399999999], [5.5978319999999995], [3.7640432848201935e-05]]
[2500.0, 100.0, 4e-06, [5.6579470999999997e-05], [64.841554], [8.396747999999999], [2.309847070695374e-05]]
[2500.0, 1500.0, 1e-06, [7.455703e-06], [64.841554], [8.396747999999999], [7.4557010870876525e-06]]
[2600.0, 800.0, 1e-06, [5.080350399999999e-05], [391.84824], [51.31345999999999], [2.540174396375178e-05]]
[2600.0, 2000.0, 2e-06, [1.2355824888888887e-06], [0.41983739999999997], [0.05597832], [4.118609003469107e-07]]
[2600.0, 900.0, 1e-06, [4.994758199999999e-05], [391.84824], [51.31345999999999], [2.2337246661126345e-05]]
[2600.0, 1000.0, 2e-06, [1.2299824999999999e-05], [23.324299999999997], [2.33243], [5.5006496775381e-06]]
[2600.0, 200.0, 1e-06, [1.2257900599999998e-05], [64.841554], [8.396747999999999], [8.667646964430427e-06]]
[2600.0, 1100.0, 1e-06, [5.571959555555555e-07], [0.41983739999999997], [0.05597832], [2.4918556395576087e-07]]
[2600.0, 1500.0, 1e-06, [6.0480133e-06], [23.324299999999997], [2.33243], [4.276591636455367e-06]]
[2600.0, 700.0, 1e-06, [9.8596607e-06], [64.841554], [8.396747999999999], [6.971833813280405e-06]]
[2600.0, 1800.0, 0, [0.0], [895.65312], [149.27552], [0.0]]
[2600.0, 1600.0, 1e-06, [4.13055275e-06], [23.324299999999997], [2.33243], [4.1305512313733625e-06]]
[2600.0, 1400.0, 2e-06, [1.5437283111111109e-06], [0.41983739999999997], [0.05597832], [4.1257875387390966e-07]]
[2600.0, 1300.0, 1e-06, [6.474433555555555e-07], [0.41983739999999997], [0.05597832], [2.643175914232771e-07]]
[2600.0, 600.0, 2e-06, [2.4835791e-05], [32.18753399999999], [5.5978319999999995], [1.7561553570228346e-05]]
[2600.0, 1700.0, 2e-06, [1.2400777111111112e-06], [0.41983739999999997], [0.05597832], [4.133592270264463e-07]]
[2600.0, 400.0, 2e-06, [1.2362246999999999e-05], [23.324299999999997], [2.33243], [6.181126440625527e-06]]
[2600.0, 300.0, 3e-06, [1.2687214e-05], [9.796206], [1.3994579999999999], [1.2687215711100682e-05]]
[2600.0, 1900.0, 1e-06, [9.90362622222222e-07], [0.41983739999999997], [0.05597832], [3.301208860514696e-07]]
[2600.0, 1200.0, 1e-06, [9.410003799999999e-06], [23.324299999999997], [2.33243], [5.432867044664355e-06]]
[2600.0, 100.0, 3e-06, [2.5161263999999997e-05], [32.18753399999999], [5.5978319999999995], [1.7791697535648474e-05]]
[2600.0, 500.0, 1e-06, [1.97819044e-05], [200.58897999999996], [23.324299999999997], [1.3987916260830273e-05]]
[2700.0, 1400.0, 1e-06, [8.140549849999999e-06], [23.324299999999997], [2.33243], [3.640564719243431e-06]]
[2700.0, 1000.0, 1e-06, [1.60884517e-05], [64.841554], [8.396747999999999], [7.194975344641564e-06]]
[2700.0, 800.0, 1e-06, [1.8979898999999998e-05], [200.58897999999996], [23.324299999999997], [1.0958047742184735e-05]]
[2700.0, 900.0, 1e-06, [1.9382997000000002e-05], [200.58897999999996], [23.324299999999997], [1.119077899165201e-05]]
[2700.0, 600.0, 1e-06, [2.4420268399999996e-05], [200.58897999999996], [23.324299999999997], [1.4099047275614052e-05]]
[2700.0, 1100.0, 2e-06, [7.9430822e-06], [9.796206], [1.3994579999999999], [7.943081717759172e-06]]
[2700.0, 1300.0, 2e-06, [8.1734088e-06], [9.796206], [1.3994579999999999], [5.779472566765932e-06]]
[2700.0, 400.0, 2e-06, [1.60988339e-05], [32.18753399999999], [5.5978319999999995], [1.609883517214832e-05]]
[2700.0, 1700.0, 1e-06, [4.5287138e-07], [0.41983739999999997], [0.05597832], [2.0253025270131683e-07]]
[2700.0, 100.0, 2e-06, [8.1573686e-06], [9.796206], [1.3994579999999999], [8.157368370068866e-06]]
[2700.0, 2000.0, 1e-06, [8.15537335e-06], [23.324299999999997], [2.33243], [3.6471937705583997e-06]]
[2700.0, 1200.0, 1e-06, [4.83744165e-06], [23.324299999999997], [2.33243], [2.7928985328865777e-06]]
[2700.0, 700.0, 2e-06, [1.57931156e-05], [32.18753399999999], [5.5978319999999995], [1.5793115427299327e-05]]
[2700.0, 300.0, 1e-06, [8.165604899999999e-06], [23.324299999999997], [2.33243], [3.651768821406963e-06]]
[2700.0, 1800.0, 1e-06, [4.8471718e-06], [23.324299999999997], [2.33243], [2.7985152532191064e-06]]
[2700.0, 200.0, 2e-06, [1.60448023e-05], [32.18753399999999], [5.5978319999999995], [1.604480395642153e-05]]
[2700.0, 1500.0, 1e-06, [5.114106222222221e-07], [0.41983739999999997], [0.05597832], [1.9329510005094205e-07]]
[2700.0, 500.0, 1e-06, [1.2070427599999999e-05], [64.841554], [8.396747999999999], [6.9688641240879425e-06]]
[2700.0, 1900.0, 1e-06, [4.817323549999999e-06], [23.324299999999997], [2.33243], [2.781283024073602e-06]]
[2700.0, 1600.0, 1e-06, [8.12995835e-06], [23.324299999999997], [2.33243], [3.635828258457762e-06]]
[2800.0, 1500.0, 1e-06, [4.2881740499999995e-06], [23.324299999999997], [2.33243], [2.1440867204942992e-06]]
[2800.0, 200.0, 1e-06, [7.0392558e-06], [32.18753399999999], [5.5978319999999995], [4.9775055590124655e-06]]
[2800.0, 400.0, 1e-06, [1.0724973599999999e-05], [32.18753399999999], [5.5978319999999995], [1.0724971766862604e-05]]
[2800.0, 900.0, 1e-06, [1.0565592799999999e-05], [32.18753399999999], [5.5978319999999995], [1.0565595193835508e-05]]
[2800.0, 600.0, 1e-06, [5.183894099999999e-06], [32.18753399999999], [5.5978319999999995], [5.1838933582781185e-06]]
[2800.0, 1200.0, 1e-06, [5.294263049999999e-06], [23.324299999999997], [2.33243], [2.647131641040921e-06]]
[2800.0, 1000.0, 1e-06, [1.5167418999999998e-05], [64.841554], [8.396747999999999], [5.732746193579478e-06]]
[2800.0, 1400.0, 0, [0.0], [895.65312], [149.27552], [0.0]]
[2800.0, 800.0, 1e-06, [8.451833e-06], [64.841554], [8.396747999999999], [4.225916252128052e-06]]
[2800.0, 100.0, 0.0, [3.158983759999999e-05], [895.65312], [149.27552], [1.8238400771997525e-05]]
[2800.0, 1100.0, 0, [0.0], [895.65312], [149.27552], [0.0]]
[2800.0, 1300.0, 1e-06, [4.25937345e-06], [23.324299999999997], [2.33243], [2.12968667355083e-06]]
[2800.0, 2000.0, 1e-06, [4.6019146222222217e-07], [0.41983739999999997], [0.05597832], [1.4552532518982714e-07]]
[2800.0, 500.0, 1e-06, [4.186247249999999e-06], [23.324299999999997], [2.33243], [2.0931238424899753e-06]]
[2800.0, 1900.0, 1e-06, [5.127124222222222e-07], [0.41983739999999997], [0.05597832], [1.545885867890385e-07]]
[2800.0, 1800.0, 0, [0.0], [895.65312], [149.27552], [0.0]]
[2800.0, 300.0, 1e-06, [4.22226525e-06], [23.324299999999997], [2.33243], [2.111132839851628e-06]]
[2800.0, 700.0, 1e-06, [8.374205699999998e-06], [64.841554], [8.396747999999999], [4.187103096414035e-06]]
[2800.0, 1600.0, 0, [0.0], [895.65312], [149.27552], [0.0]]
[2800.0, 1700.0, 1e-06, [4.2840459333333323e-07], [0.41983739999999997], [0.05597832], [1.4280152665435623e-07]]
[2900.0, 1300.0, 1e-06, [6.778017199999999e-06], [32.18753399999999], [5.5978319999999995], [6.778016100600528e-06]]
[2900.0, 900.0, 0.0, [1.1084104799999998e-05], [895.65312], [149.27552], [7.83764679479753e-06]]
[2900.0, 1600.0, 0, [0.0], [895.65312], [149.27552], [0.0]]
[2900.0, 2000.0, 0, [0.0], [895.65312], [149.27552], [0.0]]
[2900.0, 1200.0, 1e-06, [1.4219423399999997e-05], [110.09069599999998], [15.394037999999998], [1.421942145799188e-05]]
[2900.0, 1700.0, 0, [0.0], [895.65312], [149.27552], [0.0]]
[2900.0, 1100.0, 1e-06, [3.3688203499999997e-06], [23.324299999999997], [2.33243], [1.5065820779167656e-06]]
[2900.0, 800.0, 1e-06, [1.3657096399999999e-05], [110.09069599999998], [15.394037999999998], [1.3657096325354082e-05]]
[2900.0, 600.0, 1e-06, [1.3697038199999998e-05], [110.09069599999998], [15.394037999999998], [1.3697036656153037e-05]]
[2900.0, 100.0, 0.0, [2.7263289199999993e-05], [895.65312], [149.27552], [1.2192513250351627e-05]]
[2900.0, 400.0, 0, [0.0], [895.65312], [149.27552], [0.0]]
[2900.0, 1000.0, 1e-06, [3.4301878e-06], [9.796206], [1.3994579999999999], [3.4301872594655817e-06]]
[2900.0, 1400.0, 0, [0.0], [895.65312], [149.27552], [0.0]]
[2900.0, 200.0, 0.0, [1.1113839199999998e-05], [895.65312], [149.27552], [7.858673172489106e-06]]
[2900.0, 500.0, 1e-06, [3.4655698499999996e-06], [23.324299999999997], [2.33243], [2.000847982731322e-06]]
[2900.0, 1500.0, 0, [0.0], [895.65312], [149.27552], [0.0]]
[2900.0, 1800.0, 0, [0.0], [895.65312], [149.27552], [0.0]]
[2900.0, 300.0, 1e-06, [1.0913976099999998e-05], [64.841554], [8.396747999999999], [3.858673471544333e-06]]
[2900.0, 700.0, 0, [0.0], [895.65312], [149.27552], [0.0]]
[2900.0, 1900.0, 0, [0.0], [895.65312], [149.27552], [0.0]]
[3000.0, 800.0, 0.0, [8.881473919999998e-06], [895.65312], [149.27552], [6.280150737044453e-06]]
[3000.0, 900.0, 0.0, [4.4167534800000004e-06], [895.65312], [149.27552], [4.416752227598917e-06]]
[3000.0, 1600.0, 0, [0.0], [895.65312], [149.27552], [0.0]]
[3000.0, 700.0, 0, [0.0], [895.65312], [149.27552], [0.0]]
[3000.0, 600.0, 0, [0.0], [895.65312], [149.27552], [0.0]]
[3000.0, 1300.0, 1e-06, [2.2414144e-06], [9.796206], [1.3994579999999999], [2.241414904139793e-06]]
[3000.0, 500.0, 0.0, [7.130670679999999e-06], [895.65312], [149.27552], [5.04214475159133e-06]]
[3000.0, 1500.0, 0, [0.0], [895.65312], [149.27552], [0.0]]
[3000.0, 1800.0, 0, [0.0], [895.65312], [149.27552], [0.0]]
[3000.0, 2000.0, 0, [0.0], [895.65312], [149.27552], [0.0]]
[3000.0, 100.0, 0.0, [4.368688999999999e-06], [895.65312], [149.27552], [4.368689529824704e-06]]
[3000.0, 1400.0, 0, [0.0], [895.65312], [149.27552], [0.0]]
[3000.0, 1100.0, 0.0, [3.49000988e-06], [895.65312], [149.27552], [3.490008813742452e-06]]
[3000.0, 1200.0, 0.0, [5.86212684e-06], [895.65312], [149.27552], [5.862127814369113e-06]]
[3000.0, 1000.0, 0.0, [3.5249524e-06], [895.65312], [149.27552], [3.5249521165542095e-06]]
[3000.0, 400.0, 0.0, [5.888431479999999e-06], [895.65312], [149.27552], [5.888431234208309e-06]]
[3000.0, 300.0, 0.0, [3.5718677999999993e-06], [895.65312], [149.27552], [3.5718672696504275e-06]]
[3000.0, 1700.0, 0, [0.0], [895.65312], [149.27552], [0.0]]
[3000.0, 200.0, 0, [0.0], [895.65312], [149.27552], [0.0]]
