[100.0, 800.0, 0.149482, [1471.3786764705892], [167950.65000000002], [7796.205000000001], [80.9967266656588]]
[100.0, 500.0, 0.144017, [2407.7460000000005], [246773.2], [13256.265000000001], [149.899699799566]]
[100.0, 650.0, 0.1316, [1447.3937643239124], [166436.40000000002], [8725.5], [80.41075807530895]]
[100.0, 850.0, 0.143254, [1484.0011459129119], [168034.45], [8210.1], [81.32277255969024]]
[100.0, 600.0, 0.138928, [41.002383333333334], [4070.4845], [225.33805], [1.1272730123818473]]
[100.0, 150.0, 0.142264, [41.99791666666666], [4070.4845], [225.33805], [1.141770798170787]]
[100.0, 100.0, 0.126656, [1310.4898777692906], [168034.45], [8210.1], [76.42932430894548]]
[100.0, 1000.0, 0.152607, [2553.0905000000002], [246773.2], [13256.265000000001], [154.52006342219775]]
[100.0, 400.0, 0.131327, [38.737100000000005], [4070.4845], [225.33805], [1.0991735531752935]]
[100.0, 350.0, 0.136392, [1412.1908422459903], [168034.45], [8210.1], [79.1917505430693]]
[100.0, 750.0, 0.114342, [33.68825], [4070.4845], [225.33805], [1.0222651862951762]]
[100.0, 550.0, 0.124937, [36.83558333333333], [4070.4845], [225.33805], [1.0700604863485264]]
[100.0, 50.0, 0.135329, [1409.2830882352937], [167800.05], [8258.335], [79.0286825689583]]
[100.0, 900.0, 0.132755, [39.16223333333333], [4070.4845], [225.33805], [1.1019599962491078]]
[100.0, 450.0, 0.137141, [40.4694], [4070.4845], [225.33805], [1.118981307559097]]
[100.0, 200.0, 0.122569, [36.131483333333335], [4070.4845], [225.33805], [1.0603999507523356]]
[100.0, 950.0, 0.14556, [1602.5931054239888], [166436.40000000002], [8725.5], [84.46405952991459]]
[100.0, 700.0, 0.131489, [1292.5148013750963], [167950.65000000002], [7796.205000000001], [75.76857952736822]]
[100.0, 300.0, 0.143519, [1412.0258785332326], [167950.65000000002], [7796.205000000001], [79.18246609745788]]
[100.0, 250.0, 0.14587, [1511.4099503437747], [168034.45], [8210.1], [82.08853115014713]]
[200.0, 750.0, 0.08036, [8.413066666666666], [793.31], [78.43589999999999], [0.18267710204377316]]
[200.0, 550.0, 0.076517, [8.009209166666666], [793.31], [78.43589999999999], [0.17864530733644624]]
[200.0, 700.0, 0.079444, [8.316788333333333], [793.31], [78.43589999999999], [0.18200795541221082]]
[200.0, 250.0, 0.081506, [8.533508333333334], [793.31], [78.43589999999999], [0.18438171833334113]]
[200.0, 50.0, 0.018915, [185.09286669213154], [167950.65000000002], [7796.205000000001], [14.542270248689155]]
[200.0, 400.0, 0.078496, [8.2171225], [793.31], [78.43589999999999], [0.18086931285691704]]
[200.0, 650.0, 0.081041, [8.484566666666666], [793.31], [78.43589999999999], [0.18422945762161805]]
[200.0, 450.0, 0.079338, [8.305578333333333], [793.31], [78.43589999999999], [0.18189337917826717]]
[200.0, 500.0, 0.081221, [8.503491666666667], [793.31], [78.43589999999999], [0.1837332002902276]]
[200.0, 350.0, 0.078912, [8.260786666666666], [793.31], [78.43589999999999], [0.18130416815089745]]
[200.0, 100.0, 0.07719, [8.079863333333332], [793.31], [78.43589999999999], [0.17955254956573452]]
[200.0, 600.0, 0.073376, [7.679298333333334], [793.31], [78.43589999999999], [0.17525521073248831]]
[200.0, 1000.0, 0.07973, [8.346816666666665], [793.31], [78.43589999999999], [0.18240332294731426]]
[200.0, 150.0, 0.081256, [8.507191666666667], [793.31], [78.43589999999999], [0.1839420009737369]]
[200.0, 300.0, 0.078031, [8.168253333333334], [793.31], [78.43589999999999], [0.18031858380839916]]
[200.0, 850.0, 0.07583, [7.937020833333333], [793.31], [78.43589999999999], [0.1776994380345019]]
[200.0, 900.0, 0.080432, [8.420566666666668], [793.31], [78.43589999999999], [0.18296927869028845]]
[200.0, 800.0, 0.084111, [8.8074], [793.31], [78.43589999999999], [0.18717967081568093]]
[200.0, 200.0, 0.078351, [8.201844166666666], [793.31], [78.43589999999999], [0.18079602149629534]]
[200.0, 950.0, 0.079877, [8.362275], [793.31], [78.43589999999999], [0.18274103185169505]]
[300.0, 650.0, 0.079581, [4.53444625], [316.11505], [41.70535], [0.10260608839147899]]
[300.0, 400.0, 0.082422, [4.69705375], [316.11505], [41.70535], [0.10430174075728553]]
[300.0, 1000.0, 0.079754, [4.54435375], [316.11505], [41.70535], [0.10290934268811554]]
[300.0, 350.0, 0.086515, [4.93149625], [316.11505], [41.70535], [0.10707999346283133]]
[300.0, 200.0, 0.080693, [4.59809125], [316.11505], [41.70535], [0.10333440859655606]]
[300.0, 250.0, 0.082746, [4.71562125], [316.11505], [41.70535], [0.10455949263457623]]
[300.0, 150.0, 0.08451, [4.816681249999999], [316.11505], [41.70535], [0.10579087566987996]]
[300.0, 550.0, 0.081647, [4.6527], [316.11505], [41.70535], [0.10385596997765703]]
[300.0, 800.0, 0.089153, [5.0827125], [316.11505], [41.70535], [0.10853657937534238]]
[300.0, 700.0, 0.080126, [4.5656687499999995], [316.11505], [41.70535], [0.10299666256728904]]
[300.0, 300.0, 0.090535, [5.1618924999999996], [316.11505], [41.70535], [0.10940730237283067]]
[300.0, 900.0, 0.07485, [4.26379], [316.11505], [41.70535], [0.09942713255193474]]
[300.0, 600.0, 0.078157, [4.45293375], [316.11505], [41.70535], [0.10170333696590295]]
[300.0, 50.0, 0.015547, [0.8836658749999999], [316.11505], [41.70535], [0.04527157634763782]]
[300.0, 850.0, 0.082643, [4.709715], [316.11505], [41.70535], [0.10435161414659573]]
[300.0, 750.0, 0.080253, [4.572895000000001], [316.11505], [41.70535], [0.1030025333426319]]
[300.0, 500.0, 0.076478, [4.3569125], [316.11505], [41.70535], [0.10061857898768001]]
[300.0, 950.0, 0.084527, [4.8176025000000005], [316.11505], [41.70535], [0.10558217327039636]]
[300.0, 100.0, 0.023579, [2.42623075], [773.8245000000001], [77.21495], [0.1061932495500538]]
[300.0, 450.0, 0.082284, [4.68917], [316.11505], [41.70535], [0.10428106551526983]]
[400.0, 900.0, 0.080721, [2.07415625], [112.0686], [17.457115], [0.04748453695678204]]
[400.0, 200.0, 0.080161, [2.059685], [112.0686], [17.457115], [0.047264862080619675]]
[400.0, 500.0, 0.083834, [2.1546475000000003], [112.0686], [17.457115], [0.048312411060720206]]
[400.0, 150.0, 0.029392, [0.7529388749999999], [112.0686], [17.457115], [0.028601780976016164]]
[400.0, 300.0, 0.084175, [2.1634800000000003], [112.0686], [17.457115], [0.048473945965848496]]
[400.0, 650.0, 0.081257, [2.08802125], [112.0686], [17.457115], [0.04761517287063022]]
[400.0, 550.0, 0.075716, [1.94486625], [112.0686], [17.457115], [0.0459175211656727]]
[400.0, 850.0, 0.080493, [2.0682650000000002], [112.0686], [17.457115], [0.0473124752311692]]
[400.0, 250.0, 0.075592, [1.9416550000000001], [112.0686], [17.457115], [0.045918593047914694]]
[400.0, 800.0, 0.076065, [1.9538587500000002], [112.0686], [17.457115], [0.0460145697035189]]
[400.0, 750.0, 0.07762, [1.99403375], [112.0686], [17.457115], [0.046613001137021846]]
[400.0, 100.0, 0.017524, [0.448685875], [112.0686], [17.457115], [0.022051704157502204]]
[400.0, 350.0, 0.078069, [2.0056325], [112.0686], [17.457115], [0.04665523483490358]]
[400.0, 950.0, 0.077277, [1.98517375], [112.0686], [17.457115], [0.046405885941332915]]
[400.0, 1000.0, 0.077474, [1.9902475], [112.0686], [17.457115], [0.04641051537636702]]
[400.0, 400.0, 0.083274, [2.1401612500000002], [112.0686], [17.457115], [0.0481695897325273]]
[400.0, 450.0, 0.076573, [1.9669887499999998], [112.0686], [17.457115], [0.04620857942525392]]
[400.0, 50.0, 0.017114, [0.438172125], [112.0686], [17.457115], [0.021854039958323496]]
[400.0, 600.0, 0.075827, [1.9477125], [112.0686], [17.457115], [0.045984729122829464]]
[400.0, 700.0, 0.087759, [2.2562112500000002], [112.0686], [17.457115], [0.04948258847817078]]
[500.0, 550.0, 0.070468, [0.7318984166666667], [38.072655], [5.44904], [0.016599790828668762]]
[500.0, 300.0, 0.071784, [0.74567775], [38.072655], [5.44904], [0.01678330850709849]]
[500.0, 850.0, 0.074087, [0.7698047499999999], [38.072655], [5.44904], [0.01706888413328638]]
[500.0, 50.0, 0.009994, [0.10319024999999998], [38.072655], [5.44904], [0.006245358832320562]]
[500.0, 650.0, 0.074959, [0.77894525], [38.072655], [5.44904], [0.01712070911368906]]
[500.0, 150.0, 0.018406, [0.19018158333333335], [38.072655], [5.44904], [0.008471361067345279]]
[500.0, 600.0, 0.073874, [0.7675734999999999], [38.072655], [5.44904], [0.016994361810122004]]
[500.0, 450.0, 0.077061, [0.8009875833333333], [38.072655], [5.44904], [0.017355454634078463]]
[500.0, 800.0, 0.077348, [0.8040003333333333], [38.072655], [5.44904], [0.017457655118091383]]
[500.0, 1000.0, 0.073171, [0.7602091666666667], [38.072655], [5.44904], [0.016918618524506598]]
[500.0, 750.0, 0.075704, [0.7867614166666667], [38.072655], [5.44904], [0.01721780207614588]]
[500.0, 700.0, 0.079759, [0.8292915000000001], [38.072655], [5.44904], [0.017648496945758426]]
[500.0, 100.0, 0.014742, [0.15227716666666666], [38.072655], [5.44904], [0.007566713013808131]]
[500.0, 200.0, 0.03482, [0.3603159166666666], [38.072655], [5.44904], [0.011647362004620045]]
[500.0, 250.0, 0.072112, [0.7491149166666666], [38.072655], [5.44904], [0.01678432014642767]]
[500.0, 950.0, 0.06713, [0.6969713333333334], [38.072655], [5.44904], [0.016186763711268676]]
[500.0, 900.0, 0.073065, [0.7590984166666666], [38.072655], [5.44904], [0.016931680529574007]]
[500.0, 350.0, 0.07427, [0.7717259166666667], [38.072655], [5.44904], [0.01703626442491298]]
[500.0, 500.0, 0.077093, [0.8013254166666667], [38.072655], [5.44904], [0.01942928238224173]]
[500.0, 400.0, 0.070137, [0.7284388333333333], [38.072655], [5.44904], [0.016585439564737365]]
[600.0, 450.0, 0.052809, [0.5474409166666666], [38.072655], [5.44904], [0.010715613608188753]]
[600.0, 200.0, 0.014913, [0.15404749999999998], [38.072655], [5.44904], [0.0056821278046950766]]
[600.0, 550.0, 0.048824, [0.5059223333333334], [38.072655], [5.44904], [0.010314212820720306]]
[600.0, 100.0, 0.009291, [0.09592333333333335], [38.072655], [5.44904], [0.004492022249375985]]
[600.0, 800.0, 0.049009, [0.5078505833333333], [38.072655], [5.44904], [0.010315010637146453]]
[600.0, 600.0, 0.050254, [0.262794375], [13.56206], [1.8869829999999999], [0.0052569382063664735]]
[600.0, 350.0, 0.051225, [0.5309305], [38.072655], [5.44904], [0.010576388797694607]]
[600.0, 250.0, 0.027562, [0.28501333333333334], [38.072655], [5.44904], [0.0077313516677946495]]
[600.0, 400.0, 0.051735, [0.5362483333333333], [38.072655], [5.44904], [0.010606827596725925]]
[600.0, 500.0, 0.048112, [0.49850374999999997], [38.072655], [5.44904], [0.01023986626431767]]
[600.0, 650.0, 0.049907, [0.5171998333333334], [38.072655], [5.44904], [0.010421402256894223]]
[600.0, 950.0, 0.052043, [0.5394491666666666], [38.072655], [5.44904], [0.010638967942845249]]
[600.0, 300.0, 0.051977, [0.5387714166666667], [38.072655], [5.44904], [0.010644247272588137]]
[600.0, 150.0, 0.011264, [0.05851758333333334], [13.56206], [1.8869829999999999], [0.00247724750647434]]
[600.0, 50.0, 0.007102, [0.03686984583333333], [13.56206], [1.8869829999999999], [0.0019679665548761518]]
[600.0, 850.0, 0.048081, [0.4981865833333333], [38.072655], [5.44904], [0.010226881109224954]]
[600.0, 1000.0, 0.04807, [0.49806566666666674], [38.072655], [5.44904], [0.01022439892283812]]
[600.0, 700.0, 0.046517, [0.4819000833333333], [38.072655], [5.44904], [0.010065831919032934]]
[600.0, 900.0, 0.051933, [0.5383111666666667], [38.072655], [5.44904], [0.010653885571836117]]
[600.0, 750.0, 0.049046, [0.5082330833333334], [38.072655], [5.44904], [0.01032278022950536]]
[700.0, 450.0, 0.029131, [0.208446], [20.807265], [3.4006055], [0.0035896308518812594]]
[700.0, 100.0, 0.005982, [0.042684625], [20.807265], [3.4006055], [0.0016214539300338513]]
[700.0, 1000.0, 0.028988, [0.20741258333333334], [20.807265], [3.4006055], [0.003568660365677232]]
[700.0, 850.0, 0.028862, [0.15037179166666667], [13.56206], [1.8869829999999999], [0.003041073572313275]]
[700.0, 600.0, 0.029401, [0.210385], [20.807265], [3.4006055], [0.0036006673764117053]]
[700.0, 250.0, 0.010998, [0.05713208333333333], [13.56206], [1.8869829999999999], [0.0018734340683176798]]
[700.0, 750.0, 0.0303, [0.15790275], [13.56206], [1.8869829999999999], [0.0031159622087103545]]
[700.0, 200.0, 0.007502, [0.053541374999999995], [20.807265], [3.4006055], [0.0018121014887570604]]
[700.0, 50.0, 0.005224, [0.03727191666666667], [20.807265], [3.4006055], [0.0015103341931506419]]
[700.0, 950.0, 0.028836, [0.15023324999999998], [13.56206], [1.8869829999999999], [0.0030382723640801743]]
[700.0, 550.0, 0.028407, [0.14798779166666665], [13.56206], [1.8869829999999999], [0.003013263792062612]]
[700.0, 400.0, 0.027939, [0.14553870833333335], [13.56206], [1.8869829999999999], [0.0029971378128882302]]
[700.0, 650.0, 0.028713, [0.14959195833333336], [13.56206], [1.8869829999999999], [0.003034625983727008]]
[700.0, 800.0, 0.029984, [0.156246625], [13.56206], [1.8869829999999999], [0.0031032851097219896]]
[700.0, 150.0, 0.006669, [0.047594500000000005], [20.807265], [3.4006055], [0.0017074423489535453]]
[700.0, 350.0, 0.029955, [0.21435737500000002], [20.807265], [3.4006055], [0.0036305701935860648]]
[700.0, 700.0, 0.029894, [0.21392316666666666], [20.807265], [3.4006055], [0.0036373288905917397]]
[700.0, 900.0, 0.030542, [0.21857504166666664], [20.807265], [3.4006055], [0.003673659761282564]]
[700.0, 300.0, 0.016397, [0.08525291666666668], [13.56206], [1.8869829999999999], [0.0022899580751863367]]
[700.0, 500.0, 0.028211, [0.14696270833333333], [13.56206], [1.8869829999999999], [0.003005503921049588]]
[800.0, 300.0, 0.009923, [0.032293861111111107], [5.751765], [0.9788095], [0.0008960152700693949]]
[800.0, 100.0, 0.00414, [0.013453594444444444], [5.751765], [0.9788095], [0.000707105198924233]]
[800.0, 350.0, 0.014847, [0.048375916666666664], [5.751765], [0.9788095], [0.0010971881148004016]]
[800.0, 800.0, 0.024522, [0.08009563888888888], [5.751765], [0.9788095], [0.0014130370168934396]]
[800.0, 400.0, 0.023621, [0.07713497222222222], [5.751765], [0.9788095], [0.001382933342439045]]
[800.0, 200.0, 0.005298, [0.017222525000000002], [5.751765], [0.9788095], [0.0006556502403372707]]
[800.0, 600.0, 0.0231, [0.07542383333333333], [5.751765], [0.9788095], [0.0015309948452066657]]
[800.0, 550.0, 0.023381, [0.07634669444444446], [5.751765], [0.9788095], [0.0013741111043727482]]
[800.0, 1000.0, 0.024754, [0.08085863888888889], [5.751765], [0.9788095], [0.0014172645797058813]]
[800.0, 950.0, 0.023809, [0.077753], [5.751765], [0.9788095], [0.0013913331270297457]]
[800.0, 850.0, 0.025063, [0.0818766111111111], [5.751765], [0.9788095], [0.0014278874795728787]]
[800.0, 650.0, 0.024702, [0.08068833333333333], [5.751765], [0.9788095], [0.001418206407255392]]
[800.0, 150.0, 0.004662, [0.01515134722222222], [5.751765], [0.9788095], [0.0006139636078208505]]
[800.0, 50.0, 0.00416, [0.013518138888888887], [5.751765], [0.9788095], [0.0005801188548930893]]
[800.0, 250.0, 0.006865, [0.022323408333333333], [5.751765], [0.9788095], [0.0008319442589500813]]
[800.0, 750.0, 0.02435, [0.07953308333333334], [5.751765], [0.9788095], [0.001409045130225553]]
[800.0, 900.0, 0.025894, [0.08460947222222222], [5.751765], [0.9788095], [0.0014538223884082392]]
[800.0, 450.0, 0.024252, [0.07921069444444444], [5.751765], [0.9788095], [0.001402673538481266]]
[800.0, 500.0, 0.022844, [0.07458313888888889], [5.751765], [0.9788095], [0.0013576290494102096]]
[800.0, 700.0, 0.024282, [0.07930852777777778], [5.751765], [0.9788095], [0.0014077203903939389]]
[900.0, 200.0, 0.003608, [0.009768518333333333], [4.157417], [0.706357], [0.00030146305283105965]]
[900.0, 550.0, 0.0159, [0.04320305], [4.157417], [0.706357], [0.0006325409516826206]]
[900.0, 850.0, 0.01579, [0.04290383333333333], [4.157417], [0.706357], [0.0006308023990654019]]
[900.0, 300.0, 0.004845, [0.013122138333333333], [4.157417], [0.706357], [0.0003487169339163213]]
[900.0, 1000.0, 0.016408, [0.044589833333333335], [4.157417], [0.706357], [0.0006440013802607706]]
[900.0, 900.0, 0.016571, [0.04503525], [4.157417], [0.706357], [0.0006468017470601018]]
[900.0, 650.0, 0.016246, [0.04414736666666667], [4.157417], [0.706357], [0.000638811396266535]]
[900.0, 50.0, 0.002653, [0.00718137], [4.157417], [0.706357], [0.00025812900521509263]]
[900.0, 350.0, 0.006964, [0.01887265], [4.157417], [0.706357], [0.00041815520776115867]]
[900.0, 950.0, 0.016197, [0.04401401666666667], [4.157417], [0.706357], [0.0006392958365785489]]
[900.0, 700.0, 0.015974, [0.04340561666666667], [4.157417], [0.706357], [0.0006353024214235821]]
[900.0, 250.0, 0.003863, [0.010458113333333333], [4.157417], [0.706357], [0.00031138579144063575]]
[900.0, 750.0, 0.016396, [0.04455723333333334], [4.157417], [0.706357], [0.0006413269663578617]]
[900.0, 500.0, 0.015366, [0.04174633333333333], [4.157417], [0.706357], [0.0006223175770188937]]
[900.0, 800.0, 0.015726, [0.042727133333333334], [4.157417], [0.706357], [0.0006296350353798443]]
[900.0, 400.0, 0.009945, [0.026973816666666667], [4.157417], [0.706357], [0.000500287889341949]]
[900.0, 150.0, 0.002581, [0.006984398333333333], [4.157417], [0.706357], [0.0002545255935613898]]
[900.0, 450.0, 0.017016, [0.046249700000000005], [4.157417], [0.706357], [0.0006547900426854397]]
[900.0, 100.0, 0.002788, [0.007547131666666667], [4.157417], [0.706357], [0.000264689440665849]]
[900.0, 600.0, 0.016236, [0.04411974999999999], [4.157417], [0.706357], [0.0007150584669179935]]
[1000.0, 550.0, 0.011536, [0.03130413333333333], [4.157417], [0.706357], [0.00042910562672713687]]
[1000.0, 250.0, 0.00253, [0.006846626666666667], [4.157417], [0.706357], [0.0002006781558172743]]
[1000.0, 700.0, 0.011715, [0.03179245], [4.157417], [0.706357], [0.0004331219356152619]]
[1000.0, 850.0, 0.011339, [0.030768316666666663], [4.157417], [0.706357], [0.00042561706837119313]]
[1000.0, 450.0, 0.007741, [0.020983683333333333], [4.157417], [0.706357], [0.0003519343767743577]]
[1000.0, 500.0, 0.011423, [0.03099631666666667], [4.157417], [0.706357], [0.0004273017083981762]]
[1000.0, 1000.0, 0.011767, [0.031934833333333336], [4.157417], [0.706357], [0.0004332562110858244]]
[1000.0, 200.0, 0.002088, [0.005649103333333333], [4.157417], [0.706357], [0.00018203983080633754]]
[1000.0, 750.0, 0.011653, [0.03162398333333333], [4.157417], [0.706357], [0.00043118718544141464]]
[1000.0, 800.0, 0.011198, [0.030385533333333332], [4.157417], [0.706357], [0.0004236177194384369]]
[1000.0, 400.0, 0.005422, [0.014688080000000001], [4.157417], [0.706357], [0.00029399692931125055]]
[1000.0, 150.0, 0.001987, [0.005376588333333333], [4.157417], [0.706357], [0.00017803666913182676]]
[1000.0, 350.0, 0.003871, [0.010479768333333334], [4.157417], [0.706357], [0.0002482549093170163]]
[1000.0, 300.0, 0.002836, [0.007675219999999999], [4.157417], [0.706357], [0.00021246411461703363]]
[1000.0, 600.0, 0.011124, [0.030183250000000002], [4.157417], [0.706357], [0.00042116610605423706]]
[1000.0, 100.0, 0.001751, [0.0047387083333333335], [4.157417], [0.706357], [0.00016681043798942027]]
[1000.0, 50.0, 0.001826, [0.004940666666666667], [4.157417], [0.706357], [0.00017046920543018908]]
[1000.0, 900.0, 0.011386, [0.030897050000000002], [4.157417], [0.706357], [0.00042641978534459837]]
[1000.0, 650.0, 0.011986, [0.03252985], [4.157417], [0.706357], [0.0004377181995556299]]
[1000.0, 950.0, 0.011731, [0.03183458333333333], [4.157417], [0.706357], [0.00043333419871708457]]
[1100.0, 350.0, 0.002421, [0.006553183333333333], [4.157417], [0.706357], [0.00019324279489227477]]
[1100.0, 950.0, 0.008026, [0.0217566], [4.157417], [0.706357], [0.0003516455759868324]]
[1100.0, 450.0, 0.003986, [0.01079199], [4.157417], [0.706357], [0.00024771567482812943]]
[1100.0, 50.0, 0.001346, [0.0036429183333333334], [4.157417], [0.706357], [0.0001442245067016467]]
[1100.0, 700.0, 0.007922, [0.021473616666666667], [4.157417], [0.706357], [0.0003491760539708682]]
[1100.0, 900.0, 0.008069, [0.0218742], [4.157417], [0.706357], [0.0003529015836997303]]
[1100.0, 200.0, 0.001544, [0.0025133261904761906], [1.5741675], [0.33299695], [0.00010093763931001388]]
[1100.0, 750.0, 0.007875, [0.021345783333333333], [4.157417], [0.706357], [0.0003480186776596911]]
[1100.0, 850.0, 0.007928, [0.021491216666666667], [4.157417], [0.706357], [0.0003498324599004501]]
[1100.0, 800.0, 0.008037, [0.021787450000000003], [4.157417], [0.706357], [0.0003518683860637541]]
[1100.0, 500.0, 0.005902, [0.015988905], [4.157417], [0.706357], [0.0003011953500452636]]
[1100.0, 400.0, 0.003068, [0.008305398333333333], [4.157417], [0.706357], [0.00021751123853467637]]
[1100.0, 600.0, 0.007732, [0.020957283333333333], [4.157417], [0.706357], [0.00034434946719220515]]
[1100.0, 650.0, 0.007761, [0.02103828333333333], [4.157417], [0.706357], [0.00034586718709804076]]
[1100.0, 100.0, 0.001432, [0.0038732033333333336], [4.157417], [0.706357], [0.00014853058046521375]]
[1100.0, 1000.0, 0.007907, [0.02143288333333333], [4.157417], [0.706357], [0.00034925305216195954]]
[1100.0, 300.0, 0.001913, [0.005175635], [4.157417], [0.706357], [0.00017175952181271736]]
[1100.0, 150.0, 0.001409, [0.003812785], [4.157417], [0.706357], [0.00014708141169660654]]
[1100.0, 250.0, 0.001602, [0.004333528333333334], [4.157417], [0.706357], [0.00015740084180206916]]
[1100.0, 550.0, 0.008202, [0.022236283333333332], [4.157417], [0.706357], [0.00035588305663518177]]
[1200.0, 100.0, 0.000973, [0.0015842309523809524], [1.5741675], [0.33299695], [6.489263765458072e-05]]
[1200.0, 700.0, 0.005814, [0.009485965476190477], [1.5741675], [0.33299695], [0.0001585847449006138]]
[1200.0, 200.0, 0.001058, [0.0017226678571428573], [1.5741675], [0.33299695], [6.756859074882583e-05]]
[1200.0, 750.0, 0.005436, [0.008867388095238096], [1.5741675], [0.33299695], [0.00015334252967098098]]
[1200.0, 50.0, 0.000902, [0.0014673440476190476], [1.5741675], [0.33299695], [6.234145423472068e-05]]
[1200.0, 250.0, 0.001112, [0.0018101166666666666], [1.5741675], [0.33299695], [6.921152549085286e-05]]
[1200.0, 650.0, 0.005531, [0.009022233333333332], [1.5741675], [0.33299695], [0.00015477554884910585]]
[1200.0, 550.0, 0.004212, [0.006866520238095237], [1.5741675], [0.33299695], [0.0001349232376032812]]
[1200.0, 950.0, 0.005524, [0.009010516666666666], [1.5741675], [0.33299695], [0.00015439292093966347]]
[1200.0, 800.0, 0.005626, [0.009177754761904763], [1.5741675], [0.33299695], [0.00015607161018477684]]
[1200.0, 850.0, 0.005658, [0.009231009523809524], [1.5741675], [0.33299695], [0.00015630072872655943]]
[1200.0, 1000.0, 0.005538, [0.009033846428571428], [1.5741675], [0.33299695], [0.0001545659473692954]]
[1200.0, 350.0, 0.001585, [0.0025799726190476194], [1.5741675], [0.33299695], [8.258291373960692e-05]]
[1200.0, 450.0, 0.002318, [0.0037759547619047617], [1.5741675], [0.33299695], [9.985247054037207e-05]]
[1200.0, 150.0, 0.000999, [0.0016256047619047616], [1.5741675], [0.33299695], [6.560408504854472e-05]]
[1200.0, 300.0, 0.001365, [0.002223], [1.5741675], [0.33299695], [7.679227546718856e-05]]
[1200.0, 600.0, 0.005564, [0.009077295238095237], [1.5741675], [0.33299695], [0.0001547216522744625]]
[1200.0, 500.0, 0.003072, [0.005005976190476191], [1.5741675], [0.33299695], [0.00011545422594250007]]
[1200.0, 900.0, 0.0054, [0.00880887380952381], [1.5741675], [0.33299695], [0.00015246751633516884]]
[1200.0, 400.0, 0.001785, [0.002905836904761905], [1.5741675], [0.33299695], [8.785420694539637e-05]]
[1300.0, 350.0, 0.000973, [0.001584182142857143], [1.5741675], [0.33299695], [5.863321847204042e-05]]
[1300.0, 550.0, 0.002202, [0.003585647619047619], [1.5741675], [0.33299695], [7.8962931542738e-05]]
[1300.0, 450.0, 0.001238, [0.002015852380952381], [1.5741675], [0.33299695], [8.384840818736844e-05]]
[1300.0, 50.0, 0.000678, [0.001103902619047619], [1.5741675], [0.33299695], [4.3772597014948824e-05]]
[1300.0, 900.0, 0.004064, [0.006624196428571428], [1.5741675], [0.33299695], [0.00010743040118966903]]
[1300.0, 650.0, 0.003939, [0.00642044880952381], [1.5741675], [0.33299695], [0.00010586673906335879]]
[1300.0, 200.0, 0.00077, [0.001253632142857143], [1.5741675], [0.33299695], [4.6785153880080024e-05]]
[1300.0, 1000.0, 0.00398, [0.00648699761904762], [1.5741675], [0.33299695], [0.00010630138480015602]]
[1300.0, 150.0, 0.000708, [0.0011522561904761903], [1.5741675], [0.33299695], [4.4851512385484906e-05]]
[1300.0, 500.0, 0.001705, [0.0027755095238095238], [1.5741675], [0.33299695], [6.943113931497857e-05]]
[1300.0, 100.0, 0.000739, [0.0012022583333333333], [1.5741675], [0.33299695], [4.576917277896497e-05]]
[1300.0, 950.0, 0.004021, [0.006554383333333334], [1.5741675], [0.33299695], [0.00010691864768234877]]
[1300.0, 600.0, 0.003061, [0.004987707142857142], [1.5741675], [0.33299695], [9.32322551553943e-05]]
[1300.0, 250.0, 0.000762, [0.0012404666666666665], [1.5741675], [0.33299695], [4.648843820372239e-05]]
[1300.0, 850.0, 0.004093, [0.006671409523809524], [1.5741675], [0.33299695], [0.00010805406836090164]]
[1300.0, 300.0, 0.00088, [0.001431813095238095], [1.5741675], [0.33299695], [5.0123486965475886e-05]]
[1300.0, 400.0, 0.001137, [0.001850897619047619], [1.5741675], [0.33299695], [5.674289590625125e-05]]
[1300.0, 750.0, 0.003957, [0.006449645238095238], [1.5741675], [0.33299695], [0.00010603151138173827]]
[1300.0, 700.0, 0.004116, [0.006709027380952382], [1.5741675], [0.33299695], [0.0001080135980248628]]
[1300.0, 800.0, 0.00408, [0.006651666666666666], [1.5741675], [0.33299695], [0.00010767782449923888]]
[1400.0, 50.0, 0.000448, [0.0007289422619047618], [1.5741675], [0.33299695], [2.9041753896549624e-05]]
[1400.0, 400.0, 0.000734, [0.0011947666666666666], [1.5741675], [0.33299695], [3.704814886694233e-05]]
[1400.0, 350.0, 0.000639, [0.0010398548809523811], [1.5741675], [0.33299695], [3.4623378585447175e-05]]
[1400.0, 600.0, 0.001628, [0.002649922619047619], [1.5741675], [0.33299695], [5.523067992099271e-05]]
[1400.0, 550.0, 0.00122, [0.0019866511904761907], [1.5741675], [0.33299695], [4.7902415804521765e-05]]
[1400.0, 850.0, 0.00275, [0.004480694047619048], [1.5741675], [0.33299695], [7.167506081199812e-05]]
[1400.0, 900.0, 0.002763, [0.004501966666666666], [1.5741675], [0.33299695], [7.201533795120841e-05]]
[1400.0, 100.0, 0.000485, [0.0007894369047619049], [1.5741675], [0.33299695], [3.014083768530467e-05]]
[1400.0, 700.0, 0.002698, [0.004395021428571428], [1.5741675], [0.33299695], [7.12217342588553e-05]]
[1400.0, 150.0, 0.000562, [0.0009141910714285714], [1.5741675], [0.33299695], [3.2443424942435794e-05]]
[1400.0, 800.0, 0.002825, [0.004602484523809524], [1.5741675], [0.33299695], [7.284454645233097e-05]]
[1400.0, 450.0, 0.000833, [0.0013554404761904762], [1.5741675], [0.33299695], [3.949188326146798e-05]]
[1400.0, 950.0, 0.00277, [0.0045125654761904764], [1.5741675], [0.33299695], [7.229597337639149e-05]]
[1400.0, 300.0, 0.000653, [0.0010627489285714286], [1.5741675], [0.33299695], [3.503779745598877e-05]]
[1400.0, 250.0, 0.000588, [0.0009569510714285713], [1.5741675], [0.33299695], [3.321625698195323e-05]]
[1400.0, 500.0, 0.001026, [0.0016705857142857142], [1.5741675], [0.33299695], [4.390201158620403e-05]]
[1400.0, 650.0, 0.002219, [0.0036148083333333333], [1.5741675], [0.33299695], [6.448846993922279e-05]]
[1400.0, 1000.0, 0.002882, [0.004694590476190476], [1.5741675], [0.33299695], [7.34966776209319e-05]]
[1400.0, 200.0, 0.000469, [0.0007629559523809523], [1.5741675], [0.33299695], [2.9653122624875374e-05]]
[1400.0, 750.0, 0.002839, [0.004625552380952381], [1.5741675], [0.33299695], [7.300875137802165e-05]]
[1500.0, 950.0, 0.001955, [0.0031833488095238094], [1.5741675], [0.33299695], [4.9462845947758615e-05]]
[1500.0, 350.0, 0.000426, [0.0006940184523809524], [1.5741675], [0.33299695], [2.3057215878800994e-05]]
[1500.0, 150.0, 0.000321, [0.0005231252380952381], [1.5741675], [0.33299695], [2.0031501551849994e-05]]
[1500.0, 400.0, 0.00045, [0.0007326177380952381], [1.5741675], [0.33299695], [2.374427667045628e-05]]
[1500.0, 200.0, 0.00034, [0.0005538524999999999], [1.5741675], [0.33299695], [2.0640862621280317e-05]]
[1500.0, 500.0, 0.0006, [0.0009763864285714285], [1.5741675], [0.33299695], [2.7398064011251338e-05]]
[1500.0, 600.0, 0.000891, [0.001450547619047619], [1.5741675], [0.33299695], [3.333051433658117e-05]]
[1500.0, 850.0, 0.001876, [0.003054484523809524], [1.5741675], [0.33299695], [4.8356125871465875e-05]]
[1500.0, 1000.0, 0.001857, [0.003023215476190476], [1.5741675], [0.33299695], [4.811500654551845e-05]]
[1500.0, 800.0, 0.001911, [0.0031117273809523815], [1.5741675], [0.33299695], [4.895655844228097e-05]]
[1500.0, 50.0, 0.000326, [0.0005304434523809524], [1.5741675], [0.33299695], [2.0193638145266198e-05]]
[1500.0, 300.0, 0.000419, [0.0006824932142857142], [1.5741675], [0.33299695], [2.2825986329782943e-05]]
[1500.0, 100.0, 0.000346, [0.0005622597619047619], [1.5741675], [0.33299695], [2.07817149646209e-05]]
[1500.0, 750.0, 0.001997, [0.003251502380952381], [1.5741675], [0.33299695], [4.9899260760955124e-05]]
[1500.0, 650.0, 0.00119, [0.0019365142857142859], [1.5741675], [0.33299695], [3.8591613619066986e-05]]
[1500.0, 450.0, 0.000541, [0.0008808495238095239], [1.5741675], [0.33299695], [2.6088510929034092e-05]]
[1500.0, 250.0, 0.000359, [0.0005841208333333333], [1.5741675], [0.33299695], [2.116046564049215e-05]]
[1500.0, 900.0, 0.001868, [0.003041539285714286], [1.5741675], [0.33299695], [4.824801876961109e-05]]
[1500.0, 700.0, 0.001577, [0.0025673892857142858], [1.5741675], [0.33299695], [4.438421904491232e-05]]
[1500.0, 550.0, 0.000737, [0.0011993630952380951], [1.5741675], [0.33299695], [3.038554926784096e-05]]
