[100.0, 1800.0, 0.302353, [1.4914258], [9.796206], [1.3994579999999999], [1.491425418852716]]
[100.0, 800.0, 0.274756, [2.9274239], [32.18753399999999], [5.5978319999999995], [2.927424784687046]]
[100.0, 500.0, 0.087462, [11.618983599999998], [634.4209599999999], [102.62691999999998], [11.61898082277443]]
[100.0, 1100.0, 0.288146, [4.4357685], [64.841554], [8.396747999999999], [2.5609919054928696]]
[100.0, 600.0, 0.170743, [5.931373399999999], [200.58897999999996], [23.324299999999997], [4.194113664172682]]
[100.0, 1400.0, 0.063386, [2.9296227], [254.23487], [33.120506], [2.9296233184489773]]
[100.0, 1700.0, 0.084947, [2.92210308], [200.58897999999996], [23.324299999999997], [2.9221030673129924]]
[100.0, 100.0, 0.124537, [2.9443794999999997], [110.09069599999998], [15.394037999999998], [2.94438019420047]]
[100.0, 1200.0, 0.08836, [11.738786000000001], [634.4209599999999], [102.62691999999998], [11.73878902101916]]
[100.0, 1000.0, 0.12692, [5.897696799999999], [254.23487], [33.120506], [5.897695143019855]]
[100.0, 2000.0, 0.194598, [2.9274837], [64.841554], [8.396747999999999], [2.070044721739122]]
[100.0, 400.0, 0.088313, [11.732493199999999], [634.4209599999999], [102.62691999999998], [8.2961241668625]]
[100.0, 1600.0, 0.099899, [0.06541838888888889], [0.13994579999999998], [0.02798916], [0.06541838877657762]]
[100.0, 1300.0, 0.275144, [2.9319273], [32.18753399999999], [5.5978319999999995], [2.9319271989597553]]
[100.0, 1500.0, 0.276432, [2.9468657999999994], [32.18753399999999], [5.5978319999999995], [2.9468655194969444]]
[100.0, 900.0, 0.143388, [1.47313252], [32.18753399999999], [5.5978319999999995], [1.473132853139865]]
[100.0, 1900.0, 0.126403, [5.873348999999999], [254.23487], [33.120506], [4.153084977218742]]
[100.0, 200.0, 0.206091, [1.47099605], [23.324299999999997], [2.33243], [1.4709961029860004]]
[100.0, 700.0, 0.04294, [2.9642510399999993], [391.84824], [51.31345999999999], [2.9642512073034566]]
[100.0, 300.0, 0.160214, [0.73520696], [9.796206], [1.3994579999999999], [0.7352072410211966]]
[200.0, 1800.0, 0.048271, [0.7079409199999999], [64.841554], [8.396747999999999], [0.3166008272257039]]
[200.0, 700.0, 0.030295, [0.015762467333333332], [0.13994579999999998], [0.02798916], [0.01576246613217301]]
[200.0, 2000.0, 0.038935, [0.26421388], [23.324299999999997], [2.33243], [0.15254393465490523]]
[200.0, 1300.0, 0.027604, [0.9454518000000001], [200.58897999999996], [23.324299999999997], [0.6685354258377038]]
[200.0, 1400.0, 0.038811, [0.56850158], [64.841554], [8.396747999999999], [0.284250876339898]]
[200.0, 400.0, 0.017578, [0.11865377999999999], [23.324299999999997], [2.33243], [0.11865381009474579]]
[200.0, 1900.0, 0.069709, [0.70491389], [32.18753399999999], [5.5978319999999995], [0.7049137918923135]]
[200.0, 1700.0, 0.032377, [0.47386623999999994], [64.841554], [8.396747999999999], [0.3350740063030852]]
[200.0, 500.0, 0.021028, [0.142060995], [23.324299999999997], [2.33243], [0.10045229264431946]]
[200.0, 1500.0, 0.036463, [0.53394477], [64.841554], [8.396747999999999], [0.30827311073137725]]
[200.0, 100.0, 0.017363, [0.11719477499999999], [23.324299999999997], [2.33243], [0.1171947051918302]]
[200.0, 600.0, 0.026437, [0.178841215], [23.324299999999997], [2.33243], [0.1264598481732443]]
[200.0, 1000.0, 0.03046, [0.015856798], [0.13994579999999998], [0.02798916], [0.015856799448209617]]
[200.0, 1200.0, 0.052306, [0.3561720199999999], [23.324299999999997], [2.33243], [0.20563604663336627]]
[200.0, 300.0, 0.036284, [0.53131495], [64.841554], [8.396747999999999], [0.3067548206630174]]
[200.0, 1600.0, 0.048329, [0.70879744], [64.841554], [8.396747999999999], [0.3169838939126087]]
[200.0, 900.0, 0.06029, [1.41477876], [110.09069599999998], [15.394037999999998], [1.414778665233541]]
[200.0, 800.0, 0.032369, [0.47374088999999997], [64.841554], [8.396747999999999], [0.3349854263994182]]
[200.0, 1100.0, 0.01378, [0.4716012], [200.58897999999996], [23.324299999999997], [0.47160118914184257]]
[200.0, 200.0, 0.029076, [0.4253831599999999], [64.841554], [8.396747999999999], [0.24559509420996176]]
[300.0, 2000.0, 0.011108, [0.16215851], [64.841554], [8.396747999999999], [0.09362229034797215]]
[300.0, 400.0, 0.022148, [0.32375444000000003], [64.841554], [8.396747999999999], [0.13217215709066715]]
[300.0, 1000.0, 0.013913, [0.20318338], [64.841554], [8.396747999999999], [0.11730800462884022]]
[300.0, 200.0, 0.01204, [0.0811617675], [23.324299999999997], [2.33243], [0.046858781754330746]]
[300.0, 1600.0, 0.009474, [0.6532207], [391.84824], [51.31345999999999], [0.2666763265083723]]
[300.0, 1300.0, 0.015126, [0.10203763699999999], [23.324299999999997], [2.33243], [0.05891145936912443]]
[300.0, 800.0, 0.015086, [0.10177214799999999], [23.324299999999997], [2.33243], [0.05875818062193553]]
[300.0, 700.0, 0.020215, [0.13654042], [23.324299999999997], [2.33243], [0.078831665385808]]
[300.0, 300.0, 0.020137, [0.13600958], [23.324299999999997], [2.33243], [0.06082534706025112]]
[300.0, 900.0, 0.02698, [0.27070792999999993], [32.18753399999999], [5.5978319999999995], [0.2707080458723013]]
[300.0, 600.0, 0.020197, [0.13641759999999997], [23.324299999999997], [2.33243], [0.07876077900833638]]
[300.0, 1400.0, 0.012081, [0.08144147049999999], [23.324299999999997], [2.33243], [0.04702026419534454]]
[300.0, 500.0, 0.011163, [0.16296413099999998], [64.841554], [8.396747999999999], [0.09408740303568804]]
[300.0, 1200.0, 0.016115, [0.10874152749999999], [23.324299999999997], [2.33243], [0.054370754638868125]]
[300.0, 100.0, 0.01594, [0.5455783999999999], [200.58897999999996], [23.324299999999997], [0.24399008815933484]]
[300.0, 1100.0, 0.016093, [0.1085916365], [23.324299999999997], [2.33243], [0.05429582237612761]]
[300.0, 1900.0, 0.020144, [0.1360611], [23.324299999999997], [2.33243], [0.06803053397188648]]
[300.0, 1500.0, 0.01388, [0.20269313499999997], [64.841554], [8.396747999999999], [0.11702494024779501]]
[300.0, 1700.0, 0.013911, [0.20315561899999998], [64.841554], [8.396747999999999], [0.11729199482488138]]
[300.0, 1800.0, 0.012641, [0.432598536], [200.58897999999996], [23.324299999999997], [0.21629926869964214]]
[400.0, 900.0, 0.004704, [0.031657176999999995], [23.324299999999997], [2.33243], [0.02238500330578488]]
[400.0, 1200.0, 0.003741, [0.0251689575], [23.324299999999997], [2.33243], [0.017797140809691872]]
[400.0, 1500.0, 0.006964, [0.10161883], [64.841554], [8.396747999999999], [0.05080940510377975]]
[400.0, 200.0, 0.00559, [0.0376216405], [23.324299999999997], [2.33243], [0.021720857700606572]]
[400.0, 1600.0, 0.006925, [0.101045233], [64.841554], [8.396747999999999], [0.05052261901366555]]
[400.0, 500.0, 0.009378, [0.06317445649999999], [23.324299999999997], [2.33243], [0.02825247155117584]]
[400.0, 1700.0, 0.013075, [0.088163255], [23.324299999999997], [2.33243], [0.03332258105624472]]
[400.0, 300.0, 0.005431, [0.004473681955555555], [0.41983739999999997], [0.05597832], [0.0015816852570425253]]
[400.0, 1300.0, 0.009392, [0.06327259749999999], [23.324299999999997], [2.33243], [0.0365304518860635]]
[400.0, 1400.0, 0.005537, [0.18942905799999998], [200.58897999999996], [23.324299999999997], [0.10936691302217502]]
[400.0, 1100.0, 0.006922, [0.101000176], [64.841554], [8.396747999999999], [0.0505000918216987]]
[400.0, 800.0, 0.011244, [0.07578050349999998], [23.324299999999997], [2.33243], [0.030937265716284624]]
[400.0, 100.0, 0.010348, [0.151056065], [64.841554], [8.396747999999999], [0.061668387306625744]]
[400.0, 1000.0, 0.003667, [0.125431512], [200.58897999999996], [23.324299999999997], [0.08869348738210714]]
[400.0, 400.0, 0.005907, [0.202064614], [200.58897999999996], [23.324299999999997], [0.10103231653287971]]
[400.0, 1800.0, 0.00313, [0.0210518425], [23.324299999999997], [2.33243], [0.02105184547135951]]
[400.0, 2000.0, 0.007451, [0.0501737755], [23.324299999999997], [2.33243], [0.025086880326178458]]
[400.0, 600.0, 0.005605, [0.0377273025], [23.324299999999997], [2.33243], [0.02178186825090997]]
[400.0, 700.0, 0.007003, [0.0471477575], [23.324299999999997], [2.33243], [0.02722076235615013]]
[400.0, 1900.0, 0.005611, [0.0377633665], [23.324299999999997], [2.33243], [0.02180269286693733]]
[500.0, 1700.0, 0.006114, [0.04115693599999999], [23.324299999999997], [2.33243], [0.01840593951011466]]
[500.0, 1100.0, 0.003911, [0.026310090999999997], [23.324299999999997], [2.33243], [0.013155044982819329]]
[500.0, 300.0, 0.003659, [0.024617498], [23.324299999999997], [2.33243], [0.014212920670995105]]
[500.0, 1300.0, 0.002909, [0.019568698999999995], [23.324299999999997], [2.33243], [0.011297990623336522]]
[500.0, 1800.0, 0.002915, [0.019607684], [23.324299999999997], [2.33243], [0.011320502686497627]]
[500.0, 1400.0, 0.004505, [0.06572089], [64.841554], [8.396747999999999], [0.02939128234698173]]
[500.0, 600.0, 0.004469, [0.06519752499999999], [64.841554], [8.396747999999999], [0.032598765835534324]]
[500.0, 1900.0, 0.002684, [0.039148644999999996], [64.841554], [8.396747999999999], [0.022602474592398062]]
[500.0, 1200.0, 0.00177, [0.0014480227555555556], [0.41983739999999997], [0.05597832], [0.0006475753573575744]]
[500.0, 800.0, 0.00294, [0.019772789499999995], [23.324299999999997], [2.33243], [0.01141582647358482]]
[500.0, 1000.0, 0.003593, [0.052413113], [64.841554], [8.396747999999999], [0.026206559713171054]]
[500.0, 2000.0, 0.003602, [0.052542327], [64.841554], [8.396747999999999], [0.026271165429040257]]
[500.0, 700.0, 0.002137, [0.001749303333333333], [0.41983739999999997], [0.05597832], [0.0007141500800182853]]
[500.0, 100.0, 0.006798, [0.045765101], [23.324299999999997], [2.33243], [0.01729758270684086]]
[500.0, 200.0, 0.006103, [0.208790228], [200.58897999999996], [23.324299999999997], [0.07381849193799613]]
[500.0, 1500.0, 0.001769, [0.0014466580888888886], [0.41983739999999997], [0.05597832], [0.0006469651228029659]]
[500.0, 900.0, 0.003573, [0.052121427], [64.841554], [8.396747999999999], [0.026060715301004303]]
[500.0, 1600.0, 0.003895, [0.026202945499999998], [23.324299999999997], [2.33243], [0.0131014731041971]]
[500.0, 500.0, 0.002909, [0.019567468499999997], [23.324299999999997], [2.33243], [0.011297284167002262]]
[500.0, 400.0, 0.003601, [0.052531356], [64.841554], [8.396747999999999], [0.02626567775634202]]
[600.0, 200.0, 0.004248, [0.0182811245], [9.796206], [1.3994579999999999], [0.012926705941576919]]
[600.0, 1400.0, 0.002706, [0.018203729499999998], [23.324299999999997], [2.33243], [0.008140957136602551]]
[600.0, 1900.0, 0.002169, [0.014585461499999999], [23.324299999999997], [2.33243], [0.007292733863236748]]
[600.0, 100.0, 0.004008, [0.05846034199999999], [64.841554], [8.396747999999999], [0.02066885757365414]]
[600.0, 800.0, 0.002698, [0.018149829], [23.324299999999997], [2.33243], [0.00811684875890884]]
[600.0, 1200.0, 0.001388, [0.0011347969999999999], [0.41983739999999997], [0.05597832], [0.0004289129515990193]]
[600.0, 600.0, 0.001869, [0.027263900999999997], [64.841554], [8.396747999999999], [0.01574082427956046]]
[600.0, 1600.0, 0.001625, [0.01092934125], [23.324299999999997], [2.33243], [0.006310058488239233]]
[600.0, 400.0, 0.001276, [0.0436484984], [200.58897999999996], [23.324299999999997], [0.025200473511424338]]
[600.0, 500.0, 0.003504, [0.051106045999999995], [64.841554], [8.396747999999999], [0.019316268984977403]]
[600.0, 1100.0, 0.003799, [0.0255599345], [23.324299999999997], [2.33243], [0.009660748840022703]]
[600.0, 300.0, 0.002996, [0.04369425], [64.841554], [8.396747999999999], [0.017838097768540232]]
[600.0, 1700.0, 0.001621, [0.010897342499999999], [23.324299999999997], [2.33243], [0.006291583681792684]]
[600.0, 1500.0, 0.003238, [0.0217833115], [23.324299999999997], [2.33243], [0.00889300212386121]]
[600.0, 1800.0, 0.002005, [0.029238474], [64.841554], [8.396747999999999], [0.014619233143362888]]
[600.0, 1000.0, 0.002172, [0.014609162999999998], [23.324299999999997], [2.33243], [0.007304581475005943]]
[600.0, 2000.0, 0.001712, [0.058553721999999996], [200.58897999999996], [23.324299999999997], [0.029276862529991152]]
[600.0, 700.0, 0.002706, [0.018202223], [23.324299999999997], [2.33243], [0.008140281315777728]]
[600.0, 1300.0, 0.002698, [0.018144746], [23.324299999999997], [2.33243], [0.008114579604021392]]
[600.0, 900.0, 0.002173, [0.0017782567555555554], [0.41983739999999997], [0.05597832], [0.0005361645693554348]]
[700.0, 2000.0, 0.001591, [0.010699846099999999], [23.324299999999997], [2.33243], [0.004785118078480404]]
[700.0, 100.0, 0.002355, [0.034343738], [64.841554], [8.396747999999999], [0.01214234894079395]]
[700.0, 1000.0, 0.001383, [0.0011304300666666665], [0.41983739999999997], [0.05597832], [0.0003263270934219752]]
[700.0, 600.0, 0.001586, [0.010665499049999997], [23.324299999999997], [2.33243], [0.0047697558375665305]]
[700.0, 1400.0, 0.001269, [0.008529966299999999], [23.324299999999997], [2.33243], [0.004264982412038765]]
[700.0, 1900.0, 0.001276, [0.008580913599999998], [23.324299999999997], [2.33243], [0.004290455657619596]]
[700.0, 200.0, 0.002923, [0.042638274], [64.841554], [8.396747999999999], [0.013483403524333163]]
[700.0, 400.0, 0.001586, [0.010667293049999998], [23.324299999999997], [2.33243], [0.004770558460494955]]
[700.0, 1300.0, 0.000952, [0.0064021270499999994], [23.324299999999997], [2.33243], [0.003696268882264925]]
[700.0, 1100.0, 0.001899, [0.012772578499999998], [23.324299999999997], [2.33243], [0.005214384575383753]]
[700.0, 800.0, 0.001251, [0.0427732564], [200.58897999999996], [23.324299999999997], [0.019128783495037004]]
[700.0, 1500.0, 0.002532, [0.0170268195], [23.324299999999997], [2.33243], [0.00601989027100993]]
[700.0, 1600.0, 0.001587, [0.01066949645], [23.324299999999997], [2.33243], [0.004771543880129365]]
[700.0, 1800.0, 0.001454, [0.0212048592], [64.841554], [8.396747999999999], [0.00948310110143301]]
[700.0, 1200.0, 0.001583, [0.01064177685], [23.324299999999997], [2.33243], [0.005320888570060455]]
[700.0, 700.0, 0.001891, [0.012716423999999999], [23.324299999999997], [2.33243], [0.005191459712836073]]
[700.0, 900.0, 0.00221, [0.014859690499999998], [23.324299999999997], [2.33243], [0.005616435644605927]]
[700.0, 300.0, 0.000879, [0.012812034999999998], [64.841554], [8.396747999999999], [0.007397030282484992]]
[700.0, 500.0, 0.001462, [0.021317080799999995], [64.841554], [8.396747999999999], [0.009533287753970296]]
[700.0, 1700.0, 0.00095, [0.0063889468999999985], [23.324299999999997], [2.33243], [0.0036886597328840186]]
[800.0, 300.0, 0.001064, [0.015514304999999999], [64.841554], [8.396747999999999], [0.006333687615441734]]
[800.0, 100.0, 0.002657, [0.038759576999999996], [64.841554], [8.396747999999999], [0.010007682973595835]]
[800.0, 1800.0, 0.000959, [0.0064471115999999995], [23.324299999999997], [2.33243], [0.0028832355444881707]]
[800.0, 800.0, 0.00112, [0.0009148055777777778], [0.41983739999999997], [0.05597832], [0.00022870134851988696]]
[800.0, 400.0, 0.000889, [0.012965884299999998], [64.841554], [8.396747999999999], [0.0057985203250484505]]
[800.0, 200.0, 0.001915, [0.012878240499999999], [23.324299999999997], [2.33243], [0.004072456730893528]]
[800.0, 1700.0, 0.001415, [0.020630381299999997], [64.841554], [8.396747999999999], [0.007293941520193316]]
[800.0, 600.0, 0.000886, [0.012916793099999997], [64.841554], [8.396747999999999], [0.005776565273586026]]
[800.0, 1600.0, 0.00134, [0.00900937485], [23.324299999999997], [2.33243], [0.003405223403464154]]
[800.0, 1000.0, 0.001904, [0.012802329], [23.324299999999997], [2.33243], [0.00404845246050883]]
[800.0, 1100.0, 0.00153, [0.01028934785], [23.324299999999997], [2.33243], [0.0036378337372672763]]
[800.0, 1500.0, 0.000884, [0.012886550399999998], [64.841554], [8.396747999999999], [0.00576304139062006]]
[800.0, 1400.0, 0.001242, [0.018108199000000002], [64.841554], [8.396747999999999], [0.006844255505896897]]
[800.0, 1200.0, 0.000886, [0.012921742699999999], [64.841554], [8.396747999999999], [0.00577877917903081]]
[800.0, 900.0, 0.000769, [0.0051699998], [23.324299999999997], [2.33243], [0.0025849997142166183]]
[800.0, 1300.0, 0.001339, [0.019519387], [64.841554], [8.396747999999999], [0.007968754871371058]]
[800.0, 2000.0, 0.00096, [0.006457755999999999], [23.324299999999997], [2.33243], [0.0028879964447692794]]
[800.0, 500.0, 0.000773, [0.0006306451777777777], [0.41983739999999997], [0.05597832], [0.00019014659153296682]]
[800.0, 1900.0, 0.000493, [0.0004026139266666666], [0.41983739999999997], [0.05597832], [0.00015217375238056082]]
[800.0, 700.0, 0.000771, [0.00518616765], [23.324299999999997], [2.33243], [0.0025930839969040722]]
[900.0, 200.0, 0.001326, [0.019338535699999996], [64.841554], [8.396747999999999], [0.005582553442646116]]
[900.0, 1100.0, 0.000834, [0.005605863599999999], [23.324299999999997], [2.33243], [0.002118816875050791]]
[900.0, 300.0, 0.000877, [0.0127933038], [64.841554], [8.396747999999999], [0.004523116517402575]]
[900.0, 1000.0, 0.000659, [0.0005375677555555555], [0.41983739999999997], [0.05597832], [0.00013879938145164056]]
[900.0, 900.0, 0.000774, [0.011291286499999997], [64.841554], [8.396747999999999], [0.004267706864347643]]
[900.0, 1600.0, 0.000715, [0.004807348449999999], [23.324299999999997], [2.33243], [0.001962591832883241]]
[900.0, 700.0, 0.000719, [0.00483707365], [23.324299999999997], [2.33243], [0.0019747271469749937]]
[900.0, 1900.0, 0.000717, [0.004820634399999999], [23.324299999999997], [2.33243], [0.0019680156001668277]]
[900.0, 500.0, 0.000597, [0.0040160622], [23.324299999999997], [2.33243], [0.0017960375128320675]]
[900.0, 1400.0, 0.000769, [0.011215227799999998], [64.841554], [8.396747999999999], [0.00423895802998803]]
[900.0, 1200.0, 0.000948, [0.006373181549999999], [23.324299999999997], [2.33243], [0.002253260006080079]]
[900.0, 1500.0, 0.000714, [0.00480342695], [23.324299999999997], [2.33243], [0.001960990777005338]]
[900.0, 800.0, 0.000595, [0.004002447349999999], [23.324299999999997], [2.33243], [0.0017899490481575165]]
[900.0, 400.0, 0.000717, [0.004823385199999999], [23.324299999999997], [2.33243], [0.001969138858105238]]
[900.0, 100.0, 0.001077, [0.007239039549999999], [23.324299999999997], [2.33243], [0.0024130132422968587]]
[900.0, 600.0, 0.000552, [0.008044675499999997], [64.841554], [8.396747999999999], [0.0035976889373596486]]
[900.0, 1800.0, 0.000554, [0.008076769699999998], [64.841554], [8.396747999999999], [0.003612041442176432]]
[900.0, 2000.0, 0.000392, [0.0003200827199999999], [0.41983739999999997], [0.05597832], [0.00010669424550879655]]
[900.0, 1700.0, 0.000482, [0.0032389968499999997], [23.324299999999997], [2.33243], [0.001619498498764355]]
[900.0, 1300.0, 0.00084, [0.005650107549999999], [23.324299999999997], [2.33243], [0.0021355397818818545]]
[1000.0, 1600.0, 0.000378, [0.0025411802999999998], [23.324299999999997], [2.33243], [0.0011364505164106354]]
[1000.0, 1400.0, 0.000379, [0.0025487495999999992], [23.324299999999997], [2.33243], [0.0011398357139298628]]
[1000.0, 1500.0, 0.000348, [0.0050779354], [64.841554], [8.396747999999999], [0.002270922211789739]]
[1000.0, 700.0, 0.000608, [0.004084810349999999], [23.324299999999997], [2.33243], [0.0014441985528312925]]
[1000.0, 1900.0, 0.000455, [0.00306132645], [23.324299999999997], [2.33243], [0.0012497812498593504]]
[1000.0, 1800.0, 0.00025, [0.00020421904444444444], [0.41983739999999997], [0.05597832], [6.807301599145464e-05]]
[1000.0, 500.0, 0.000305, [0.0002485509822222222], [0.41983739999999997], [0.05597832], [7.494093354761238e-05]]
[1000.0, 1000.0, 0.000682, [0.0045839023000000005], [23.324299999999997], [2.33243], [0.0015279674841108368]]
[1000.0, 200.0, 0.000606, [0.0040765407], [23.324299999999997], [2.33243], [0.0014412744048237307]]
[1000.0, 1100.0, 0.000437, [0.006367860499999999], [64.841554], [8.396747999999999], [0.0028477947626189635]]
[1000.0, 2000.0, 0.000278, [0.0040545113], [64.841554], [8.396747999999999], [0.0020272558018168303]]
[1000.0, 1700.0, 0.000676, [0.004544722949999999], [23.324299999999997], [2.33243], [0.0015149075318315636]]
[1000.0, 800.0, 0.00038, [0.0025567628], [23.324299999999997], [2.33243], [0.0011434190978158445]]
[1000.0, 1300.0, 0.000308, [0.00025092724], [0.41983739999999997], [0.05597832], [7.565741105082555e-05]]
[1000.0, 400.0, 0.000677, [0.00455204615], [23.324299999999997], [2.33243], [0.0015173486291884272]]
[1000.0, 300.0, 0.000697, [0.0101656665], [64.841554], [8.396747999999999], [0.003214666153739763]]
[1000.0, 600.0, 0.000377, [0.0025365998499999997], [23.324299999999997], [2.33243], [0.0011344020516333702]]
[1000.0, 1200.0, 0.000303, [0.0002472782644444444], [0.41983739999999997], [0.05597832], [7.455721978602892e-05]]
[1000.0, 100.0, 0.000558, [0.008138936399999998], [64.841554], [8.396747999999999], [0.002877548190734605]]
[1000.0, 900.0, 0.000378, [0.0025412032999999994], [23.324299999999997], [2.33243], [0.0011364608152065782]]
[1100.0, 1300.0, 0.00034, [0.0022835871999999998], [23.324299999999997], [2.33243], [0.0008631150307172272]]
[1100.0, 1800.0, 0.000303, [0.00024728117777777776], [0.41983739999999997], [0.05597832], [5.9974506065308927e-05]]
[1100.0, 2000.0, 0.000341, [0.00229367615], [23.324299999999997], [2.33243], [0.0008669282455889875]]
[1100.0, 700.0, 0.000194, [0.0013070693], [23.324299999999997], [2.33243], [0.0006535347909637252]]
[1100.0, 900.0, 0.000214, [0.00017459248888888887], [0.41983739999999997], [0.05597832], [5.040051350414479e-05]]
[1100.0, 200.0, 0.000585, [0.0085363166], [64.841554], [8.396747999999999], [0.0023675480987722297]]
[1100.0, 1900.0, 0.000293, [0.0019709896], [23.324299999999997], [2.33243], [0.000804653200298116]]
[1100.0, 1500.0, 0.000244, [0.0016387005499999998], [23.324299999999997], [2.33243], [0.0007328493540626203]]
[1100.0, 800.0, 0.000195, [0.00130828025], [23.324299999999997], [2.33243], [0.0006541400761687056]]
[1100.0, 500.0, 0.000146, [0.00098215359], [23.324299999999997], [2.33243], [0.0005670465637846683]]
[1100.0, 1700.0, 0.00039, [0.00261856955], [23.324299999999997], [2.33243], [0.000925804069849555]]
[1100.0, 400.0, 0.000244, [0.00163919735], [23.324299999999997], [2.33243], [0.0007330712862675771]]
[1100.0, 600.0, 0.000314, [0.0045744746], [64.841554], [8.396747999999999], [0.0017289884956239589]]
[1100.0, 1400.0, 0.000249, [0.00020281624888888886], [0.41983739999999997], [0.05597832], [5.420491773052367e-05]]
[1100.0, 100.0, 0.000448, [0.006529309], [64.841554], [8.396747999999999], [0.0020647487002054266]]
[1100.0, 1100.0, 0.000291, [0.00195846495], [23.324299999999997], [2.33243], [0.0007995397640205269]]
[1100.0, 1000.0, 0.000389, [0.0026174528999999996], [23.324299999999997], [2.33243], [0.0009254092229927254]]
[1100.0, 300.0, 0.000541, [0.0078889977], [64.841554], [8.396747999999999], [0.0022773570528136335]]
[1100.0, 1200.0, 0.000233, [0.00018982129999999998], [0.41983739999999997], [0.05597832], [5.2646950317922286e-05]]
[1100.0, 1600.0, 0.000386, [0.00259568225], [23.324299999999997], [2.33243], [0.0009177122492916829]]
[1200.0, 100.0, 0.000265, [0.003857882], [64.841554], [8.396747999999999], [0.0012859604208528346]]
[1200.0, 1400.0, 0.000159, [0.001068327115], [23.324299999999997], [2.33243], [0.0004777704030180186]]
[1200.0, 1700.0, 0.000141, [0.00011492205555555555], [0.41983739999999997], [0.05597832], [3.31751430523398e-05]]
[1200.0, 1800.0, 0.000222, [0.0014951196], [23.324299999999997], [2.33243], [0.0005651022069059719]]
[1200.0, 700.0, 0.000206, [0.0029970679], [64.841554], [8.396747999999999], [0.0011327853750821469]]
[1200.0, 200.0, 0.000318, [0.0021344873999999997], [23.324299999999997], [2.33243], [0.0006749841705551323]]
[1200.0, 1900.0, 0.000159, [0.0010667728899999998], [23.324299999999997], [2.33243], [0.00047707538974463976]]
[1200.0, 1200.0, 0.000175, [0.00014256606222222222], [0.41983739999999997], [0.05597832], [3.6810401770675074e-05]]
[1200.0, 1100.0, 0.00019, [0.0012740068], [23.324299999999997], [2.33243], [0.0005201110684267352]]
[1200.0, 1300.0, 0.000163, [0.0001329543622222222], [0.41983739999999997], [0.05597832], [3.55335494330167e-05]]
[1200.0, 2000.0, 0.000176, [0.0025716369], [64.841554], [8.396747999999999], [0.0010498667382101406]]
[1200.0, 800.0, 0.000318, [0.0021407456999999997], [23.324299999999997], [2.33243], [0.0006769631068234072]]
[1200.0, 1600.0, 0.000294, [0.0042895897], [64.841554], [8.396747999999999], [0.0013564868860405546]]
[1200.0, 1000.0, 0.000131, [0.00010711396444444443], [0.41983739999999997], [0.05597832], [3.57046579801779e-05]]
[1200.0, 1500.0, 0.000205, [0.0029844064], [64.841554], [8.396747999999999], [0.0011280000562943248]]
[1200.0, 300.0, 0.000319, [0.00214683725], [23.324299999999997], [2.33243], [0.0006788894263795835]]
[1200.0, 600.0, 0.00038, [0.00255566685], [23.324299999999997], [2.33243], [0.0007377574018605302]]
[1200.0, 500.0, 0.000223, [0.0014966824499999998], [23.324299999999997], [2.33243], [0.000565692937025026]]
[1200.0, 900.0, 0.000286, [0.0019206046499999996], [23.324299999999997], [2.33243], [0.0006402012919777654]]
[1200.0, 400.0, 0.000318, [0.00213850435], [23.324299999999997], [2.33243], [0.0006762545641250785]]
[1300.0, 1600.0, 0.000126, [0.0008452763349999999], [23.324299999999997], [2.33243], [0.00034508263676980325]]
[1300.0, 1700.0, 0.000114, [9.317984888888888e-05], [0.41983739999999997], [0.05597832], [2.4058934358552456e-05]]
[1300.0, 900.0, 0.000146, [0.0009838580049999998], [23.324299999999997], [2.33243], [0.00037186330721113105]]
[1300.0, 200.0, 0.000115, [0.00394667166], [200.58897999999996], [23.324299999999997], [0.0014917013454441878]]
[1300.0, 1800.0, 0.000104, [0.00069952614], [23.324299999999997], [2.33243], [0.00031283764755061046]]
[1300.0, 1000.0, 9.7e-05, [0.0014128881599999997], [64.841554], [8.396747999999999], [0.0006318628718321721]]
[1300.0, 1400.0, 0.000188, [0.00126448135], [23.324299999999997], [2.33243], [0.0004214939047601993]]
[1300.0, 1200.0, 0.000104, [0.0007018772], [23.324299999999997], [2.33243], [0.0003138890188028246]]
[1300.0, 500.0, 0.000208, [0.0013984782], [23.324299999999997], [2.33243], [0.00044223772962061924]]
[1300.0, 100.0, 0.000193, [0.0028113382999999997], [64.841554], [8.396747999999999], [0.0008890230435708626]]
[1300.0, 1100.0, 0.000188, [0.0012658486999999998], [23.324299999999997], [2.33243], [0.0004219497156060186]]
[1300.0, 2000.0, 8.4e-05, [6.86012311111111e-05], [0.41983739999999997], [0.05597832], [2.068404213427215e-05]]
[1300.0, 1300.0, 0.000107, [8.717209555555555e-05], [0.41983739999999997], [0.05597832], [2.329772611168971e-05]]
[1300.0, 1500.0, 0.000126, [0.000845452285], [23.324299999999997], [2.33243], [0.00034515448707788803]]
[1300.0, 600.0, 0.000188, [0.0012630415499999999], [23.324299999999997], [2.33243], [0.0004210140419273447]]
[1300.0, 300.0, 0.000216, [0.0031436584000000003], [64.841554], [8.396747999999999], [0.0009478486688285213]]
[1300.0, 1900.0, 0.00023, [0.0015453872499999997], [23.324299999999997], [2.33243], [0.000465951703237578]]
[1300.0, 400.0, 0.000212, [0.0030923959999999994], [64.841554], [8.396747999999999], [0.0009323925970319584]]
[1300.0, 700.0, 0.000125, [0.0008417723999999999], [23.324299999999997], [2.33243], [0.00034365211613636247]]
[1300.0, 800.0, 0.000146, [0.0009800142449999999], [23.324299999999997], [2.33243], [0.0003704105192215793]]
[1400.0, 1100.0, 0.000111, [0.0007430897499999999], [23.324299999999997], [2.33243], [0.00026272192352371355]]
[1400.0, 400.0, 0.000166, [0.0024239124999999996], [64.841554], [8.396747999999999], [0.0006722720199443078]]
[1400.0, 1500.0, 8.3e-05, [0.00056088191], [23.324299999999997], [2.33243], [0.0002289790929866742]]
[1400.0, 1800.0, 6.6e-05, [5.361202888888888e-05], [0.41983739999999997], [0.05597832], [1.4869302737560848e-05]]
[1400.0, 1600.0, 9.7e-05, [0.000655247], [23.324299999999997], [2.33243], [0.0002476600762133453]]
[1400.0, 1400.0, 6.9e-05, [0.0004645699849999999], [23.324299999999997], [2.33243], [0.00020776203761755898]]
[1400.0, 600.0, 0.000152, [0.001024205525], [23.324299999999997], [2.33243], [0.0003088096265500802]]
[1400.0, 1700.0, 6.6e-05, [5.399158e-05], [0.41983739999999997], [0.05597832], [1.4974571677956988e-05]]
[1400.0, 900.0, 8.3e-05, [0.000559774], [23.324299999999997], [2.33243], [0.00022852678934864507]]
[1400.0, 100.0, 0.000165, [0.00110971389], [23.324299999999997], [2.33243], [0.00032034684113473006]]
[1400.0, 700.0, 0.00011, [0.0007427256599999999], [23.324299999999997], [2.33243], [0.00026259317670114735]]
[1400.0, 2000.0, 6e-05, [4.919697444444444e-05], [0.41983739999999997], [0.05597832], [1.4201941227074694e-05]]
[1400.0, 800.0, 9.7e-05, [0.0006514842], [23.324299999999997], [2.33243], [0.0002462379076218769]]
[1400.0, 1300.0, 9.7e-05, [0.0006535230349999999], [23.324299999999997], [2.33243], [0.00024700848902416286]]
[1400.0, 300.0, 0.000154, [0.0022479638799999995], [64.841554], [8.396747999999999], [0.000648931254063171]]
[1400.0, 1200.0, 8.3e-05, [0.0005581249], [23.324299999999997], [2.33243], [0.0002278535139075103]]
[1400.0, 500.0, 0.000127, [0.0018587150999999995], [64.841554], [8.396747999999999], [0.0005877774088887731]]
[1400.0, 1000.0, 9.7e-05, [7.898992222222221e-05], [0.41983739999999997], [0.05597832], [1.812153075865935e-05]]
[1400.0, 200.0, 0.00014, [0.0020370830899999995], [64.841554], [8.396747999999999], [0.0006142037496629275]]
[1400.0, 1900.0, 6.6e-05, [5.391772444444444e-05], [0.41983739999999997], [0.05597832], [1.4954084836055686e-05]]
[1500.0, 1500.0, 0.000258, [0.00021061360666666668], [0.41983739999999997], [0.05597832], [0.0001053068010653504]]
[1500.0, 1100.0, 0.000318, [0.004631424899999999], [64.841554], [8.396747999999999], [0.0032749116797251183]]
[1500.0, 1800.0, 0.00033, [0.0048079889999999995], [64.841554], [8.396747999999999], [0.0027758941928683087]]
[1500.0, 400.0, 0.000158, [0.0015810133299999998], [32.18753399999999], [5.5978319999999995], [0.0015810135423202421]]
[1500.0, 200.0, 0.000325, [0.004742625299999999], [64.841554], [8.396747999999999], [0.0027381555543832784]]
[1500.0, 500.0, 9.3e-05, [0.006389901399999999], [391.84824], [51.31345999999999], [0.0045183423606451065]]
[1500.0, 1300.0, 0.000267, [0.00179393905], [23.324299999999997], [2.33243], [0.0010357308225354693]]
[1500.0, 600.0, 0.000278, [0.009497606199999998], [200.58897999999996], [23.324299999999997], [0.009497606532174302]]
[1500.0, 1000.0, 0.000333, [0.0048597803999999994], [64.841554], [8.396747999999999], [0.0048597791750243135]]
[1500.0, 2000.0, 0.000333, [0.004849457999999999], [64.841554], [8.396747999999999], [0.003429085573443742]]
[1500.0, 800.0, 0, [0.0], [634.4209599999999], [102.62691999999998], [0.0]]
[1500.0, 1700.0, 0.000134, [0.0045818852], [200.58897999999996], [23.324299999999997], [0.004581884950978146]]
[1500.0, 1200.0, 0.000139, [0.004763327599999999], [200.58897999999996], [23.324299999999997], [0.0033681795569713915]]
[1500.0, 300.0, 0.000228, [0.015717197199999998], [391.84824], [51.31345999999999], [0.007028942995927623]]
[1500.0, 1400.0, 0.000117, [0.0007871732749999998], [23.324299999999997], [2.33243], [0.0007871734459444119]]
[1500.0, 100.0, 0.000487, [0.0048614548], [32.18753399999999], [5.5978319999999995], [0.00486145467324339]]
[1500.0, 900.0, 0.000128, [0.0001045414911111111], [0.41983739999999997], [0.05597832], [5.227072636350007e-05]]
[1500.0, 700.0, 0.000176, [0.0011840100999999997], [23.324299999999997], [2.33243], [0.0008372212462963419]]
[1500.0, 1900.0, 0.000129, [0.00010541569555555555], [0.41983739999999997], [0.05597832], [6.0861766789916005e-05]]
[1500.0, 1600.0, 0.000354, [0.0023824193499999997], [23.324299999999997], [2.33243], [0.0023824195038867524]]
[1600.0, 1500.0, 0.000121, [0.00081442103], [23.324299999999997], [2.33243], [0.0008144213611515846]]
[1600.0, 100.0, 0.000372, [0.00159760185], [9.796206], [1.3994579999999999], [0.0015976024998415593]]
[1600.0, 1300.0, 9.2e-05, [0.0031415207799999996], [200.58897999999996], [23.324299999999997], [0.0031415204853701014]]
[1600.0, 900.0, 7.9e-05, [0.0005336893549999998], [23.324299999999997], [2.33243], [0.0005336894644828582]]
[1600.0, 300.0, 0.000138, [0.0032108289799999998], [110.09069599999998], [15.394037999999998], [0.0032108299855333356]]
[1600.0, 500.0, 0.00032, [0.0032000360000000003], [32.18753399999999], [5.5978319999999995], [0.003200037370094293]]
[1600.0, 1000.0, 0.000238, [0.0016013013999999998], [23.324299999999997], [2.33243], [0.001601301807124441]]
[1600.0, 1200.0, 5.8e-05, [4.7331740888888886e-05], [0.41983739999999997], [0.05597832], [3.3468596026723316e-05]]
[1600.0, 1800.0, 8e-05, [0.000536624615], [23.324299999999997], [2.33243], [0.0005366247995573815]]
[1600.0, 1100.0, 8.6e-05, [7.038638888888889e-05], [0.41983739999999997], [0.05597832], [4.977067103038509e-05]]
[1600.0, 1900.0, 7.9e-05, [0.0005313828], [23.324299999999997], [2.33243], [0.0005313828831454773]]
[1600.0, 1700.0, 8.1e-05, [0.00054352519], [23.324299999999997], [2.33243], [0.0005435253310564283]]
[1600.0, 800.0, 0.000187, [0.0063886225999999985], [200.58897999999996], [23.324299999999997], [0.004517436317647432]]
[1600.0, 200.0, 9.5e-05, [0.000639261885], [23.324299999999997], [2.33243], [0.00045202636759374994]]
[1600.0, 1600.0, 0.000228, [0.0015346830499999998], [23.324299999999997], [2.33243], [0.0010851849338937578]]
[1600.0, 2000.0, 0, [0.0], [634.4209599999999], [102.62691999999998], [0.0]]
[1600.0, 1400.0, 8.9e-05, [7.216827555555555e-05], [0.41983739999999997], [0.05597832], [5.1030680715830035e-05]]
[1600.0, 700.0, 0.000319, [0.0031876136999999995], [32.18753399999999], [5.5978319999999995], [0.0031876141359957607]]
[1600.0, 400.0, 0.000316, [0.0031557241999999996], [32.18753399999999], [5.5978319999999995], [0.0031557240500398637]]
[1600.0, 600.0, 0.000321, [0.0032056411], [32.18753399999999], [5.5978319999999995], [0.0022667309244813333]]
[1700.0, 900.0, 7.7e-05, [0.000515014045], [23.324299999999997], [2.33243], [0.000515013989858528]]
[1700.0, 1500.0, 0.000117, [9.527351333333333e-05], [0.41983739999999997], [0.05597832], [6.736855492433093e-05]]
[1700.0, 1800.0, 5.3e-05, [0.0003549410599999999], [23.324299999999997], [2.33243], [0.0003549410681014526]]
[1700.0, 700.0, 0.000253, [0.001086165455], [9.796206], [1.3994579999999999], [0.0010861654115511138]]
[1700.0, 500.0, 9.5e-05, [0.00063622094], [23.324299999999997], [2.33243], [0.00036732231350681654]]
[1700.0, 300.0, 7.9e-05, [0.0005328169649999999], [23.324299999999997], [2.33243], [0.00037675849924056126]]
[1700.0, 800.0, 9.3e-05, [0.00428761676], [254.23487], [33.120506], [0.004287616793044826]]
[1700.0, 1300.0, 5.9e-05, [4.8450133777777774e-05], [0.41983739999999997], [0.05597832], [3.425941596440637e-05]]
[1700.0, 400.0, 0.000183, [0.004266722179999999], [110.09069599999998], [15.394037999999998], [0.004266722058911267]]
[1700.0, 1000.0, 7.7e-05, [0.000520755765], [23.324299999999997], [2.33243], [0.0003682299281698868]]
[1700.0, 2000.0, 0, [0.0], [634.4209599999999], [102.62691999999998], [0.0]]
[1700.0, 1600.0, 7.3e-05, [5.93929e-05], [0.41983739999999997], [0.05597832], [2.6561304082591676e-05]]
[1700.0, 1400.0, 6.3e-05, [0.0021514728999999996], [200.58897999999996], [23.324299999999997], [0.002151473159488633]]
[1700.0, 1200.0, 0.000146, [0.0021216094699999994], [64.841554], [8.396747999999999], [0.002121609439788577]]
[1700.0, 100.0, 9.3e-05, [0.00430391134], [254.23487], [33.120506], [0.004303911282078197]]
[1700.0, 1700.0, 0.000118, [0.0007951316199999999], [23.324299999999997], [2.33243], [0.0004590694274834689]]
[1700.0, 1900.0, 8.9e-05, [0.0012957418], [64.841554], [8.396747999999999], [0.0007480967003001685]]
[1700.0, 1100.0, 0.000146, [0.00212410658], [64.841554], [8.396747999999999], [0.0015019702663501698]]
[1700.0, 600.0, 0.000243, [0.0010453825449999999], [9.796206], [1.3994579999999999], [0.001045382576500106]]
[1700.0, 200.0, 0.000219, [0.00218424836], [32.18753399999999], [5.5978319999999995], [0.0021842482548922867]]
[1800.0, 600.0, 4e-05, [0.00058582978], [64.841554], [8.396747999999999], [0.0004142443667691813]]
[1800.0, 1800.0, 4.8e-05, [0.00070573269], [64.841554], [8.396747999999999], [0.0007057327660665897]]
[1800.0, 400.0, 7.2e-05, [0.00071938135], [32.18753399999999], [5.5978319999999995], [0.0007193813579041369]]
[1800.0, 1300.0, 3.5e-05, [0.00023518063500000002], [23.324299999999997], [2.33243], [0.00023518067963801786]]
[1800.0, 1200.0, 6.9e-05, [0.00046649957], [23.324299999999997], [2.33243], [0.0003298650466099735]]
[1800.0, 1700.0, 4.1e-05, [3.329720222222222e-05], [0.41983739999999997], [0.05597832], [3.3297200178890204e-05]]
[1800.0, 500.0, 0.000167, [0.0007158654549999999], [9.796206], [1.3994579999999999], [0.0007158654396951986]]
[1800.0, 1600.0, 7.7e-05, [6.243968444444444e-05], [0.41983739999999997], [0.05597832], [4.415151911875543e-05]]
[1800.0, 1000.0, 2.7e-05, [0.00017977167999999998], [23.324299999999997], [2.33243], [0.0001797716694866018]]
[1800.0, 700.0, 0.000124, [0.0028855431999999996], [110.09069599999998], [15.394037999999998], [0.002885543371360063]]
[1800.0, 200.0, 6.4e-05, [0.00295096532], [254.23487], [33.120506], [0.002950965073327707]]
[1800.0, 800.0, 0.000145, [0.0014495494700000001], [32.18753399999999], [5.5978319999999995], [0.0010249861681993569]]
[1800.0, 2000.0, 3.9e-05, [3.167740933333333e-05], [0.41983739999999997], [0.05597832], [1.8288959700146428e-05]]
[1800.0, 1100.0, 5e-05, [0.0007234256699999999], [64.841554], [8.396747999999999], [0.0007234257607384464]]
[1800.0, 900.0, 7.2e-05, [0.000484437845], [23.324299999999997], [2.33243], [0.00034254930915125195]]
[1800.0, 1500.0, 3.9e-05, [3.157430288888888e-05], [0.41983739999999997], [0.05597832], [1.822942820934069e-05]]
[1800.0, 1400.0, 3.9e-05, [3.157979222222222e-05], [0.41983739999999997], [0.05597832], [1.823260211141258e-05]]
[1800.0, 1900.0, 4e-05, [3.2282702888888884e-05], [0.41983739999999997], [0.05597832], [1.44372640973726e-05]]
[1800.0, 100.0, 0.000116, [0.00270714646], [110.09069599999998], [15.394037999999998], [0.002707146312263155]]
[1800.0, 300.0, 7.8e-05, [0.000524418285], [23.324299999999997], [2.33243], [0.0003027730518061341]]
[1900.0, 300.0, 4.5e-05, [2.100831244444444e-05], [0.13994579999999998], [0.02798916], [2.1008308127271225e-05]]
[1900.0, 1600.0, 2.6e-05, [2.081023133333333e-05], [0.41983739999999997], [0.05597832], [2.0810232691908035e-05]]
[1900.0, 600.0, 4.4e-05, [0.00063884524], [64.841554], [8.396747999999999], [0.0004517318862998272]]
[1900.0, 1500.0, 0, [0.0], [634.4209599999999], [102.62691999999998], [0.0]]
[1900.0, 500.0, 4.6e-05, [2.1736942222222218e-05], [0.13994579999999998], [0.02798916], [2.173693723811676e-05]]
[1900.0, 1700.0, 2.5e-05, [2.0528072444444443e-05], [0.41983739999999997], [0.05597832], [1.1851887521705582e-05]]
[1900.0, 1800.0, 0, [0.0], [634.4209599999999], [102.62691999999998], [0.0]]
[1900.0, 800.0, 2.6e-05, [2.1463068444444442e-05], [0.41983739999999997], [0.05597832], [1.239170943478136e-05]]
[1900.0, 1300.0, 2e-05, [1.6111561333333333e-05], [0.41983739999999997], [0.05597832], [9.302015809675707e-06]]
[1900.0, 1000.0, 2.1e-05, [0.00031293432], [64.841554], [8.396747999999999], [0.00031293416607970436]]
[1900.0, 1900.0, 5.4e-05, [0.00036174583999999996], [23.324299999999997], [2.33243], [0.000208854057896896]]
[1900.0, 1200.0, 7.4e-05, [0.000496357365], [23.324299999999997], [2.33243], [0.0004963573722631708]]
[1900.0, 100.0, 6.5e-05, [0.0006497575899999999], [32.18753399999999], [5.5978319999999995], [0.0004594480713856572]]
[1900.0, 2000.0, 3.9e-05, [3.156600244444444e-05], [0.41983739999999997], [0.05597832], [1.288676740203198e-05]]
[1900.0, 1100.0, 1.6e-05, [0.00023797501999999997], [64.841554], [8.396747999999999], [0.00023797498818153132]]
[1900.0, 900.0, 2.7e-05, [2.1691069999999998e-05], [0.41983739999999997], [0.05597832], [2.1691070211346885e-05]]
[1900.0, 200.0, 5.7e-05, [0.00024287378999999996], [9.796206], [1.3994579999999999], [0.00024287373808215657]]
[1900.0, 400.0, 4e-05, [0.0009389041599999999], [110.09069599999998], [15.394037999999998], [0.0009389042860696716]]
[1900.0, 700.0, 3.2e-05, [0.00047375607], [64.841554], [8.396747999999999], [0.0003349961646049101]]
[1900.0, 1400.0, 3.4e-05, [2.7865082666666666e-05], [0.41983739999999997], [0.05597832], [1.3932542018996788e-05]]
[2000.0, 1500.0, 1.6e-05, [0.000106218623], [23.324299999999997], [2.33243], [0.00010621864048979349]]
[2000.0, 1200.0, 1.6e-05, [0.0001068472015], [23.324299999999997], [2.33243], [0.00010684721108901251]]
[2000.0, 1300.0, 1.3e-05, [1.0815387111111111e-05], [0.41983739999999997], [0.05597832], [6.244265592535558e-06]]
[2000.0, 300.0, 2.5e-05, [0.00010732315199999999], [9.796206], [1.3994579999999999], [0.00010732313002097916]]
[2000.0, 900.0, 7.5e-05, [0.0003225106], [9.796206], [1.3994579999999999], [0.00032251062637531807]]
[2000.0, 1900.0, 2.4e-05, [0.00016300145999999997], [23.324299999999997], [2.33243], [0.00011525943486326834]]
[2000.0, 1600.0, 2.4e-05, [0.00015904166499999998], [23.324299999999997], [2.33243], [0.0001590416322853862]]
[2000.0, 500.0, 7.6e-05, [0.00032821356499999996], [9.796206], [1.3994579999999999], [0.00032821358617522213]]
[2000.0, 600.0, 3.8e-05, [0.00016234837499999998], [9.796206], [1.3994579999999999], [0.00016234839635795604]]
[2000.0, 200.0, 1.9e-05, [0.00012802558999999998], [23.324299999999997], [2.33243], [9.052774872932608e-05]]
[2000.0, 1800.0, 2.5e-05, [0.00016766701], [23.324299999999997], [2.33243], [0.00016766696327839899]]
[2000.0, 2000.0, 2.3e-05, [0.0001552316], [23.324299999999997], [2.33243], [0.000155231556311853]]
[2000.0, 400.0, 3.9e-05, [0.00016600663999999997], [9.796206], [1.3994579999999999], [0.00016600671236428964]]
[2000.0, 1100.0, 2.7e-05, [2.163299244444444e-05], [0.41983739999999997], [0.05597832], [1.2489814435850329e-05]]
[2000.0, 100.0, 1.9e-05, [0.0012810401999999999], [391.84824], [51.31345999999999], [0.0012810400416848804]]
[2000.0, 1400.0, 4.6e-05, [0.0006710181], [64.841554], [8.396747999999999], [0.0006710181709164067]]
[2000.0, 1700.0, 4.7e-05, [0.000318344495], [23.324299999999997], [2.33243], [0.00031834446979647687]]
[2000.0, 700.0, 7.6e-05, [0.00032716591499999995], [9.796206], [1.3994579999999999], [0.00032716590497024596]]
[2000.0, 1000.0, 3.2e-05, [0.00021683192499999997], [23.324299999999997], [2.33243], [0.0001533233375908573]]
[2000.0, 800.0, 3.2e-05, [0.00021347047499999997], [23.324299999999997], [2.33243], [0.00015094642592655181]]
[2100.0, 200.0, 2.5e-05, [0.00010558593899999999], [9.796206], [1.3994579999999999], [0.00010558592717545269]]
[2100.0, 100.0, 2.4e-05, [0.00015944105999999997], [23.324299999999997], [2.33243], [9.20533229845615e-05]]
[2100.0, 400.0, 2e-05, [9.540420444444444e-06], [0.13994579999999998], [0.02798916], [9.540421138826777e-06]]
[2100.0, 1400.0, 1.2e-05, [9.589374666666665e-06], [0.41983739999999997], [0.05597832], [5.536428126063023e-06]]
[2100.0, 500.0, 1.7e-05, [7.244242149999999e-05], [9.796206], [1.3994579999999999], [7.244242420709015e-05]]
[2100.0, 800.0, 1.1e-05, [9.326566444444444e-06], [0.41983739999999997], [0.05597832], [5.384695642326855e-06]]
[2100.0, 300.0, 1.9e-05, [0.000129195945], [23.324299999999997], [2.33243], [7.45913084749155e-05]]
[2100.0, 600.0, 2.5e-05, [0.0008498325199999999], [200.58897999999996], [23.324299999999997], [0.00038005660999382713]]
[2100.0, 700.0, 2.1e-05, [0.00021188522299999998], [32.18753399999999], [5.5978319999999995], [0.00021188529517170368]]
[2100.0, 1000.0, 1e-05, [0.00014706202299999999], [64.841554], [8.396747999999999], [0.00014706204316546127]]
[2100.0, 1700.0, 1.9e-05, [0.00013050211499999998], [23.324299999999997], [2.33243], [7.534542509336583e-05]]
[2100.0, 1800.0, 3.1e-05, [0.00044534416999999994], [64.841554], [8.396747999999999], [0.00044534414827187294]]
[2100.0, 1900.0, 1.2e-05, [9.605428666666666e-06], [0.41983739999999997], [0.05597832], [6.792062844159522e-06]]
[2100.0, 900.0, 1.2e-05, [9.487893555555554e-06], [0.41983739999999997], [0.05597832], [4.743946549987236e-06]]
[2100.0, 2000.0, 3.3e-05, [0.00022230764999999996], [23.324299999999997], [2.33243], [0.00022230761216161717]]
[2100.0, 1200.0, 1e-05, [0.00034432587], [200.58897999999996], [23.324299999999997], [0.00024347517984386004]]
[2100.0, 1500.0, 1.6e-05, [0.00010736416099999999], [23.324299999999997], [2.33243], [0.00010736415027838668]]
[2100.0, 1100.0, 3.2e-05, [0.00021513279999999996], [23.324299999999997], [2.33243], [0.00021513285168704477]]
[2100.0, 1300.0, 1.7e-05, [0.0001111481325], [23.324299999999997], [2.33243], [0.000111148127649547]]
[2100.0, 1600.0, 9e-06, [0.00029139146199999995], [200.58897999999996], [23.324299999999997], [0.0002913915013860219]]
[2200.0, 1700.0, 2.1e-05, [0.00014117422999999996], [23.324299999999997], [2.33243], [0.00014117419859875245]]
[2200.0, 1100.0, 8e-06, [6.326395333333332e-06], [0.41983739999999997], [0.05597832], [3.6525446188366534e-06]]
[2200.0, 200.0, 1.1e-05, [0.00038936976], [200.58897999999996], [23.324299999999997], [0.00027532596695553434]]
[2200.0, 1800.0, 8e-06, [6.579829777777778e-06], [0.41983739999999997], [0.05597832], [6.579826561562766e-06]]
[2200.0, 900.0, 2e-05, [0.00028806234999999996], [64.841554], [8.396747999999999], [0.00020369087497971035]]
[2200.0, 1000.0, 8e-06, [6.480520888888889e-06], [0.41983739999999997], [0.05597832], [6.480522071638029e-06]]
[2200.0, 1300.0, 2.1e-05, [0.00014307242], [23.324299999999997], [2.33243], [0.0001430723407056724]]
[2200.0, 1900.0, 1e-05, [0.000142334833], [64.841554], [8.396747999999999], [0.00014233482683447503]]
[2200.0, 1400.0, 1.3e-05, [0.00019519934399999997], [64.841554], [8.396747999999999], [0.0001380267349103064]]
[2200.0, 1600.0, 2.2e-05, [0.000144559025], [23.324299999999997], [2.33243], [8.346117374264514e-05]]
[2200.0, 800.0, 3.3e-05, [0.00014369376499999997], [9.796206], [1.3994579999999999], [0.00014369373098712412]]
[2200.0, 400.0, 1.4e-05, [9.47863465e-05], [23.324299999999997], [2.33243], [6.702406791593599e-05]]
[2200.0, 600.0, 1.1e-05, [0.00038545644799999995], [200.58897999999996], [23.324299999999997], [0.00027255890871516193]]
[2200.0, 2000.0, 1e-05, [7.950660444444444e-06], [0.41983739999999997], [0.05597832], [3.5556424461605063e-06]]
[2200.0, 500.0, 5e-06, [7.358684399999999e-05], [64.841554], [8.396747999999999], [7.358684569948627e-05]]
[2200.0, 700.0, 1.3e-05, [8.75838275e-05], [23.324299999999997], [2.33243], [5.0566547464702386e-05]]
[2200.0, 300.0, 3.3e-05, [0.00022320465], [23.324299999999997], [2.33243], [0.00012886723691458583]]
[2200.0, 1200.0, 1.9e-05, [0.00028374387], [64.841554], [8.396747999999999], [0.00016381955658589724]]
[2200.0, 1500.0, 1.3e-05, [1.093553911111111e-05], [0.41983739999999997], [0.05597832], [4.890521469834641e-06]]
[2200.0, 100.0, 2.7e-05, [0.00018155187999999996], [23.324299999999997], [2.33243], [8.119244330601216e-05]]
[2300.0, 700.0, 7e-06, [0.00022913938599999998], [200.58897999999996], [23.324299999999997], [0.00013229370477842094]]
[2300.0, 100.0, 1.1e-05, [4.82953885e-05], [9.796206], [1.3994579999999999], [4.8295399780931515e-05]]
[2300.0, 1800.0, 1.5e-05, [9.806884899999999e-05], [23.324299999999997], [2.33243], [5.662007219175898e-05]]
[2300.0, 1000.0, 4e-06, [0.000252324168], [391.84824], [51.31345999999999], [0.00017842011882072045]]
[2300.0, 1500.0, 6e-06, [0.000188335454], [200.58897999999996], [23.324299999999997], [0.0001883354266196352]]
[2300.0, 1200.0, 5e-06, [0.00015461763799999999], [200.58897999999996], [23.324299999999997], [0.00010933120098123865]]
[2300.0, 500.0, 1.1e-05, [4.710906e-05], [9.796206], [1.3994579999999999], [4.710905905449609e-05]]
[2300.0, 1900.0, 7e-06, [4.78743275e-05], [23.324299999999997], [2.33243], [4.7874321822872844e-05]]
[2300.0, 1300.0, 1e-05, [6.56746255e-05], [23.324299999999997], [2.33243], [4.643897358361831e-05]]
[2300.0, 1600.0, 5e-06, [3.204065599999999e-05], [23.324299999999997], [2.33243], [3.2040659325301026e-05]]
[2300.0, 1700.0, 7e-06, [9.741095699999999e-05], [64.841554], [8.396747999999999], [9.741096026628625e-05]]
[2300.0, 1400.0, 5e-06, [3.1395989e-05], [23.324299999999997], [2.33243], [3.139598780497278e-05]]
[2300.0, 1100.0, 7e-06, [4.7045855999999996e-05], [23.324299999999997], [2.33243], [4.704585204882573e-05]]
[2300.0, 900.0, 8e-06, [0.00038810223], [254.23487], [33.120506], [0.0003881022208130224]]
[2300.0, 2000.0, 4e-06, [2.919255066666666e-06], [0.41983739999999997], [0.05597832], [2.0642252233803138e-06]]
[2300.0, 300.0, 1.7e-05, [0.000390306688], [110.09069599999998], [15.394037999999998], [0.00039030667942017077]]
[2300.0, 200.0, 1.6e-05, [0.00037933324999999996], [110.09069599999998], [15.394037999999998], [0.00037933327610427213]]
[2300.0, 400.0, 2e-05, [0.000197215524], [32.18753399999999], [5.5978319999999995], [0.00019721551143355836]]
[2300.0, 800.0, 2.2e-05, [9.354773899999999e-05], [9.796206], [1.3994579999999999], [9.354773943019682e-05]]
[2300.0, 600.0, 1.9e-05, [0.00019187407299999998], [32.18753399999999], [5.5978319999999995], [0.0001918740727143717]]
[2400.0, 1200.0, 5e-06, [3.21928125e-05], [23.324299999999997], [2.33243], [3.2192811697644556e-05]]
[2400.0, 1500.0, 3e-06, [4.1648629999999995e-05], [64.841554], [8.396747999999999], [4.164863726462127e-05]]
[2400.0, 1100.0, 4e-06, [6.2827398e-05], [64.841554], [8.396747999999999], [6.282740808755363e-05]]
[2400.0, 1600.0, 9e-06, [0.00012686206599999997], [64.841554], [8.396747999999999], [8.97050421659786e-05]]
[2400.0, 400.0, 1.3e-05, [0.000125990067], [32.18753399999999], [5.5978319999999995], [0.0001259900658385414]]
[2400.0, 1300.0, 3e-06, [2.140785822222222e-06], [0.41983739999999997], [0.05597832], [1.2359832359324994e-06]]
[2400.0, 200.0, 7e-06, [9.570348299999998e-05], [64.841554], [8.396747999999999], [5.52544304558467e-05]]
[2400.0, 1700.0, 3e-06, [2.12331285e-05], [23.324299999999997], [2.33243], [2.123312676574037e-05]]
[2400.0, 2000.0, 1.9e-05, [0.000129275525], [23.324299999999997], [2.33243], [9.141161851756043e-05]]
[2400.0, 600.0, 1.5e-05, [6.56602965e-05], [9.796206], [1.3994579999999999], [6.566029711705545e-05]]
[2400.0, 1900.0, 3e-06, [4.2608810999999994e-05], [64.841554], [8.396747999999999], [4.260880207187243e-05]]
[2400.0, 700.0, 7e-06, [9.6355096e-05], [64.841554], [8.396747999999999], [5.563063874341188e-05]]
[2400.0, 100.0, 4e-06, [6.3685597e-05], [64.841554], [8.396747999999999], [4.503250814689317e-05]]
[2400.0, 1800.0, 3e-06, [2.791529933333333e-06], [0.41983739999999997], [0.05597832], [1.9739095229868746e-06]]
[2400.0, 500.0, 5e-06, [3.20598265e-05], [23.324299999999997], [2.33243], [3.2059828208366924e-05]]
[2400.0, 900.0, 2e-06, [6.382559799999999e-05], [200.58897999999996], [23.324299999999997], [6.382562576269816e-05]]
[2400.0, 1400.0, 6e-06, [4.309692849999999e-05], [23.324299999999997], [2.33243], [3.04741277233656e-05]]
[2400.0, 800.0, 6e-06, [0.00026274910200000003], [254.23487], [33.120506], [0.00026274912498427087]]
[2400.0, 300.0, 6e-06, [6.3864652e-05], [32.18753399999999], [5.5978319999999995], [6.386465128692085e-05]]
[2400.0, 1000.0, 5e-06, [2.1225986999999997e-05], [9.796206], [1.3994579999999999], [2.122598461791584e-05]]
[2500.0, 400.0, 6e-06, [4.26012325e-05], [23.324299999999997], [2.33243], [2.130061714481531e-05]]
[2500.0, 1300.0, 3e-06, [4.2999006e-05], [64.841554], [8.396747999999999], [4.2999009023464714e-05]]
[2500.0, 500.0, 3e-06, [0.000339609812], [634.4209599999999], [102.62691999999998], [0.0003396097475632877]]
[2500.0, 900.0, 2e-06, [5.5706966e-05], [200.58897999999996], [23.324299999999997], [5.570698760478796e-05]]
[2500.0, 1400.0, 2e-06, [1.8454658222222221e-06], [0.41983739999999997], [0.05597832], [9.22733082334522e-07]]
[2500.0, 200.0, 4e-06, [8.5231376e-05], [110.09069599999998], [15.394037999999998], [8.52313839850087e-05]]
[2500.0, 1900.0, 3e-06, [2.1115379999999996e-05], [23.324299999999997], [2.33243], [2.111538421388538e-05]]
[2500.0, 1000.0, 1e-05, [4.4026013499999995e-05], [9.796206], [1.3994579999999999], [4.4026019408981314e-05]]
[2500.0, 1800.0, 6e-06, [4.26119045e-05], [23.324299999999997], [2.33243], [2.460199706324671e-05]]
[2500.0, 1700.0, 0, [0.0], [634.4209599999999], [102.62691999999998], [0.0]]
[2500.0, 800.0, 4e-06, [0.00016526429199999998], [254.23487], [33.120506], [0.00016526430697522075]]
[2500.0, 700.0, 4e-06, [6.295608299999999e-05], [64.841554], [8.396747999999999], [3.6347714371057774e-05]]
[2500.0, 1600.0, 3e-06, [2.08162305e-05], [23.324299999999997], [2.33243], [2.0816232560192056e-05]]
[2500.0, 1100.0, 4e-06, [1.8725756666666663e-06], [0.13994579999999998], [0.02798916], [1.8725760747044577e-06]]
[2500.0, 600.0, 5e-06, [3.2171226999999995e-05], [23.324299999999997], [2.33243], [1.85740629373328e-05]]
[2500.0, 300.0, 4e-06, [4.2622381e-05], [32.18753399999999], [5.5978319999999995], [4.2622382218735726e-05]]
[2500.0, 2000.0, 3e-06, [2.1210001999999997e-05], [23.324299999999997], [2.33243], [2.1210003418198686e-05]]
[2500.0, 1200.0, 3e-06, [4.1966536e-05], [64.841554], [8.396747999999999], [4.196653010435816e-05]]
[2500.0, 100.0, 1e-05, [4.2275897499999996e-05], [9.796206], [1.3994579999999999], [2.989357479041274e-05]]
[2500.0, 1500.0, 6e-06, [4.22006415e-05], [23.324299999999997], [2.33243], [2.9840363892720876e-05]]
[2600.0, 800.0, 2e-06, [2.8101929e-05], [64.841554], [8.396747999999999], [1.987105628546203e-05]]
[2600.0, 2000.0, 2e-06, [1.3907191499999998e-05], [23.324299999999997], [2.33243], [9.833869144441572e-06]]
[2600.0, 900.0, 2e-06, [0.000138003542], [391.84824], [51.31345999999999], [6.171705333212208e-05]]
[2600.0, 1000.0, 3e-06, [2.8109289000000002e-05], [32.18753399999999], [5.5978319999999995], [2.810928417800781e-05]]
[2600.0, 200.0, 2e-06, [0.00011182149199999998], [254.23487], [33.120506], [0.00011182149641280962]]
[2600.0, 1100.0, 1e-06, [6.9119381499999995e-06], [23.324299999999997], [2.33243], [6.911937215788349e-06]]
[2600.0, 1500.0, 2e-06, [1.6195705555555555e-06], [0.41983739999999997], [0.05597832], [8.097855146599539e-07]]
[2600.0, 700.0, 6e-06, [2.7743048499999994e-05], [9.796206], [1.3994579999999999], [2.77430510533719e-05]]
[2600.0, 1800.0, 1e-06, [1.3863491499999999e-05], [64.841554], [8.396747999999999], [1.3863491111549065e-05]]
[2600.0, 1600.0, 2e-06, [1.36421165e-05], [23.324299999999997], [2.33243], [9.646428681123392e-06]]
[2600.0, 1400.0, 2e-06, [1.6411532444444444e-06], [0.41983739999999997], [0.05597832], [8.20576592523532e-07]]
[2600.0, 1300.0, 1e-06, [1.82695532e-05], [64.841554], [8.396747999999999], [1.8269550202454354e-05]]
[2600.0, 600.0, 3e-06, [3.7416537999999994e-05], [64.841554], [8.396747999999999], [2.6457488939806812e-05]]
[2600.0, 1700.0, 4e-06, [5.5738522e-05], [64.841554], [8.396747999999999], [3.9413088841145144e-05]]
[2600.0, 400.0, 5e-06, [3.2550738499999995e-05], [23.324299999999997], [2.33243], [1.3288781198815789e-05]]
[2600.0, 300.0, 7e-06, [2.8384667999999995e-05], [9.796206], [1.3994579999999999], [2.8384669850114515e-05]]
[2600.0, 1900.0, 3e-06, [1.86868215e-05], [23.324299999999997], [2.33243], [1.321357506506093e-05]]
[2600.0, 1200.0, 2e-06, [0.00022184916800000002], [634.4209599999999], [102.62691999999998], [0.00022184914413177253]]
[2600.0, 100.0, 1e-06, [7.4800554e-05], [391.84824], [51.31345999999999], [5.289197939196452e-05]]
[2600.0, 500.0, 2e-06, [2.2113950299999997e-05], [64.841554], [8.396747999999999], [1.5636921755895563e-05]]
[2700.0, 1400.0, 3e-06, [1.7939551499999997e-05], [23.324299999999997], [2.33243], [1.7939546628886692e-05]]
[2700.0, 1000.0, 2e-06, [1.3576164e-05], [23.324299999999997], [2.33243], [7.838201244545842e-06]]
[2700.0, 800.0, 3e-06, [1.77727555e-05], [23.324299999999997], [2.33243], [1.256723767380883e-05]]
[2700.0, 900.0, 2e-06, [1.8317066599999998e-05], [32.18753399999999], [5.5978319999999995], [1.8317064841289392e-05]]
[2700.0, 600.0, 2e-06, [3.772474259999999e-05], [110.09069599999998], [15.394037999999998], [3.7724737141562695e-05]]
[2700.0, 1100.0, 1e-06, [0.00014086524799999999], [634.4209599999999], [102.62691999999998], [0.0001408652194972201]]
[2700.0, 1300.0, 4e-06, [2.7623989e-05], [23.324299999999997], [2.33243], [1.594871727600687e-05]]
[2700.0, 400.0, 2e-06, [1.85042544e-05], [32.18753399999999], [5.5978319999999995], [1.8504256883214737e-05]]
[2700.0, 1700.0, 1e-06, [8.239939111111111e-07], [0.41983739999999997], [0.05597832], [8.239941783325448e-07]]
[2700.0, 100.0, 1e-06, [4.520756949999999e-06], [23.324299999999997], [2.33243], [4.520756631914618e-06]]
[2700.0, 2000.0, 1e-06, [9.1855376e-06], [64.841554], [8.396747999999999], [9.185536005046194e-06]]
[2700.0, 1200.0, 1e-06, [9.086290299999999e-06], [64.841554], [8.396747999999999], [9.086289655299352e-06]]
[2700.0, 700.0, 2e-06, [7.3896102e-05], [254.23487], [33.120506], [7.389609004541444e-05]]
[2700.0, 300.0, 3e-06, [1.82181505e-05], [23.324299999999997], [2.33243], [1.2882181734861527e-05]]
[2700.0, 1800.0, 1e-06, [1.1898053333333333e-06], [0.41983739999999997], [0.05597832], [6.869344742054017e-07]]
[2700.0, 200.0, 3e-06, [7.333890399999999e-05], [110.09069599999998], [15.394037999999998], [7.333890375510121e-05]]
[2700.0, 1500.0, 1e-06, [8.175033111111111e-07], [0.41983739999999997], [0.05597832], [8.175034887228763e-07]]
[2700.0, 500.0, 2e-06, [1.84644e-05], [32.18753399999999], [5.5978319999999995], [1.846439799451907e-05]]
[2700.0, 1900.0, 3e-06, [1.7859235499999997e-05], [23.324299999999997], [2.33243], [1.2628382437984684e-05]]
[2700.0, 1600.0, 1e-06, [9.4174443e-06], [23.324299999999997], [2.33243], [9.417446125410009e-06]]
[2800.0, 1500.0, 1e-06, [3.92550775e-06], [23.324299999999997], [2.33243], [3.925509460566871e-06]]
[2800.0, 200.0, 1e-06, [5.9942002e-06], [9.796206], [1.3994579999999999], [5.994197809131761e-06]]
[2800.0, 400.0, 1e-06, [4.793039e-05], [254.23487], [33.120506], [4.793036657485523e-05]]
[2800.0, 900.0, 0, [0.0], [634.4209599999999], [102.62691999999998], [0.0]]
[2800.0, 600.0, 1e-06, [9.554834799999999e-05], [634.4209599999999], [102.62691999999998], [9.554836714460377e-05]]
[2800.0, 1200.0, 2e-06, [4.842953599999999e-05], [110.09069599999998], [15.394037999999998], [4.842952442467301e-05]]
[2800.0, 1000.0, 3e-06, [1.2628126999999997e-05], [9.796206], [1.3994579999999999], [1.2628131096880488e-05]]
[2800.0, 1400.0, 1e-06, [7.9340984e-06], [64.841554], [8.396747999999999], [7.934093281528773e-06]]
[2800.0, 800.0, 3e-06, [1.2026354999999999e-05], [9.796206], [1.3994579999999999], [1.2026355588872298e-05]]
[2800.0, 100.0, 1e-06, [5.291569111111111e-07], [0.13994579999999998], [0.02798916], [5.291570137352288e-07]]
[2800.0, 1100.0, 3e-06, [1.21223915e-05], [9.796206], [1.3994579999999999], [1.2122385594428185e-05]]
[2800.0, 1300.0, 1e-06, [4.022079e-06], [23.324299999999997], [2.33243], [4.0220795833747496e-06]]
[2800.0, 2000.0, 1e-06, [5.703283549999999e-06], [23.324299999999997], [2.33243], [5.703285842389454e-06]]
[2800.0, 500.0, 1e-06, [4.7593486e-05], [254.23487], [33.120506], [4.759348602487529e-05]]
[2800.0, 1900.0, 1e-06, [7.9821891e-06], [64.841554], [8.396747999999999], [7.982186367155306e-06]]
[2800.0, 1800.0, 1e-06, [5.262047333333332e-07], [0.41983739999999997], [0.05597832], [3.7208278078014626e-07]]
[2800.0, 300.0, 1e-06, [2.3445896399999997e-05], [110.09069599999998], [15.394037999999998], [2.3445907139626735e-05]]
[2800.0, 700.0, 1e-06, [1.58899916e-05], [110.09069599999998], [15.394037999999998], [1.5889980755180292e-05]]
[2800.0, 1600.0, 2e-06, [1.1726917999999999e-05], [23.324299999999997], [2.33243], [6.770542350875593e-06]]
[2800.0, 1700.0, 1e-06, [1.0558354444444443e-06], [0.41983739999999997], [0.05597832], [5.279176581884342e-07]]
[2900.0, 1300.0, 1e-06, [7.7014258e-06], [23.324299999999997], [2.33243], [4.446419641127004e-06]]
[2900.0, 900.0, 1e-06, [1.2549910899999998e-05], [64.841554], [8.396747999999999], [6.274955162389609e-06]]
[2900.0, 1600.0, 0, [0.0], [634.4209599999999], [102.62691999999998], [0.0]]
[2900.0, 2000.0, 0, [0.0], [634.4209599999999], [102.62691999999998], [0.0]]
[2900.0, 1200.0, 0, [0.0], [634.4209599999999], [102.62691999999998], [0.0]]
[2900.0, 1700.0, 1e-06, [3.1326368e-05], [200.58897999999996], [23.324299999999997], [3.132636813293236e-05]]
[2900.0, 1100.0, 2e-06, [8.09335155e-06], [9.796206], [1.3994579999999999], [8.093352443518076e-06]]
[2900.0, 800.0, 1e-06, [3.05168048e-05], [254.23487], [33.120506], [3.051680355476307e-05]]
[2900.0, 600.0, 1e-06, [3.382967266666667e-07], [0.13994579999999998], [0.02798916], [3.382967186171933e-07]]
[2900.0, 100.0, 1e-06, [3.01611696e-05], [110.09069599999998], [15.394037999999998], [3.0161169068854075e-05]]
[2900.0, 400.0, 2e-06, [1.58493414e-05], [32.18753399999999], [5.5978319999999995], [1.1207178070326177e-05]]
[2900.0, 1000.0, 1e-06, [5.829075149999999e-06], [23.324299999999997], [2.33243], [3.3654171851347045e-06]]
[2900.0, 1400.0, 0, [0.0], [634.4209599999999], [102.62691999999998], [0.0]]
[2900.0, 200.0, 1e-06, [3.0928578399999993e-05], [254.23487], [33.120506], [3.092857814384618e-05]]
[2900.0, 500.0, 0.0, [6.31380912e-05], [634.4209599999999], [102.62691999999998], [6.313808586265503e-05]]
[2900.0, 1500.0, 1e-06, [7.64558065e-06], [23.324299999999997], [2.33243], [5.406242835833403e-06]]
[2900.0, 1800.0, 1e-06, [7.8713935e-06], [64.841554], [8.396747999999999], [7.871391719384826e-06]]
[2900.0, 300.0, 1e-06, [3.429615866666667e-07], [0.13994579999999998], [0.02798916], [3.429616111404443e-07]]
[2900.0, 700.0, 1e-06, [1.55439428e-05], [110.09069599999998], [15.394037999999998], [1.5543943849615516e-05]]
[2900.0, 1900.0, 0, [0.0], [634.4209599999999], [102.62691999999998], [0.0]]
[3000.0, 1900.0, 1e-06, [6.217531349999999e-06], [23.324299999999997], [2.33243], [2.7805644507905224e-06]]
[3000.0, 800.0, 1e-06, [9.7478094e-06], [32.18753399999999], [5.5978319999999995], [9.74781136460898e-06]]
[3000.0, 900.0, 0, [0.0], [634.4209599999999], [102.62691999999998], [0.0]]
[3000.0, 1600.0, 0, [0.0], [634.4209599999999], [102.62691999999998], [0.0]]
[3000.0, 700.0, 1e-06, [5.0890582e-06], [32.18753399999999], [5.5978319999999995], [5.089058606461514e-06]]
[3000.0, 600.0, 1e-06, [7.5160963999999996e-06], [64.841554], [8.396747999999999], [4.33942103857185e-06]]
[3000.0, 1300.0, 1e-06, [1.0074101199999998e-05], [32.18753399999999], [5.5978319999999995], [1.0074099771195438e-05]]
[3000.0, 500.0, 0, [0.0], [634.4209599999999], [102.62691999999998], [0.0]]
[3000.0, 1500.0, 1e-06, [1.9907530399999997e-05], [200.58897999999996], [23.324299999999997], [1.990753304656305e-05]]
[3000.0, 1800.0, 0, [0.0], [634.4209599999999], [102.62691999999998], [0.0]]
[3000.0, 2000.0, 0, [0.0], [634.4209599999999], [102.62691999999998], [0.0]]
[3000.0, 100.0, 1e-06, [7.8812122e-06], [64.841554], [8.396747999999999], [3.940606183063717e-06]]
[3000.0, 1400.0, 0, [0.0], [634.4209599999999], [102.62691999999998], [0.0]]
[3000.0, 1100.0, 0, [0.0], [634.4209599999999], [102.62691999999998], [0.0]]
[3000.0, 1200.0, 1e-06, [3.9532491999999994e-06], [23.324299999999997], [2.33243], [1.9766248708341196e-06]]
[3000.0, 1000.0, 0, [0.0], [634.4209599999999], [102.62691999999998], [0.0]]
[3000.0, 400.0, 1e-06, [2.4814458499999997e-06], [9.796206], [1.3994579999999999], [2.4814455268048904e-06]]
[3000.0, 300.0, 1e-06, [2.0321259e-05], [110.09069599999998], [15.394037999999998], [2.032126209663169e-05]]
[3000.0, 1700.0, 0, [0.0], [634.4209599999999], [102.62691999999998], [0.0]]
[3000.0, 200.0, 1e-06, [9.7752024e-06], [32.18753399999999], [5.5978319999999995], [9.775200233243306e-06]]
