[100.0, 1800.0, 0.196071, [2.9505803], [64.841554], [8.396747999999999], [1.319540087682068]]
[100.0, 800.0, 0.232155, [3.5225006], [64.841554], [8.396747999999999], [1.4380550208528184]]
[100.0, 500.0, 0.242944, [1.7575702999999998], [23.324299999999997], [2.33243], [0.7175249880666178]]
[100.0, 1100.0, 0.339647, [5.308970399999999], [64.841554], [8.396747999999999], [1.7696568283144616]]
[100.0, 600.0, 0.299613, [1.47563745], [9.796206], [1.3994579999999999], [1.475636874369843]]
[100.0, 1400.0, 0.157172, [2.3463841], [64.841554], [8.396747999999999], [1.1731923273700693]]
[100.0, 1700.0, 0.168756, [11.766192799999999], [391.84824], [51.31345999999999], [3.720796947429408]]
[100.0, 100.0, 0.339009, [5.2979327], [64.841554], [8.396747999999999], [1.7659773843399011]]
[100.0, 1200.0, 0.372387, [5.8836898], [64.841554], [8.396747999999999], [1.8605857072438237]]
[100.0, 1000.0, 0.235546, [8.266650799999999], [200.58897999999996], [23.324299999999997], [3.124500012481997]]
[100.0, 2000.0, 0.231657, [3.5145356999999997], [64.841554], [8.396747999999999], [1.4348031582764236]]
[100.0, 400.0, 0.304353, [4.7068258], [64.841554], [8.396747999999999], [1.6641144527946385]]
[100.0, 1600.0, 0.231329, [3.5092847999999996], [64.841554], [8.396747999999999], [1.4326598273840163]]
[100.0, 1300.0, 0.169669, [5.8931933999999995], [200.58897999999996], [23.324299999999997], [2.635515394756782]]
[100.0, 1500.0, 0.168946, [11.7796708], [391.84824], [51.31345999999999], [3.7250597208635465]]
[100.0, 900.0, 0.269449, [4.126984299999999], [64.841554], [8.396747999999999], [1.5598538277672045]]
[100.0, 1900.0, 0.244205, [1.7675384999999997], [23.324299999999997], [2.33243], [0.7215946228666065]]
[100.0, 200.0, 0.297046, [1.4608944499999998], [9.796206], [1.3994579999999999], [1.0330080080764137]]
[100.0, 700.0, 0.299711, [10.653025], [200.58897999999996], [23.324299999999997], [3.5510084274752147]]
[100.0, 300.0, 0.125091, [2.9576988], [110.09069599999998], [15.394037999999998], [2.957698054230688]]
[200.0, 1800.0, 0.095873, [1.4158820699999999], [64.841554], [8.396747999999999], [0.4477411837211314]]
[200.0, 700.0, 0.09288, [0.639504995], [23.324299999999997], [2.33243], [0.21316834409686633]]
[200.0, 2000.0, 0.112091, [0.776082445], [23.324299999999997], [2.33243], [0.23399764705013593]]
[200.0, 1300.0, 0.092718, [0.63835603], [23.324299999999997], [2.33243], [0.2127853673305568]]
[200.0, 1400.0, 0.092889, [0.639564335], [23.324299999999997], [2.33243], [0.21318813399202122]]
[200.0, 400.0, 0.096346, [1.42297596], [64.841554], [8.396747999999999], [0.4499844638429198]]
[200.0, 1900.0, 0.07294, [0.49942752], [23.324299999999997], [2.33243], [0.18876587065727743]]
[200.0, 1700.0, 0.09618, [1.4204878199999997], [64.841554], [8.396747999999999], [0.44919771370744976]]
[200.0, 500.0, 0.133807, [1.9888539299999997], [64.841554], [8.396747999999999], [0.5315435350937869]]
[200.0, 1500.0, 0.112838, [0.78142638], [23.324299999999997], [2.33243], [0.2356089565890906]]
[200.0, 100.0, 0.095426, [1.4091766499999998], [64.841554], [8.396747999999999], [0.4456207709476747]]
[200.0, 600.0, 0.087154, [1.28536006], [64.841554], [8.396747999999999], [0.42845333176438244]]
[200.0, 1000.0, 0.132755, [0.924894055], [23.324299999999997], [2.33243], [0.2565194547202999]]
[200.0, 1200.0, 0.062585, [0.42732688999999996], [23.324299999999997], [2.33243], [0.17445545484449604]]
[200.0, 300.0, 0.10525, [1.5567159], [64.841554], [8.396747999999999], [0.4693674529619624]]
[200.0, 1600.0, 0.072472, [0.49615829999999994], [23.324299999999997], [2.33243], [0.1875302006344578]]
[200.0, 900.0, 0.12418, [1.8426171699999998], [64.841554], [8.396747999999999], [0.5110500111535073]]
[200.0, 800.0, 0.134056, [1.9926415700000002], [64.841554], [8.396747999999999], [0.5325558490900274]]
[200.0, 1100.0, 0.102833, [0.71005439], [23.324299999999997], [2.33243], [0.2245389062055839]]
[200.0, 200.0, 0.072489, [0.49628031499999997], [23.324299999999997], [2.33243], [0.18757635158782676]]
[300.0, 2000.0, 0.051606, [0.35134363], [23.324299999999997], [2.33243], [0.09744516704280412]]
[300.0, 400.0, 0.067091, [0.45865196999999996], [23.324299999999997], [2.33243], [0.11123944115060988]]
[300.0, 1000.0, 0.063568, [0.4341530599999999], [23.324299999999997], [2.33243], [0.10853826477330471]]
[300.0, 200.0, 0.047733, [0.32464707], [23.324299999999997], [2.33243], [0.09371754939711131]]
[300.0, 1600.0, 0.071577, [0.48991563999999993], [23.324299999999997], [2.33243], [0.11547425957762188]]
[300.0, 1300.0, 0.05973, [0.407524925], [23.324299999999997], [2.33243], [0.10522247374016636]]
[300.0, 800.0, 0.036015, [0.24421906], [23.324299999999997], [2.33243], [0.08140635478880011]]
[300.0, 700.0, 0.048333, [0.70885839], [64.841554], [8.396747999999999], [0.19660192277798302]]
[300.0, 300.0, 0.063723, [0.435230725], [23.324299999999997], [2.33243], [0.1088076801172601]]
[300.0, 900.0, 0.054389, [0.54838923], [32.18753399999999], [5.5978319999999995], [0.3877697685482972]]
[300.0, 600.0, 0.048081, [0.327045625], [23.324299999999997], [2.33243], [0.09440994322633606]]
[300.0, 1400.0, 0.047895, [0.32576590499999997], [23.324299999999997], [2.33243], [0.09404052839068908]]
[300.0, 500.0, 0.032075, [0.21728548499999997], [23.324299999999997], [2.33243], [0.07682204001782302]]
[300.0, 1200.0, 0.04401, [0.29903921499999997], [23.324299999999997], [2.33243], [0.09016370368668314]]
[300.0, 100.0, 0.041379, [1.4185038399999998], [200.58897999999996], [23.324299999999997], [0.39342219037568277]]
[300.0, 1100.0, 0.047897, [0.32577487499999996], [23.324299999999997], [2.33243], [0.0940431089314895]]
[300.0, 1900.0, 0.055841, [0.38060066499999995], [23.324299999999997], [2.33243], [0.10171980452448774]]
[300.0, 1500.0, 0.055522, [0.37839393], [23.324299999999997], [2.33243], [0.10113002182833739]]
[300.0, 1700.0, 0.063359, [0.432706475], [23.324299999999997], [2.33243], [0.10817663134891933]]
[300.0, 1800.0, 0.047704, [0.324448925], [23.324299999999997], [2.33243], [0.09366032369685681]]
[400.0, 900.0, 0.029847, [0.20207524], [23.324299999999997], [2.33243], [0.05051882067606091]]
[400.0, 1200.0, 0.033427, [0.22652067499999998], [23.324299999999997], [2.33243], [0.053391417475096126]]
[400.0, 1500.0, 0.015064, [0.10161883], [23.324299999999997], [2.33243], [0.03592767489693704]]
[400.0, 200.0, 0.029637, [0.20064866499999998], [23.324299999999997], [2.33243], [0.05016217743479642]]
[400.0, 1600.0, 0.015565, [0.22735177999999998], [64.841554], [8.396747999999999], [0.07578393550086983]]
[400.0, 500.0, 0.016849, [0.11371400099999998], [23.324299999999997], [2.33243], [0.037904669896992906]]
[400.0, 1700.0, 0.029765, [0.201515995], [23.324299999999997], [2.33243], [0.050379004902836255]]
[400.0, 300.0, 0.015506, [0.226480126], [64.841554], [8.396747999999999], [0.07549337898120602]]
[400.0, 1300.0, 0.02061, [0.139221415], [23.324299999999997], [2.33243], [0.041976827357483794]]
[400.0, 1400.0, 0.018706, [0.12630312], [23.324299999999997], [2.33243], [0.03994056124417882]]
[400.0, 1100.0, 0.029836, [0.20200037499999998], [23.324299999999997], [2.33243], [0.05050008658408419]]
[400.0, 800.0, 0.024284, [0.16419113499999996], [23.324299999999997], [2.33243], [0.04553841727047614]]
[400.0, 100.0, 0.015513, [0.22658410899999998], [64.841554], [8.396747999999999], [0.07552805683982608]]
[400.0, 1000.0, 0.026039, [0.17612893999999998], [23.324299999999997], [2.33243], [0.04707243742361341]]
[400.0, 400.0, 0.022425, [0.15154849499999998], [23.324299999999997], [2.33243], [0.043748273337355835]]
[400.0, 1800.0, 0.018721, [0.12640558499999996], [23.324299999999997], [2.33243], [0.03997296445724284]]
[400.0, 2000.0, 0.024119, [0.16306470999999997], [23.324299999999997], [2.33243], [0.045226021796085494]]
[400.0, 600.0, 0.02972, [0.20121227999999997], [23.324299999999997], [2.33243], [0.05030306911610861]]
[400.0, 700.0, 0.020472, [0.13828405], [23.324299999999997], [2.33243], [0.04169420118553657]]
[400.0, 1900.0, 0.020499, [0.13846563499999998], [23.324299999999997], [2.33243], [0.041748975705997865]]
[500.0, 1700.0, 0.009769, [0.0658191345], [23.324299999999997], [2.33243], [0.020813840437314778]]
[500.0, 1100.0, 0.013655, [0.09208532999999999], [23.324299999999997], [2.33243], [0.02461083830347922]]
[500.0, 300.0, 0.0108, [0.157655294], [64.841554], [8.396747999999999], [0.04551117117807451]]
[500.0, 1300.0, 0.016432, [0.11088926749999999], [23.324299999999997], [2.33243], [0.026894595911632506]]
[500.0, 1800.0, 0.009701, [0.06535893899999999], [23.324299999999997], [2.33243], [0.020668315612308613]]
[500.0, 1400.0, 0.012672, [0.0854371685], [23.324299999999997], [2.33243], [0.023696008825327526]]
[500.0, 600.0, 0.010664, [0.0718641555], [23.324299999999997], [2.33243], [0.021667858598624825]]
[500.0, 1900.0, 0.01451, [0.09787157799999999], [23.324299999999997], [2.33243], [0.025270333515804655]]
[500.0, 1200.0, 0.008707, [0.05864493999999999], [23.324299999999997], [2.33243], [0.01954830875037531]]
[500.0, 800.0, 0.013683, [0.09227300999999999], [23.324299999999997], [2.33243], [0.02466100124183931]]
[500.0, 1000.0, 0.015537, [0.104826226], [23.324299999999997], [2.33243], [0.026206559713171054]]
[500.0, 2000.0, 0.012664, [0.08538127849999999], [23.324299999999997], [2.33243], [0.02368050501467399]]
[500.0, 700.0, 0.011679, [0.0787186385], [23.324299999999997], [2.33243], [0.02272411639646303]]
[500.0, 100.0, 0.010672, [0.0719165725], [23.324299999999997], [2.33243], [0.021683667027281153]]
[500.0, 200.0, 0.010651, [0.071771638], [23.324299999999997], [2.33243], [0.021639962858101207]]
[500.0, 1500.0, 0.01159, [0.07811953449999999], [23.324299999999997], [2.33243], [0.02255116572929213]]
[500.0, 900.0, 0.010635, [0.071666965], [23.324299999999997], [2.33243], [0.021608402075350225]]
[500.0, 1600.0, 0.012551, [0.010481176666666666], [0.41983739999999997], [0.05597832], [0.0017468630805596132]]
[500.0, 500.0, 0.014505, [0.0978373425], [23.324299999999997], [2.33243], [0.025261495358549144]]
[500.0, 400.0, 0.010718, [0.0722306145], [23.324299999999997], [2.33243], [0.021778352531814708]]
[600.0, 200.0, 0.004338, [0.029191347], [23.324299999999997], [2.33243], [0.010320697408605677]]
[600.0, 1400.0, 0.009727, [0.06553344], [23.324299999999997], [2.33243], [0.015446379446329808]]
[600.0, 1900.0, 0.007581, [0.0510491325], [23.324299999999997], [2.33243], [0.01364345479524889]]
[600.0, 100.0, 0.005429, [0.036537719499999996], [23.324299999999997], [2.33243], [0.011554244068739417]]
[600.0, 800.0, 0.007009, [0.04718954849999999], [23.324299999999997], [2.33243], [0.013088025662795743]]
[600.0, 1200.0, 0.005, [0.07295123899999999], [64.841554], [8.396747999999999], [0.023069206379934266]]
[600.0, 600.0, 0.008102, [0.05456516549999999], [23.324299999999997], [2.33243], [0.014088668727030242]]
[600.0, 1600.0, 0.005503, [0.004533653177777777], [0.41983739999999997], [0.05597832], [0.0008567798714653303]]
[600.0, 400.0, 0.005983, [0.08729700599999998], [64.841554], [8.396747999999999], [0.025200475610591164]]
[600.0, 500.0, 0.00813, [0.05475647949999999], [23.324299999999997], [2.33243], [0.014138060899571765]]
[600.0, 1100.0, 0.006006, [0.087634071], [64.841554], [8.396747999999999], [0.025297773083811148]]
[600.0, 300.0, 0.007486, [0.10923560199999999], [64.841554], [8.396747999999999], [0.02820450903667709]]
[600.0, 1700.0, 0.004905, [0.004036052777777778], [0.41983739999999997], [0.05597832], [0.000807210643642585]]
[600.0, 1500.0, 0.0097, [0.06534994599999999], [23.324299999999997], [2.33243], [0.015403132798232959]]
[600.0, 1800.0, 0.006515, [0.0438576995], [23.324299999999997], [2.33243], [0.01266062780828818]]
[600.0, 1000.0, 0.00649, [0.005356694888888888], [0.41983739999999997], [0.05597832], [0.0009324805858370258]]
[600.0, 2000.0, 0.010861, [0.0731921525], [23.324299999999997], [2.33243], [0.01636626167608229]]
[600.0, 700.0, 0.005694, [0.0046921288], [0.41983739999999997], [0.05597832], [0.0008713062386333988]]
[600.0, 1300.0, 0.007412, [0.006128891777777776], [0.41983739999999997], [0.05597832], [0.000994237895371421]]
[600.0, 900.0, 0.006484, [0.043648112], [23.324299999999997], [2.33243], [0.012600127598560263]]
[700.0, 2000.0, 0.004452, [0.029959581499999995], [23.324299999999997], [2.33243], [0.008007032220179958]]
[700.0, 100.0, 0.005422, [0.036490235999999995], [23.324299999999997], [2.33243], [0.008850182130894255]]
[700.0, 1000.0, 0.003781, [0.0254346765], [23.324299999999997], [2.33243], [0.007342359601994443]]
[700.0, 600.0, 0.005704, [0.038395786], [23.324299999999997], [2.33243], [0.009049974667091615]]
[700.0, 1400.0, 0.00507, [0.0341198675], [23.324299999999997], [2.33243], [0.008529966374494097]]
[700.0, 1900.0, 0.004292, [0.003527708822222222], [0.41983739999999997], [0.05597832], [0.0005799516765735692]]
[700.0, 200.0, 0.0038, [0.055429746999999994], [64.841554], [8.396747999999999], [0.015373445001039944]]
[700.0, 400.0, 0.005849, [0.08533832599999999], [64.841554], [8.396747999999999], [0.019082232455873708]]
[700.0, 1300.0, 0.004156, [0.0034144675555555547], [0.41983739999999997], [0.05597832], [0.0005690778683509961]]
[700.0, 1100.0, 0.006009, [0.040446512], [23.324299999999997], [2.33243], [0.009279064882842452]]
[700.0, 800.0, 0.00445, [0.029941284999999998], [23.324299999999997], [2.33243], [0.008002145079602093]]
[700.0, 1500.0, 0.004428, [0.029796937], [23.324299999999997], [2.33243], [0.007963566080908728]]
[700.0, 1600.0, 0.003582, [0.0029400388888888886], [0.41983739999999997], [0.05597832], [0.000528046548172637]]
[700.0, 1800.0, 0.004357, [0.0035812645777777777], [0.41983739999999997], [0.05597832], [0.00058095776689324]]
[700.0, 1200.0, 0.004112, [0.027665595999999997], [23.324299999999997], [2.33243], [0.007673057332315457]]
[700.0, 700.0, 0.006297, [0.042388102999999996], [23.324299999999997], [2.33243], [0.009478266233863658]]
[700.0, 900.0, 0.004732, [0.031842189], [23.324299999999997], [2.33243], [0.008221619358435416]]
[700.0, 300.0, 0.00347, [0.0028471178666666665], [0.41983739999999997], [0.05597832], [0.0005198103025309174]]
[700.0, 500.0, 0.004494, [0.003694960733333333], [0.41983739999999997], [0.05597832], [0.0005916671319768645]]
[700.0, 1700.0, 0.006643, [0.044722626], [23.324299999999997], [2.33243], [0.00975927767946993]]
[800.0, 300.0, 0.002419, [0.08274295999999999], [200.58897999999996], [23.324299999999997], [0.020685735084835632]]
[800.0, 100.0, 0.003073, [0.020671778999999998], [23.324299999999997], [2.33243], [0.0051679444124332445]]
[800.0, 1800.0, 0.002652, [0.03868266499999999], [64.841554], [8.396747999999999], [0.009987819847193881]]
[800.0, 800.0, 0.003442, [0.023156008999999998], [23.324299999999997], [2.33243], [0.005457924715493976]]
[800.0, 400.0, 0.004239, [0.028524945], [23.324299999999997], [2.33243], [0.006081539901620312]]
[800.0, 200.0, 0.003255, [0.0218929985], [23.324299999999997], [2.33243], [0.005309834067558043]]
[800.0, 1700.0, 0.002588, [0.0021203449555555554], [0.41983739999999997], [0.05597832], [0.0003485824991534276]]
[800.0, 600.0, 0.003456, [0.023250228499999998], [23.324299999999997], [2.33243], [0.005480130705558033]]
[800.0, 1600.0, 0.002723, [0.0022308926666666667], [0.41983739999999997], [0.05597832], [0.0003572287151993285]]
[800.0, 1000.0, 0.002639, [0.002162171222222222], [0.41983739999999997], [0.05597832], [0.0003507504980769586]]
[800.0, 1100.0, 0.002929, [0.0024008478444444443], [0.41983739999999997], [0.05597832], [0.0003704588900736057]]
[800.0, 1500.0, 0.003257, [0.0219071435], [23.324299999999997], [2.33243], [0.005313261357208019]]
[800.0, 1400.0, 0.004037, [0.027162298499999998], [23.324299999999997], [2.33243], [0.005927299026538142]]
[800.0, 1200.0, 0.002873, [0.0023546285777777775], [0.41983739999999997], [0.05597832], [0.0003677312135678704]]
[800.0, 900.0, 0.003266, [0.021972497999999997], [23.324299999999997], [2.33243], [0.005329112904602416]]
[800.0, 1300.0, 0.002819, [0.0023104644888888885], [0.41983739999999997], [0.05597832], [0.0003653165013018941]]
[800.0, 2000.0, 0.003839, [0.025831023999999998], [23.324299999999997], [2.33243], [0.005775992202643628]]
[800.0, 500.0, 0.004218, [0.028379021499999997], [23.324299999999997], [2.33243], [0.006050427493161124]]
[800.0, 1900.0, 0.002694, [0.018117629], [23.324299999999997], [2.33243], [0.00484213915021037]]
[800.0, 700.0, 0.003162, [0.0025930838888888886], [0.41983739999999997], [0.05597832], [0.00038655411388699895]]
[900.0, 200.0, 0.001558, [0.010475039499999998], [23.324299999999997], [2.33243], [0.0029052530367422386]]
[900.0, 1100.0, 0.001548, [0.010410890199999998], [23.324299999999997], [2.33243], [0.0028874606170474428]]
[900.0, 300.0, 0.002378, [0.0159916355], [23.324299999999997], [2.33243], [0.0035758376717910443]]
[900.0, 1000.0, 0.002494, [0.0020427572666666667], [0.41983739999999997], [0.05597832], [0.00027056978689470653]]
[900.0, 900.0, 0.002518, [0.0169369355], [23.324299999999997], [2.33243], [0.0036959414869556576]]
[900.0, 1600.0, 0.001906, [0.012819590499999999], [23.324299999999997], [2.33243], [0.003204899180161522]]
[900.0, 700.0, 0.002158, [0.014511229], [23.324299999999997], [2.33243], [0.003420327556316792]]
[900.0, 1900.0, 0.002509, [0.0168722135], [23.324299999999997], [2.33243], [0.0036818197844272604]]
[900.0, 500.0, 0.002627, [0.017670669999999996], [23.324299999999997], [2.33243], [0.0037674007020756357]]
[900.0, 1400.0, 0.001906, [0.0128174055], [23.324299999999997], [2.33243], [0.003204351134785325]]
[900.0, 1200.0, 0.002487, [0.016729601999999996], [23.324299999999997], [2.33243], [0.0036506985016569087]]
[900.0, 1500.0, 0.002024, [0.013609709499999997], [23.324299999999997], [2.33243], [0.0033008393727959554]]
[900.0, 800.0, 0.002499, [0.016810286], [23.324299999999997], [2.33243], [0.0036683035213842374]]
[900.0, 400.0, 0.002269, [0.0018578965555555553], [0.41983739999999997], [0.05597832], [0.0002576439071928157]]
[900.0, 100.0, 0.001316, [0.00884771475], [23.324299999999997], [2.33243], [0.002667686705743386]]
[900.0, 600.0, 0.001966, [0.0016089353555555556], [0.41983739999999997], [0.05597832], [0.00023984593460319275]]
[900.0, 1800.0, 0.001449, [0.0011845930222222222], [0.41983739999999997], [0.05597832], [0.0002062111333225557]]
[900.0, 2000.0, 0.001783, [0.0014581550222222222], [0.41983739999999997], [0.05597832], [0.0002277254967642912]]
[900.0, 1700.0, 0.001806, [0.0121462425], [23.324299999999997], [2.33243], [0.0031361457264451214]]
[900.0, 1300.0, 0.001798, [0.0014708213777777776], [0.41983739999999997], [0.05597832], [0.00022970370544746614]]
[1000.0, 1600.0, 0.001051, [0.0008583543777777778], [0.41983739999999997], [0.05597832], [0.00013924344938822387]]
[1000.0, 1400.0, 0.001303, [0.0010648110666666667], [0.41983739999999997], [0.05597832], [0.0001553186693126008]]
[1000.0, 1500.0, 0.001284, [0.0086324934], [23.324299999999997], [2.33243], [0.002093686727999201]]
[1000.0, 700.0, 0.001367, [0.009190822999999997], [23.324299999999997], [2.33243], [0.0021662978292469387]]
[1000.0, 1900.0, 0.00129, [0.00867375655], [23.324299999999997], [2.33243], [0.00210369484597933]]
[1000.0, 1800.0, 0.001305, [0.0010664772888888889], [0.41983739999999997], [0.05597832], [0.0001555616941487195]]
[1000.0, 500.0, 0.001189, [0.0009716084222222221], [0.41983739999999997], [0.05597832], [0.00014816888082335117]]
[1000.0, 1000.0, 0.001118, [0.016298319799999995], [64.841554], [8.396747999999999], [0.0040745796691192574]]
[1000.0, 200.0, 0.001213, [0.008153080249999998], [23.324299999999997], [2.33243], [0.0020382701348202106]]
[1000.0, 1100.0, 0.00108, [0.0008820218888888887], [0.41983739999999997], [0.05597832], [0.0001412365273635981]]
[1000.0, 2000.0, 0.000965, [0.0007883771333333331], [0.41983739999999997], [0.05597832], [0.00013326007604180128]]
[1000.0, 1700.0, 0.001577, [0.010604352400000001], [23.324299999999997], [2.33243], [0.002314059764245513]]
[1000.0, 800.0, 0.001252, [0.0010227052222222222], [0.41983739999999997], [0.05597832], [0.00015245587713851532]]
[1000.0, 1300.0, 0.00134, [0.0010949553777777777], [0.41983739999999997], [0.05597832], [0.00015804317575418794]]
[1000.0, 400.0, 0.001279, [0.008598308499999999], [23.324299999999997], [2.33243], [0.0020853965048642426]]
[1000.0, 300.0, 0.000976, [0.014231933099999998], [64.841554], [8.396747999999999], [0.0038036444273880283]]
[1000.0, 600.0, 0.001269, [0.0010371875555555555], [0.41983739999999997], [0.05597832], [0.00015292496546257054]]
[1000.0, 1200.0, 0.000991, [0.0008092744222222223], [0.41983739999999997], [0.05597832], [0.00013487906526556885]]
[1000.0, 100.0, 0.001286, [0.0086476182], [23.324299999999997], [2.33243], [0.0020973556738188206]]
[1000.0, 900.0, 0.000968, [0.0007905968888888887], [0.41983739999999997], [0.05597832], [0.0001336352366114474]]
[1100.0, 1300.0, 0.000728, [0.0005944574888888888], [0.41983739999999997], [0.05597832], [9.283870114144008e-05]]
[1100.0, 1800.0, 0.001168, [0.00785481395], [23.324299999999997], [2.33243], [0.001603357368149721]]
[1100.0, 2000.0, 0.000975, [0.00655335895], [23.324299999999997], [2.33243], [0.0014653761906077225]]
[1100.0, 700.0, 0.000729, [0.0049015116], [23.324299999999997], [2.33243], [0.0012655644195377807]]
[1100.0, 900.0, 0.001051, [0.0008584131555555555], [0.41983739999999997], [0.05597832], [0.00011175586743510534]]
[1100.0, 200.0, 0.000585, [0.0085363166], [64.841554], [8.396747999999999], [0.0023675480987722297]]
[1100.0, 1900.0, 0.000912, [0.0007445958666666665], [0.41983739999999997], [0.05597832], [0.00010426429899272541]]
[1100.0, 1500.0, 0.000926, [0.0062270636999999995], [23.324299999999997], [2.33243], [0.0014285860824605563]]
[1100.0, 800.0, 0.000819, [0.0006686764444444445], [0.41983739999999997], [0.05597832], [9.859098839443995e-05]]
[1100.0, 500.0, 0.000779, [0.0052381510999999995], [23.324299999999997], [2.33243], [0.0013095379786397948]]
[1100.0, 1700.0, 0.000713, [0.0005819045999999999], [0.41983739999999997], [0.05597832], [9.20071552773056e-05]]
[1100.0, 400.0, 0.000764, [0.0111465406], [64.841554], [8.396747999999999], [0.002703433540888327]]
[1100.0, 600.0, 0.001069, [0.007188459099999999], [23.324299999999997], [2.33243], [0.001532584596360018]]
[1100.0, 1400.0, 0.001067, [0.0071710032499999994], [23.324299999999997], [2.33243], [0.0015288630440624823]]
[1100.0, 100.0, 0.000728, [0.0048969817499999995], [23.324299999999997], [2.33243], [0.001264395059900188]]
[1100.0, 1100.0, 0.000874, [0.005875393699999999], [23.324299999999997], [2.33243], [0.0013848435417042604]]
[1100.0, 1000.0, 0.001119, [0.0075251768], [23.324299999999997], [2.33243], [0.0015691078906499706]]
[1100.0, 300.0, 0.000636, [0.0042732068], [23.324299999999997], [2.33243], [0.0011851741770727202]]
[1100.0, 1200.0, 0.000894, [0.0007300818444444443], [0.41983739999999997], [0.05597832], [0.00010324917590918545]]
[1100.0, 1600.0, 0.000813, [0.0006633409555555556], [0.41983739999999997], [0.05597832], [9.780429966059144e-05]]
[1200.0, 100.0, 0.000351, [0.012002296999999999], [200.58897999999996], [23.324299999999997], [0.003207748908502659]]
[1200.0, 1400.0, 0.000604, [0.0040596437499999995], [23.324299999999997], [2.33243], [0.0009313460860496488]]
[1200.0, 1700.0, 0.000641, [0.00430957785], [23.324299999999997], [2.33243], [0.000963650801250121]]
[1200.0, 1800.0, 0.000593, [0.00048413405333333324], [0.41983739999999997], [0.05597832], [6.779231425172721e-05]]
[1200.0, 700.0, 0.00063, [0.0005137831999999999], [0.41983739999999997], [0.05597832], [6.991702966400273e-05]]
[1200.0, 200.0, 0.000399, [0.013660716600000001], [200.58897999999996], [23.324299999999997], [0.0034151795337873524]]
[1200.0, 1900.0, 0.000698, [0.0046938009], [23.324299999999997], [2.33243], [0.0010007216478621812]]
[1200.0, 1200.0, 0.000513, [0.00041819392222222217], [0.41983739999999997], [0.05597832], [6.304509458012798e-05]]
[1200.0, 1100.0, 0.000671, [0.0005473509333333333], [0.41983739999999997], [0.05597832], [7.187070994604233e-05]]
[1200.0, 1300.0, 0.000721, [0.0005887979555555555], [0.41983739999999997], [0.05597832], [7.477740713132509e-05]]
[1200.0, 2000.0, 0.000572, [0.0004667046022222222], [0.41983739999999997], [0.05597832], [6.667208866840312e-05]]
[1200.0, 800.0, 0.000653, [0.0005328077777777778], [0.41983739999999997], [0.05597832], [7.119942887133953e-05]]
[1200.0, 1600.0, 0.000514, [0.00041942646666666666], [0.41983739999999997], [0.05597832], [6.323091047506885e-05]]
[1200.0, 1000.0, 0.00055, [0.0004484219533333333], [0.41983739999999997], [0.05597832], [6.540906378088099e-05]]
[1200.0, 1500.0, 0.000539, [0.0036239236999999996], [23.324299999999997], [2.33243], [0.0008789304875813558]]
[1200.0, 300.0, 0.000766, [0.00515240825], [23.324299999999997], [2.33243], [0.0010517309894882815]]
[1200.0, 600.0, 0.000684, [0.0005584604444444443], [0.41983739999999997], [0.05597832], [7.270537141160043e-05]]
[1200.0, 500.0, 0.000594, [0.0004846401555555555], [0.41983739999999997], [0.05597832], [6.78632000133311e-05]]
[1200.0, 900.0, 0.000698, [0.004694810599999999], [23.324299999999997], [2.33243], [0.0010009368385417731]]
[1200.0, 400.0, 0.000557, [0.0081263186], [64.841554], [8.396747999999999], [0.0018643052896454486]]
[1300.0, 1600.0, 0.000422, [0.00034437189555555555], [0.41983739999999997], [0.05597832], [4.643509844827761e-05]]
[1300.0, 1700.0, 0.00048, [0.0003913553244444444], [0.41983739999999997], [0.05597832], [4.930613946195722e-05]]
[1300.0, 900.0, 0.000459, [0.00037480304222222224], [0.41983739999999997], [0.05597832], [4.83868621644704e-05]]
[1300.0, 200.0, 0.000309, [0.0045104817], [64.841554], [8.396747999999999], [0.0011276203598729493]]
[1300.0, 1800.0, 0.000381, [0.00031090050666666665], [0.41983739999999997], [0.05597832], [4.39679749896599e-05]]
[1300.0, 1000.0, 0.0004, [0.00032653421999999995], [0.41983739999999997], [0.05597832], [4.528214553984117e-05]]
[1300.0, 1400.0, 0.000397, [0.0026694604999999995], [23.324299999999997], [2.33243], [0.0006124164093980499]]
[1300.0, 1200.0, 0.000376, [0.0025267581500000003], [23.324299999999997], [2.33243], [0.0005955624503358149]]
[1300.0, 500.0, 0.000437, [0.0029368044499999994], [23.324299999999997], [2.33243], [0.0006408633344949607]]
[1300.0, 100.0, 0.000397, [0.0026707715], [23.324299999999997], [2.33243], [0.0006127168271314246]]
[1300.0, 1100.0, 0.000437, [0.00035631303555555554], [0.41983739999999997], [0.05597832], [4.719481658083613e-05]]
[1300.0, 2000.0, 0.000438, [0.00294673355], [23.324299999999997], [2.33243], [0.0006430299837488139]]
[1300.0, 1300.0, 0.000313, [0.0021014708999999997], [23.324299999999997], [2.33243], [0.0005425972502694793]]
[1300.0, 1500.0, 0.000384, [0.00031313053555555553], [0.41983739999999997], [0.05597832], [4.4283343305592765e-05]]
[1300.0, 600.0, 0.000336, [0.00027443875999999995], [0.41983739999999997], [0.05597832], [4.13732021637672e-05]]
[1300.0, 300.0, 0.000446, [0.003000764], [23.324299999999997], [2.33243], [0.0006548205425916324]]
[1300.0, 1900.0, 0.000413, [0.00033717529777777775], [0.41983739999999997], [0.05597832], [4.5883748536416317e-05]]
[1300.0, 400.0, 0.000418, [0.0028112692999999996], [23.324299999999997], [2.33243], [0.0006286189702435014]]
[1300.0, 700.0, 0.000405, [0.00033047355777777776], [0.41983739999999997], [0.05597832], [4.539403919100034e-05]]
[1300.0, 800.0, 0.000307, [0.0044800642], [64.841554], [8.396747999999999], [0.001120016167294026]]
[1400.0, 1100.0, 0.000299, [0.00024356831333333334], [0.41983739999999997], [0.05597832], [3.1709895188087677e-05]]
[1400.0, 400.0, 0.000193, [0.00015745064], [0.41983739999999997], [0.05597832], [2.554186944635836e-05]]
[1400.0, 1500.0, 0.000239, [0.00019527], [0.41983739999999997], [0.05597832], [2.848305791427859e-05]]
[1400.0, 1800.0, 0.000283, [0.00023094417555555554], [0.41983739999999997], [0.05597832], [3.086120886073128e-05]]
[1400.0, 1600.0, 0.00025, [0.00020385462222222218], [0.41983739999999997], [0.05597832], [2.9122086718070438e-05]]
[1400.0, 1400.0, 0.000263, [0.00021473459333333332], [0.41983739999999997], [0.05597832], [2.977833079917652e-05]]
[1400.0, 600.0, 0.000235, [0.0015828634499999998], [23.324299999999997], [2.33243], [0.00038390076419564465]]
[1400.0, 1700.0, 0.000306, [0.00205583315], [23.324299999999997], [2.33243], [0.0004383051168991756]]
[1400.0, 900.0, 0.000264, [0.00177261805], [23.324299999999997], [2.33243], [0.00040666640751357857]]
[1400.0, 100.0, 0.000292, [0.004253902899999999], [64.841554], [8.396747999999999], [0.0008870003004509074]]
[1400.0, 700.0, 0.000249, [0.00167113285], [23.324299999999997], [2.33243], [0.00039388985738401537]]
[1400.0, 2000.0, 0.000297, [0.0002418850711111111], [0.41983739999999997], [0.05597832], [3.1490758024977015e-05]]
[1400.0, 800.0, 0.000264, [0.00021509324], [0.41983739999999997], [0.05597832], [2.9828065224914072e-05]]
[1400.0, 1300.0, 0.000351, [0.00028630527777777777], [0.41983739999999997], [0.05597832], [3.446711041336238e-05]]
[1400.0, 300.0, 0.000223, [0.00149864205], [23.324299999999997], [2.33243], [0.00037466057538791024]]
[1400.0, 1200.0, 0.000274, [0.00022324995999999998], [0.41983739999999997], [0.05597832], [3.038046766112467e-05]]
[1400.0, 500.0, 0.000217, [0.0031598159], [64.841554], [8.396747999999999], [0.0007663678000803531]]
[1400.0, 1000.0, 0.000285, [0.00023281238888888888], [0.41983739999999997], [0.05597832], [3.1110863530760914e-05]]
[1400.0, 200.0, 0.000413, [0.0027778410999999992], [23.324299999999997], [2.33243], [0.0005071619953229934]]
[1400.0, 1900.0, 0.000259, [0.00021152338444444443], [0.41983739999999997], [0.05597832], [2.961919537757254e-05]]
[1500.0, 1500.0, 0.000282, [0.0018972148], [23.324299999999997], [2.33243], [0.0009486073195743326]]
[1500.0, 1100.0, 0.00016, [0.00013074559555555554], [0.41983739999999997], [0.05597832], [5.847120046613219e-05]]
[1500.0, 1800.0, 0.000314, [0.00025626180888888885], [0.41983739999999997], [0.05597832], [7.39764255074831e-05]]
[1500.0, 400.0, 0.000276, [0.009453018399999999], [200.58897999999996], [23.324299999999997], [0.006684292273681634]]
[1500.0, 200.0, 0.000215, [0.0031327517999999994], [64.841554], [8.396747999999999], [0.0022151904067145107]]
[1500.0, 500.0, 0.000146, [0.0192827308], [634.4209599999999], [102.62691999999998], [0.019282728143081827]]
[1500.0, 1300.0, 0.000142, [0.000956682585], [23.324299999999997], [2.33243], [0.0006764768820883681]]
[1500.0, 600.0, 0.000246, [0.0024542356999999997], [32.18753399999999], [5.5978319999999995], [0.002454235797554913]]
[1500.0, 1000.0, 0.000155, [0.00012676255777777776], [0.41983739999999997], [0.05597832], [5.175059944783129e-05]]
[1500.0, 2000.0, 0.000229, [0.00018714686], [0.41983739999999997], [0.05597832], [7.073486024811943e-05]]
[1500.0, 800.0, 0.000208, [0.00016974260666666665], [0.41983739999999997], [0.05597832], [6.001306392757587e-05]]
[1500.0, 1700.0, 0.00038, [0.00030958807555555554], [0.41983739999999997], [0.05597832], [8.937037568110987e-05]]
[1500.0, 1200.0, 0.000142, [0.0009558580349999999], [23.324299999999997], [2.33243], [0.000675893557263272]]
[1500.0, 300.0, 0.000221, [0.0075622942], [200.58897999999996], [23.324299999999997], [0.003781147676036999]]
[1500.0, 1400.0, 0.000194, [0.0028244115], [64.841554], [8.396747999999999], [0.0016306740477483534]]
[1500.0, 100.0, 0.000229, [0.00010790107555555556], [0.13994579999999998], [0.02798916], [0.00010790107570488628]]
[1500.0, 900.0, 0.000629, [0.004228222249999999], [23.324299999999997], [2.33243], [0.0014094074588279998]]
[1500.0, 700.0, 0.00018, [0.00014701998666666666], [0.41983739999999997], [0.05597832], [5.556833284177972e-05]]
[1500.0, 1900.0, 0.00029, [0.0002363298044444444], [0.41983739999999997], [0.05597832], [7.877659901954652e-05]]
[1500.0, 1600.0, 0.000218, [0.0031822270999999997], [64.841554], [8.396747999999999], [0.00225017441168457]]
[1600.0, 1500.0, 0.000281, [0.00022933657777777773], [0.41983739999999997], [0.05597832], [5.733413806498116e-05]]
[1600.0, 100.0, 0.00016, [0.0015988703], [32.18753399999999], [5.5978319999999995], [0.001598870935379088]]
[1600.0, 1300.0, 0.000117, [0.0007839539649999998], [23.324299999999997], [2.33243], [0.0005543392465359096]]
[1600.0, 900.0, 0.000119, [0.00080122455], [23.324299999999997], [2.33243], [0.0005665514420597656]]
[1600.0, 300.0, 0.000192, [0.001289633], [23.324299999999997], [2.33243], [0.000644816700892587]]
[1600.0, 500.0, 0.000122, [0.0005236461749999999], [9.796206], [1.3994579999999999], [0.0005236461577248513]]
[1600.0, 1000.0, 0.000243, [0.00019816866444444443], [0.41983739999999997], [0.05597832], [5.296280222715832e-05]]
[1600.0, 1200.0, 0.000171, [0.00013975009555555556], [0.41983739999999997], [0.05597832], [4.940911930623014e-05]]
[1600.0, 1800.0, 0.000193, [0.00015744159333333334], [0.41983739999999997], [0.05597832], [5.248055936355015e-05]]
[1600.0, 1100.0, 0.000195, [0.0001589283133333333], [0.41983739999999997], [0.05597832], [5.297611807616478e-05]]
[1600.0, 1900.0, 9.5e-05, [0.00063835051], [23.324299999999997], [2.33243], [0.0004513819585450885]]
[1600.0, 1700.0, 0.000111, [0.0016166925399999999], [64.841554], [8.396747999999999], [0.0011431742732409612]]
[1600.0, 800.0, 8.6e-05, [7.042042888888889e-05], [0.41983739999999997], [0.05597832], [4.065724244169743e-05]]
[1600.0, 200.0, 0.000143, [0.00095889254], [23.324299999999997], [2.33243], [0.0005536168560024161]]
[1600.0, 1600.0, 0.00012, [9.793251777777778e-05], [0.41983739999999997], [0.05597832], [3.7015011075755083e-05]]
[1600.0, 2000.0, 0.000234, [0.0015705480999999998], [23.324299999999997], [2.33243], [0.000785274449635285]]
[1600.0, 1400.0, 0.000334, [0.0022475369999999995], [23.324299999999997], [2.33243], [0.0008494889727065324]]
[1600.0, 700.0, 0.000263, [0.0002147041822222222], [0.41983739999999997], [0.05597832], [6.197974089556588e-05]]
[1600.0, 400.0, 0.000174, [0.0025378613999999995], [64.841554], [8.396747999999999], [0.001268931073778241]]
[1600.0, 600.0, 0.000129, [0.00010480844444444444], [0.41983739999999997], [0.05597832], [4.2787867456575594e-05]]
[1700.0, 900.0, 0.000157, [0.00105625867], [23.324299999999997], [2.33243], [0.0005281294086206523]]
[1700.0, 1500.0, 0.000128, [0.0008600925899999999], [23.324299999999997], [2.33243], [0.00043004634023556103]]
[1700.0, 1800.0, 0.000188, [0.0001536302888888889], [0.41983739999999997], [0.05597832], [4.2609374856702744e-05]]
[1700.0, 700.0, 9.4e-05, [0.00432308276], [254.23487], [33.120506], [0.0043230828389009615]]
[1700.0, 500.0, 0.000245, [0.001053089155], [9.796206], [1.3994579999999999], [0.001053089102592938]]
[1700.0, 300.0, 9.9e-05, [0.00339784428], [200.58897999999996], [23.324299999999997], [0.0016989220547158717]]
[1700.0, 800.0, 8.8e-05, [0.00128341265], [64.841554], [8.396747999999999], [0.0007409788316814455]]
[1700.0, 1300.0, 7.5e-05, [0.00108724151], [64.841554], [8.396747999999999], [0.000768795771970684]]
[1700.0, 400.0, 0.000157, [0.00105681182], [23.324299999999997], [2.33243], [0.0004726207594361466]]
[1700.0, 1000.0, 0.000114, [9.302304e-05], [0.41983739999999997], [0.05597832], [2.9416475941045748e-05]]
[1700.0, 2000.0, 6e-05, [4.852287e-05], [0.41983739999999997], [0.05597832], [2.8014689585868923e-05]]
[1700.0, 1600.0, 0.000195, [0.0028460223], [64.841554], [8.396747999999999], [0.0014230116914488089]]
[1700.0, 1400.0, 0.000118, [9.582796666666666e-05], [0.41983739999999997], [0.05597832], [3.3880309945089174e-05]]
[1700.0, 1200.0, 7e-05, [5.718162888888888e-05], [0.41983739999999997], [0.05597832], [2.334429151147748e-05]]
[1700.0, 100.0, 0.00025, [0.001075977835], [9.796206], [1.3994579999999999], [0.0010759778205195493]]
[1700.0, 1700.0, 0.000117, [9.523083555555554e-05], [0.41983739999999997], [0.05597832], [3.366918985777668e-05]]
[1700.0, 1900.0, 0.000129, [0.0008638279049999999], [23.324299999999997], [2.33243], [0.0004319138823307257]]
[1700.0, 1100.0, 0.000126, [0.00010276231333333332], [0.41983739999999997], [0.05597832], [3.0984004945602745e-05]]
[1700.0, 600.0, 0.000121, [0.0008125330749999999], [23.324299999999997], [2.33243], [0.00046911613833889795]]
[1700.0, 200.0, 6.5e-05, [0.0004346897649999999], [23.324299999999997], [2.33243], [0.0003073720679811359]]
[1800.0, 600.0, 0.00013, [0.0030374880999999997], [110.09069599999998], [15.394037999999998], [0.002147828126270815]]
[1800.0, 1800.0, 5.4e-05, [4.425280244444444e-05], [0.41983739999999997], [0.05597832], [1.6725989092161666e-05]]
[1800.0, 400.0, 7.1e-05, [0.000477204115], [23.324299999999997], [2.33243], [0.00033743428082368864]]
[1800.0, 1300.0, 5.4e-05, [4.4151065777777774e-05], [0.41983739999999997], [0.05597832], [1.6687531221591914e-05]]
[1800.0, 1200.0, 7.8e-05, [6.330105999999999e-05], [0.41983739999999997], [0.05597832], [2.0017554271497445e-05]]
[1800.0, 1700.0, 5.4e-05, [0.00036391151999999995], [23.324299999999997], [2.33243], [0.00025732428883609097]]
[1800.0, 500.0, 5.5e-05, [0.000237375295], [9.796206], [1.3994579999999999], [0.00023737532169541129]]
[1800.0, 1600.0, 7e-05, [5.694360444444444e-05], [0.41983739999999997], [0.05597832], [1.8981203737082692e-05]]
[1800.0, 1000.0, 0.000105, [0.000707840065], [23.324299999999997], [2.33243], [0.000408671556999016]]
[1800.0, 700.0, 7.8e-05, [6.34156e-05], [0.41983739999999997], [0.05597832], [2.242079640880177e-05]]
[1800.0, 200.0, 9.7e-05, [0.0009734609699999999], [32.18753399999999], [5.5978319999999995], [0.0006883409320968788]]
[1800.0, 800.0, 0.000119, [0.0027736353199999996], [110.09069599999998], [15.394037999999998], [0.002773635218986087]]
[1800.0, 2000.0, 0.000133, [0.00089564944], [23.324299999999997], [2.33243], [0.0004005466673809682]]
[1800.0, 1100.0, 0.000123, [0.00010004325333333333], [0.41983739999999997], [0.05597832], [2.501081370078368e-05]]
[1800.0, 900.0, 9.2e-05, [7.521066444444443e-05], [0.41983739999999997], [0.05597832], [2.8426950557959807e-05]]
[1800.0, 1500.0, 9.8e-05, [7.979083333333332e-05], [0.41983739999999997], [0.05597832], [2.5232075598577808e-05]]
[1800.0, 1400.0, 7.8e-05, [6.37054e-05], [0.41983739999999997], [0.05597832], [2.600761655769989e-05]]
[1800.0, 1900.0, 8.7e-05, [7.102195555555555e-05], [0.41983739999999997], [0.05597832], [2.1413920913482628e-05]]
[1800.0, 100.0, 0.000165, [0.000707684815], [9.796206], [1.3994579999999999], [0.0007076847159929342]]
[1800.0, 300.0, 3.8e-05, [0.00056026321], [64.841554], [8.396747999999999], [0.00039616583661391093]]
[1900.0, 300.0, 1.9e-05, [1.585230022222222e-05], [0.41983739999999997], [0.05597832], [9.152331816483291e-06]]
[1900.0, 1600.0, 4.3e-05, [0.00028725907499999997], [23.324299999999997], [2.33243], [0.00016584909910819534]]
[1900.0, 600.0, 4.6e-05, [2.142863488888889e-05], [0.13994579999999998], [0.02798916], [2.1428634298555627e-05]]
[1900.0, 1500.0, 7.8e-05, [6.321917999999999e-05], [0.41983739999999997], [0.05597832], [2.107306834285686e-05]]
[1900.0, 500.0, 8.5e-05, [0.000571778735], [23.324299999999997], [2.33243], [0.00023342762208016426]]
[1900.0, 1700.0, 3.6e-05, [2.9575009999999998e-05], [0.41983739999999997], [0.05597832], [1.1178303811346578e-05]]
[1900.0, 1800.0, 5.3e-05, [4.297922088888888e-05], [0.41983739999999997], [0.05597832], [1.3591223871343876e-05]]
[1900.0, 800.0, 4.9e-05, [0.00049333298], [32.18753399999999], [5.5978319999999995], [0.0004933328971394468]]
[1900.0, 1300.0, 4.2e-05, [3.4476151555555554e-05], [0.41983739999999997], [0.05597832], [1.2189159905829298e-05]]
[1900.0, 1000.0, 6.5e-05, [5.268242e-05], [0.41983739999999997], [0.05597832], [1.6659642949651606e-05]]
[1900.0, 1900.0, 4.3e-05, [0.00028940347999999996], [23.324299999999997], [2.33243], [0.00016708720387869323]]
[1900.0, 1200.0, 4.4e-05, [0.00029289326999999997], [23.324299999999997], [2.33243], [0.00016910197670340818]]
[1900.0, 100.0, 9.6e-05, [0.0009586319499999999], [32.18753399999999], [5.5978319999999995], [0.0009586321640754602]]
[1900.0, 2000.0, 5.7e-05, [4.665836222222222e-05], [0.41983739999999997], [0.05597832], [1.4068024852809269e-05]]
[1900.0, 1100.0, 3.3e-05, [2.6520431111111108e-05], [0.41983739999999997], [0.05597832], [1.1860296715210773e-05]]
[1900.0, 900.0, 4.8e-05, [0.0004764636299999999], [32.18753399999999], [5.5978319999999995], [0.00047646380544591206]]
[1900.0, 200.0, 5.8e-05, [0.00038773837], [23.324299999999997], [2.33243], [0.00019386916109840675]]
[1900.0, 400.0, 6.3e-05, [0.00062850789], [32.18753399999999], [5.5978319999999995], [0.00044442219802795626]]
[1900.0, 700.0, 5.6e-05, [0.00037779363], [23.324299999999997], [2.33243], [0.00018889680304335488]]
[1900.0, 1400.0, 4.2e-05, [3.3874062666666664e-05], [0.41983739999999997], [0.05597832], [1.1976288765414458e-05]]
[2000.0, 1500.0, 2.4e-05, [1.9872873999999996e-05], [0.41983739999999997], [0.05597832], [7.511239920000057e-06]]
[2000.0, 1200.0, 1.9e-05, [0.00012994424999999998], [23.324299999999997], [2.33243], [9.18844314750872e-05]]
[2000.0, 1300.0, 3.6e-05, [0.00051937335], [64.841554], [8.396747999999999], [0.000259686704511417]]
[2000.0, 300.0, 2.9e-05, [0.00019386159499999996], [23.324299999999997], [2.33243], [0.00011192606223529889]]
[2000.0, 900.0, 2.5e-05, [2.0242984888888886e-05], [0.41983739999999997], [0.05597832], [7.651128476438162e-06]]
[2000.0, 1900.0, 2.2e-05, [1.8147679777777777e-05], [0.41983739999999997], [0.05597832], [8.115889219744222e-06]]
[2000.0, 1600.0, 2.8e-05, [0.00019094761], [23.324299999999997], [2.33243], [0.00011024367499997448]]
[2000.0, 500.0, 2.6e-05, [0.00038395762999999996], [64.841554], [8.396747999999999], [0.00022167801625330374]]
[2000.0, 600.0, 6.2e-05, [0.00061875152], [32.18753399999999], [5.5978319999999995], [0.0006187514272306772]]
[2000.0, 200.0, 2.9e-05, [0.000192038385], [23.324299999999997], [2.33243], [0.00011087339001085878]]
[2000.0, 1800.0, 2.9e-05, [2.3318217777777775e-05], [0.41983739999999997], [0.05597832], [8.244234897007547e-06]]
[2000.0, 2000.0, 2.4e-05, [0.000158345455], [23.324299999999997], [2.33243], [0.0001119671324541269]]
[2000.0, 400.0, 5.7e-05, [0.0013353330799999999], [110.09069599999998], [15.394037999999998], [0.0013353330959726866]]
[2000.0, 1100.0, 6.4e-05, [5.249019111111111e-05], [0.41983739999999997], [0.05597832], [1.582638451026218e-05]]
[2000.0, 100.0, 3.3e-05, [0.00032617633999999996], [32.18753399999999], [5.5978319999999995], [0.00032617641193072186]]
[2000.0, 1400.0, 2.5e-05, [2.0314933999999997e-05], [0.41983739999999997], [0.05597832], [7.678323064733584e-06]]
[2000.0, 1700.0, 3.5e-05, [2.815003222222222e-05], [0.41983739999999997], [0.05597832], [8.90182136447021e-06]]
[2000.0, 700.0, 2.2e-05, [0.00031994794], [64.841554], [8.396747999999999], [0.00022623726434873632]]
[2000.0, 1000.0, 2.5e-05, [2.0184610888888888e-05], [0.41983739999999997], [0.05597832], [7.629067431642167e-06]]
[2000.0, 800.0, 2.1e-05, [1.708362822222222e-05], [0.41983739999999997], [0.05597832], [6.9743634781911046e-06]]
[2100.0, 200.0, 2.2e-05, [0.00032443293999999997], [64.841554], [8.396747999999999], [0.0001873113984518828]]
[2100.0, 100.0, 2.1e-05, [9.735230444444445e-06], [0.13994579999999998], [0.02798916], [9.735228473543842e-06]]
[2100.0, 400.0, 2.6e-05, [0.00017324773], [23.324299999999997], [2.33243], [8.66238749999098e-05]]
[2100.0, 1400.0, 2.4e-05, [0.000162342855], [23.324299999999997], [2.33243], [9.372870391454263e-05]]
[2100.0, 500.0, 2e-05, [0.00013108263499999999], [23.324299999999997], [2.33243], [7.568059044431405e-05]]
[2100.0, 800.0, 1.9e-05, [0.000127267855], [23.324299999999997], [2.33243], [7.347815187183193e-05]]
[2100.0, 300.0, 3.6e-05, [0.0008394084599999999], [110.09069599999998], [15.394037999999998], [0.0005935515310400606]]
[2100.0, 600.0, 2.5e-05, [0.00010756638849999999], [9.796206], [1.3994579999999999], [0.00010756639203301372]]
[2100.0, 700.0, 8.6e-05, [0.0008624625099999998], [32.18753399999999], [5.5978319999999995], [0.0006098530128645752]]
[2100.0, 1000.0, 1.5e-05, [1.2065805111111111e-05], [0.41983739999999997], [0.05597832], [5.395992468123855e-06]]
[2100.0, 1700.0, 2.7e-05, [2.177291422222222e-05], [0.41983739999999997], [0.05597832], [7.257637400833366e-06]]
[2100.0, 1800.0, 2.1e-05, [1.727668511111111e-05], [0.41983739999999997], [0.05597832], [5.758895538830383e-06]]
[2100.0, 1900.0, 1.8e-05, [1.4645510666666666e-05], [0.41983739999999997], [0.05597832], [5.97900390564379e-06]]
[2100.0, 900.0, 2.1e-05, [1.6853970666666666e-05], [0.41983739999999997], [0.05597832], [6.37019986507391e-06]]
[2100.0, 2000.0, 3.2e-05, [0.00021359662999999998], [23.324299999999997], [2.33243], [0.00010679833358952752]]
[2100.0, 1200.0, 2.9e-05, [2.3862714666666662e-05], [0.41983739999999997], [0.05597832], [7.5460514374271456e-06]]
[2100.0, 1500.0, 2.4e-05, [0.00016011242999999998], [23.324299999999997], [2.33243], [9.244093149141238e-05]]
[2100.0, 1100.0, 1.9e-05, [1.516289311111111e-05], [0.41983739999999997], [0.05597832], [5.360892872932804e-06]]
[2100.0, 1300.0, 1.9e-05, [1.5626281777777776e-05], [0.41983739999999997], [0.05597832], [5.524725754882921e-06]]
[2100.0, 1600.0, 3e-05, [2.405584311111111e-05], [0.41983739999999997], [0.05597832], [7.607126132778396e-06]]
[2200.0, 1700.0, 1.3e-05, [1.0350214666666666e-05], [0.41983739999999997], [0.05597832], [3.659353532598785e-06]]
[2200.0, 1100.0, 1.4e-05, [1.1522616666666665e-05], [0.41983739999999997], [0.05597832], [3.840872305114755e-06]]
[2200.0, 200.0, 2.9e-05, [0.00028714649], [32.18753399999999], [5.5978319999999995], [0.0002871464105643669]]
[2200.0, 1800.0, 2.2e-05, [0.00014588992], [23.324299999999997], [2.33243], [7.294494509559931e-05]]
[2200.0, 900.0, 1.3e-05, [8.7018154e-05], [23.324299999999997], [2.33243], [5.0239945113425426e-05]]
[2200.0, 1000.0, 1.7e-05, [1.4048655555555556e-05], [0.41983739999999997], [0.05597832], [4.235829440252945e-06]]
[2200.0, 1300.0, 1.4e-05, [1.1556303999999997e-05], [0.41983739999999997], [0.05597832], [3.85210071083555e-06]]
[2200.0, 1900.0, 1.3e-05, [8.596534049999999e-05], [23.324299999999997], [2.33243], [4.963211349519583e-05]]
[2200.0, 1400.0, 2.6e-05, [0.00017451008499999997], [23.324299999999997], [2.33243], [7.124344208416659e-05]]
[2200.0, 1600.0, 1.6e-05, [0.00010887646849999999], [23.324299999999997], [2.33243], [6.285986680704947e-05]]
[2200.0, 800.0, 1.6e-05, [1.2981930888888888e-05], [0.41983739999999997], [0.05597832], [4.105246862549088e-06]]
[2200.0, 400.0, 1.6e-05, [0.00022959699399999995], [64.841554], [8.396747999999999], [0.00011479852751668898]]
[2200.0, 600.0, 1.1e-05, [7.1616526e-05], [23.324299999999997], [2.33243], [5.064053433268649e-05]]
[2200.0, 2000.0, 1.6e-05, [1.2658499777777777e-05], [0.41983739999999997], [0.05597832], [4.475454780946434e-06]]
[2200.0, 500.0, 1.1e-05, [0.00072569048], [391.84824], [51.31345999999999], [0.0003245386880481277]]
[2200.0, 700.0, 3.4e-05, [0.000146332555], [9.796206], [1.3994579999999999], [0.00010347272862933498]]
[2200.0, 300.0, 2.5e-05, [0.0005734074799999999], [110.09069599999998], [15.394037999999998], [0.0005734074826857423]]
[2200.0, 1200.0, 1.3e-05, [8.544479299999999e-05], [23.324299999999997], [2.33243], [4.93315820494336e-05]]
[2200.0, 1500.0, 1.8e-05, [1.4344813777777776e-05], [0.41983739999999997], [0.05597832], [4.325124177479449e-06]]
[2200.0, 100.0, 7e-06, [0.00023278782999999997], [200.58897999999996], [23.324299999999997], [0.0001646058436386752]]
[2300.0, 700.0, 9e-06, [4.326972622222222e-06], [0.13994579999999998], [0.02798916], [4.326972605744598e-06]]
[2300.0, 100.0, 1.1e-05, [0.00011332226500000001], [32.18753399999999], [5.5978319999999995], [6.542664023927867e-05]]
[2300.0, 1800.0, 9e-06, [5.8247465499999996e-05], [23.324299999999997], [2.33243], [3.362918948621866e-05]]
[2300.0, 1000.0, 8e-06, [0.00038107407399999994], [254.23487], [33.120506], [0.0003810740894366868]]
[2300.0, 1500.0, 6e-06, [3.83335825e-05], [23.324299999999997], [2.33243], [2.710593667446303e-05]]
[2300.0, 1200.0, 1.4e-05, [1.1166832222222221e-05], [0.41983739999999997], [0.05597832], [3.0971216282617815e-06]]
[2300.0, 500.0, 9e-06, [4.210993844444444e-06], [0.13994579999999998], [0.02798916], [4.210993854128283e-06]]
[2300.0, 1900.0, 1.1e-05, [8.621079777777777e-06], [0.41983739999999997], [0.05597832], [3.5195420626644303e-06]]
[2300.0, 1300.0, 1.5e-05, [9.8336523e-05], [23.324299999999997], [2.33243], [4.9168263112499704e-05]]
[2300.0, 1600.0, 9e-06, [5.7979630499999996e-05], [23.324299999999997], [2.33243], [3.347455233083782e-05]]
[2300.0, 1700.0, 1.4e-05, [1.1264495333333331e-05], [0.41983739999999997], [0.05597832], [3.982600932513113e-06]]
[2300.0, 1400.0, 1.3e-05, [1.0514092222222222e-05], [0.41983739999999997], [0.05597832], [3.324847902582709e-06]]
[2300.0, 1100.0, 9e-06, [7.1163635555555556e-06], [0.41983739999999997], [0.05597832], [3.1825350265255096e-06]]
[2300.0, 900.0, 9e-06, [4.2461542e-06], [0.13994579999999998], [0.02798916], [4.246154415875239e-06]]
[2300.0, 2000.0, 9e-06, [7.536793333333333e-06], [0.41983739999999997], [0.05597832], [2.8486409928548106e-06]]
[2300.0, 300.0, 1e-05, [0.00014535981599999998], [64.841554], [8.396747999999999], [8.392353007351393e-05]]
[2300.0, 200.0, 7e-06, [3.1658672e-05], [9.796206], [1.3994579999999999], [3.165867498016934e-05]]
[2300.0, 400.0, 8e-06, [0.00011628721799999998], [64.841554], [8.396747999999999], [6.713844979592542e-05]]
[2300.0, 800.0, 1.1e-05, [7.236258849999999e-05], [23.324299999999997], [2.33243], [4.177855194355113e-05]]
[2300.0, 600.0, 9e-06, [0.00040073557799999996], [254.23487], [33.120506], [0.0004007355944759587]]
[2400.0, 1200.0, 4e-06, [3.5414188666666663e-06], [0.41983739999999997], [0.05597832], [1.58377070621872e-06]]
[2400.0, 1500.0, 7e-06, [5.0324667e-05], [23.324299999999997], [2.33243], [2.5162331122135723e-05]]
[2400.0, 1100.0, 6e-06, [4.530055977777777e-06], [0.41983739999999997], [0.05597832], [1.601616557739302e-06]]
[2400.0, 1600.0, 7e-06, [5.652096666666667e-06], [0.41983739999999997], [0.05597832], [2.3074597790858165e-06]]
[2400.0, 400.0, 1e-05, [0.00015117531999999997], [64.841554], [8.396747999999999], [6.171705333212208e-05]]
[2400.0, 1300.0, 7e-06, [5.694053777777778e-06], [0.41983739999999997], [0.05597832], [1.800617677285516e-06]]
[2400.0, 200.0, 9e-06, [6.380231049999999e-05], [23.324299999999997], [2.33243], [3.1901161679474935e-05]]
[2400.0, 1700.0, 5e-06, [3.950818355555555e-06], [0.41983739999999997], [0.05597832], [1.49326890849787e-06]]
[2400.0, 2000.0, 6e-06, [5.114310666666666e-06], [0.41983739999999997], [0.05597832], [1.7047697183469068e-06]]
[2400.0, 600.0, 4e-06, [0.0005243666039999999], [634.4209599999999], [102.62691999999998], [0.0005243665884092922]]
[2400.0, 1900.0, 8e-06, [5.135045549999999e-05], [23.324299999999997], [2.33243], [2.5675235427352947e-05]]
[2400.0, 700.0, 4e-06, [5.1309848999999995e-05], [64.841554], [8.396747999999999], [3.6281535882594606e-05]]
[2400.0, 100.0, 6e-06, [2.812212555555555e-06], [0.13994579999999998], [0.02798916], [2.8122125720893296e-06]]
[2400.0, 1800.0, 6e-06, [5.087587733333333e-06], [0.41983739999999997], [0.05597832], [1.695862507529559e-06]]
[2400.0, 500.0, 1.1e-05, [0.000257630406], [110.09069599999998], [15.394037999999998], [0.0002576304321309887]]
[2400.0, 900.0, 8e-06, [5.0674014e-05], [23.324299999999997], [2.33243], [2.5337005550182917e-05]]
[2400.0, 1400.0, 9e-06, [7.114191333333333e-06], [0.41983739999999997], [0.05597832], [2.249705356839555e-06]]
[2400.0, 800.0, 1.1e-05, [0.000256308412], [110.09069599999998], [15.394037999999998], [0.00025630839229334653]]
[2400.0, 300.0, 5e-06, [0.000125443748], [110.09069599999998], [15.394037999999998], [0.00012544373742837863]]
[2400.0, 1000.0, 5e-06, [0.00016980789599999998], [200.58897999999996], [23.324299999999997], [0.00012007231009687453]]
[2500.0, 400.0, 8e-06, [8.4160542e-05], [32.18753399999999], [5.5978319999999995], [8.416054829906943e-05]]
[2500.0, 1300.0, 3e-06, [1.696342e-05], [23.324299999999997], [2.33243], [1.1994952052842896e-05]]
[2500.0, 500.0, 6e-06, [4.2569078499999997e-05], [23.324299999999997], [2.33243], [1.903747110306408e-05]]
[2500.0, 900.0, 3e-06, [2.10789595e-05], [23.324299999999997], [2.33243], [1.4905078086008136e-05]]
[2500.0, 1400.0, 5e-06, [4.0800880666666656e-06], [0.41983739999999997], [0.05597832], [1.2301929500371019e-06]]
[2500.0, 200.0, 5e-06, [6.724415699999999e-05], [64.841554], [8.396747999999999], [3.362208253514347e-05]]
[2500.0, 1900.0, 6e-06, [4.2095807499999995e-05], [23.324299999999997], [2.33243], [1.882581612440746e-05]]
[2500.0, 1000.0, 5e-06, [6.779112e-05], [64.841554], [8.396747999999999], [3.389556282170278e-05]]
[2500.0, 1800.0, 3e-06, [2.1269341999999998e-05], [23.324299999999997], [2.33243], [1.5039696306774281e-05]]
[2500.0, 1700.0, 4e-06, [2.5262946999999997e-05], [23.324299999999997], [2.33243], [1.4585568372538659e-05]]
[2500.0, 800.0, 7e-06, [0.000169738298], [110.09069599999998], [15.394037999999998], [0.00012002312383870033]]
[2500.0, 700.0, 3e-06, [2.2385317333333334e-06], [0.41983739999999997], [0.05597832], [9.138765286567051e-07]]
[2500.0, 1600.0, 4e-06, [2.5162471499999997e-05], [23.324299999999997], [2.33243], [1.4527563611975685e-05]]
[2500.0, 1100.0, 4e-06, [2.9602466888888887e-06], [0.41983739999999997], [0.05597832], [1.0466051812560925e-06]]
[2500.0, 600.0, 4e-06, [2.5583325499999996e-05], [23.324299999999997], [2.33243], [1.4770535713033566e-05]]
[2500.0, 300.0, 5e-06, [2.0973285999999996e-05], [9.796206], [1.3994579999999999], [1.4830350240301136e-05]]
[2500.0, 2000.0, 4e-06, [5.6449107e-05], [64.841554], [8.396747999999999], [3.99155573930767e-05]]
[2500.0, 1200.0, 6e-06, [4.2106180500000004e-05], [23.324299999999997], [2.33243], [1.8830452005992847e-05]]
[2500.0, 100.0, 3e-06, [1.6894523499999997e-05], [23.324299999999997], [2.33243], [1.194623077585562e-05]]
[2500.0, 1500.0, 4e-06, [2.984352733333333e-06], [0.41983739999999997], [0.05597832], [1.0551280774167118e-06]]
[2600.0, 800.0, 3e-06, [2.506684644444445e-06], [0.41983739999999997], [0.05597832], [7.926832422027955e-07]]
[2600.0, 2000.0, 3e-06, [2.7800611111111107e-06], [0.41983739999999997], [0.05597832], [9.266868716155913e-07]]
[2600.0, 900.0, 5e-06, [0.000110704796], [110.09069599999998], [15.394037999999998], [7.828010720483205e-05]]
[2600.0, 1000.0, 6e-06, [4.0125489499999995e-05], [23.324299999999997], [2.33243], [1.5166010599363301e-05]]
[2600.0, 200.0, 3e-06, [3.6962288e-05], [64.841554], [8.396747999999999], [2.6136289618077003e-05]]
[2600.0, 1100.0, 1e-06, [1.3834184899999998e-05], [64.841554], [8.396747999999999], [1.3834183579091322e-05]]
[2600.0, 1500.0, 3e-06, [2.112768755555555e-06], [0.41983739999999997], [0.05597832], [7.985516973454714e-07]]
[2600.0, 700.0, 2e-06, [3.3145599e-05], [64.841554], [8.396747999999999], [1.9136619220750567e-05]]
[2600.0, 1800.0, 3e-06, [2.1565428666666665e-06], [0.41983739999999997], [0.05597832], [8.15096597774585e-07]]
[2600.0, 1600.0, 2e-06, [1.3734806499999999e-05], [23.324299999999997], [2.33243], [9.711979793018517e-06]]
[2600.0, 1400.0, 3e-06, [2.4637226888888886e-06], [0.41983739999999997], [0.05597832], [7.790976496270033e-07]]
[2600.0, 1300.0, 2e-06, [1.457332133333333e-06], [0.41983739999999997], [0.05597832], [5.949535315395296e-07]]
[2600.0, 600.0, 7e-06, [2.84192715e-05], [9.796206], [1.3994579999999999], [2.841927596720226e-05]]
[2600.0, 1700.0, 3e-06, [2.4564260666666664e-06], [0.41983739999999997], [0.05597832], [8.684776477787774e-07]]
[2600.0, 400.0, 5e-06, [0.000108477522], [110.09069599999998], [15.394037999999998], [0.00010847752926758608]]
[2600.0, 300.0, 3e-06, [2.0841864e-05], [23.324299999999997], [2.33243], [1.2033056199486477e-05]]
[2600.0, 1900.0, 3e-06, [2.232853288888889e-06], [0.41983739999999997], [0.05597832], [7.442843101402767e-07]]
[2600.0, 1200.0, 5e-06, [3.7101330666666668e-06], [0.41983739999999997], [0.05597832], [9.579523094395115e-07]]
[2600.0, 100.0, 2e-06, [3.343165e-05], [64.841554], [8.396747999999999], [1.9301777596895057e-05]]
[2600.0, 500.0, 3e-06, [2.7929199e-05], [32.18753399999999], [5.5978319999999995], [2.7929198413130296e-05]]
[2700.0, 1400.0, 3e-06, [1.83034805e-05], [23.324299999999997], [2.33243], [8.185564771290983e-06]]
[2700.0, 1000.0, 2e-06, [1.088390935e-05], [23.324299999999997], [2.33243], [6.28382772281354e-06]]
[2700.0, 800.0, 2e-06, [5.799146399999999e-05], [200.58897999999996], [23.324299999999997], [2.899573430006559e-05]]
[2700.0, 900.0, 3e-06, [7.253215599999999e-05], [110.09069599999998], [15.394037999999998], [7.253214010354305e-05]]
[2700.0, 600.0, 4e-06, [3.7385074e-05], [32.18753399999999], [5.5978319999999995], [3.738506910519225e-05]]
[2700.0, 1100.0, 2e-06, [1.2773305555555554e-06], [0.41983739999999997], [0.05597832], [4.516045428371055e-07]]
[2700.0, 1300.0, 2e-06, [1.22765375e-05], [23.324299999999997], [2.33243], [8.68082281814345e-06]]
[2700.0, 400.0, 3e-06, [4.365158499999999e-05], [64.841554], [8.396747999999999], [1.782068883348789e-05]]
[2700.0, 1700.0, 1e-06, [3.68335892e-05], [391.84824], [51.31345999999999], [2.6045283680543773e-05]]
[2700.0, 100.0, 2e-06, [1.0867885249999998e-05], [23.324299999999997], [2.33243], [6.274576417974363e-06]]
[2700.0, 2000.0, 2e-06, [1.1014185949999998e-05], [23.324299999999997], [2.33243], [6.359043518879234e-06]]
[2700.0, 1200.0, 4e-06, [3.6039159999999996e-05], [32.18753399999999], [5.5978319999999995], [2.548353293795819e-05]]
[2700.0, 700.0, 2e-06, [1.6051224666666665e-06], [0.41983739999999997], [0.05597832], [5.674965430905752e-07]]
[2700.0, 300.0, 3e-06, [9.199172e-05], [200.58897999999996], [23.324299999999997], [4.1139942547359e-05]]
[2700.0, 1800.0, 2e-06, [1.090022325e-05], [23.324299999999997], [2.33243], [6.2932461556020515e-06]]
[2700.0, 200.0, 2e-06, [3.6164142e-05], [64.841554], [8.396747999999999], [1.6173092369735605e-05]]
[2700.0, 1500.0, 2e-06, [1.312831311111111e-06], [0.41983739999999997], [0.05597832], [4.6415586888165477e-07]]
[2700.0, 500.0, 2e-06, [2.7343204999999996e-05], [64.841554], [8.396747999999999], [1.578660588917073e-05]]
[2700.0, 1900.0, 2e-06, [1.0766140149999999e-05], [23.324299999999997], [2.33243], [6.215833510077308e-06]]
[2700.0, 1600.0, 2e-06, [1.4702197999999999e-05], [23.324299999999997], [2.33243], [7.351099188216684e-06]]
[2800.0, 1500.0, 2e-06, [1.1993131499999998e-05], [23.324299999999997], [2.33243], [5.363493234357623e-06]]
[2800.0, 200.0, 1e-06, [2.38841108e-05], [200.58897999999996], [23.324299999999997], [1.6888616686987715e-05]]
[2800.0, 400.0, 1e-06, [5.761651799999999e-05], [391.84824], [51.31345999999999], [2.352185160228675e-05]]
[2800.0, 900.0, 2e-06, [2.3641148e-05], [32.18753399999999], [5.5978319999999995], [1.671681708340436e-05]]
[2800.0, 600.0, 1e-06, [3.85137622e-05], [391.84824], [51.31345999999999], [1.9256882374880932e-05]]
[2800.0, 1200.0, 1e-06, [1.19260428e-05], [64.841554], [8.396747999999999], [8.432986932279689e-06]]
[2800.0, 1000.0, 2e-06, [2.3878232e-05], [32.18753399999999], [5.5978319999999995], [2.3878231802208468e-05]]
[2800.0, 1400.0, 2e-06, [1.1856683999999999e-05], [23.324299999999997], [2.33243], [5.302467807540184e-06]]
[2800.0, 800.0, 1e-06, [1.90826308e-05], [200.58897999999996], [23.324299999999997], [1.3493458438813972e-05]]
[2800.0, 100.0, 1e-06, [9.5959427e-06], [64.841554], [8.396747999999999], [6.785355516109675e-06]]
[2800.0, 1100.0, 1e-06, [6.415752888888888e-07], [0.41983739999999997], [0.05597832], [2.619219795244849e-07]]
[2800.0, 1300.0, 1e-06, [9.673168649999999e-06], [23.324299999999997], [2.33243], [4.836584737704901e-06]]
[2800.0, 2000.0, 1e-06, [9.400876888888888e-07], [0.41983739999999997], [0.05597832], [3.133624681490182e-07]]
[2800.0, 500.0, 1e-06, [1.42278414e-05], [64.841554], [8.396747999999999], [8.214449275514457e-06]]
[2800.0, 1900.0, 2e-06, [1.263177888888889e-06], [0.41983739999999997], [0.05597832], [3.6464803039927976e-07]]
[2800.0, 1800.0, 1e-06, [4.1663304e-07], [0.41983739999999997], [0.05597832], [2.083164367666663e-07]]
[2800.0, 300.0, 1e-06, [7.8782429e-06], [64.841554], [8.396747999999999], [7.878243687523253e-06]]
[2800.0, 700.0, 1e-06, [3.5978895399999995e-05], [391.84824], [51.31345999999999], [2.0772430613676387e-05]]
[2800.0, 1600.0, 1e-06, [9.4579381e-06], [64.841554], [8.396747999999999], [6.687771583270469e-06]]
[2800.0, 1700.0, 1e-06, [4.8081534499999995e-06], [23.324299999999997], [2.33243], [3.3998775121318703e-06]]
[2900.0, 1300.0, 1e-06, [7.670842699999999e-06], [64.841554], [8.396747999999999], [5.424105170440557e-06]]
[2900.0, 900.0, 1e-06, [1.8824865199999994e-05], [200.58897999999996], [23.324299999999997], [1.0868541399838342e-05]]
[2900.0, 1600.0, 1e-06, [5.1253246e-06], [23.324299999999997], [2.33243], [3.6241506953353907e-06]]
[2900.0, 2000.0, 1e-06, [5.566081777777776e-07], [0.41983739999999997], [0.05597832], [1.9679078744873032e-07]]
[2900.0, 1200.0, 1e-06, [1.5607572299999998e-05], [64.841554], [8.396747999999999], [7.80378510083408e-06]]
[2900.0, 1700.0, 1e-06, [1.8589285399999997e-05], [200.58897999999996], [23.324299999999997], [1.073252950799577e-05]]
[2900.0, 1100.0, 1e-06, [1.55456149e-05], [64.841554], [8.396747999999999], [6.952207987395084e-06]]
[2900.0, 800.0, 1e-06, [9.237397999999999e-06], [64.841554], [8.396747999999999], [5.333213000621669e-06]]
[2900.0, 600.0, 1e-06, [7.7523938e-06], [32.18753399999999], [5.5978319999999995], [7.752395571692662e-06]]
[2900.0, 100.0, 2e-06, [1.55990991e-05], [32.18753399999999], [5.5978319999999995], [1.5599097839298272e-05]]
[2900.0, 400.0, 1e-06, [1.87822853e-05], [64.841554], [8.396747999999999], [7.667835744197967e-06]]
[2900.0, 1000.0, 1e-06, [5.87072355e-06], [23.324299999999997], [2.33243], [3.389464005930731e-06]]
[2900.0, 1400.0, 1e-06, [8.320643555555554e-07], [0.41983739999999997], [0.05597832], [2.401963390311156e-07]]
[2900.0, 200.0, 0.0, [2.49129744e-05], [895.65312], [149.27552], [1.7616135880493203e-05]]
[2900.0, 500.0, 1e-06, [9.336712e-06], [64.841554], [8.396747999999999], [5.390553822196751e-06]]
[2900.0, 1500.0, 1e-06, [9.300125899999999e-06], [64.841554], [8.396747999999999], [5.369430171815255e-06]]
[2900.0, 1800.0, 1e-06, [6.189366444444444e-07], [0.41983739999999997], [0.05597832], [2.0631226494483225e-07]]
[2900.0, 300.0, 2e-06, [1.5626016e-05], [32.18753399999999], [5.5978319999999995], [7.813008933823126e-06]]
[2900.0, 700.0, 1e-06, [4.1164290888888883e-07], [0.41983739999999997], [0.05597832], [1.6805252500481454e-07]]
[2900.0, 1900.0, 1e-06, [4.832840244444444e-07], [0.41983739999999997], [0.05597832], [1.8266420368709896e-07]]
[3000.0, 1900.0, 1e-06, [3.9951563500000006e-06], [23.324299999999997], [2.33243], [1.9975781373953805e-06]]
[3000.0, 800.0, 0, [0.0], [895.65312], [149.27552], [0.0]]
[3000.0, 900.0, 0.0, [1.5926119999999998e-05], [895.65312], [149.27552], [1.126146893437974e-05]]
[3000.0, 1600.0, 1e-06, [4.999492111111111e-07], [0.41983739999999997], [0.05597832], [1.666497352881334e-07]]
[3000.0, 700.0, 1e-06, [5.0890582e-06], [32.18753399999999], [5.5978319999999995], [5.089058606461514e-06]]
[3000.0, 600.0, 1e-06, [2.50336485e-06], [9.796206], [1.3994579999999999], [2.5033648415682438e-06]]
[3000.0, 1300.0, 0, [0.0], [895.65312], [149.27552], [0.0]]
[3000.0, 500.0, 1e-06, [6.6729163999999994e-06], [32.18753399999999], [5.5978319999999995], [4.718465555665316e-06]]
[3000.0, 1500.0, 0, [0.0], [895.65312], [149.27552], [0.0]]
[3000.0, 1800.0, 0, [0.0], [895.65312], [149.27552], [0.0]]
[3000.0, 2000.0, 0, [0.0], [895.65312], [149.27552], [0.0]]
[3000.0, 100.0, 1e-06, [9.851516399999999e-06], [64.841554], [8.396747999999999], [4.405731498854644e-06]]
[3000.0, 1400.0, 0, [0.0], [895.65312], [149.27552], [0.0]]
[3000.0, 1100.0, 0, [0.0], [895.65312], [149.27552], [0.0]]
[3000.0, 1200.0, 0, [0.0], [895.65312], [149.27552], [0.0]]
[3000.0, 1000.0, 1e-06, [9.876349499999998e-06], [64.841554], [8.396747999999999], [4.93817445216347e-06]]
[3000.0, 400.0, 0, [0.0], [895.65312], [149.27552], [0.0]]
[3000.0, 300.0, 1e-06, [2.4023233199999997e-05], [200.58897999999996], [23.324299999999997], [9.807443805599907e-06]]
[3000.0, 1700.0, 1e-06, [7.165670444444445e-07], [0.41983739999999997], [0.05597832], [1.9873995441652256e-07]]
[3000.0, 200.0, 1e-06, [3.3818072999999998e-06], [23.324299999999997], [2.33243], [2.3912993925897274e-06]]
