[100.0, 1800.0, 0.123153, [9.441858799999999], [559.7832], [55.97832], [4.720929598288879]]
[100.0, 800.0, 0.439227, [2.9566039999999996], [15.114146399999997], [2.1924842], [2.9566041517254216]]
[100.0, 500.0, 0.438782, [2.9528158999999996], [15.114146399999997], [2.1924842], [2.9528157460295414]]
[100.0, 1100.0, 0.289213, [2.2112903799999994], [23.0444084], [2.8455645999999994], [1.2766891661637925]]
[100.0, 600.0, 0.486726, [5.9025498], [43.38319799999999], [5.131346], [5.902547497479372]]
[100.0, 1400.0, 0.483665, [5.8564072], [43.38319799999999], [5.131346], [4.141106152225513]]
[100.0, 1700.0, 0.235622, [1.7649286899999999], [23.0444084], [2.8455645999999994], [1.018982028300794]]
[100.0, 100.0, 0.259207, [1.9587122], [23.0444084], [2.8455645999999994], [1.3850182922979752]]
[100.0, 1200.0, 0.221837, [2.9436365999999996], [60.643179999999994], [6.530804], [2.081465182029236]]
[100.0, 1000.0, 0.306705, [2.3618998999999996], [23.0444084], [2.8455645999999994], [1.180950000635082]]
[100.0, 2000.0, 0.342856, [3.9082395799999996], [43.38319799999999], [5.131346], [2.7635424100237724]]
[100.0, 400.0, 0.487459, [5.913635799999999], [43.38319799999999], [5.131346], [4.181572053665941]]
[100.0, 1600.0, 0.432443, [2.8990948000000003], [15.114146399999997], [2.1924842], [2.899095031212326]]
[100.0, 1300.0, 0.439253, [2.9568225], [15.114146399999997], [2.1924842], [2.09078969554568]]
[100.0, 1500.0, 0.390789, [1.4634497499999999], [4.711508599999999], [0.7463776], [1.0348152168382527]]
[100.0, 900.0, 0.224797, [0.7421005199999999], [4.711508599999999], [0.7463776], [0.7421007116625074]]
[100.0, 1900.0, 0.587154, [4.386578399999999], [15.114146399999997], [2.1924842], [2.5325914001275454]]
[100.0, 200.0, 0.164956, [0.9738004499999998], [15.114146399999997], [2.1924842], [0.973800280858452]]
[100.0, 700.0, 0.162021, [1.18366947], [23.0444084], [2.8455645999999994], [0.8369807130394343]]
[100.0, 300.0, 0.32387, [4.4238595599999995], [60.643179999999994], [6.530804], [2.5541166026632376]]
[200.0, 1800.0, 0.118165, [0.4247645749999999], [6.530804], [0.8863233999999999], [0.17340939954339268]]
[200.0, 700.0, 0.066317, [0.8526734799999999], [60.643179999999994], [6.530804], [0.4922911317503088]]
[200.0, 2000.0, 0.154864, [1.1288468999999999], [23.0444084], [2.8455645999999994], [0.3991077278129302]]
[200.0, 1300.0, 0.051103, [0.17751584], [6.530804], [0.8863233999999999], [0.1255226448693621]]
[200.0, 1400.0, 0.100015, [0.35611382999999996], [6.530804], [0.8863233999999999], [0.1780569180065745]]
[200.0, 400.0, 0.137384, [0.9960830799999999], [23.0444084], [2.8455645999999994], [0.37648400643320823]]
[200.0, 1900.0, 0.061307, [0.214040415], [6.530804], [0.8863233999999999], [0.12357626248596451]]
[200.0, 1700.0, 0.060056, [0.4261463], [23.0444084], [2.8455645999999994], [0.24603572057731776]]
[200.0, 500.0, 0.060061, [0.42618287], [23.0444084], [2.8455645999999994], [0.24605689809472928]]
[200.0, 1500.0, 0.124632, [0.7250713199999999], [15.114146399999997], [2.1924842], [0.7250713429725381]]
[200.0, 100.0, 0.079973, [0.28183533], [6.530804], [0.8863233999999999], [0.1409176608874842]]
[200.0, 600.0, 0.080086, [0.57127101], [23.0444084], [2.8455645999999994], [0.2856355545095883]]
[200.0, 1000.0, 0.041162, [0.14229134], [6.530804], [0.8863233999999999], [0.10061520809499923]]
[200.0, 1200.0, 0.075999, [0.26729323499999996], [6.530804], [0.8863233999999999], [0.1543218161019368]]
[200.0, 300.0, 0.131978, [1.41533352], [43.38319799999999], [5.131346], [1.415333513769811]]
[200.0, 1600.0, 0.060918, [0.212639255], [6.530804], [0.8863233999999999], [0.12276733421395121]]
[200.0, 900.0, 0.098844, [0.7086987699999999], [23.0444084], [2.8455645999999994], [0.3169397496370564]]
[200.0, 800.0, 0.065598, [1.9926417999999997], [198.25654999999998], [19.592412], [0.753147704504236]]
[200.0, 1100.0, 0.044329, [0.56804342], [60.643179999999994], [6.530804], [0.4016674326355076]]
[200.0, 200.0, 0.046751, [1.4179440199999997], [198.25654999999998], [19.592412], [0.6341238065236157]]
[300.0, 2000.0, 0.039129, [0.13513213], [6.530804], [0.8863233999999999], [0.060432932205875964]]
[300.0, 400.0, 0.031366, [0.1079181275], [6.530804], [0.8863233999999999], [0.05395906126407315]]
[300.0, 1000.0, 0.051754, [0.54619526], [43.38319799999999], [5.131346], [0.5461951361921854]]
[300.0, 200.0, 0.031451, [0.10821569], [6.530804], [0.8863233999999999], [0.05410784829856016]]
[300.0, 1600.0, 0.039453, [0.13627132], [6.530804], [0.8863233999999999], [0.0681356512407418]]
[300.0, 1300.0, 0.046482, [0.13723628499999999], [4.711508599999999], [0.7463776], [0.13723629931617945]]
[300.0, 800.0, 0.042364, [0.54270892], [60.643179999999994], [6.530804], [0.24270687200819013]]
[300.0, 700.0, 0.062438, [0.21811026499999997], [6.530804], [0.8863233999999999], [0.07711361851190746]]
[300.0, 300.0, 0.031621, [0.10880768699999999], [6.530804], [0.8863233999999999], [0.05440383702001174]]
[300.0, 900.0, 0.053005, [0.6801076999999999], [60.643179999999994], [6.530804], [0.3041533774923435]]
[300.0, 600.0, 0.03095, [0.21803043199999997], [23.0444084], [2.8455645999999994], [0.10901519609669102]]
[300.0, 1400.0, 0.045584, [0.13451572999999997], [4.711508599999999], [0.7463776], [0.13451574136509079]]
[300.0, 500.0, 0.023769, [0.08148206549999999], [6.530804], [0.8863233999999999], [0.04704370151784402]]
[300.0, 1200.0, 0.054686, [0.19029763], [6.530804], [0.8863233999999999], [0.07192574768467826]]
[300.0, 100.0, 0.029865, [0.1026788655], [6.530804], [0.8863233999999999], [0.05928166900484499]]
[300.0, 1100.0, 0.023758, [0.0814437245], [6.530804], [0.8863233999999999], [0.04702155798141955]]
[300.0, 1900.0, 0.039355, [0.13592885], [6.530804], [0.8863233999999999], [0.06078921102876726]]
[300.0, 1500.0, 0.067498, [0.23638226999999998], [6.530804], [0.8863233999999999], [0.08934408395355564]]
[300.0, 1700.0, 0.038321, [0.27044158999999995], [23.0444084], [2.8455645999999994], [0.12094516703862125]]
[300.0, 1800.0, 0.023662, [0.0811122255], [6.530804], [0.8863233999999999], [0.04683015478834124]]
[400.0, 900.0, 0.025765, [0.08840791749999999], [6.530804], [0.8863233999999999], [0.033415058267194445]]
[400.0, 1200.0, 0.00884, [0.003355861], [0.08396748], [0.03265402], [0.0013700244429647914]]
[400.0, 1500.0, 0.018572, [0.063511763], [6.530804], [0.8863233999999999], [0.028403321509112275]]
[400.0, 200.0, 0.021968, [0.07524326949999999], [6.530804], [0.8863233999999999], [0.0307179358518765]]
[400.0, 1600.0, 0.023725, [0.30313567599999997], [60.643179999999994], [6.530804], [0.12375463705251613]]
[400.0, 500.0, 0.021571, [0.151618691], [23.0444084], [2.8455645999999994], [0.061898063895407904]]
[400.0, 1700.0, 0.018416, [0.062973747], [6.530804], [0.8863233999999999], [0.028162720487374792]]
[400.0, 300.0, 0.025669, [0.08807560199999999], [6.530804], [0.8863233999999999], [0.0332894470966401]]
[400.0, 1300.0, 0.025819, [0.088595425], [6.530804], [0.8863233999999999], [0.033485922669085885]]
[400.0, 1400.0, 0.018475, [0.0631754455], [6.530804], [0.8863233999999999], [0.03158772221132761]]
[400.0, 1100.0, 0.015826, [0.202000352], [60.643179999999994], [6.530804], [0.1010001836433974]]
[400.0, 800.0, 0.010808, [0.075780538], [23.0444084], [2.8455645999999994], [0.043751900758709904]]
[400.0, 100.0, 0.005386, [0.37755916799999995], [494.47515999999996], [51.31345999999999], [0.2179838805416584]]
[400.0, 1000.0, 0.014742, [0.050322551], [6.530804], [0.8863233999999999], [0.025161274669618785]]
[400.0, 400.0, 0.015785, [0.006174196666666665], [0.08396748], [0.03265402], [0.0018615905810242016]]
[400.0, 1800.0, 0.018483, [0.063202804], [6.530804], [0.8863233999999999], [0.028265151892392155]]
[400.0, 2000.0, 0.018342, [0.062717205], [6.530804], [0.8863233999999999], [0.02804798605515198]]
[400.0, 600.0, 0.008834, [0.0033535385111111106], [0.08396748], [0.03265402], [0.001369076250705896]]
[400.0, 700.0, 0.013818, [0.047147746], [6.530804], [0.8863233999999999], [0.02722076235615013]]
[400.0, 1900.0, 0.02205, [0.0755267215], [6.530804], [0.8863233999999999], [0.030833661804106235]]
[500.0, 1700.0, 0.009391, [0.065819146], [23.0444084], [2.8455645999999994], [0.02943521992443746]]
[500.0, 1100.0, 0.020084, [0.008001986222222222], [0.08396748], [0.03265402], [0.0024126891589630393]]
[500.0, 300.0, 0.015391, [0.05255178], [6.530804], [0.8863233999999999], [0.01857985783045715]]
[500.0, 1300.0, 0.00618, [0.002319252533333333], [0.08396748], [0.03265402], [0.0008199796191384693]]
[500.0, 1800.0, 0.009597, [0.032679480999999996], [6.530804], [0.8863233999999999], [0.01461470838744311]]
[500.0, 1400.0, 0.009377, [0.06572089], [23.0444084], [2.8455645999999994], [0.02939128234698173]]
[500.0, 600.0, 0.00615, [0.07839724799999999], [60.643179999999994], [6.530804], [0.045262681688119186]]
[500.0, 1900.0, 0.006142, [0.07829728999999999], [60.643179999999994], [6.530804], [0.04520494684434436]]
[500.0, 1200.0, 0.006173, [0.0023168370222222223], [0.08396748], [0.03265402], [0.000819125361906539]]
[500.0, 800.0, 0.009677, [0.032954653], [6.530804], [0.8863233999999999], [0.014737769352924477]]
[500.0, 1000.0, 0.00962, [0.032758198499999995], [6.530804], [0.8863233999999999], [0.014649912243764463]]
[500.0, 2000.0, 0.006183, [0.07881350200000001], [60.643179999999994], [6.530804], [0.04550298980946197]]
[500.0, 700.0, 0.009345, [0.065501953], [23.0444084], [2.8455645999999994], [0.032750974351918136]]
[500.0, 100.0, 0.007687, [0.026151483], [6.530804], [0.8863233999999999], [0.013075742741810116]]
[500.0, 200.0, 0.006181, [0.0023198914222222217], [0.08396748], [0.03265402], [0.0008202054659777347]]
[500.0, 1500.0, 0.009559, [0.032549807], [6.530804], [0.8863233999999999], [0.014556715263066731]]
[500.0, 900.0, 0.009298, [0.065168752], [23.0444084], [2.8455645999999994], [0.032584376885249774]]
[500.0, 1600.0, 0.009618, [0.032753678999999994], [6.530804], [0.8863233999999999], [0.01464788997603409]]
[500.0, 500.0, 0.011482, [0.039134936999999995], [6.530804], [0.8863233999999999], [0.01597677414248571]]
[500.0, 400.0, 0.003926, [0.0014592043333333333], [0.08396748], [0.03265402], [0.000652576010425388]]
[600.0, 200.0, 0.004297, [0.0145956735], [6.530804], [0.8863233999999999], [0.007297835124199504]]
[600.0, 1400.0, 0.008313, [0.05825193899999999], [23.0444084], [2.8455645999999994], [0.020595174022085855]]
[600.0, 1900.0, 0.006465, [0.036232037999999994], [15.114146399999997], [2.1924842], [0.036232038046458276]]
[600.0, 100.0, 0.003132, [0.0219226294], [23.0444084], [2.8455645999999994], [0.012657038132991462]]
[600.0, 800.0, 0.003796, [0.0014100553777777777], [0.08396748], [0.03265402], [0.0005329509249406193]]
[600.0, 1200.0, 0.004168, [0.029180491], [23.0444084], [2.8455645999999994], [0.014590245381761058]]
[600.0, 600.0, 0.004157, [0.02910144], [23.0444084], [2.8455645999999994], [0.014550715099265739]]
[600.0, 1600.0, 0.006429, [0.0218586825], [6.530804], [0.8863233999999999], [0.008923771034433816]]
[600.0, 400.0, 0.005195, [0.036373740999999994], [23.0444084], [2.8455645999999994], [0.016266835162378698]]
[600.0, 500.0, 0.00858, [0.029203456499999992], [6.530804], [0.8863233999999999], [0.010324980259061029]]
[600.0, 1100.0, 0.004358, [0.001622853422222222], [0.08396748], [0.03265402], [0.0005131911895551569]]
[600.0, 300.0, 0.0052, [0.03641187499999999], [23.0444084], [2.8455645999999994], [0.016283881426121968]]
[600.0, 1700.0, 0.002883, [0.08717873999999999], [198.25654999999998], [19.592412], [0.03559057188638586]]
[600.0, 1500.0, 0.005341, [0.018152761499999996], [6.530804], [0.8863233999999999], [0.008118162704701106]]
[600.0, 1800.0, 0.004298, [0.054771004], [60.643179999999994], [6.530804], [0.03162205419007437]]
[600.0, 1000.0, 0.003439, [0.0438274844], [60.643179999999994], [6.530804], [0.025303813530770415]]
[600.0, 2000.0, 0.008047, [0.027382534999999996], [6.530804], [0.8863233999999999], [0.011178872522531061]]
[600.0, 700.0, 0.004345, [0.0016179753777777778], [0.08396748], [0.03265402], [0.0005116487727598559]]
[600.0, 1300.0, 0.003417, [0.0435474042], [60.643179999999994], [6.530804], [0.02514210785912748]]
[600.0, 900.0, 0.005351, [0.018186720999999996], [6.530804], [0.8863233999999999], [0.008133346036533795]]
[700.0, 2000.0, 0.003152, [0.01069984725], [6.530804], [0.8863233999999999], [0.004785118078480404]]
[700.0, 100.0, 0.003746, [0.010799318799999997], [4.711508599999999], [0.7463776], [0.007636271041876395]]
[700.0, 1000.0, 0.003122, [0.010597783599999999], [6.530804], [0.8863233999999999], [0.004739472162066151]]
[700.0, 600.0, 0.00392, [0.013312193], [6.530804], [0.8863233999999999], [0.0059533923921576]]
[700.0, 1400.0, 0.004394, [0.014927436999999998], [6.530804], [0.8863233999999999], [0.005642042283163074]]
[700.0, 1900.0, 0.002452, [0.017161827199999997], [23.0444084], [2.8455645999999994], [0.008580911315239192]]
[700.0, 200.0, 0.002437, [0.017055302699999997], [23.0444084], [2.8455645999999994], [0.008527654390276378]]
[700.0, 400.0, 0.00282, [0.0010430239333333333], [0.08396748], [0.03265402], [0.00031448363886076985]]
[700.0, 1300.0, 0.003143, [0.010670211749999998], [6.530804], [0.8863233999999999], [0.004771863993765957]]
[700.0, 1100.0, 0.002509, [0.00851505425], [6.530804], [0.8863233999999999], [0.004257527695153608]]
[700.0, 800.0, 0.00252, [0.008554652199999999], [6.530804], [0.8863233999999999], [0.004277326022177874]]
[700.0, 1500.0, 0.004069, [0.0015134950666666664], [0.08396748], [0.03265402], [0.0003783737639353023]]
[700.0, 1600.0, 0.004019, [0.051213593999999994], [60.643179999999994], [6.530804], [0.020907857738180637]]
[700.0, 1800.0, 0.002424, [0.0169638869], [23.0444084], [2.8455645999999994], [0.008481943480122937]]
[700.0, 1200.0, 0.002813, [0.0010404157333333333], [0.08396748], [0.03265402], [0.0003136971665417083]]
[700.0, 700.0, 0.003745, [0.012716423999999999], [6.530804], [0.8863233999999999], [0.005191459712836073]]
[700.0, 900.0, 0.002502, [0.008491252699999998], [6.530804], [0.8863233999999999], [0.004245626499705314]]
[700.0, 300.0, 0.003051, [0.0213533863], [23.0444084], [2.8455645999999994], [0.009549524108561639]]
[700.0, 500.0, 0.001801, [0.0006631978444444444], [0.08396748], [0.03265402], [0.0002506653243659884]]
[700.0, 1700.0, 0.00251, [0.008518596249999998], [6.530804], [0.8863233999999999], [0.004259297896954379]]
[800.0, 300.0, 0.001645, [0.0172137934], [43.38319799999999], [5.131346], [0.0121719894117601]]
[800.0, 100.0, 0.001385, [0.009692172399999999], [23.0444084], [2.8455645999999994], [0.005595778995814613]]
[800.0, 1800.0, 0.00152, [0.00515768905], [6.530804], [0.8863233999999999], [0.0025788441664823408]]
[800.0, 800.0, 0.003032, [0.010291560449999999], [6.530804], [0.8863233999999999], [0.003638617082766473]]
[800.0, 400.0, 0.002292, [0.00777953265], [6.530804], [0.8863233999999999], [0.0031759806320253276]]
[800.0, 200.0, 0.001749, [0.0006439677999999999], [0.08396748], [0.03265402], [0.00021465589655522143]]
[800.0, 1700.0, 0.00114, [0.0038681963499999994], [6.530804], [0.8863233999999999], [0.002233304145207275]]
[800.0, 600.0, 0.001846, [0.012916793099999997], [23.0444084], [2.8455645999999994], [0.005776565273586026]]
[800.0, 1600.0, 0.002171, [0.0008008334222222223], [0.08396748], [0.03265402], [0.00021403170643160486]]
[800.0, 1000.0, 0.00151, [0.00512093275], [6.530804], [0.8863233999999999], [0.002560465896570388]]
[800.0, 1100.0, 0.002652, [0.00900317865], [6.530804], [0.8863233999999999], [0.00340288225736654]]
[800.0, 1500.0, 0.001842, [0.012886555], [23.0444084], [2.8455645999999994], [0.00576304139062006]]
[800.0, 1400.0, 0.001849, [0.012934429499999999], [23.0444084], [2.8455645999999994], [0.0057844515306120425]]
[800.0, 1200.0, 0.002285, [0.00775304585], [6.530804], [0.8863233999999999], [0.003165167711196359]]
[800.0, 900.0, 0.001905, [0.006462498599999999], [6.530804], [0.8863233999999999], [0.002890117484203713]]
[800.0, 1300.0, 0.00157, [0.0005776163777777778], [0.08396748], [0.03265402], [0.0001826582685282229]]
[800.0, 2000.0, 0.002664, [0.009040858399999999], [6.530804], [0.8863233999999999], [0.0034171235535169044]]
[800.0, 500.0, 0.001901, [0.00644977845], [6.530804], [0.8863233999999999], [0.002884428340243522]]
[800.0, 1900.0, 0.001873, [0.0006901952444444444], [0.08396748], [0.03265402], [0.0001992422298932621]]
[800.0, 700.0, 0.00141, [0.0005186167777777778], [0.08396748], [0.03265402], [0.000172872255126705]]
[900.0, 200.0, 0.001188, [0.0040288617], [6.530804], [0.8863233999999999], [0.0018017615595577567]]
[900.0, 1100.0, 0.001144, [0.008002978800000001], [23.0444084], [2.8455645999999994], [0.004001489076581367]]
[900.0, 300.0, 0.000872, [0.0003198326844444444], [0.08396748], [0.03265402], [0.00010661088024988032]]
[900.0, 1000.0, 0.001365, [0.0005017297688888889], [0.08396748], [0.03265402], [0.00013409293931937146]]
[900.0, 900.0, 0.001779, [0.00603732175], [6.530804], [0.8863233999999999], [0.0024647263494148794]]
[900.0, 1600.0, 0.000969, [0.0003556440933333333], [0.08396748], [0.03265402], [0.00012573916111155282]]
[900.0, 700.0, 0.000951, [0.00322471615], [6.530804], [0.8863233999999999], [0.001612357827065692]]
[900.0, 1900.0, 0.001421, [0.004820634399999999], [6.530804], [0.8863233999999999], [0.0019680156001668277]]
[900.0, 500.0, 0.001184, [0.0040160622], [6.530804], [0.8863233999999999], [0.0017960375128320675]]
[900.0, 1400.0, 0.001452, [0.0005340584666666666], [0.08396748], [0.03265402], [0.0001378933163762282]]
[900.0, 1200.0, 0.001174, [0.003983238899999999], [6.530804], [0.8863233999999999], [0.0017813589089512533]]
[900.0, 1500.0, 0.001066, [0.00039139033555555554], [0.08396748], [0.03265402], [0.00011800862690791447]]
[900.0, 800.0, 0.001652, [0.0056034256], [6.530804], [0.8863233999999999], [0.0021178960255404415]]
[900.0, 400.0, 0.001185, [0.00401948805], [6.530804], [0.8863233999999999], [0.001797569557764038]]
[900.0, 100.0, 0.000949, [0.0032173515499999998], [6.530804], [0.8863233999999999], [0.0016086757232270275]]
[900.0, 600.0, 0.001423, [0.004826806449999999], [6.530804], [0.8863233999999999], [0.0019705356543336127]]
[900.0, 1800.0, 0.001367, [0.0005025544466666667], [0.08396748], [0.03265402], [0.0001343133483893375]]
[900.0, 2000.0, 0.000944, [0.0032008271999999995], [6.530804], [0.8863233999999999], [0.001600413728540217]]
[900.0, 1700.0, 0.001194, [0.004048746349999999], [6.530804], [0.8863233999999999], [0.0018106544576478416]]
[900.0, 1300.0, 0.000977, [0.0003587369288888889], [0.08396748], [0.03265402], [0.00011344259354241521]]
[1000.0, 1600.0, 0.000749, [0.0025411802999999998], [6.530804], [0.8863233999999999], [0.0011364504582250824]]
[1000.0, 1400.0, 0.001049, [0.0003851445066666666], [0.08396748], [0.03265402], [9.341125731191393e-05]]
[1000.0, 1500.0, 0.000449, [0.00152338085], [6.530804], [0.8863233999999999], [0.0008795243305332718]]
[1000.0, 700.0, 0.00073, [0.0051060138], [23.0444084], [2.8455645999999994], [0.0022834781785688253]]
[1000.0, 1900.0, 0.000641, [0.0081635372], [60.643179999999994], [6.530804], [0.004081767692066759]]
[1000.0, 1800.0, 0.000804, [0.00029498307555555554], [0.08396748], [0.03265402], [8.181357966306052e-05]]
[1000.0, 500.0, 0.00074, [0.00027114648888888884], [0.08396748], [0.03265402], [7.827325835072605e-05]]
[1000.0, 1000.0, 0.000901, [0.0030559352499999995], [6.530804], [0.8863233999999999], [0.0012475804032205699]]
[1000.0, 200.0, 0.000601, [0.00203827035], [6.530804], [0.8863233999999999], [0.0010191350349683793]]
[1000.0, 1100.0, 0.000582, [0.0040708689], [23.0444084], [2.8455645999999994], [0.002035435027211628]]
[1000.0, 2000.0, 0.000492, [0.0001802005022222222], [0.08396748], [0.03265402], [6.371050741875751e-05]]
[1000.0, 1700.0, 0.000634, [0.008079509], [60.643179999999994], [6.530804], [0.004039753680114668]]
[1000.0, 800.0, 0.00062, [0.00022726780444444443], [0.08396748], [0.03265402], [7.186840182059786e-05]]
[1000.0, 1300.0, 0.000747, [0.0002737387933333333], [0.08396748], [0.03265402], [7.902157961243525e-05]]
[1000.0, 400.0, 0.000906, [0.005068330599999999], [15.114146399999997], [2.1924842], [0.0035838502284554243]]
[1000.0, 300.0, 0.000479, [0.0060994021999999995], [60.643179999999994], [6.530804], [0.0035214906349442417]]
[1000.0, 600.0, 0.000554, [0.00020292802888888885], [0.08396748], [0.03265402], [6.764267361530855e-05]]
[1000.0, 1200.0, 0.000797, [0.00029223799999999995], [0.08396748], [0.03265402], [8.105223141458813e-05]]
[1000.0, 100.0, 0.000727, [0.0050868341], [23.0444084], [2.8455645999999994], [0.002274901502702919]]
[1000.0, 900.0, 0.00045, [0.0015247217499999998], [6.530804], [0.8863233999999999], [0.0008802987471591675]]
[1100.0, 1300.0, 0.000356, [0.00013049070444444443], [0.08396748], [0.03265402], [4.349690688591517e-05]]
[1100.0, 1800.0, 0.000675, [0.00024728117777777776], [0.08396748], [0.03265402], [5.9974506065308927e-05]]
[1100.0, 2000.0, 0.000676, [0.00229367615], [6.530804], [0.8863233999999999], [0.0008669282455889875]]
[1100.0, 700.0, 0.000317, [0.00011618393777777778], [0.08396748], [0.03265402], [4.1077233993936254e-05]]
[1100.0, 900.0, 0.000468, [0.0032736084], [23.0444084], [2.8455645999999994], [0.0014640026659811791]]
[1100.0, 200.0, 0.000391, [0.00218919014], [15.114146399999997], [2.1924842], [0.001547991074586672]]
[1100.0, 1900.0, 0.000548, [0.00020074369333333332], [0.08396748], [0.03265402], [6.052649769693262e-05]]
[1100.0, 1500.0, 0.00058, [0.0019664413499999997], [6.530804], [0.8863233999999999], [0.0008027962119990352]]
[1100.0, 800.0, 0.000411, [0.005233121], [60.643179999999994], [6.530804], [0.0026165603046748222]]
[1100.0, 500.0, 0.000547, [0.00020048338444444443], [0.08396748], [0.03265402], [6.044802444463556e-05]]
[1100.0, 1700.0, 0.000437, [0.00016002367555555556], [0.08396748], [0.03265402], [4.824895656774915e-05]]
[1100.0, 400.0, 0.000469, [0.0032783947], [23.0444084], [2.8455645999999994], [0.0014661425725351542]]
[1100.0, 600.0, 0.000397, [0.0001452213866666667], [0.08396748], [0.03265402], [4.5923033264338394e-05]]
[1100.0, 1400.0, 0.000385, [0.0013038182499999999], [6.530804], [0.8863233999999999], [0.0006519094292921371]]
[1100.0, 100.0, 0.000373, [0.0026117236], [23.0444084], [2.8455645999999994], [0.0013058619402524908]]
[1100.0, 1100.0, 0.000297, [0.00010860293333333334], [0.08396748], [0.03265402], [4.433696076499316e-05]]
[1100.0, 1000.0, 0.000516, [0.00018903822666666668], [0.08396748], [0.03265402], [5.242978674638687e-05]]
[1100.0, 300.0, 0.000279, [0.00010226479777777777], [0.08396748], [0.03265402], [3.865245125665574e-05]]
[1100.0, 1200.0, 0.000399, [0.00014601636888888887], [0.08396748], [0.03265402], [4.6174438019533624e-05]]
[1100.0, 1600.0, 0.000355, [0.00012978409333333333], [0.08396748], [0.03265402], [4.3261369555325785e-05]]
[1200.0, 100.0, 0.000184, [0.0012859605899999999], [23.0444084], [2.8455645999999994], [0.0007424494763955322]]
[1200.0, 1400.0, 0.00026, [9.496239999999999e-05], [0.08396748], [0.03265402], [3.0029750384379623e-05]]
[1200.0, 1700.0, 0.000288, [0.00010534521333333333], [0.08396748], [0.03265402], [3.1762777835108645e-05]]
[1200.0, 1800.0, 0.000378, [0.00128153125], [6.530804], [0.8863233999999999], [0.0005231828913009293]]
[1200.0, 700.0, 0.00026, [9.514501999999999e-05], [0.08396748], [0.03265402], [3.0087500985551385e-05]]
[1200.0, 200.0, 0.000268, [0.0034151793799999997], [60.643179999999994], [6.530804], [0.0017075897668936762]]
[1200.0, 1900.0, 0.000311, [0.00011378912666666666], [0.08396748], [0.03265402], [3.284808561233153e-05]]
[1200.0, 1200.0, 0.00026, [9.504402444444444e-05], [0.08396748], [0.03265402], [3.0055567188332105e-05]]
[1200.0, 1100.0, 0.000309, [0.00011324504888888887], [0.08396748], [0.03265402], [3.2691023867133336e-05]]
[1200.0, 1300.0, 0.000389, [0.00014245111333333331], [0.08396748], [0.03265402], [3.6780721802274306e-05]]
[1200.0, 2000.0, 0.00026, [9.524586222222221e-05], [0.08396748], [0.03265402], [3.0119379242041593e-05]]
[1200.0, 800.0, 0.000234, [8.562981777777776e-05], [0.08396748], [0.03265402], [2.8543269877654906e-05]]
[1200.0, 1600.0, 0.00038, [0.0012868764499999999], [6.530804], [0.8863233999999999], [0.0005253651370713515]]
[1200.0, 1000.0, 0.000391, [0.0001431134111111111], [0.08396748], [0.03265402], [3.6951714425887535e-05]]
[1200.0, 1500.0, 0.000311, [0.0001136917088888889], [0.08396748], [0.03265402], [3.2819968349605944e-05]]
[1200.0, 300.0, 0.000472, [0.006011142], [60.643179999999994], [6.530804], [0.002271998628520713]]
[1200.0, 600.0, 0.000414, [0.00015144687333333332], [0.08396748], [0.03265402], [3.7861729816416965e-05]]
[1200.0, 500.0, 0.00026, [9.502746444444443e-05], [0.08396748], [0.03265402], [3.0050329970867614e-05]]
[1200.0, 900.0, 0.000315, [0.0010670023149999999], [6.530804], [0.8863233999999999], [0.0004771779463680189]]
[1200.0, 400.0, 0.000204, [0.0021364907], [43.38319799999999], [5.131346], [0.0015107271229444447]]
[1300.0, 1600.0, 0.000137, [5.0090457999999996e-05], [0.08396748], [0.03265402], [1.770964966785127e-05]]
[1300.0, 1700.0, 0.000371, [0.0012579274999999998], [6.530804], [0.8863233999999999], [0.0004193093029018078]]
[1300.0, 900.0, 0.000205, [7.496062888888888e-05], [0.08396748], [0.03265402], [2.1639263810758555e-05]]
[1300.0, 200.0, 0.000166, [0.000563810155], [6.530804], [0.8863233999999999], [0.00028190511342471243]]
[1300.0, 1800.0, 0.000204, [7.461613999999999e-05], [0.08396748], [0.03265402], [2.1539819536825564e-05]]
[1300.0, 1000.0, 0.00025, [0.000847732965], [6.530804], [0.8863233999999999], [0.0003460855405098572]]
[1300.0, 1400.0, 0.000256, [9.374917555555555e-05], [0.08396748], [0.03265402], [2.7063050990028617e-05]]
[1300.0, 1200.0, 0.000239, [8.734469777777777e-05], [0.08396748], [0.03265402], [2.3343860672800268e-05]]
[1300.0, 500.0, 0.000187, [6.837005555555556e-05], [0.08396748], [0.03265402], [2.061434734701077e-05]]
[1300.0, 100.0, 0.000265, [0.00337360504], [60.643179999999994], [6.530804], [0.0013772685768578326]]
[1300.0, 1100.0, 0.000171, [6.251108666666667e-05], [0.08396748], [0.03265402], [1.9767733491915744e-05]]
[1300.0, 2000.0, 0.00012, [0.00084192397], [23.0444084], [2.8455645999999994], [0.0004860850167408989]]
[1300.0, 1300.0, 0.000207, [0.00070049007], [6.530804], [0.8863233999999999], [0.0003132686966487395]]
[1300.0, 1500.0, 0.000103, [3.7575662222222214e-05], [0.08396748], [0.03265402], [1.5340201128624964e-05]]
[1300.0, 600.0, 0.000249, [0.00139355321], [15.114146399999997], [2.1924842], [0.0013935530886909188]]
[1300.0, 300.0, 0.000246, [0.00070899846], [4.711508599999999], [0.7463776], [0.0007089984566273751]]
[1300.0, 1900.0, 0.000154, [5.61959e-05], [0.08396748], [0.03265402], [1.8731960737905143e-05]]
[1300.0, 400.0, 0.000201, [0.0014056346499999998], [23.0444084], [2.8455645999999994], [0.0006286190333580427]]
[1300.0, 700.0, 0.000239, [8.729491555555556e-05], [0.08396748], [0.03265402], [2.333054551599842e-05]]
[1300.0, 800.0, 0.000255, [9.333466444444445e-05], [0.08396748], [0.03265402], [2.409891327912045e-05]]
[1400.0, 1100.0, 9e-05, [3.302621111111111e-05], [0.08396748], [0.03265402], [1.167652993438727e-05]]
[1400.0, 400.0, 0.000133, [0.00093227349], [23.0444084], [2.8455645999999994], [0.00041692542246785574]]
[1400.0, 1500.0, 0.000136, [4.9856174888888885e-05], [0.08396748], [0.03265402], [1.4392238187626785e-05]]
[1400.0, 1800.0, 0.000102, [3.711602511111111e-05], [0.08396748], [0.03265402], [1.2372007963020273e-05]]
[1400.0, 1600.0, 0.000114, [4.1602977555555546e-05], [0.08396748], [0.03265402], [1.3156018863838674e-05]]
[1400.0, 1400.0, 6.8e-05, [2.4777066888888884e-05], [0.08396748], [0.03265402], [1.0115194931083984e-05]]
[1400.0, 600.0, 0.000136, [4.965846177777778e-05], [0.08396748], [0.03265402], [1.4335161497537925e-05]]
[1400.0, 1700.0, 0.000114, [4.1528897111111105e-05], [0.08396748], [0.03265402], [1.468268329330024e-05]]
[1400.0, 900.0, 0.000183, [6.700344666666666e-05], [0.08396748], [0.03265402], [1.8583419438431973e-05]]
[1400.0, 100.0, 0.000243, [0.000698518395], [4.711508599999999], [0.7463776], [0.00040328976803286244]]
[1400.0, 700.0, 0.000124, [4.538879288888889e-05], [0.08396748], [0.03265402], [1.3685236464395482e-05]]
[1400.0, 2000.0, 0.000182, [6.647040888888889e-05], [0.08396748], [0.03265402], [1.8435565935387626e-05]]
[1400.0, 800.0, 0.000113, [4.1364073999999995e-05], [0.08396748], [0.03265402], [1.3080471749336303e-05]]
[1400.0, 1300.0, 0.00011, [0.00037344156999999996], [6.530804], [0.8863233999999999], [0.00018672083641093726]]
[1400.0, 300.0, 0.000114, [4.162895222222222e-05], [0.08396748], [0.03265402], [1.3164232984647225e-05]]
[1400.0, 1200.0, 0.000181, [6.614815333333333e-05], [0.08396748], [0.03265402], [1.6537031396457084e-05]]
[1400.0, 500.0, 0.000133, [0.0009293575499999998], [23.0444084], [2.8455645999999994], [0.0004156213916535095]]
[1400.0, 1000.0, 0.000114, [4.157363977777777e-05], [0.08396748], [0.03265402], [1.3146739553550487e-05]]
[1400.0, 200.0, 0.000166, [0.0009259471099999999], [15.114146399999997], [2.1924842], [0.00041409607774042003]]
[1400.0, 1900.0, 0.000125, [4.5622682444444446e-05], [0.08396748], [0.03265402], [1.3755757722441845e-05]]
[1500.0, 1500.0, 0.000282, [0.00010304030666666666], [0.08396748], [0.03265402], [0.00010304029155602489]]
[1500.0, 1100.0, 0.000233, [0.0007909268749999999], [6.530804], [0.8863233999999999], [0.0007909269950507441]]
[1500.0, 1800.0, 0.000296, [0.00010835964444444443], [0.08396748], [0.03265402], [0.00010835962990243456]]
[1500.0, 400.0, 0.000346, [0.0011731736499999998], [6.530804], [0.8863233999999999], [0.0011731730509605138]]
[1500.0, 200.0, 0.000337, [0.0023558646999999994], [23.0444084], [2.8455645999999994], [0.0023558636272076527]]
[1500.0, 500.0, 0.000275, [0.019286097999999998], [494.47515999999996], [51.31345999999999], [0.0192860989233178]]
[1500.0, 1300.0, 0.000464, [0.0015744857], [6.530804], [0.8863233999999999], [0.0011133291893011697]]
[1500.0, 600.0, 0.000313, [0.009469288599999997], [198.25654999999998], [19.592412], [0.009469286311016263]]
[1500.0, 1000.0, 0.000346, [0.00117390735], [6.530804], [0.8863233999999999], [0.00117390668389783]]
[1500.0, 2000.0, 0.000381, [0.004853138], [60.643179999999994], [6.530804], [0.0048531395240606874]]
[1500.0, 800.0, 0.000233, [0.000791587665], [6.530804], [0.8863233999999999], [0.0007915876957103363]]
[1500.0, 1700.0, 0.000279, [0.00010209045777777778], [0.08396748], [0.03265402], [5.894194850721479e-05]]
[1500.0, 1200.0, 0.000355, [0.00120262055], [6.530804], [0.8863233999999999], [0.0012026207132758025]]
[1500.0, 300.0, 0.000457, [0.004779146999999999], [43.38319799999999], [5.131346], [0.004779147635300671]]
[1500.0, 1400.0, 0.000341, [0.0011560144999999999], [6.530804], [0.8863233999999999], [0.0011560148701465738]]
[1500.0, 100.0, 0.00033, [0.009480715], [160.004698], [19.125925999999996], [0.006703877827049057]]
[1500.0, 900.0, 0.000378, [0.0001384647533333333], [0.08396748], [0.03265402], [6.923237250354154e-05]]
[1500.0, 700.0, 0.000285, [0.00010432058888888887], [0.08396748], [0.03265402], [0.00010432056994466739]]
[1500.0, 1900.0, 0, [0.0], [494.47515999999996], [51.31345999999999], [0.0]]
[1500.0, 1600.0, 0.000289, [0.00010568101333333332], [0.08396748], [0.03265402], [7.472774806498718e-05]]
[1600.0, 1500.0, 0.000157, [0.00053394109], [6.530804], [0.8863233999999999], [0.0005339411732578787]]
[1600.0, 100.0, 0.000559, [0.0016086038999999998], [4.711508599999999], [0.7463776], [0.0016086041985211897]]
[1600.0, 1300.0, 0.000163, [0.00207713782], [60.643179999999994], [6.530804], [0.0020771381369567117]]
[1600.0, 900.0, 0, [0.0], [494.47515999999996], [51.31345999999999], [0.0]]
[1600.0, 300.0, 0.000155, [0.0010862486], [23.0444084], [2.8455645999999994], [0.001086248873877437]]
[1600.0, 500.0, 0.000151, [0.00105442097], [23.0444084], [2.8455645999999994], [0.001054421447998854]]
[1600.0, 1000.0, 0.000168, [0.00213617146], [60.643179999999994], [6.530804], [0.00213617036492879]]
[1600.0, 1200.0, 0.000193, [7.052479777777776e-05], [0.08396748], [0.03265402], [4.0717521590151383e-05]]
[1600.0, 1800.0, 0.000285, [0.00010444744666666666], [0.08396748], [0.03265402], [6.030277249323094e-05]]
[1600.0, 1100.0, 0.000157, [0.00053162039], [6.530804], [0.8863233999999999], [0.0005316203850023059]]
[1600.0, 1900.0, 0.000198, [7.23529911111111e-05], [0.08396748], [0.03265402], [7.235297265387132e-05]]
[1600.0, 1700.0, 0, [0.0], [494.47515999999996], [51.31345999999999], [0.0]]
[1600.0, 800.0, 0.000145, [5.2922028888888886e-05], [0.08396748], [0.03265402], [3.055454113063562e-05]]
[1600.0, 200.0, 0.000251, [0.0031934124599999995], [60.643179999999994], [6.530804], [0.0031934119721702056]]
[1600.0, 1600.0, 0.000458, [0.0032024072999999997], [23.0444084], [2.8455645999999994], [0.0018489109040189034]]
[1600.0, 2000.0, 0.000242, [8.851381333333332e-05], [0.08396748], [0.03265402], [3.9584583805589374e-05]]
[1600.0, 1400.0, 0.000197, [7.223512888888889e-05], [0.08396748], [0.03265402], [7.223513641804334e-05]]
[1600.0, 700.0, 0.000188, [6.861022666666666e-05], [0.08396748], [0.03265402], [4.8514773282647276e-05]]
[1600.0, 400.0, 0.000279, [0.0015635496599999998], [15.114146399999997], [2.1924842], [0.0015635490673464646]]
[1600.0, 600.0, 0.000302, [0.0031618840599999995], [43.38319799999999], [5.131346], [0.0031618848783597415]]
[1700.0, 900.0, 0.000125, [4.577902622222222e-05], [0.08396748], [0.03265402], [3.2370660447043365e-05]]
[1700.0, 1500.0, 0, [0.0], [494.47515999999996], [51.31345999999999], [0.0]]
[1700.0, 1800.0, 0.00017, [6.217993777777777e-05], [0.08396748], [0.03265402], [3.108996084245178e-05]]
[1700.0, 700.0, 0.000132, [4.8274020222222225e-05], [0.08396748], [0.03265402], [4.8274018291160604e-05]]
[1700.0, 500.0, 0.000171, [0.00217464172], [60.643179999999994], [6.530804], [0.002174641911671896]]
[1700.0, 300.0, 0.000397, [0.004149493479999999], [43.38319799999999], [5.131346], [0.004149493736831037]]
[1700.0, 800.0, 0.000383, [0.00214380838], [15.114146399999997], [2.1924842], [0.002143808396522413]]
[1700.0, 1300.0, 0.000638, [0.0021642068499999998], [6.530804], [0.8863233999999999], [0.0015303250969973664]]
[1700.0, 400.0, 0, [0.0], [494.47515999999996], [51.31345999999999], [0.0]]
[1700.0, 1000.0, 0.000129, [4.714204711111112e-05], [0.08396748], [0.03265402], [3.333446134387685e-05]]
[1700.0, 2000.0, 0, [0.0], [494.47515999999996], [51.31345999999999], [0.0]]
[1700.0, 1600.0, 0.000155, [0.00108062326], [23.0444084], [2.8455645999999994], [0.0010806233705597894]]
[1700.0, 1400.0, 0.000171, [0.0021772494599999995], [60.643179999999994], [6.530804], [0.0021772495382936696]]
[1700.0, 1200.0, 0.000636, [0.00215673415], [6.530804], [0.8863233999999999], [0.0015250413584555666]]
[1700.0, 100.0, 0.000364, [0.00104874595], [4.711508599999999], [0.7463776], [0.0010487459662616107]]
[1700.0, 1700.0, 0.000267, [9.769996222222222e-05], [0.08396748], [0.03265402], [6.908428185918994e-05]]
[1700.0, 1900.0, 0.000133, [4.8747774222222214e-05], [0.08396748], [0.03265402], [4.874777519709659e-05]]
[1700.0, 1100.0, 0.000309, [0.001047755455], [6.530804], [0.8863233999999999], [0.0007408748597097892]]
[1700.0, 600.0, 0.000129, [4.715165088888889e-05], [0.08396748], [0.03265402], [2.7223017621032783e-05]]
[1700.0, 200.0, 0.000126, [0.00036249977999999993], [4.711508599999999], [0.7463776], [0.000362499737724043]]
[1800.0, 600.0, 7.4e-05, [0.00560118172], [559.7832], [55.97832], [0.005601181835291548]]
[1800.0, 1800.0, 6.8e-05, [0.0004724798], [23.0444084], [2.8455645999999994], [0.0004724799596808313]]
[1800.0, 400.0, 0.000103, [0.00296921076], [160.004698], [19.125925999999996], [0.0029692107422680525]]
[1800.0, 1300.0, 8.8e-05, [3.203804422222222e-05], [0.08396748], [0.03265402], [3.203804509225451e-05]]
[1800.0, 1200.0, 0, [0.0], [494.47515999999996], [51.31345999999999], [0.0]]
[1800.0, 1700.0, 0.000113, [0.0014419123199999999], [60.643179999999994], [6.530804], [0.001441912392900484]]
[1800.0, 500.0, 9.9e-05, [0.0028545125199999997], [160.004698], [19.125925999999996], [0.0028545125706501977]]
[1800.0, 1600.0, 8.6e-05, [3.147001066666666e-05], [0.08396748], [0.03265402], [2.2252653164050037e-05]]
[1800.0, 1000.0, 0.000103, [0.00034910918], [6.530804], [0.8863233999999999], [0.00034910910848186125]]
[1800.0, 700.0, 0.000254, [0.0007300080399999999], [4.711508599999999], [0.7463776], [0.0007300080977290594]]
[1800.0, 200.0, 0.000104, [0.0029850214199999997], [160.004698], [19.125925999999996], [0.002110728934752163]]
[1800.0, 800.0, 8.6e-05, [3.1540370222222216e-05], [0.08396748], [0.03265402], [2.230240815209685e-05]]
[1800.0, 2000.0, 0, [0.0], [494.47515999999996], [51.31345999999999], [0.0]]
[1800.0, 1100.0, 8.7e-05, [3.176812644444444e-05], [0.08396748], [0.03265402], [1.8341334563772803e-05]]
[1800.0, 900.0, 0.000107, [0.0003614057849999999], [6.530804], [0.8863233999999999], [0.0003614058839794947]]
[1800.0, 1500.0, 8.6e-05, [3.1457836e-05], [0.08396748], [0.03265402], [2.224404646108623e-05]]
[1800.0, 1400.0, 8.6e-05, [3.1604243777777774e-05], [0.08396748], [0.03265402], [3.160424052653788e-05]]
[1800.0, 1900.0, 0.000104, [0.0007286850799999999], [23.0444084], [2.8455645999999994], [0.0007286852290255373]]
[1800.0, 100.0, 0.000123, [0.00069086733], [15.114146399999997], [2.1924842], [0.0006908673981307846]]
[1800.0, 300.0, 0.000253, [0.0014153806699999999], [15.114146399999997], [2.1924842], [0.0010008253838707328]]
[1900.0, 300.0, 0.000184, [0.0019266492799999996], [43.38319799999999], [5.131346], [0.001926648922871004]]
[1900.0, 1600.0, 7.1e-05, [0.00024022856], [6.530804], [0.8863233999999999], [0.0002402285865587191]]
[1900.0, 600.0, 9.3e-05, [2.1203771555555553e-05], [0.03265402], [0.01865944], [2.1203769546072763e-05]]
[1900.0, 1500.0, 5.6e-05, [2.0647687777777775e-05], [0.08396748], [0.03265402], [2.0647686983722358e-05]]
[1900.0, 500.0, 3.3e-05, [0.0009420951799999998], [160.004698], [19.125925999999996], [0.0009420949364050314]]
[1900.0, 1700.0, 7.3e-05, [0.0009353271999999999], [60.643179999999994], [6.530804], [0.0009353270617276076]]
[1900.0, 1800.0, 8.7e-05, [3.198518e-05], [0.08396748], [0.03265402], [1.846665027409354e-05]]
[1900.0, 800.0, 0, [0.0], [494.47515999999996], [51.31345999999999], [0.0]]
[1900.0, 1300.0, 0.000101, [0.00129228996], [60.643179999999994], [6.530804], [0.0009137870765118097]]
[1900.0, 1000.0, 7.5e-05, [0.0009521756199999999], [60.643179999999994], [6.530804], [0.0009521755552417842]]
[1900.0, 1900.0, 4.8e-05, [0.00016154533], [6.530804], [0.8863233999999999], [0.0001615453673894736]]
[1900.0, 1200.0, 8.8e-05, [3.2293058e-05], [0.08396748], [0.03265402], [1.864440580051617e-05]]
[1900.0, 100.0, 7.6e-05, [0.0009738085], [60.643179999999994], [6.530804], [0.0009738084836352577]]
[1900.0, 2000.0, 0.000141, [0.0009851493399999998], [23.0444084], [2.8455645999999994], [0.0009851493643097983]]
[1900.0, 1100.0, 5.9e-05, [2.1477921333333334e-05], [0.08396748], [0.03265402], [1.5187183971614168e-05]]
[1900.0, 900.0, 0.00012, [4.389146222222221e-05], [0.08396748], [0.03265402], [3.1035952835301535e-05]]
[1900.0, 200.0, 6.5e-05, [0.00197558224], [198.25654999999998], [19.592412], [0.001975581917309429]]
[1900.0, 400.0, 0.000181, [0.0018904118599999999], [43.38319799999999], [5.131346], [0.0018904119614517885]]
[1900.0, 700.0, 4.6e-05, [0.00015601888999999998], [6.530804], [0.8863233999999999], [0.0001560188517455503]]
[1900.0, 1400.0, 6.8e-05, [0.00047233006999999996], [23.0444084], [2.8455645999999994], [0.00047233007420658703]]
[2000.0, 1500.0, 4.6e-05, [0.00032055652], [23.0444084], [2.8455645999999994], [0.00032055647146797707]]
[2000.0, 1200.0, 3.9e-05, [1.429745933333333e-05], [0.08396748], [0.03265402], [1.0109828165249109e-05]]
[2000.0, 1300.0, 3.9e-05, [1.4241758444444442e-05], [0.08396748], [0.03265402], [1.4241757786154984e-05]]
[2000.0, 300.0, 0.000121, [0.00126936402], [43.38319799999999], [5.131346], [0.0012693638113637868]]
[2000.0, 900.0, 9.5e-05, [0.000321714225], [6.530804], [0.8863233999999999], [0.00022748636569034194]]
[2000.0, 1900.0, 9.4e-05, [0.00066025203], [23.0444084], [2.8455645999999994], [0.0006602519267673514]]
[2000.0, 1600.0, 4.6e-05, [0.00015663414000000001], [6.530804], [0.8863233999999999], [0.00015663409502723215]]
[2000.0, 500.0, 9.3e-05, [0.00031423313], [6.530804], [0.8863233999999999], [0.0003142331388077966]]
[2000.0, 600.0, 3.7e-05, [0.00010647461299999999], [4.711508599999999], [0.7463776], [0.00010647463037033751]]
[2000.0, 200.0, 0.00011, [0.00031512046999999997], [4.711508599999999], [0.7463776], [0.00031512048108620294]]
[2000.0, 1800.0, 4.1e-05, [1.4836620222222219e-05], [0.08396748], [0.03265402], [1.4836617990051371e-05]]
[2000.0, 2000.0, 0, [0.0], [494.47515999999996], [51.31345999999999], [0.0]]
[2000.0, 400.0, 4e-05, [1.4716749333333333e-05], [0.08396748], [0.03265402], [8.496717629128073e-06]]
[2000.0, 1100.0, 3.9e-05, [1.435723888888889e-05], [0.08396748], [0.03265402], [1.4357239388691599e-05]]
[2000.0, 100.0, 4e-05, [1.4534742666666664e-05], [0.08396748], [0.03265402], [1.4534741936494565e-05]]
[2000.0, 1400.0, 0, [0.0], [494.47515999999996], [51.31345999999999], [0.0]]
[2000.0, 1700.0, 2.9e-05, [1.0542545777777778e-05], [0.08396748], [0.03265402], [6.086743231030353e-06]]
[2000.0, 700.0, 0, [0.0], [494.47515999999996], [51.31345999999999], [0.0]]
[2000.0, 1000.0, 4.3e-05, [0.0013118776799999998], [198.25654999999998], [19.592412], [0.001311877660607116]]
[2000.0, 800.0, 0.000121, [0.00126510074], [43.38319799999999], [5.131346], [0.0012651006105444736]]
[2100.0, 200.0, 3.1e-05, [0.0001055859505], [6.530804], [0.8863233999999999], [0.00010558592717545269]]
[2100.0, 100.0, 2.5e-05, [9.303985555555556e-06], [0.08396748], [0.03265402], [9.303984265349793e-06]]
[2100.0, 400.0, 1.5e-05, [0.00044410134199999996], [198.25654999999998], [19.592412], [0.0004441013771201345]]
[2100.0, 1400.0, 0, [0.0], [494.47515999999996], [51.31345999999999], [0.0]]
[2100.0, 500.0, 6.3e-05, [0.00043903112999999996], [23.0444084], [2.8455645999999994], [0.0004390310223663015]]
[2100.0, 800.0, 1.6e-05, [5.3166029499999996e-05], [6.530804], [0.8863233999999999], [5.316603107248086e-05]]
[2100.0, 300.0, 3e-05, [0.0008575678799999999], [160.004698], [19.125925999999996], [0.0008575679464625527]]
[2100.0, 600.0, 8.3e-05, [0.0008671528999999999], [43.38319799999999], [5.131346], [0.0008671528312817757]]
[2100.0, 700.0, 4.7e-05, [0.00016070905], [6.530804], [0.8863233999999999], [9.278539662845656e-05]]
[2100.0, 1000.0, 2.7e-05, [9.87528511111111e-06], [0.08396748], [0.03265402], [9.87528701755105e-06]]
[2100.0, 1700.0, 2.8e-05, [1.019255222222222e-05], [0.08396748], [0.03265402], [1.0192552609202369e-05]]
[2100.0, 1800.0, 2.1e-05, [0.00014445191399999996], [23.0444084], [2.8455645999999994], [0.00014445192068643462]]
[2100.0, 1900.0, 2.6e-05, [9.614751333333332e-06], [0.08396748], [0.03265402], [6.798653911793545e-06]]
[2100.0, 900.0, 1.7e-05, [6.2994802222222225e-06], [0.08396748], [0.03265402], [4.454406495223731e-06]]
[2100.0, 2000.0, 2.6e-05, [9.557808444444442e-06], [0.08396748], [0.03265402], [6.758390739126885e-06]]
[2100.0, 1200.0, 0, [0.0], [494.47515999999996], [51.31345999999999], [0.0]]
[2100.0, 1500.0, 3.4e-05, [0.0004288378519999999], [60.643179999999994], [6.530804], [0.00042883789580679544]]
[2100.0, 1100.0, 2.6e-05, [9.390000444444443e-06], [0.08396748], [0.03265402], [9.390002800457122e-06]]
[2100.0, 1300.0, 2.7e-05, [9.692256222222221e-06], [0.08396748], [0.03265402], [5.595826420943856e-06]]
[2100.0, 1600.0, 3.3e-05, [0.00011045565999999999], [6.530804], [0.8863233999999999], [0.00011045562921372545]]
[2200.0, 1700.0, 1.4e-05, [4.81044425e-05], [6.530804], [0.8863233999999999], [4.810443264398823e-05]]
[2200.0, 1100.0, 3.4e-05, [1.2377511333333333e-05], [0.08396748], [0.03265402], [8.752222253254904e-06]]
[2200.0, 200.0, 2.5e-05, [0.000140944552], [15.114146399999997], [2.1924842], [0.0001409445179494399]]
[2200.0, 1800.0, 2.6e-05, [9.515902444444444e-06], [0.08396748], [0.03265402], [5.4940093884606555e-06]]
[2200.0, 900.0, 0, [0.0], [494.47515999999996], [51.31345999999999], [0.0]]
[2200.0, 1000.0, 5.4e-05, [0.00056866718], [43.38319799999999], [5.131346], [0.0005686669883156574]]
[2200.0, 1300.0, 2.1e-05, [7.237202999999999e-05], [6.530804], [0.8863233999999999], [5.117475449379313e-05]]
[2200.0, 1900.0, 2.3e-05, [8.453200222222222e-06], [0.08396748], [0.03265402], [4.226601185963159e-06]]
[2200.0, 1400.0, 1.7e-05, [6.375691999999999e-06], [0.08396748], [0.03265402], [6.375690634098269e-06]]
[2200.0, 1600.0, 1.8e-05, [6.444993555555554e-06], [0.08396748], [0.03265402], [3.721019121652521e-06]]
[2200.0, 800.0, 4.9e-05, [0.00014186629999999998], [4.711508599999999], [0.7463776], [0.00014186633242246026]]
[2200.0, 400.0, 5.2e-05, [0.00029058614], [15.114146399999997], [2.1924842], [0.00029058604508819757]]
[2200.0, 600.0, 2e-05, [0.000140356787], [23.0444084], [2.8455645999999994], [0.00014035680980985568]]
[2200.0, 2000.0, 0, [0.0], [494.47515999999996], [51.31345999999999], [0.0]]
[2200.0, 500.0, 0, [0.0], [494.47515999999996], [51.31345999999999], [0.0]]
[2200.0, 700.0, 1.8e-05, [6.422642666666666e-06], [0.08396748], [0.03265402], [6.422641420382646e-06]]
[2200.0, 300.0, 1e-05, [0.000289505048], [160.004698], [19.125925999999996], [0.00028950512140547705]]
[2200.0, 1200.0, 2.1e-05, [7.11389425e-05], [6.530804], [0.8863233999999999], [7.113895724214687e-05]]
[2200.0, 1500.0, 2.1e-05, [0.00014577061899999997], [23.0444084], [2.8455645999999994], [0.0001457706541111756]]
[2200.0, 100.0, 1e-05, [0.00029088596800000004], [198.25654999999998], [19.592412], [0.00029088586565868065]]
[2300.0, 700.0, 1.1e-05, [4.137503222222222e-06], [0.08396748], [0.03265402], [4.137503321247408e-06]]
[2300.0, 100.0, 0, [0.0], [494.47515999999996], [51.31345999999999], [0.0]]
[2300.0, 1800.0, 2.8e-05, [0.000192977613], [23.0444084], [2.8455645999999994], [0.00019297762082687203]]
[2300.0, 1000.0, 1.5e-05, [0.000192296744], [60.643179999999994], [6.530804], [0.00019229672654520147]]
[2300.0, 1500.0, 0, [0.0], [494.47515999999996], [51.31345999999999], [0.0]]
[2300.0, 1200.0, 1.4e-05, [4.8483332999999994e-05], [6.530804], [0.8863233999999999], [4.8483323524692486e-05]]
[2300.0, 500.0, 1.7e-05, [9.706809599999998e-05], [15.114146399999997], [2.1924842], [9.706809326447077e-05]]
[2300.0, 1900.0, 1.2e-05, [4.3306178666666665e-06], [0.08396748], [0.03265402], [4.33061793269879e-06]]
[2300.0, 1300.0, 1.6e-05, [0.000198964858], [60.643179999999994], [6.530804], [0.0001989648630286262]]
[2300.0, 1600.0, 1.4e-05, [9.9601937e-05], [23.0444084], [2.8455645999999994], [9.960195078410864e-05]]
[2300.0, 1700.0, 1.2e-05, [4.256084577777777e-06], [0.08396748], [0.03265402], [3.0095062488269387e-06]]
[2300.0, 1400.0, 2.8e-05, [9.41179665e-05], [6.530804], [0.8863233999999999], [9.411796301716266e-05]]
[2300.0, 1100.0, 0, [0.0], [494.47515999999996], [51.31345999999999], [0.0]]
[2300.0, 900.0, 1.4e-05, [0.00038810223], [160.004698], [19.125925999999996], [0.0003881022208130224]]
[2300.0, 2000.0, 2.7e-05, [0.00018692810699999998], [23.0444084], [2.8455645999999994], [0.00018692809061240636]]
[2300.0, 300.0, 3.4e-05, [9.8677636e-05], [4.711508599999999], [0.7463776], [9.867763956439167e-05]]
[2300.0, 200.0, 6e-06, [0.000188448108], [198.25654999999998], [19.592412], [0.00018844813886053637]]
[2300.0, 400.0, 1e-05, [0.00013175361399999998], [60.643179999999994], [6.530804], [0.0001317536043985135]]
[2300.0, 800.0, 0, [0.0], [494.47515999999996], [51.31345999999999], [0.0]]
[2300.0, 600.0, 3.5e-05, [0.000364181586], [43.38319799999999], [5.131346], [0.00036418159618519983]]
[2400.0, 1200.0, 4e-06, [0.00012875804799999997], [198.25654999999998], [19.592412], [0.00012875805102594554]]
[2400.0, 1500.0, 8e-06, [2.836420311111111e-06], [0.08396748], [0.03265402], [2.8364203096225895e-06]]
[2400.0, 1100.0, 1.3e-05, [2.888439155555555e-06], [0.03265402], [0.01865944], [2.8884389803507836e-06]]
[2400.0, 1600.0, 8e-06, [2.9018440666666665e-06], [0.08396748], [0.03265402], [2.9018443049843955e-06]]
[2400.0, 400.0, 2.4e-05, [0.00025273342999999996], [43.38319799999999], [5.131346], [0.0002527334359359679]]
[2400.0, 1300.0, 8e-06, [2.8351047111111113e-06], [0.08396748], [0.03265402], [2.835104815272311e-06]]
[2400.0, 200.0, 2.3e-05, [6.52293915e-05], [4.711508599999999], [0.7463776], [6.522939490751082e-05]]
[2400.0, 1700.0, 1.3e-05, [0.00016874704399999998], [60.643179999999994], [6.530804], [0.00011932218233002614]]
[2400.0, 2000.0, 8e-06, [2.923567822222222e-06], [0.08396748], [0.03265402], [2.923568065241301e-06]]
[2400.0, 600.0, 8e-06, [8.5523982e-05], [43.38319799999999], [5.131346], [8.552394670500187e-05]]
[2400.0, 1900.0, 8e-06, [2.856823866666666e-06], [0.08396748], [0.03265402], [1.4284120897946798e-06]]
[2400.0, 700.0, 7e-06, [0.00050994128], [494.47515999999996], [51.31345999999999], [0.0005099413192907592]]
[2400.0, 100.0, 9e-06, [6.309291e-05], [23.0444084], [2.8455645999999994], [6.309289889520055e-05]]
[2400.0, 1800.0, 8e-06, [2.7482209333333327e-06], [0.08396748], [0.03265402], [2.748221203381571e-06]]
[2400.0, 500.0, 1e-05, [0.00012736112], [60.643179999999994], [6.530804], [0.00012736111635817268]]
[2400.0, 900.0, 6e-06, [4.2519064999999995e-05], [23.0444084], [2.8455645999999994], [4.251906307763612e-05]]
[2400.0, 1400.0, 4e-06, [0.000127404498], [198.25654999999998], [19.592412], [0.00012740448858654862]]
[2400.0, 800.0, 8e-06, [2.9194344666666664e-06], [0.08396748], [0.03265402], [2.919434722047454e-06]]
[2400.0, 300.0, 2.2e-05, [6.276726449999999e-05], [4.711508599999999], [0.7463776], [6.276725916032974e-05]]
[2400.0, 1000.0, 1e-05, [0.00012832137], [60.643179999999994], [6.530804], [0.00012832136782313377]]
[2500.0, 400.0, 1.5e-05, [4.33319425e-05], [4.711508599999999], [0.7463776], [4.333194811568019e-05]]
[2500.0, 1300.0, 8e-06, [2.809131577777778e-06], [0.08396748], [0.03265402], [1.1468235439629125e-06]]
[2500.0, 500.0, 1.5e-05, [8.636161899999999e-05], [15.114146399999997], [2.1924842], [8.636161577923376e-05]]
[2500.0, 900.0, 8e-06, [2.8212587111111106e-06], [0.08396748], [0.03265402], [1.6288542576279167e-06]]
[2500.0, 1400.0, 6e-06, [2.0822923499999998e-05], [6.530804], [0.8863233999999999], [1.4724028940816437e-05]]
[2500.0, 200.0, 3e-06, [9.162336222222222e-07], [0.08396748], [0.03265402], [9.162336361700451e-07]]
[2500.0, 1900.0, 5e-06, [1.8577176666666665e-06], [0.08396748], [0.03265402], [1.8577176904158367e-06]]
[2500.0, 1000.0, 0, [0.0], [494.47515999999996], [51.31345999999999], [0.0]]
[2500.0, 1800.0, 5e-06, [1.9036726888888888e-06], [0.08396748], [0.03265402], [1.9036724261733788e-06]]
[2500.0, 1700.0, 1.3e-05, [0.000168023878], [60.643179999999994], [6.530804], [0.00016802390222822467]]
[2500.0, 800.0, 8e-06, [8.273684199999999e-05], [43.38319799999999], [5.131346], [8.273684091141018e-05]]
[2500.0, 700.0, 5e-06, [1.898825822222222e-06], [0.08396748], [0.03265402], [1.3426726429673166e-06]]
[2500.0, 1600.0, 5e-06, [1.8542640888888886e-06], [0.08396748], [0.03265402], [1.8542643385011307e-06]]
[2500.0, 1100.0, 6e-06, [2.06478705e-05], [6.530804], [0.8863233999999999], [2.0647861699217186e-05]]
[2500.0, 600.0, 1.6e-05, [0.00016809462599999997], [43.38319799999999], [5.131346], [0.00016809459955632126]]
[2500.0, 300.0, 6e-06, [0.000173232274], [160.004698], [19.125925999999996], [0.00017323223787736507]]
[2500.0, 2000.0, 4e-06, [1.4256044e-05], [6.530804], [0.8863233999999999], [1.4256048646101062e-05]]
[2500.0, 1200.0, 1.5e-05, [4.237206049999999e-05], [4.711508599999999], [0.7463776], [4.237206172703896e-05]]
[2500.0, 100.0, 4e-06, [5.6625355999999995e-05], [60.643179999999994], [6.530804], [5.662534605633769e-05]]
[2500.0, 1500.0, 5e-06, [1.8369282222222219e-06], [0.08396748], [0.03265402], [1.8369279292568747e-06]]
[2600.0, 800.0, 1.1e-05, [0.00011393827399999998], [43.38319799999999], [5.131346], [0.00011393829505482341]]
[2600.0, 2000.0, 5e-06, [1.6457230888888887e-06], [0.08396748], [0.03265402], [8.228614281132293e-07]]
[2600.0, 900.0, 8e-06, [5.549187e-05], [23.0444084], [2.8455645999999994], [3.923868082644981e-05]]
[2600.0, 1000.0, 1e-05, [2.8010377499999997e-05], [4.711508599999999], [0.7463776], [2.801038359251797e-05]]
[2600.0, 200.0, 4e-06, [1.3743293499999998e-05], [6.530804], [0.8863233999999999], [1.3743293910122128e-05]]
[2600.0, 1100.0, 0, [0.0], [494.47515999999996], [51.31345999999999], [0.0]]
[2600.0, 1500.0, 3e-06, [1.2572464444444445e-06], [0.08396748], [0.03265402], [1.2572466907816784e-06]]
[2600.0, 700.0, 3e-06, [0.000221486228], [494.47515999999996], [51.31345999999999], [0.00022148625022786402]]
[2600.0, 1800.0, 8e-06, [5.6971920000000004e-05], [23.0444084], [2.8455645999999994], [5.6971919249749685e-05]]
[2600.0, 1600.0, 7e-06, [2.4825101111111107e-06], [0.08396748], [0.03265402], [1.7553999312175325e-06]]
[2600.0, 1400.0, 3e-06, [1.2181878444444443e-06], [0.08396748], [0.03265402], [1.218187630543783e-06]]
[2600.0, 1300.0, 3e-06, [1.2131314222222222e-06], [0.08396748], [0.03265402], [6.065657274594362e-07]]
[2600.0, 600.0, 4e-06, [3.741653339999999e-05], [43.38319799999999], [5.131346], [3.741653968501095e-05]]
[2600.0, 1700.0, 3e-06, [1.2638929333333335e-06], [0.08396748], [0.03265402], [1.2638928308607635e-06]]
[2600.0, 400.0, 4e-06, [5.376098199999999e-05], [60.643179999999994], [6.530804], [5.376097361469563e-05]]
[2600.0, 300.0, 2e-06, [5.6321295999999995e-05], [198.25654999999998], [19.592412], [5.632130371360378e-05]]
[2600.0, 1900.0, 3e-06, [1.2510149777777776e-06], [0.08396748], [0.03265402], [1.251014896438532e-06]]
[2600.0, 1200.0, 5e-06, [1.2214615111111111e-06], [0.03265402], [0.01865944], [1.2214613492265406e-06]]
[2600.0, 100.0, 1e-05, [5.5504796e-05], [15.114146399999997], [2.1924842], [3.9247813544196317e-05]]
[2600.0, 500.0, 3e-06, [6.221719777777777e-07], [0.03265402], [0.01865944], [6.221719257449544e-07]]
[2700.0, 1400.0, 2e-06, [6.120933777777778e-07], [0.08396748], [0.03265402], [3.533922535779312e-07]]
[2700.0, 1000.0, 2e-06, [6.9175076e-05], [160.004698], [19.125925999999996], [6.917506857242716e-05]]
[2700.0, 800.0, 1.4e-05, [0.00014688131200000002], [43.38319799999999], [5.131346], [0.00010386076768443414]]
[2700.0, 900.0, 5e-06, [4.9213237999999996e-05], [43.38319799999999], [5.131346], [3.4799016721740864e-05]]
[2700.0, 600.0, 2e-06, [0.000142220316], [494.47515999999996], [51.31345999999999], [0.00014222036563024296]]
[2700.0, 1100.0, 2e-06, [7.174964999999998e-05], [160.004698], [19.125925999999996], [7.174964925349808e-05]]
[2700.0, 1300.0, 3e-06, [3.72890352e-05], [60.643179999999994], [6.530804], [3.7289031159310106e-05]]
[2700.0, 400.0, 3e-06, [2.4472368e-05], [23.0444084], [2.8455645999999994], [1.730458463818187e-05]]
[2700.0, 1700.0, 5e-06, [3.6336136000000004e-05], [23.0444084], [2.8455645999999994], [3.633613492103969e-05]]
[2700.0, 100.0, 6e-06, [1.8488803e-05], [4.711508599999999], [0.7463776], [1.8488799318776762e-05]]
[2700.0, 2000.0, 3e-06, [1.8189225699999998e-05], [23.0444084], [2.8455645999999994], [1.81892239444128e-05]]
[2700.0, 1200.0, 2e-06, [8.124029333333333e-07], [0.08396748], [0.03265402], [5.744556929910926e-07]]
[2700.0, 700.0, 3e-06, [3.5788671599999995e-05], [60.643179999999994], [6.530804], [3.5788671073399754e-05]]
[2700.0, 300.0, 1e-06, [3.74172694e-05], [198.25654999999998], [19.592412], [3.741726920554198e-05]]
[2700.0, 1800.0, 2e-06, [8.071778444444444e-07], [0.08396748], [0.03265402], [5.707610068264827e-07]]
[2700.0, 200.0, 6e-06, [1.8290623499999998e-05], [4.711508599999999], [0.7463776], [1.8290626178455454e-05]]
[2700.0, 1500.0, 2e-06, [6.136265449999999e-06], [6.530804], [0.8863233999999999], [6.136266808899364e-06]]
[2700.0, 500.0, 2e-06, [6.007570099999999e-06], [4.711508599999999], [0.7463776], [6.007570721597873e-06]]
[2700.0, 1900.0, 2e-06, [7.950900666666666e-07], [0.08396748], [0.03265402], [5.622136261969123e-07]]
[2700.0, 1600.0, 4e-06, [1.2277123999999999e-05], [6.530804], [0.8863233999999999], [8.681241763135042e-06]]
[2800.0, 1500.0, 2e-06, [7.856835777777778e-07], [0.08396748], [0.03265402], [4.536146384839378e-07]]
[2800.0, 200.0, 4e-06, [1.1949465999999998e-05], [4.711508599999999], [0.7463776], [1.1949462906340184e-05]]
[2800.0, 400.0, 2e-06, [4.982052999999999e-05], [198.25654999999998], [19.592412], [4.982054841127303e-05]]
[2800.0, 900.0, 2e-06, [5.915805849999999e-06], [4.711508599999999], [0.7463776], [5.91580276674265e-06]]
[2800.0, 600.0, 2e-06, [4.7774173999999996e-05], [160.004698], [19.125925999999996], [4.7774183572301884e-05]]
[2800.0, 1200.0, 2e-06, [8.082266444444443e-07], [0.08396748], [0.03265402], [4.6662977706047236e-07]]
[2800.0, 1000.0, 3e-06, [1.0620014888888887e-06], [0.08396748], [0.03265402], [7.509486846073972e-07]]
[2800.0, 1400.0, 1e-06, [5.250286666666667e-07], [0.08396748], [0.03265402], [3.712515287909663e-07]]
[2800.0, 800.0, 3e-06, [3.2070960799999995e-05], [60.643179999999994], [6.530804], [2.2677589448616443e-05]]
[2800.0, 100.0, 0, [0.0], [494.47515999999996], [51.31345999999999], [0.0]]
[2800.0, 1100.0, 5e-06, [4.8166278e-05], [43.38319799999999], [5.131346], [4.816628347713782e-05]]
[2800.0, 1300.0, 2e-06, [6.027276499999999e-06], [6.530804], [0.8863233999999999], [6.027277154735792e-06]]
[2800.0, 2000.0, 1e-06, [7.9847513e-06], [23.0444084], [2.8455645999999994], [7.984750703685118e-06]]
[2800.0, 500.0, 3e-06, [2.338686e-05], [23.0444084], [2.8455645999999994], [2.33868609907358e-05]]
[2800.0, 1900.0, 2e-06, [4.6388010000000004e-05], [198.25654999999998], [19.592412], [4.638802940414692e-05]]
[2800.0, 1800.0, 2e-06, [1.19877081e-05], [23.0444084], [2.8455645999999994], [1.198770502640101e-05]]
[2800.0, 300.0, 4e-06, [1.20108185e-05], [6.530804], [0.8863233999999999], [1.2010823743607261e-05]]
[2800.0, 700.0, 2e-06, [6.0522338e-06], [4.711508599999999], [0.7463776], [6.052235969044828e-06]]
[2800.0, 1600.0, 3e-06, [1.0166597999999998e-06], [0.08396748], [0.03265402], [7.188868171015999e-07]]
[2800.0, 1700.0, 2e-06, [1.2337899199999998e-05], [23.0444084], [2.8455645999999994], [1.2337904044042488e-05]]
[2900.0, 1300.0, 1e-06, [3.455833822222222e-07], [0.08396748], [0.03265402], [3.455833849458294e-07]]
[2900.0, 900.0, 2e-06, [3.5014785999999996e-07], [0.03265402], [0.01865944], [3.5014785695245234e-07]]
[2900.0, 1600.0, 1e-06, [3.390691177777778e-07], [0.08396748], [0.03265402], [1.957616274080089e-07]]
[2900.0, 2000.0, 1e-06, [3.4152817555555553e-07], [0.08396748], [0.03265402], [3.415281771720587e-07]]
[2900.0, 1200.0, 1e-06, [3.8631041499999995e-06], [6.530804], [0.8863233999999999], [3.8631048814392795e-06]]
[2900.0, 1700.0, 1e-06, [1.0302615399999998e-05], [60.643179999999994], [6.530804], [1.0302613746035518e-05]]
[2900.0, 1100.0, 3e-06, [3.0446686999999995e-05], [43.38319799999999], [5.131346], [3.044668730091995e-05]]
[2900.0, 800.0, 1e-06, [3.3907560888888886e-07], [0.08396748], [0.03265402], [3.39075595052923e-07]]
[2900.0, 600.0, 1e-06, [3.05558634e-05], [160.004698], [19.125925999999996], [3.055586486421224e-05]]
[2900.0, 100.0, 1e-06, [3.4664664666666666e-07], [0.08396748], [0.03265402], [3.4664661865107273e-07]]
[2900.0, 400.0, 1e-06, [3.24850528e-05], [160.004698], [19.125925999999996], [3.248505539475037e-05]]
[2900.0, 1000.0, 2e-06, [1.53858339e-05], [23.0444084], [2.8455645999999994], [1.5385834485006004e-05]]
[2900.0, 1400.0, 1e-06, [6.1171996e-05], [494.47515999999996], [51.31345999999999], [6.117199616818139e-05]]
[2900.0, 200.0, 1e-06, [1.55865342e-05], [60.643179999999994], [6.530804], [1.558653508641353e-05]]
[2900.0, 500.0, 3e-06, [1.57845228e-05], [15.114146399999997], [2.1924842], [1.5784521465663758e-05]]
[2900.0, 1500.0, 1e-06, [5.0948104999999995e-06], [23.0444084], [2.8455645999999994], [5.094810983736296e-06]]
[2900.0, 1800.0, 2e-06, [7.587582699999999e-06], [6.530804], [0.8863233999999999], [7.587582872694043e-06]]
[2900.0, 300.0, 3e-06, [1.5647728e-05], [15.114146399999997], [2.1924842], [1.5647726767808797e-05]]
[2900.0, 700.0, 0, [0.0], [494.47515999999996], [51.31345999999999], [0.0]]
[2900.0, 1900.0, 1e-06, [3.5555275777777776e-07], [0.08396748], [0.03265402], [3.555527463083465e-07]]
[3000.0, 1900.0, 0, [0.0], [494.47515999999996], [51.31345999999999], [0.0]]
[3000.0, 800.0, 1e-06, [4.873267599999999e-06], [15.114146399999997], [2.1924842], [4.873266356356894e-06]]
[3000.0, 900.0, 1e-06, [2.1939071333333333e-07], [0.08396748], [0.03265402], [2.1939071601051158e-07]]
[3000.0, 1600.0, 1e-06, [4.9893646999999995e-06], [23.0444084], [2.8455645999999994], [3.528014075935639e-06]]
[3000.0, 700.0, 1e-06, [5.041887499999999e-06], [23.0444084], [2.8455645999999994], [5.041885393382123e-06]]
[3000.0, 600.0, 0, [0.0], [494.47515999999996], [51.31345999999999], [0.0]]
[3000.0, 1300.0, 0, [0.0], [494.47515999999996], [51.31345999999999], [0.0]]
[3000.0, 500.0, 0, [0.0], [494.47515999999996], [51.31345999999999], [0.0]]
[3000.0, 1500.0, 1e-06, [4.87335845e-06], [6.530804], [0.8863233999999999], [3.4459851222110634e-06]]
[3000.0, 1800.0, 1e-06, [4.3947761111111106e-07], [0.08396748], [0.03265402], [3.1075757309286593e-07]]
[3000.0, 2000.0, 0, [0.0], [494.47515999999996], [51.31345999999999], [0.0]]
[3000.0, 100.0, 1e-06, [6.685248999999999e-06], [43.38319799999999], [5.131346], [6.68524980834673e-06]]
[3000.0, 1400.0, 1e-06, [2.202146244444444e-07], [0.08396748], [0.03265402], [2.202146407485206e-07]]
[3000.0, 1100.0, 1e-06, [6.4380772e-06], [60.643179999999994], [6.530804], [6.4380792135543036e-06]]
[3000.0, 1200.0, 1e-06, [4.93803675e-06], [6.530804], [0.8863233999999999], [4.938036259486152e-06]]
[3000.0, 1000.0, 1e-06, [9.852068399999999e-06], [43.38319799999999], [5.131346], [9.852067115077932e-06]]
[3000.0, 400.0, 1e-06, [1.9616736799999996e-05], [198.25654999999998], [19.592412], [1.961673222532234e-05]]
[3000.0, 300.0, 1e-06, [2.2757329555555552e-07], [0.08396748], [0.03265402], [2.2757327687072355e-07]]
[3000.0, 1700.0, 0, [0.0], [494.47515999999996], [51.31345999999999], [0.0]]
[3000.0, 200.0, 1e-06, [4.948935299999999e-06], [23.0444084], [2.8455645999999994], [4.948933575024017e-06]]
