[100.0, 1800.0, 0.924623, [514.6848], [3085.22], [282.25002], [21.847154593676496]]
[100.0, 800.0, 0.586379, [235.845312], [3085.22], [282.25002], [10.8441770195806]]
[100.0, 500.0, 0.583905, [234.594296], [3085.22], [282.25002], [10.821030457400996]]
[100.0, 1100.0, 0.946984, [153.111368], [560.28], [73.457538], [18.846705802341162]]
[100.0, 600.0, 0.593602, [239.522736], [3085.22], [282.25002], [10.90995723108024]]
[100.0, 1400.0, 0.926035, [517.20836], [3085.22], [282.25002], [21.914824848946434]]
[100.0, 1700.0, 0.91963, [506.05888], [3085.22], [282.25002], [21.657323698001097]]
[100.0, 100.0, 0.589811, [237.587608], [3085.22], [282.25002], [10.86700479506658]]
[100.0, 1200.0, 0.930877, [526.175968], [3085.22], [282.25002], [22.058446146544412]]
[100.0, 1000.0, 0.952973, [37.3448056], [66.056], [14.588600999999999], [9.336201748034368]]
[100.0, 2000.0, 0.944309, [554.102936], [3085.22], [282.25002], [22.716005395315435]]
[100.0, 400.0, 0.581943, [233.60548000000003], [3085.22], [282.25002], [10.786898583745005]]
[100.0, 1600.0, 0.921398, [32.628605], [66.056], [14.588600999999999], [8.720361357191571]]
[100.0, 1300.0, 0.91638, [153.808544], [606.28], [83.606196], [18.932523730342975]]
[100.0, 1500.0, 0.934466, [32.5683128], [70.426], [13.311259199999999], [8.704247822758726]]
[100.0, 900.0, 0.577751, [231.502176], [3085.22], [282.25002], [10.747216179830012]]
[100.0, 1900.0, 0.914693, [497.949632], [3085.22], [282.25002], [21.528235896143464]]
[100.0, 200.0, 0.591334, [238.36372], [3085.22], [282.25002], [10.91392707910402]]
[100.0, 700.0, 0.580366, [232.812808], [3085.22], [282.25002], [10.773291921042517]]
[100.0, 300.0, 0.566843, [226.08595200000002], [3085.22], [282.25002], [10.622447648635413]]
[200.0, 1800.0, 0.955239, [233.92793999999998], [1401.1599999999999], [108.248672], [7.8324878231632145]]
[200.0, 700.0, 0.617417, [100.773718], [1401.1599999999999], [108.248672], [3.755614777902547]]
[200.0, 2000.0, 0.965613, [246.82173999999998], [1401.1599999999999], [108.248672], [8.029111899830516]]
[200.0, 1300.0, 0.96505, [246.04135], [1401.1599999999999], [108.248672], [8.033538168204593]]
[200.0, 1400.0, 0.961393, [241.22146999999998], [1401.1599999999999], [108.248672], [7.9442013317891185]]
[200.0, 400.0, 0.644576, [106.704107], [1401.1599999999999], [108.248672], [3.868020854390524]]
[200.0, 1900.0, 0.971424, [255.59486], [1401.1599999999999], [108.248672], [8.173016909318124]]
[200.0, 1700.0, 0.968111, [250.42262], [1401.1599999999999], [108.248672], [8.090787384426807]]
[200.0, 500.0, 0.620665, [101.46864], [1401.1599999999999], [108.248672], [3.7658544143394606]]
[200.0, 1500.0, 0.948056, [226.425478], [1401.1599999999999], [108.248672], [7.676544170393342]]
[200.0, 100.0, 0.62446, [102.285301], [1401.1599999999999], [108.248672], [3.7857489972263085]]
[200.0, 600.0, 0.646175, [107.06228600000001], [1401.1599999999999], [108.248672], [3.8810051700558197]]
[200.0, 1000.0, 0.967519, [249.54769999999996], [1401.1599999999999], [108.248672], [8.070948742248337]]
[200.0, 1200.0, 0.961471, [241.32036999999997], [1401.1599999999999], [108.248672], [7.934566654833772]]
[200.0, 300.0, 0.640824, [105.868218], [1401.1599999999999], [108.248672], [3.8478456959706686]]
[200.0, 1600.0, 0.9557, [234.44429], [1401.1599999999999], [108.248672], [7.832234547049776]]
[200.0, 900.0, 0.625051, [102.41295099999999], [1401.1599999999999], [108.248672], [3.7801302927280163]]
[200.0, 800.0, 0.63363, [104.280459], [1401.1599999999999], [108.248672], [3.8256785737957655]]
[200.0, 1100.0, 0.958728, [237.94972], [1401.1599999999999], [108.248672], [7.887957219711579]]
[200.0, 200.0, 0.619342, [101.185188], [1401.1599999999999], [108.248672], [3.7605182874173075]]
[300.0, 2000.0, 0.926726, [99.005317], [541.42], [48.124464], [3.1137447229983386]]
[300.0, 400.0, 0.534255, [39.526466], [541.42], [48.124464], [1.4442657660555414]]
[300.0, 1000.0, 0.923102, [52.33213000000001], [314.548], [21.3532184], [2.2667563622939273]]
[300.0, 200.0, 0.571548, [42.959284999999994], [541.42], [48.124464], [1.5020361270621954]]
[300.0, 1600.0, 0.91894, [51.56485000000001], [314.548], [21.3532184], [2.2462005364615156]]
[300.0, 1300.0, 0.927987, [53.279063], [314.548], [21.3532184], [2.2906459687171217]]
[300.0, 800.0, 0.540769, [40.114001], [541.42], [48.124464], [1.453176694693388]]
[300.0, 700.0, 0.552117, [41.149300000000004], [541.42], [48.124464], [1.4714957104932382]]
[300.0, 300.0, 0.541976, [40.22336599999999], [541.42], [48.124464], [1.4552305569908845]]
[300.0, 900.0, 0.53681, [39.756327999999996], [541.42], [48.124464], [1.4497644570757002]]
[300.0, 600.0, 0.548799, [40.844987], [541.42], [48.124464], [1.466249368627315]]
[300.0, 1400.0, 0.921347, [97.145997], [541.42], [48.124464], [3.0843883283399967]]
[300.0, 500.0, 0.53614, [39.69593], [541.42], [48.124464], [1.4475619689671322]]
[300.0, 1200.0, 0.922041, [97.37993000000002], [541.42], [48.124464], [3.091816010049757]]
[300.0, 100.0, 0.384983, [27.137746], [541.42], [48.124464], [1.1958319112651241]]
[300.0, 1100.0, 0.90791, [49.681219], [314.548], [21.3532184], [2.206420700818409]]
[300.0, 1900.0, 0.917238, [95.795828], [541.42], [48.124464], [3.07265280336064]]
[300.0, 1500.0, 0.931092, [53.909677], [314.548], [21.3532184], [2.2987165869241037]]
[300.0, 1700.0, 0.919961, [51.749931000000004], [314.548], [21.3532184], [2.2521264815724713]]
[300.0, 1800.0, 0.939661, [55.785327], [314.548], [21.3532184], [2.3407006322894004]]
[400.0, 900.0, 0.478415, [8.8559959], [110.4], [7.9261634], [0.46418028814244144]]
[400.0, 1200.0, 0.847677, [20.998889600000002], [110.4], [7.9261634], [0.9748489698409697]]
[400.0, 1500.0, 0.838742, [20.5037916], [110.4], [7.9261634], [0.9612327127184135]]
[400.0, 200.0, 0.473134, [8.7385901], [110.4], [7.9261634], [0.46120517375675657]]
[400.0, 1600.0, 0.840244, [45.500623999999995], [252.034], [26.540643], [1.4395756774133135]]
[400.0, 500.0, 0.465805, [8.576893199999999], [110.4], [7.9261634], [0.4571499232199433]]
[400.0, 1700.0, 0.8522, [21.2588379], [110.4], [7.9261634], [0.9795556620223274]]
[400.0, 300.0, 0.488613, [9.084836699999999], [110.4], [7.9261634], [0.4703949856237841]]
[400.0, 1300.0, 0.843694, [20.7752583], [110.4], [7.9261634], [0.970764038270887]]
[400.0, 1400.0, 0.83865, [20.4988259], [110.4], [7.9261634], [0.965251936542994]]
[400.0, 1100.0, 0.876897, [22.809546200000003], [110.4], [7.9261634], [1.0190554847504625]]
[400.0, 800.0, 0.471447, [8.7012404], [110.4], [7.9261634], [0.4605185302460694]]
[400.0, 100.0, 0.273027, [6.5343805], [182.298], [12.4450194], [0.39915080283020854]]
[400.0, 1000.0, 0.848247, [21.031269], [110.4], [7.9261634], [0.9753017046022221]]
[400.0, 400.0, 0.490818, [9.134702999999998], [110.4], [7.9261634], [0.47108637955262517]]
[400.0, 1800.0, 0.862491, [21.876153300000002], [110.4], [7.9261634], [0.9964315671434743]]
[400.0, 2000.0, 0.86114, [21.7929163], [110.4], [7.9261634], [0.9936713400315016]]
[400.0, 600.0, 0.47285, [8.7322927], [110.4], [7.9261634], [0.46151596202081685]]
[400.0, 700.0, 0.451987, [18.9431105], [252.034], [26.540643], [0.6800180171142527]]
[400.0, 1900.0, 0.875504, [22.715326700000002], [110.4], [7.9261634], [1.0138346778444698]]
[500.0, 1700.0, 0.73595, [10.1014574], [45.8252], [3.97160136], [0.4865700962862391]]
[500.0, 1100.0, 0.71381, [11.4857768], [70.518], [4.742462], [0.5183458620457966]]
[500.0, 300.0, 0.403673, [4.4472938], [45.8252], [3.97160136], [0.23670564843281622]]
[500.0, 1300.0, 0.72009, [9.7279742], [45.8252], [3.97160136], [0.47524261688110425]]
[500.0, 1800.0, 0.704446, [9.3763801], [45.8252], [3.97160136], [0.4682340768248291]]
[500.0, 1400.0, 0.750386, [10.458021800000001], [45.8252], [3.97160136], [0.4952016974930518]]
[500.0, 600.0, 0.384691, [4.2045311], [45.8252], [3.97160136], [0.23006163174245287]]
[500.0, 1900.0, 0.718409, [9.6894377], [45.8252], [3.97160136], [0.4756358292853894]]
[500.0, 1200.0, 0.754118, [10.5530256], [45.8252], [3.97160136], [0.495824363762008]]
[500.0, 800.0, 0.411944, [4.5546739], [45.8252], [3.97160136], [0.23938834892283292]]
[500.0, 1000.0, 0.724702, [9.834737900000002], [45.8252], [3.97160136], [0.4787475276176369]]
[500.0, 2000.0, 0.731201, [9.9877132], [45.8252], [3.97160136], [0.4844752779038368]]
[500.0, 700.0, 0.413961, [4.5810181], [45.8252], [3.97160136], [0.24011052663304872]]
[500.0, 100.0, 0.209698, [2.6362347], [70.518], [4.742462], [0.1823521606397906]]
[500.0, 200.0, 0.295052, [3.7979256], [70.518], [4.742462], [0.21854604356977045]]
[500.0, 1500.0, 0.715644, [11.534431], [70.518], [4.742462], [0.5189585468031142]]
[500.0, 900.0, 0.362433, [3.9260471000000003], [45.8252], [3.97160136], [0.2222686489813622]]
[500.0, 1600.0, 0.700233, [9.2843226], [45.8252], [3.97160136], [0.4671450046827002]]
[500.0, 500.0, 0.406553, [4.4845768], [45.8252], [3.97160136], [0.23734896776687275]]
[500.0, 400.0, 0.387197, [4.2362941], [45.8252], [3.97160136], [0.23110880229883066]]
[600.0, 200.0, 0.228811, [1.3167036933333334], [15.7366], [1.45902708], [0.07826991580422199]]
[600.0, 1400.0, 0.610838, [4.456141133333333], [15.7366], [1.45902708], [0.19636103981074138]]
[600.0, 1900.0, 0.577292, [5.2525851333333335], [26.703000000000003], [2.3905399600000004], [0.21319581578132968]]
[600.0, 100.0, 0.155276, [0.86707654], [15.7366], [1.45902708], [0.06374872749928251]]
[600.0, 800.0, 0.312327, [2.4562466666666665], [26.703000000000003], [2.3905399600000004], [0.10679333687079919]]
[600.0, 1200.0, 0.598872, [4.323086133333334], [15.7366], [1.45902708], [0.19333430252630632]]
[600.0, 600.0, 0.34738, [2.1159340666666666], [15.7366], [1.45902708], [0.09930569143362887]]
[600.0, 1600.0, 0.584392, [5.3448427333333335], [26.703000000000003], [2.3905399600000004], [0.215175295050338]]
[600.0, 400.0, 0.330454, [1.995158], [15.7366], [1.45902708], [0.09632714374579068]]
[600.0, 500.0, 0.36106, [2.2154182666666666], [15.7366], [1.45902708], [0.10175752687420991]]
[600.0, 1100.0, 0.602571, [5.587107866666666], [26.703000000000003], [2.3905399600000004], [0.22033402450723666]]
[600.0, 300.0, 0.318527, [1.9115161999999999], [15.7366], [1.45902708], [0.09451841534854465]]
[600.0, 1700.0, 0.605447, [4.3957508], [15.7366], [1.45902708], [0.19522217906785078]]
[600.0, 1500.0, 0.605874, [5.632117333333333], [26.703000000000003], [2.3905399600000004], [0.22107997527290132]]
[600.0, 1800.0, 0.590286, [5.4224064], [26.703000000000003], [2.3905399600000004], [0.21689627362200375]]
[600.0, 1000.0, 0.568138, [5.1355135999999995], [26.703000000000003], [2.3905399600000004], [0.210535489011552]]
[600.0, 2000.0, 0.601591, [5.573818466666666], [26.703000000000003], [2.3905399600000004], [0.22032452740849753]]
[600.0, 700.0, 0.328297, [1.979942733333333], [15.7366], [1.45902708], [0.09615454966990497]]
[600.0, 1300.0, 0.594225, [4.2723834], [15.7366], [1.45902708], [0.19222362278230934]]
[600.0, 900.0, 0.293526, [2.2907141333333336], [26.703000000000003], [2.3905399600000004], [0.10358964414135871]]
[700.0, 2000.0, 0.464265, [2.6061223333333334], [10.948], [1.244944], [0.11483949109759915]]
[700.0, 100.0, 0.118198, [0.4021482533333333], [6.0214], [0.6997897200000001], [0.03316862988494467]]
[700.0, 1000.0, 0.451092, [2.5085287333333337], [10.948], [1.244944], [0.11274995264842562]]
[700.0, 600.0, 0.24035, [1.17921506], [10.948], [1.244944], [0.056735011686886175]]
[700.0, 1400.0, 0.459006, [2.5668996666666666], [10.948], [1.244944], [0.11377584408730078]]
[700.0, 1900.0, 0.45348, [2.5260608666666666], [10.948], [1.244944], [0.11285608329982827]]
[700.0, 200.0, 0.155155, [0.7312037333333333], [10.948], [1.244944], [0.044582277754481967]]
[700.0, 400.0, 0.229464, [0.8341816333333334], [6.0214], [0.6997897200000001], [0.047765102909969735]]
[700.0, 1300.0, 0.482882, [2.7478759333333334], [10.948], [1.244944], [0.11792263465698367]]
[700.0, 1100.0, 0.440412, [2.4309635333333333], [10.948], [1.244944], [0.11072731801843463]]
[700.0, 800.0, 0.216612, [1.0503659933333334], [10.948], [1.244944], [0.05353160719508512]]
[700.0, 1500.0, 0.452106, [2.5159638666666666], [10.948], [1.244944], [0.11285639579178094]]
[700.0, 1600.0, 0.446181, [2.472694733333334], [10.948], [1.244944], [0.11181915729327323]]
[700.0, 1800.0, 0.480254, [2.7275807333333337], [10.948], [1.244944], [0.11748519672234835]]
[700.0, 1200.0, 0.452543, [2.5191716000000004], [10.948], [1.244944], [0.11277356555899475]]
[700.0, 700.0, 0.22757, [1.1094350533333335], [10.948], [1.244944], [0.054992653165875]]
[700.0, 900.0, 0.231158, [1.1289254066666667], [10.948], [1.244944], [0.05555078541298945]]
[700.0, 300.0, 0.19845, [0.95396962], [10.948], [1.244944], [0.05099182936728414]]
[700.0, 500.0, 0.238163, [1.1672033866666667], [10.948], [1.244944], [0.05641889529817706]]
[700.0, 1700.0, 0.450968, [2.507621], [10.948], [1.244944], [0.11248221269753426]]
[800.0, 300.0, 0.132278, [0.45363314], [6.0214], [0.6997897200000001], [0.02740497373349103]]
[800.0, 100.0, 0.089543, [0.22768382333333334], [3.4610399999999997], [0.42700167], [0.013680195141558148]]
[800.0, 1800.0, 0.351952, [1.3916426], [6.0214], [0.6997897200000001], [0.06538508025536101]]
[800.0, 800.0, 0.194487, [0.6918143933333334], [6.0214], [0.6997897200000001], [0.03375708466875262]]
[800.0, 400.0, 0.184415, [0.6519977133333333], [6.0214], [0.6997897200000001], [0.03280556901909593]]
[800.0, 200.0, 0.107009, [0.36182496000000003], [6.0214], [0.6997897200000001], [0.024394229809526678]]
[800.0, 1700.0, 0.365681, [1.4608851733333332], [6.0214], [0.6997897200000001], [0.06695956239071128]]
[800.0, 600.0, 0.193262, [0.6869446799999999], [6.0214], [0.6997897200000001], [0.03764433888677316]]
[800.0, 1600.0, 0.364689, [1.4558270133333335], [6.0214], [0.6997897200000001], [0.06651843179817823]]
[800.0, 1000.0, 0.35178, [1.39078424], [6.0214], [0.6997897200000001], [0.06520096822730302]]
[800.0, 1100.0, 0.363243, [1.4484743733333334], [6.0214], [0.6997897200000001], [0.0667421621532363]]
[800.0, 1500.0, 0.366674, [1.46595422], [6.0214], [0.6997897200000001], [0.06719190185993812]]
[800.0, 1400.0, 0.357851, [1.4212020466666666], [6.0214], [0.6997897200000001], [0.06604885615966412]]
[800.0, 1200.0, 0.330675, [1.2873112266666666], [6.0214], [0.6997897200000001], [0.06296444347583978]]
[800.0, 900.0, 0.179937, [0.6344565333333333], [6.0214], [0.6997897200000001], [0.03233490264920143]]
[800.0, 1300.0, 0.3404, [1.3345595133333334], [6.0214], [0.6997897200000001], [0.06406091604437486]]
[800.0, 2000.0, 0.352427, [1.3940149733333334], [6.0214], [0.6997897200000001], [0.0654243704508411]]
[800.0, 500.0, 0.188693, [0.6688462866666666], [6.0214], [0.6997897200000001], [0.03315347860414583]]
[800.0, 1900.0, 0.37377, [1.5024158133333334], [6.0214], [0.6997897200000001], [0.0678722340218083]]
[800.0, 700.0, 0.187938, [0.6658691666666666], [6.0214], [0.6997897200000001], [0.033210534593709866]]
[900.0, 200.0, 0.083593, [0.2116645533333333], [3.4610399999999997], [0.42700167], [0.0104279631546892]]
[900.0, 1100.0, 0.273022, [0.7994033333333334], [3.4610399999999997], [0.42700167], [0.02759846662407171]]
[900.0, 300.0, 0.092578, [0.23590670666666666], [3.4610399999999997], [0.42700167], [0.010987274907313863]]
[900.0, 1000.0, 0.265409, [0.7721820666666667], [3.4610399999999997], [0.42700167], [0.027165262254087174]]
[900.0, 900.0, 0.141524, [0.37363683999999997], [3.4610399999999997], [0.42700167], [0.013847901678192581]]
[900.0, 1600.0, 0.274353, [0.8041996], [3.4610399999999997], [0.42700167], [0.027665302376000803]]
[900.0, 700.0, 0.146491, [0.3881784366666667], [3.4610399999999997], [0.42700167], [0.014117914266003395]]
[900.0, 1900.0, 0.264159, [0.7677476666666667], [3.4610399999999997], [0.42700167], [0.02709323419027136]]
[900.0, 500.0, 0.140611, [0.3709758166666666], [3.4610399999999997], [0.42700167], [0.013777695400739396]]
[900.0, 1400.0, 0.262546, [0.7620368433333333], [3.4610399999999997], [0.42700167], [0.026874974832029563]]
[900.0, 1200.0, 0.277558, [0.8157900666666665], [3.4610399999999997], [0.42700167], [0.02786685163415487]]
[900.0, 1500.0, 0.265818, [0.7736379666666667], [3.4610399999999997], [0.42700167], [0.027099362231117786]]
[900.0, 800.0, 0.14371, [0.3800250133333333], [3.4610399999999997], [0.42700167], [0.013988912697005598]]
[900.0, 400.0, 0.132105, [0.34635945333333334], [3.4610399999999997], [0.42700167], [0.013311675965106722]]
[900.0, 100.0, 0.065669, [0.16421149], [3.4610399999999997], [0.42700167], [0.009179702470366043]]
[900.0, 600.0, 0.149652, [0.39748653666666667], [3.4610399999999997], [0.42700167], [0.014250582553394479]]
[900.0, 1800.0, 0.266705, [0.7767928], [3.4610399999999997], [0.42700167], [0.027193181416589628]]
[900.0, 2000.0, 0.265883, [0.7738672], [3.4610399999999997], [0.42700167], [0.02722455894959549]]
[900.0, 1700.0, 0.261683, [0.7589897266666668], [3.4610399999999997], [0.42700167], [0.027003639075749274]]
[900.0, 1300.0, 0.276175, [0.8107799], [3.4610399999999997], [0.42700167], [0.02785872989048695]]
[1000.0, 1600.0, 0.179673, [0.24494055466666667], [0.6578], [0.12390491000000001], [0.007699640929001531]]
[1000.0, 1400.0, 0.179191, [0.24409351066666668], [0.6578], [0.12390491000000001], [0.007703522823574506]]
[1000.0, 1500.0, 0.18128, [0.24777068933333332], [0.6578], [0.12390491000000001], [0.007716504227519954]]
[1000.0, 700.0, 0.097116, [0.11610084133333333], [0.6578], [0.12390491000000001], [0.003887343245857138]]
[1000.0, 1900.0, 0.185972, [0.25610871066666663], [0.6578], [0.12390491000000001], [0.00787747220595259]]
[1000.0, 1800.0, 0.176658, [0.2396664706666667], [0.6578], [0.12390491000000001], [0.007578919696690873]]
[1000.0, 500.0, 0.101512, [0.12219979733333332], [0.6578], [0.12390491000000001], [0.003992093332242288]]
[1000.0, 1000.0, 0.17525, [0.23721841200000002], [0.6578], [0.12390491000000001], [0.007593176278153373]]
[1000.0, 200.0, 0.05289, [0.059004414666666664], [0.6578], [0.12390491000000001], [0.002766169541522075]]
[1000.0, 1100.0, 0.178553, [0.24297617066666669], [0.6578], [0.12390491000000001], [0.00765302995217508]]
[1000.0, 2000.0, 0.179778, [0.245125352], [0.6578], [0.12390491000000001], [0.007671413010796786]]
[1000.0, 1700.0, 0.180602, [0.24657475066666668], [0.6578], [0.12390491000000001], [0.00772434286482244]]
[1000.0, 800.0, 0.093469, [0.11110174533333333], [0.6578], [0.12390491000000001], [0.0038130013864845808]]
[1000.0, 1300.0, 0.177791, [0.2416431826666667], [0.6578], [0.12390491000000001], [0.007652916282481252]]
[1000.0, 400.0, 0.082137, [0.09591125733333335], [0.6578], [0.12390491000000001], [0.0035305432027758375]]
[1000.0, 300.0, 0.06272, [0.07104982133333333], [0.6578], [0.12390491000000001], [0.0030378708646389536]]
[1000.0, 600.0, 0.096004, [0.11457149466666666], [0.6578], [0.12390491000000001], [0.0038600112745949327]]
[1000.0, 1200.0, 0.181872, [0.24881559466666667], [0.6578], [0.12390491000000001], [0.007737797387428084]]
[1000.0, 100.0, 0.048873, [0.054183461333333335], [0.6578], [0.12390491000000001], [0.0026533754505870025]]
[1000.0, 900.0, 0.096503, [0.11525726266666667], [0.6578], [0.12390491000000001], [0.003869959584055397]]
[1100.0, 1300.0, 0.167191, [0.22340347733333332], [0.6578], [0.12390491000000001], [0.005883114466183895]]
[1100.0, 1800.0, 0.17017, [0.22847332133333337], [0.6578], [0.12390491000000001], [0.005952975070967084]]
[1100.0, 2000.0, 0.170938, [0.22978732666666668], [0.6578], [0.12390491000000001], [0.005977077302866714]]
[1100.0, 700.0, 0.093805, [0.11156018133333333], [0.6578], [0.12390491000000001], [0.0030544381791455895]]
[1100.0, 900.0, 0.098588, [0.11813364266666666], [0.6578], [0.12390491000000001], [0.0031482720226957664]]
[1100.0, 200.0, 0.046523, [0.05139052533333333], [0.6578], [0.12390491000000001], [0.002075643605460458]]
[1100.0, 1900.0, 0.166271, [0.22184662266666666], [0.6578], [0.12390491000000001], [0.005883056118870342]]
[1100.0, 1500.0, 0.167271, [0.223539208], [0.6578], [0.12390491000000001], [0.0058805754230914055]]
[1100.0, 800.0, 0.090844, [0.10753760400000001], [0.6578], [0.12390491000000001], [0.003002251317631857]]
[1100.0, 500.0, 0.083179, [0.09728644266666665], [0.6578], [0.12390491000000001], [0.002851515722325]]
[1100.0, 1700.0, 0.17495, [0.23669830533333336], [0.6578], [0.12390491000000001], [0.006063210271061948]]
[1100.0, 400.0, 0.068857, [0.078751632], [0.6578], [0.12390491000000001], [0.0025740780528613]]
[1100.0, 600.0, 0.091152, [0.107954272], [0.6578], [0.12390491000000001], [0.0030010458600664906]]
[1100.0, 1400.0, 0.168558, [0.22572417733333333], [0.6578], [0.12390491000000001], [0.005917613101392974]]
[1100.0, 100.0, 0.045066, [0.04966942], [0.6578], [0.12390491000000001], [0.0020379607109940944]]
[1100.0, 1100.0, 0.165845, [0.22112727466666668], [0.6578], [0.12390491000000001], [0.005843469561446825]]
[1100.0, 1000.0, 0.167846, [0.22451403999999997], [0.6578], [0.12390491000000001], [0.005893995315761814]]
[1100.0, 300.0, 0.056193, [0.06301224133333333], [0.6578], [0.12390491000000001], [0.0022978206118938974]]
[1100.0, 1200.0, 0.161615, [0.21403300133333333], [0.6578], [0.12390491000000001], [0.005753243209800114]]
[1100.0, 1600.0, 0.176707, [0.23975095733333335], [0.6578], [0.12390491000000001], [0.006109420383491566]]
[1200.0, 100.0, 0.031523, [0.034023010666666666], [0.6578], [0.12390491000000001], [0.0013675009070076214]]
[1200.0, 1400.0, 0.1235, [0.15392492400000002], [0.6578], [0.12390491000000001], [0.003942906963706402]]
[1200.0, 1700.0, 0.126609, [0.15857917333333335], [0.6578], [0.12390491000000001], [0.004034428157744291]]
[1200.0, 1800.0, 0.122244, [0.15205536133333333], [0.6578], [0.12390491000000001], [0.003916923334568713]]
[1200.0, 700.0, 0.071591, [0.08222852666666666], [0.6578], [0.12390491000000001], [0.0021167907411404124]]
[1200.0, 200.0, 0.031873, [0.03441842666666667], [0.6578], [0.12390491000000001], [0.001370175204368648]]
[1200.0, 1900.0, 0.121334, [0.15070621199999998], [0.6578], [0.12390491000000001], [0.0039055646477529696]]
[1200.0, 1200.0, 0.12518, [0.15643474533333332], [0.6578], [0.12390491000000001], [0.003974728895856365]]
[1200.0, 1100.0, 0.124561, [0.15550766133333332], [0.6578], [0.12390491000000001], [0.003957565116752134]]
[1200.0, 1300.0, 0.122865, [0.15297901066666666], [0.6578], [0.12390491000000001], [0.003942024357554828]]
[1200.0, 2000.0, 0.122366, [0.15223718400000003], [0.6578], [0.12390491000000001], [0.003934683915019237]]
[1200.0, 800.0, 0.069281, [0.07928866666666667], [0.6578], [0.12390491000000001], [0.0020800718722625375]]
[1200.0, 1600.0, 0.118907, [0.1471254186666667], [0.6578], [0.12390491000000001], [0.00386503546972369]]
[1200.0, 1000.0, 0.127806, [0.16038261866666667], [0.6578], [0.12390491000000001], [0.004032311010932674]]
[1200.0, 1500.0, 0.121835, [0.15144908133333332], [0.6578], [0.12390491000000001], [0.003922182746039931]]
[1200.0, 300.0, 0.039022, [0.042606948], [0.6578], [0.12390491000000001], [0.0015275331095884268]]
[1200.0, 600.0, 0.066531, [0.07581569733333333], [0.6578], [0.12390491000000001], [0.0020328040237836773]]
[1200.0, 500.0, 0.058488, [0.06581983599999999], [0.6578], [0.12390491000000001], [0.0018968965761064689]]
[1200.0, 900.0, 0.069081, [0.079034808], [0.6578], [0.12390491000000001], [0.0020741261198126038]]
[1200.0, 400.0, 0.046823, [0.051746320000000005], [0.6578], [0.12390491000000001], [0.0018782726248692796]]
[1300.0, 1600.0, 0.077769, [0.09019226133333333], [0.6578], [0.12390491000000001], [0.0024538136029907042]]
[1300.0, 1700.0, 0.07676, [0.08888159866666667], [0.6578], [0.12390491000000001], [0.002433514876515494]]
[1300.0, 900.0, 0.042858, [0.047074222666666665], [0.6578], [0.12390491000000001], [0.001301107919684861]]
[1300.0, 200.0, 0.02026, [0.012551287066666666], [0.214406], [0.069147154], [0.0006718550170320313]]
[1300.0, 1800.0, 0.07934, [0.092240856], [0.6578], [0.12390491000000001], [0.00247765999963227]]
[1300.0, 1000.0, 0.078106, [0.11392847600000001], [1.08146], [0.202068846], [0.0027664280848134198]]
[1300.0, 1400.0, 0.079195, [0.09205136666666666], [0.6578], [0.12390491000000001], [0.002480636883812972]]
[1300.0, 1200.0, 0.073417, [0.084567136], [0.6578], [0.12390491000000001], [0.002373946064350335]]
[1300.0, 500.0, 0.033472, [0.03623527333333333], [0.6578], [0.12390491000000001], [0.0011384840470262784]]
[1300.0, 100.0, 0.020118, [0.021334609866666666], [0.6578], [0.12390491000000001], [0.0008746337094400655]]
[1300.0, 1100.0, 0.077738, [0.09015168933333333], [0.6578], [0.12390491000000001], [0.0024463805478479607]]
[1300.0, 2000.0, 0.076187, [0.08813876000000001], [0.6578], [0.12390491000000001], [0.002425020839314811]]
[1300.0, 1300.0, 0.078407, [0.09102246933333334], [0.6578], [0.12390491000000001], [0.002463668654849692]]
[1300.0, 1500.0, 0.075559, [0.087326492], [0.6578], [0.12390491000000001], [0.0024173566786885215]]
[1300.0, 600.0, 0.040065, [0.04381616533333333], [0.6578], [0.12390491000000001], [0.0012534262384006132]]
[1300.0, 300.0, 0.022822, [0.031134793333333334], [1.08146], [0.202068846], [0.0010598406211417934]]
[1300.0, 1900.0, 0.079166, [0.092013248], [0.6578], [0.12390491000000001], [0.0024769128939961626]]
[1300.0, 400.0, 0.026837, [0.016922148799999998], [0.214406], [0.069147154], [0.0007789050808524603]]
[1300.0, 700.0, 0.041864, [0.04591118933333333], [0.6578], [0.12390491000000001], [0.0012837584604935965]]
[1300.0, 800.0, 0.042593, [0.04676347733333333], [0.6578], [0.12390491000000001], [0.0012949952737794494]]
[1400.0, 1100.0, 0.069846, [0.04943156933333333], [0.214406], [0.069147154], [0.0014724564153519488]]
[1400.0, 400.0, 0.02347, [0.014666226], [0.214406], [0.069147154], [0.0005904400596165541]]
[1400.0, 1500.0, 0.070555, [0.05002843466666666], [0.214406], [0.069147154], [0.0014908974615609513]]
[1400.0, 1800.0, 0.068825, [0.048576092], [0.214406], [0.069147154], [0.0014626312271610595]]
[1400.0, 1600.0, 0.069504, [0.04914480533333333], [0.214406], [0.069147154], [0.0014724315061979776]]
[1400.0, 1400.0, 0.068854, [0.04860013466666667], [0.214406], [0.069147154], [0.0014633550449414372]]
[1400.0, 600.0, 0.033131, [0.021247182266666668], [0.214406], [0.069147154], [0.0007110098245922251]]
[1400.0, 1700.0, 0.07206, [0.051301776], [0.214406], [0.069147154], [0.0015056230916873658]]
[1400.0, 900.0, 0.03804, [0.024719326666666666], [0.214406], [0.069147154], [0.0007657778607983446]]
[1400.0, 100.0, 0.01808, [0.011135627866666666], [0.214406], [0.069147154], [0.0005136482663371026]]
[1400.0, 700.0, 0.039064, [0.02545480533333333], [0.214406], [0.069147154], [0.0007767256457148245]]
[1400.0, 2000.0, 0.069703, [0.04931184666666667], [0.214406], [0.069147154], [0.001468239167922659]]
[1400.0, 800.0, 0.039898, [0.0260566172], [0.214406], [0.069147154], [0.0007852797471248348]]
[1400.0, 1300.0, 0.069836, [0.04942292133333334], [0.214406], [0.069147154], [0.0014787742040848113]]
[1400.0, 300.0, 0.019743, [0.012214091733333335], [0.214406], [0.069147154], [0.0005397917013894238]]
[1400.0, 1200.0, 0.070496, [0.04997878533333333], [0.214406], [0.069147154], [0.0014861213481184277]]
[1400.0, 500.0, 0.027098, [0.017098859333333334], [0.214406], [0.069147154], [0.0006376799117634699]]
[1400.0, 1000.0, 0.068918, [0.048653586666666665], [0.214406], [0.069147154], [0.0014662945261213155]]
[1400.0, 200.0, 0.019797, [0.012249260266666666], [0.214406], [0.069147154], [0.0005402917527904098]]
[1400.0, 1900.0, 0.073667, [0.05267214666666666], [0.214406], [0.069147154], [0.001526247681661721]]
[1500.0, 1500.0, 0.05296, [0.03582142666666667], [0.214406], [0.069147154], [0.0010259849459584352]]
[1500.0, 1100.0, 0.055028, [0.03742789999999999], [0.214406], [0.069147154], [0.001047780420592873]]
[1500.0, 1800.0, 0.053237, [0.03603597066666667], [0.214406], [0.069147154], [0.00102834072001669]]
[1500.0, 400.0, 0.017206, [0.010572535733333333], [0.214406], [0.069147154], [0.00045794729556042926]]
[1500.0, 200.0, 0.013585, [0.008266850133333333], [0.214406], [0.069147154], [0.00036148404064971447]]
[1500.0, 500.0, 0.019819, [0.012263900533333334], [0.214406], [0.069147154], [0.00043996503820695166]]
[1500.0, 1300.0, 0.052074, [0.035138817333333336], [0.214406], [0.069147154], [0.0010156409251742906]]
[1500.0, 600.0, 0.023382, [0.014607864266666666], [0.214406], [0.069147154], [0.00047978516988798697]]
[1500.0, 1000.0, 0.053301, [0.036085804000000006], [0.214406], [0.069147154], [0.001030182754876262]]
[1500.0, 2000.0, 0.053858, [0.036517376000000004], [0.214406], [0.069147154], [0.0010357713767472475]]
[1500.0, 800.0, 0.030347, [0.019316740133333333], [0.214406], [0.069147154], [0.0005530366672995361]]
[1500.0, 1700.0, 0.051244, [0.034501625333333334], [0.214406], [0.069147154], [0.0010031066197900734]]
[1500.0, 1200.0, 0.052852, [0.03573874933333333], [0.214406], [0.069147154], [0.0010261458012063068]]
[1500.0, 300.0, 0.014463, [0.008821662266666667], [0.214406], [0.069147154], [0.0003737857839279962]]
[1500.0, 1400.0, 0.051486, [0.034687220000000005], [0.214406], [0.069147154], [0.0010072261138614528]]
[1500.0, 100.0, 0.013395, [0.008146964933333334], [0.214406], [0.069147154], [0.0003589982301411031]]
[1500.0, 900.0, 0.031505, [0.02011626613333333], [0.214406], [0.069147154], [0.0005629267424215456]]
[1500.0, 700.0, 0.02747, [0.017351285866666667], [0.214406], [0.069147154], [0.0005236372620643246]]
[1500.0, 1900.0, 0.052222, [0.03525302], [0.214406], [0.069147154], [0.0010159756051314529]]
[1500.0, 1600.0, 0.053843, [0.0365056], [0.214406], [0.069147154], [0.0010341903104468838]]
[1600.0, 1500.0, 0.036722, [0.028150135466666667], [0.30981], [0.08789661600000001], [0.0007441502207962523]]
[1600.0, 100.0, 0.016173, [0.011840998], [0.30981], [0.08789661600000001], [0.0004818032963311434]]
[1600.0, 1300.0, 0.035267, [0.026946649733333335], [0.30981], [0.08789661600000001], [0.0007293541730112257]]
[1600.0, 900.0, 0.036112, [0.027644942], [0.30981], [0.08789661600000001], [0.0007351753713684012]]
[1600.0, 300.0, 0.017307, [0.012703724933333334], [0.30981], [0.08789661600000001], [0.0004998213230967864]]
[1600.0, 500.0, 0.022817, [0.016955452800000003], [0.30981], [0.08789661600000001], [0.0005755055732909012]]
[1600.0, 1000.0, 0.035855, [0.027432305466666664], [0.30981], [0.08789661600000001], [0.0007347353829932394]]
[1600.0, 1200.0, 0.035652, [0.0272642828], [0.30981], [0.08789661600000001], [0.0007278892091520521]]
[1600.0, 1800.0, 0.035922, [0.0274874288], [0.30981], [0.08789661600000001], [0.0007346324656285996]]
[1600.0, 1100.0, 0.034228, [0.026092165999999997], [0.30981], [0.08789661600000001], [0.0007162665302804537]]
[1600.0, 1900.0, 0.034582, [0.0263827112], [0.30981], [0.08789661600000001], [0.0007199153331700426]]
[1600.0, 1700.0, 0.035924, [0.027489265733333334], [0.30981], [0.08789661600000001], [0.000735469914665296]]
[1600.0, 800.0, 0.034871, [0.026620586400000004], [0.30981], [0.08789661600000001], [0.0007213217873382787]]
[1600.0, 200.0, 0.018179, [0.013369387866666667], [0.30981], [0.08789661600000001], [0.0005138272982670777]]
[1600.0, 1600.0, 0.036085, [0.0276222824], [0.30981], [0.08789661600000001], [0.000735092793658657]]
[1600.0, 2000.0, 0.036409, [0.027890655599999998], [0.30981], [0.08789661600000001], [0.0007398806665342129]]
[1600.0, 1400.0, 0.035938, [0.027500827066666667], [0.30981], [0.08789661600000001], [0.000734466090466023]]
[1600.0, 700.0, 0.03066, [0.023186198800000002], [0.30981], [0.08789661600000001], [0.0006746905026092417]]
[1600.0, 400.0, 0.020569, [0.012753886400000001], [0.214406], [0.069147154], [0.0004998642208529122]]
[1600.0, 600.0, 0.027067, [0.020305783066666666], [0.30981], [0.08789661600000001], [0.0006302618526013171]]
[1700.0, 900.0, 0.023013, [0.017108341466666666], [0.30981], [0.08789661600000001], [0.00047268535985602755]]
[1700.0, 1500.0, 0.024523, [0.018293013199999996], [0.30981], [0.08789661600000001], [0.0004904804271550723]]
[1700.0, 1800.0, 0.023296, [0.017329687333333333], [0.30981], [0.08789661600000001], [0.0004773456544033661]]
[1700.0, 700.0, 0.018903, [0.013924292000000001], [0.30981], [0.08789661600000001], [0.00042869356618555505]]
[1700.0, 500.0, 0.01494, [0.010908256], [0.30981], [0.08789661600000001], [0.00037863113870890226]]
[1700.0, 300.0, 0.011464, [0.008305542266666667], [0.30981], [0.08789661600000001], [0.00033037665561867074]]
[1700.0, 800.0, 0.021225, [0.0157161668], [0.30981], [0.08789661600000001], [0.0004529324439202336]]
[1700.0, 1300.0, 0.023413, [0.0174212856], [0.30981], [0.08789661600000001], [0.00047823877625210515]]
[1700.0, 400.0, 0.012448, [0.009038555333333333], [0.30981], [0.08789661600000001], [0.00034384281189067905]]
[1700.0, 1000.0, 0.023043, [0.017132135733333335], [0.30981], [0.08789661600000001], [0.00047334285605444366]]
[1700.0, 2000.0, 0.021758, [0.016130163733333334], [0.30981], [0.08789661600000001], [0.000461805279792733]]
[1700.0, 1600.0, 0.023527, [0.017510927333333332], [0.30981], [0.08789661600000001], [0.00047943662901831397]]
[1700.0, 1400.0, 0.023529, [0.017512488266666664], [0.30981], [0.08789661600000001], [0.00048092354079301304]]
[1700.0, 1200.0, 0.022905, [0.0170240112], [0.30981], [0.08789661600000001], [0.00047307177693594585]]
[1700.0, 100.0, 0.009687, [0.006990227466666667], [0.30981], [0.08789661600000001], [0.0003027804190058091]]
[1700.0, 1700.0, 0.023801, [0.0177254284], [0.30981], [0.08789661600000001], [0.0004817119375265217]]
[1700.0, 1900.0, 0.024303, [0.0181198324], [0.30981], [0.08789661600000001], [0.0004909820486421972]]
[1700.0, 1100.0, 0.023676, [0.017627405466666666], [0.30981], [0.08789661600000001], [0.00048046955348099034]]
[1700.0, 600.0, 0.01552, [0.011346375333333334], [0.30981], [0.08789661600000001], [0.0003864590166570778]]
[1700.0, 200.0, 0.010233, [0.007393484933333334], [0.30981], [0.08789661600000001], [0.00031104633252584376]]
[1800.0, 600.0, 0.013789, [0.0056676784], [0.092598], [0.060114686], [0.00022385984007856346]]
[1800.0, 1800.0, 0.021009, [0.008890922933333332], [0.092598], [0.060114686], [0.0002796220064142147]]
[1800.0, 400.0, 0.011558, [0.004708106133333332], [0.092598], [0.060114686], [0.0002033592661932735]]
[1800.0, 1300.0, 0.021787, [0.009249459199999999], [0.092598], [0.060114686], [0.00028530869756575365]]
[1800.0, 1200.0, 0.020921, [0.008850513466666666], [0.092598], [0.060114686], [0.00027931973726657173]]
[1800.0, 1700.0, 0.019863, [0.008367338666666667], [0.092598], [0.060114686], [0.00027247803597517525]]
[1800.0, 500.0, 0.012594, [0.005151487866666666], [0.092598], [0.060114686], [0.00021317006398126773]]
[1800.0, 1600.0, 0.020593, [0.008700305066666667], [0.092598], [0.060114686], [0.0002760957996702513]]
[1800.0, 1000.0, 0.018821, [0.007895096533333333], [0.092598], [0.060114686], [0.000263169819681344]]
[1800.0, 700.0, 0.015408, [0.0063748272000000005], [0.092598], [0.060114686], [0.0002370823716582722]]
[1800.0, 200.0, 0.009226, [0.0037230437333333334], [0.092598], [0.060114686], [0.00018123494070772705]]
[1800.0, 800.0, 0.018143, [0.007589904933333334], [0.092598], [0.060114686], [0.00025866334420546633]]
[1800.0, 2000.0, 0.021494, [0.009114130266666668], [0.092598], [0.060114686], [0.0002835731261989087]]
[1800.0, 1100.0, 0.020177, [0.008510447733333334], [0.092598], [0.060114686], [0.00027283244202664427]]
[1800.0, 900.0, 0.020426, [0.008624064666666667], [0.092598], [0.060114686], [0.00027548559841366184]]
[1800.0, 1500.0, 0.020915, [0.008847977333333333], [0.092598], [0.060114686], [0.000278409035389778]]
[1800.0, 1400.0, 0.018731, [0.0078543344], [0.092598], [0.060114686], [0.00026327793240013276]]
[1800.0, 1900.0, 0.020298, [0.0085657336], [0.092598], [0.060114686], [0.00027545543610537075]]
[1800.0, 100.0, 0.009903, [0.004006918933333333], [0.092598], [0.060114686], [0.00018784728927745775]]
[1800.0, 300.0, 0.01005, [0.004069110933333333], [0.092598], [0.060114686], [0.00018931219135479775]]
[1900.0, 300.0, 0.008133, [0.0032672573333333336], [0.092598], [0.060114686], [0.0001388124557971814]]
[1900.0, 1600.0, 0.01645, [0.006834483733333333], [0.092598], [0.060114686], [0.0002010141870504556]]
[1900.0, 600.0, 0.011041, [0.004488299733333333], [0.092598], [0.060114686], [0.00016302242512407098]]
[1900.0, 1500.0, 0.017183, [0.007160234266666667], [0.092598], [0.060114686], [0.00020524943641010728]]
[1900.0, 500.0, 0.009661, [0.0039053325333333333], [0.092598], [0.060114686], [0.0001516705872606815]]
[1900.0, 1700.0, 0.017234, [0.007183255733333334], [0.092598], [0.060114686], [0.0002059093460077355]]
[1900.0, 1800.0, 0.01742, [0.007266236666666667], [0.092598], [0.060114686], [0.00020726860202806085]]
[1900.0, 800.0, 0.014851, [0.006130597866666666], [0.092598], [0.060114686], [0.00019046839294515797]]
[1900.0, 1300.0, 0.017744, [0.007410995599999999], [0.092598], [0.060114686], [0.00020919659521342332]]
[1900.0, 1000.0, 0.016228, [0.006736540533333333], [0.092598], [0.060114686], [0.00019943167830390214]]
[1900.0, 1900.0, 0.016581, [0.0068927166666666664], [0.092598], [0.060114686], [0.00020220289392368034]]
[1900.0, 1200.0, 0.017355, [0.007236940799999999], [0.092598], [0.060114686], [0.00020727794870120116]]
[1900.0, 100.0, 0.00758, [0.0030386278266666665], [0.092598], [0.060114686], [0.0001338979503286821]]
[1900.0, 2000.0, 0.016183, [0.006716493733333333], [0.092598], [0.060114686], [0.00019883823026101727]]
[1900.0, 1100.0, 0.016731, [0.0069592388], [0.092598], [0.060114686], [0.0002035422234547144]]
[1900.0, 900.0, 0.01633, [0.006781359866666667], [0.092598], [0.060114686], [0.0001996245483011657]]
[1900.0, 200.0, 0.008341, [0.003353682133333333], [0.092598], [0.060114686], [0.00014096583062729934]]
[1900.0, 400.0, 0.007915, [0.0031769808], [0.092598], [0.060114686], [0.00013696929459635184]]
[1900.0, 700.0, 0.012477, [0.005101246666666667], [0.092598], [0.060114686], [0.00017344761407026235]]
[1900.0, 1400.0, 0.017966, [0.007510306533333334], [0.092598], [0.060114686], [0.00021099364232654553]]
[2000.0, 1500.0, 0.010915, [0.0044345104], [0.092598], [0.060114686], [0.00013268410974106047]]
[2000.0, 1200.0, 0.011281, [0.004590156], [0.092598], [0.060114686], [0.0001350046145054967]]
[2000.0, 1300.0, 0.011261, [0.004581584666666667], [0.092598], [0.060114686], [0.00013451995467009514]]
[2000.0, 300.0, 0.005361, [0.0021297448], [0.092598], [0.060114686], [9.216307369488546e-05]]
[2000.0, 900.0, 0.01007, [0.004077470666666667], [0.092598], [0.060114686], [0.0001271728216247481]]
[2000.0, 1900.0, 0.010943, [0.0044463416], [0.092598], [0.060114686], [0.00013303817136446215]]
[2000.0, 1600.0, 0.011585, [0.004719762533333333], [0.092598], [0.060114686], [0.00013681908502349613]]
[2000.0, 500.0, 0.005907, [0.0023516862133333336], [0.092598], [0.060114686], [9.616760581863774e-05]]
[2000.0, 600.0, 0.006539, [0.00260994064], [0.092598], [0.060114686], [0.00010136170716794384]]
[2000.0, 200.0, 0.005109, [0.00202749968], [0.092598], [0.060114686], [8.969130806890436e-05]]
[2000.0, 1800.0, 0.011408, [0.0046440128], [0.092598], [0.060114686], [0.00013617692087052703]]
[2000.0, 2000.0, 0.011393, [0.0046380052], [0.092598], [0.060114686], [0.00013541984715854778]]
[2000.0, 400.0, 0.005739, [0.0022835396666666665], [0.092598], [0.060114686], [9.498272659805045e-05]]
[2000.0, 1100.0, 0.011166, [0.0045414389333333334], [0.092598], [0.060114686], [0.00013444687767127787]]
[2000.0, 100.0, 0.004767, [0.001889262933333333], [0.092598], [0.060114686], [8.668533707611686e-05]]
[2000.0, 1400.0, 0.01209, [0.004935640533333334], [0.092598], [0.060114686], [0.00013993724542729066]]
[2000.0, 1700.0, 0.010721, [0.004352240933333334], [0.092598], [0.060114686], [0.00013122495643402252]]
[2000.0, 700.0, 0.007734, [0.0031020989333333335], [0.092598], [0.060114686], [0.00011057793623604223]]
[2000.0, 1000.0, 0.011424, [0.0046509772], [0.092598], [0.060114686], [0.000136088943921899]]
[2000.0, 800.0, 0.009544, [0.0038562781333333334], [0.092598], [0.060114686], [0.00012394543293992993]]
[2100.0, 200.0, 0.002805, [0.0011028803600000002], [0.092598], [0.060114686], [5.41382631581193e-05]]
[2100.0, 100.0, 0.003038, [0.00119544524], [0.092598], [0.060114686], [5.641654075810667e-05]]
[2100.0, 400.0, 0.003201, [0.0012606091466666667], [0.092598], [0.060114686], [5.777993086415617e-05]]
[2100.0, 1400.0, 0.006745, [0.0026944791333333336], [0.092598], [0.060114686], [8.449175907217881e-05]]
[2100.0, 500.0, 0.003355, [0.00132192132], [0.092598], [0.060114686], [5.9296266054448996e-05]]
[2100.0, 800.0, 0.004574, [0.00181136776], [0.092598], [0.060114686], [6.915834453387867e-05]]
[2100.0, 300.0, 0.003152, [0.0012409159333333333], [0.092598], [0.060114686], [5.748432924236347e-05]]
[2100.0, 600.0, 0.003885, [0.0015342373866666665], [0.092598], [0.060114686], [6.392655526113976e-05]]
[2100.0, 700.0, 0.004381, [0.0017337025866666668], [0.092598], [0.060114686], [6.779313194974514e-05]]
[2100.0, 1000.0, 0.006174, [0.0024608160000000002], [0.092598], [0.060114686], [8.078024362429219e-05]]
[2100.0, 1700.0, 0.006511, [0.0025988184533333337], [0.092598], [0.060114686], [8.327151473476522e-05]]
[2100.0, 1800.0, 0.006941, [0.0027749512266666662], [0.092598], [0.060114686], [8.588258447697324e-05]]
[2100.0, 1900.0, 0.006273, [0.002501248773333333], [0.092598], [0.060114686], [8.136562503225111e-05]]
[2100.0, 900.0, 0.005399, [0.002145034893333333], [0.092598], [0.060114686], [7.550880033479542e-05]]
[2100.0, 2000.0, 0.0063, [0.00251212532], [0.092598], [0.060114686], [8.176271075088774e-05]]
[2100.0, 1200.0, 0.006402, [0.0025539706], [0.092598], [0.060114686], [8.217266522525736e-05]]
[2100.0, 1500.0, 0.00619, [0.0024671735066666665], [0.092598], [0.060114686], [8.081495846135857e-05]]
[2100.0, 1100.0, 0.006488, [0.00258910908], [0.092598], [0.060114686], [8.266388713606713e-05]]
[2100.0, 1300.0, 0.006598, [0.0026344522000000003], [0.092598], [0.060114686], [8.360181059177022e-05]]
[2100.0, 1600.0, 0.0065, [0.0025940004133333337], [0.092598], [0.060114686], [8.277787729151363e-05]]
[2200.0, 1700.0, 0.003995, [0.0015783440266666667], [0.092598], [0.060114686], [5.3085452704944404e-05]]
[2200.0, 1100.0, 0.003909, [0.0015438204133333333], [0.092598], [0.060114686], [5.225041167301938e-05]]
[2200.0, 200.0, 0.001721, [0.0006737834666666667], [0.092598], [0.060114686], [3.4564367213777964e-05]]
[2200.0, 1800.0, 0.00409, [0.0016165583733333334], [0.092598], [0.060114686], [5.3647369482989976e-05]]
[2200.0, 900.0, 0.002898, [0.0011399637199999999], [0.092598], [0.060114686], [4.499078019130389e-05]]
[2200.0, 1000.0, 0.003511, [0.0013845555333333334], [0.092598], [0.060114686], [4.957504510223757e-05]]
[2200.0, 1300.0, 0.003879, [0.00153176504], [0.092598], [0.060114686], [5.199149646710401e-05]]
[2200.0, 1900.0, 0.003652, [0.0014409092133333334], [0.092598], [0.060114686], [5.050384763340094e-05]]
[2200.0, 1400.0, 0.003611, [0.00142453168], [0.092598], [0.060114686], [5.0239357214571655e-05]]
[2200.0, 1600.0, 0.003777, [0.0014908992533333334], [0.092598], [0.060114686], [5.1227902518495176e-05]]
[2200.0, 800.0, 0.002588, [0.0010166444666666666], [0.092598], [0.060114686], [4.2582541190283864e-05]]
[2200.0, 400.0, 0.00186, [0.0007284529333333333], [0.092598], [0.060114686], [3.584482093072241e-05]]
[2200.0, 600.0, 0.002088, [0.0008186837733333334], [0.092598], [0.060114686], [3.8171328600287305e-05]]
[2200.0, 2000.0, 0.004109, [0.0016241630933333333], [0.092598], [0.060114686], [5.35179902462714e-05]]
[2200.0, 500.0, 0.001938, [0.0007594167600000001], [0.092598], [0.060114686], [3.662231771292836e-05]]
[2200.0, 700.0, 0.002173, [0.0008523300133333332], [0.092598], [0.060114686], [3.882255868835941e-05]]
[2200.0, 300.0, 0.001747, [0.00068377252], [0.092598], [0.060114686], [3.475810650769112e-05]]
[2200.0, 1200.0, 0.003852, [0.0015210424399999998], [0.092598], [0.060114686], [5.1716994412969426e-05]]
[2200.0, 1500.0, 0.003874, [0.0015296008933333334], [0.092598], [0.060114686], [5.225016868872291e-05]]
[2200.0, 100.0, 0.001671, [0.0006541865466666668], [0.092598], [0.060114686], [3.405559222474009e-05]]
[2300.0, 700.0, 0.001407, [0.00055002384], [0.092598], [0.060114686], [2.5479366365747796e-05]]
[2300.0, 100.0, 0.000984, [0.0003841429333333333], [0.092598], [0.060114686], [2.1275703664038938e-05]]
[2300.0, 1800.0, 0.002202, [0.0008638750933333333], [0.092598], [0.060114686], [3.186451133575826e-05]]
[2300.0, 1000.0, 0.001826, [0.0007152739333333332], [0.092598], [0.060114686], [2.9056018532789e-05]]
[2300.0, 1500.0, 0.002051, [0.0008039886133333334], [0.092598], [0.060114686], [3.076377225821885e-05]]
[2300.0, 1200.0, 0.00222, [0.0008709526533333333], [0.092598], [0.060114686], [3.212556921415298e-05]]
[2300.0, 500.0, 0.001102, [0.00043046033333333334], [0.092598], [0.060114686], [2.259330115075902e-05]]
[2300.0, 1900.0, 0.002177, [0.00085398632], [0.092598], [0.060114686], [3.176008253557706e-05]]
[2300.0, 1300.0, 0.00226, [0.0008866346666666666], [0.092598], [0.060114686], [3.233223767215763e-05]]
[2300.0, 1600.0, 0.002155, [0.00084515064], [0.092598], [0.060114686], [3.154075239009579e-05]]
[2300.0, 1700.0, 0.00224, [0.0008788551466666668], [0.092598], [0.060114686], [3.209125637926941e-05]]
[2300.0, 1400.0, 0.002227, [0.0008736175866666667], [0.092598], [0.060114686], [3.209314651655916e-05]]
[2300.0, 1100.0, 0.002055, [0.0008056191599999999], [0.092598], [0.060114686], [3.08940907114757e-05]]
[2300.0, 900.0, 0.001689, [0.0006609721599999999], [0.092598], [0.060114686], [2.793117407406204e-05]]
[2300.0, 2000.0, 0.002325, [0.0009123054266666666], [0.092598], [0.060114686], [3.2792132091572076e-05]]
[2300.0, 300.0, 0.00097, [0.0003787256666666667], [0.092598], [0.060114686], [2.113841788256107e-05]]
[2300.0, 200.0, 0.001007, [0.0003932665733333333], [0.092598], [0.060114686], [2.158330806073167e-05]]
[2300.0, 400.0, 0.001101, [0.00043010828000000003], [0.092598], [0.060114686], [2.2605989027492494e-05]]
[2300.0, 800.0, 0.001461, [0.0005715138133333334], [0.092598], [0.060114686], [2.6004774600915972e-05]]
[2300.0, 600.0, 0.001226, [0.0004791712666666667], [0.092598], [0.060114686], [2.3751645145360166e-05]]
[2400.0, 1200.0, 0.001317, [0.0005148933333333334], [0.092598], [0.060114686], [2.0072622978685284e-05]]
[2400.0, 1500.0, 0.001333, [0.0005210085733333334], [0.092598], [0.060114686], [2.0188670468579372e-05]]
[2400.0, 1100.0, 0.001287, [0.0005029839333333333], [0.092598], [0.060114686], [1.983574666325644e-05]]
[2400.0, 1600.0, 0.001455, [0.00056894548], [0.092598], [0.060114686], [2.111555331976882e-05]]
[2400.0, 400.0, 0.000709, [0.00027634861866666666], [0.092598], [0.060114686], [1.4687761502542024e-05]]
[2400.0, 1300.0, 0.001264, [0.00049402068], [0.092598], [0.060114686], [1.9666648338974512e-05]]
[2400.0, 200.0, 0.000599, [0.00023342374933333333], [0.092598], [0.060114686], [1.3499242342525087e-05]]
[2400.0, 1700.0, 0.001382, [0.0005404515466666666], [0.092598], [0.060114686], [2.0589559805342556e-05]]
[2400.0, 2000.0, 0.001391, [0.0005439033866666667], [0.092598], [0.060114686], [2.069106157633183e-05]]
[2400.0, 600.0, 0.000681, [0.00026563518799999997], [0.092598], [0.060114686], [1.4448651338831287e-05]]
[2400.0, 1900.0, 0.001256, [0.0004909334666666667], [0.092598], [0.060114686], [1.957480021751322e-05]]
[2400.0, 700.0, 0.000741, [0.00028906035066666666], [0.092598], [0.060114686], [1.5047880535883525e-05]]
[2400.0, 100.0, 0.000586, [0.00022838819066666664], [0.092598], [0.060114686], [1.338835511928183e-05]]
[2400.0, 1800.0, 0.001382, [0.0005403592399999999], [0.092598], [0.060114686], [2.055623518492085e-05]]
[2400.0, 500.0, 0.000676, [0.0002636667253333333], [0.092598], [0.060114686], [1.4384199918274524e-05]]
[2400.0, 900.0, 0.000945, [0.00036868785333333333], [0.092598], [0.060114686], [1.69882428049519e-05]]
[2400.0, 1400.0, 0.001243, [0.00048579434666666673], [0.092598], [0.060114686], [1.9494255112724874e-05]]
[2400.0, 800.0, 0.000817, [0.00031865702666666667], [0.092598], [0.060114686], [1.579523276603841e-05]]
[2400.0, 300.0, 0.000601, [0.00023417578799999998], [0.092598], [0.060114686], [1.3542734718085725e-05]]
[2400.0, 1000.0, 0.001056, [0.00041229616000000005], [0.092598], [0.060114686], [1.7959909180666194e-05]]
[2500.0, 400.0, 0.000376, [0.00014645066], [0.092598], [0.060114686], [8.721010153518786e-06]]
[2500.0, 1300.0, 0.000815, [0.00031774408], [0.092598], [0.060114686], [1.2823104494968795e-05]]
[2500.0, 500.0, 0.000395, [0.00015366668000000002], [0.092598], [0.060114686], [8.916644345392623e-06]]
[2500.0, 900.0, 0.000553, [0.00021539815866666667], [0.092598], [0.060114686], [1.058624260275781e-05]]
[2500.0, 1400.0, 0.000818, [0.00031907286666666665], [0.092598], [0.060114686], [1.2855816343844785e-05]]
[2500.0, 200.0, 0.00034, [0.00013224113733333333], [0.092598], [0.060114686], [8.281260644773033e-06]]
[2500.0, 1900.0, 0.000789, [0.0003075777733333333], [0.092598], [0.060114686], [1.2598880387646444e-05]]
[2500.0, 1000.0, 0.000613, [0.00023871387200000003], [0.092598], [0.060114686], [1.1130090561676087e-05]]
[2500.0, 1800.0, 0.000826, [0.0003222407333333333], [0.092598], [0.060114686], [1.2931075555506674e-05]]
[2500.0, 1700.0, 0.000772, [0.00030113348], [0.092598], [0.060114686], [1.2471673739585504e-05]]
[2500.0, 800.0, 0.000527, [0.00020526736399999998], [0.092598], [0.060114686], [1.0315074207736517e-05]]
[2500.0, 700.0, 0.000434, [0.00016905990533333333], [0.092598], [0.060114686], [9.363362994138377e-06]]
[2500.0, 1600.0, 0.000811, [0.00031629048000000003], [0.092598], [0.060114686], [1.276444144924137e-05]]
[2500.0, 1100.0, 0.000716, [0.00027910546], [0.092598], [0.060114686], [1.2033089659582677e-05]]
[2500.0, 600.0, 0.000401, [0.00015620554266666668], [0.092598], [0.060114686], [8.973774613220955e-06]]
[2500.0, 300.0, 0.000425, [0.000165508092], [0.092598], [0.060114686], [9.266673074338312e-06]]
[2500.0, 2000.0, 0.000778, [0.000303444152], [0.092598], [0.060114686], [1.2567374360267585e-05]]
[2500.0, 1200.0, 0.000779, [0.000303912524], [0.092598], [0.060114686], [1.254381005383399e-05]]
[2500.0, 100.0, 0.000346, [0.0001347174093333333], [0.092598], [0.060114686], [8.354820273085207e-06]]
[2500.0, 1500.0, 0.000766, [0.000298647824], [0.092598], [0.060114686], [1.2389997506949798e-05]]
[2600.0, 800.0, 0.000309, [0.00012028487866666666], [0.092598], [0.060114686], [6.429496863674482e-06]]
[2600.0, 2000.0, 0.000472, [0.00018381688933333332], [0.092598], [0.060114686], [7.92490928766871e-06]]
[2600.0, 900.0, 0.000327, [0.00012743383066666667], [0.092598], [0.060114686], [6.607136713853858e-06]]
[2600.0, 1000.0, 0.000327, [0.00012744165066666665], [0.092598], [0.060114686], [6.607541652115743e-06]]
[2600.0, 200.0, 0.000193, [7.502633733333333e-05], [0.092598], [0.060114686], [5.058274008658157e-06]]
[2600.0, 1100.0, 0.000393, [0.00015296386133333334], [0.092598], [0.060114686], [7.243049240018552e-06]]
[2600.0, 1500.0, 0.0005, [0.00019491871333333335], [0.092598], [0.060114686], [8.157094683225829e-06]]
[2600.0, 700.0, 0.000269, [0.00010476972266666667], [0.092598], [0.060114686], [5.989285577132254e-06]]
[2600.0, 1800.0, 0.000456, [0.00017753114266666665], [0.092598], [0.060114686], [7.777780093459973e-06]]
[2600.0, 1600.0, 0.000486, [0.00018913025733333333], [0.092598], [0.060114686], [8.03537477795667e-06]]
[2600.0, 1400.0, 0.000461, [0.00017951423333333332], [0.092598], [0.060114686], [7.83464375308653e-06]]
[2600.0, 1300.0, 0.000435, [0.00016938895866666664], [0.092598], [0.060114686], [7.590499943130668e-06]]
[2600.0, 600.0, 0.000252, [9.8229228e-05], [0.092598], [0.060114686], [5.79828819030046e-06]]
[2600.0, 1700.0, 0.000477, [0.00018576508133333336], [0.092598], [0.060114686], [7.95730095837918e-06]]
[2600.0, 400.0, 0.000197, [7.6696904e-05], [0.092598], [0.060114686], [5.113126638151824e-06]]
[2600.0, 300.0, 0.000211, [8.213149733333332e-05], [0.092598], [0.060114686], [5.301566022726996e-06]]
[2600.0, 1900.0, 0.000492, [0.00019174753466666663], [0.092598], [0.060114686], [8.102812916238134e-06]]
[2600.0, 1200.0, 0.000439, [0.00017086773600000002], [0.092598], [0.060114686], [7.63380744961371e-06]]
[2600.0, 100.0, 0.000224, [8.7053252e-05], [0.092598], [0.060114686], [5.451485426111961e-06]]
[2600.0, 500.0, 0.000227, [8.841831733333334e-05], [0.092598], [0.060114686], [5.483471842627523e-06]]
[2700.0, 1400.0, 0.000302, [0.000117606268], [0.092598], [0.060114686], [5.132758154789251e-06]]
[2700.0, 1000.0, 0.000204, [7.926447066666667e-05], [0.092598], [0.060114686], [4.212860051477302e-06]]
[2700.0, 800.0, 0.000147, [5.735816666666667e-05], [0.092598], [0.060114686], [3.5848861131763227e-06]]
[2700.0, 900.0, 0.000173, [6.742701466666667e-05], [0.092598], [0.060114686], [3.886428662809998e-06]]
[2700.0, 600.0, 0.000144, [5.620733866666666e-05], [0.092598], [0.060114686], [3.547775493335382e-06]]
[2700.0, 1100.0, 0.00024, [9.329063733333334e-05], [0.092598], [0.060114686], [4.579456526707073e-06]]
[2700.0, 1300.0, 0.000273, [0.00010635923733333333], [0.092598], [0.060114686], [4.880096811425864e-06]]
[2700.0, 400.0, 0.000131, [5.1037092000000004e-05], [0.092598], [0.060114686], [3.3800148375742707e-06]]
[2700.0, 1700.0, 0.000268, [0.00010411569466666665], [0.092598], [0.060114686], [4.849150606034009e-06]]
[2700.0, 100.0, 0.000128, [4.978304e-05], [0.092598], [0.060114686], [3.3412174228365723e-06]]
[2700.0, 2000.0, 0.000285, [0.00011102379066666667], [0.092598], [0.060114686], [4.985114512448257e-06]]
[2700.0, 1200.0, 0.000234, [9.114648533333333e-05], [0.092598], [0.060114686], [4.512422592503204e-06]]
[2700.0, 700.0, 0.00014, [5.4298645333333335e-05], [0.092598], [0.060114686], [3.4761150268654806e-06]]
[2700.0, 300.0, 0.000111, [5.8923493e-05], [0.158424], [0.145757394], [5.723155112736718e-06]]
[2700.0, 1800.0, 0.000248, [9.6510116e-05], [0.092598], [0.060114686], [4.648728835570716e-06]]
[2700.0, 200.0, 0.000128, [4.989506533333333e-05], [0.092598], [0.060114686], [3.3412202375113728e-06]]
[2700.0, 1500.0, 0.000262, [0.00010206627199999999], [0.092598], [0.060114686], [4.784940548568324e-06]]
[2700.0, 500.0, 0.000127, [4.949578533333333e-05], [0.092598], [0.060114686], [3.3370054200335566e-06]]
[2700.0, 1900.0, 0.000277, [0.00010785255066666667], [0.092598], [0.060114686], [4.902388718437846e-06]]
[2700.0, 1600.0, 0.000276, [0.00010760080800000001], [0.092598], [0.060114686], [4.9112817462563795e-06]]
[2800.0, 1500.0, 0.00016, [6.2094204e-05], [0.092598], [0.060114686], [3.0084745556510865e-06]]
[2800.0, 200.0, 7.4e-05, [2.8607522666666667e-05], [0.092598], [0.060114686], [2.038201349992466e-06]]
[2800.0, 400.0, 7.7e-05, [2.999169026666667e-05], [0.092598], [0.060114686], [2.099838279487256e-06]]
[2800.0, 900.0, 0.000104, [4.0341110666666666e-05], [0.092598], [0.060114686], [2.4238627595912547e-06]]
[2800.0, 600.0, 9.3e-05, [3.6313596e-05], [0.092598], [0.060114686], [2.3012802836682023e-06]]
[2800.0, 1200.0, 0.000137, [5.344559066666667e-05], [0.092598], [0.060114686], [2.7936458090936775e-06]]
[2800.0, 1000.0, 0.000118, [4.595035066666667e-05], [0.092598], [0.060114686], [2.593127891434075e-06]]
[2800.0, 1400.0, 0.000166, [6.452174666666667e-05], [0.092598], [0.060114686], [3.0586245216509407e-06]]
[2800.0, 800.0, 9.1e-05, [3.5478910666666664e-05], [0.092598], [0.060114686], [2.2759726930601684e-06]]
[2800.0, 100.0, 7.3e-05, [3.865882933333334e-05], [0.158424], [0.145757394], [3.75487709075366e-06]]
[2800.0, 1100.0, 0.000131, [5.0873516e-05], [0.092598], [0.060114686], [2.7271066797370918e-06]]
[2800.0, 1300.0, 0.000147, [5.7069716e-05], [0.092598], [0.060114686], [2.8898366858892065e-06]]
[2800.0, 2000.0, 0.000166, [6.451775999999999e-05], [0.092598], [0.060114686], [3.0618770864364303e-06]]
[2800.0, 500.0, 8.1e-05, [3.1568696000000004e-05], [0.092598], [0.060114686], [2.147977485501704e-06]]
[2800.0, 1900.0, 0.000171, [9.070548333333332e-05], [0.158424], [0.145757394], [5.748227193375942e-06]]
[2800.0, 1800.0, 0.000157, [8.338619333333333e-05], [0.158424], [0.145757394], [5.510315532405261e-06]]
[2800.0, 300.0, 7.2e-05, [2.7867450133333337e-05], [0.092598], [0.060114686], [2.016417868950338e-06]]
[2800.0, 700.0, 0.000103, [5.4649602333333335e-05], [0.158424], [0.145757394], [4.46212184827901e-06]]
[2800.0, 1600.0, 0.000163, [8.683028999999999e-05], [0.158424], [0.145757394], [5.628370953383305e-06]]
[2800.0, 1700.0, 0.000166, [6.447013466666666e-05], [0.092598], [0.060114686], [3.0734931353971387e-06]]
[2900.0, 1300.0, 8.7e-05, [4.6311121e-05], [0.158424], [0.145757394], [3.307937014044991e-06]]
[2900.0, 900.0, 6e-05, [2.3418250400000002e-05], [0.092598], [0.060114686], [1.4900674251709402e-06]]
[2900.0, 1600.0, 0.000101, [5.3923760666666664e-05], [0.158424], [0.145757394], [3.563382213571819e-06]]
[2900.0, 2000.0, 0.000101, [3.9369008000000004e-05], [0.092598], [0.060114686], [1.9279092140912076e-06]]
[2900.0, 1200.0, 8.1e-05, [3.1333636e-05], [0.092598], [0.060114686], [1.7222518494369192e-06]]
[2900.0, 1700.0, 9.9e-05, [3.8395923999999995e-05], [0.092598], [0.060114686], [1.9055576728203334e-06]]
[2900.0, 1100.0, 6.9e-05, [3.6639138000000004e-05], [0.158424], [0.145757394], [2.9429266706611785e-06]]
[2900.0, 800.0, 5.5e-05, [2.128411413333333e-05], [0.092598], [0.060114686], [1.4189410661945524e-06]]
[2900.0, 600.0, 5.1e-05, [2.6833808666666665e-05], [0.158424], [0.145757394], [2.5243121417306714e-06]]
[2900.0, 100.0, 4.6e-05, [2.425672e-05], [0.158424], [0.145757394], [2.3900852699805038e-06]]
[2900.0, 400.0, 4.6e-05, [1.7974653333333334e-05], [0.092598], [0.060114686], [1.3074639016899174e-06]]
[2900.0, 1000.0, 6.6e-05, [2.57883452e-05], [0.092598], [0.060114686], [1.5636478950056357e-06]]
[2900.0, 1400.0, 9.8e-05, [3.8273564e-05], [0.092598], [0.060114686], [1.8994850155882897e-06]]
[2900.0, 200.0, 4.3e-05, [2.2925395666666665e-05], [0.158424], [0.145757394], [2.327721461477344e-06]]
[2900.0, 500.0, 4.8e-05, [1.8554609066666665e-05], [0.092598], [0.060114686], [1.3253294621003156e-06]]
[2900.0, 1500.0, 0.0001, [5.2939506333333337e-05], [0.158424], [0.145757394], [3.545091039420254e-06]]
[2900.0, 1800.0, 0.000102, [5.420808666666667e-05], [0.158424], [0.145757394], [3.582171548097606e-06]]
[2900.0, 300.0, 4.6e-05, [1.773416533333333e-05], [0.092598], [0.060114686], [1.2933969785027333e-06]]
[2900.0, 700.0, 5.4e-05, [2.08672468e-05], [0.092598], [0.060114686], [1.4068695563002437e-06]]
[2900.0, 1900.0, 0.000112, [4.3695308e-05], [0.092598], [0.060114686], [2.0417481141849447e-06]]
[3000.0, 1900.0, 6e-05, [3.176765366666667e-05], [0.158424], [0.145757394], [2.202690839253964e-06]]
[3000.0, 800.0, 3.3e-05, [1.2657353866666666e-05], [0.092598], [0.060114686], [8.776295303448564e-07]]
[3000.0, 900.0, 3.9e-05, [2.0537758e-05], [0.158424], [0.145757394], [1.7676089829672926e-06]]
[3000.0, 1600.0, 5.5e-05, [2.1503156933333333e-05], [0.092598], [0.060114686], [1.1461221016977205e-06]]
[3000.0, 700.0, 3.5e-05, [1.8515897000000002e-05], [0.158424], [0.145757394], [1.676350283602247e-06]]
[3000.0, 600.0, 3.3e-05, [1.7515926e-05], [0.158424], [0.145757394], [1.63336925402678e-06]]
[3000.0, 1300.0, 5.3e-05, [2.8393530666666667e-05], [0.158424], [0.145757394], [2.0763408438885943e-06]]
[3000.0, 500.0, 2.9e-05, [1.2870903499999999e-05], [0.058741999999999996], [0.250363096], [1.7199463974205708e-06]]
[3000.0, 1500.0, 5.9e-05, [2.30928556e-05], [0.092598], [0.060114686], [1.186200382547382e-06]]
[3000.0, 1800.0, 5.7e-05, [3.0444870000000002e-05], [0.158424], [0.145757394], [2.1527776114695275e-06]]
[3000.0, 2000.0, 5.8e-05, [3.070266933333334e-05], [0.158424], [0.145757394], [2.1655993855948728e-06]]
[3000.0, 100.0, 2.6e-05, [1.3726768e-05], [0.158424], [0.145757394], [1.4469281130880155e-06]]
[3000.0, 1400.0, 5.8e-05, [3.097570233333333e-05], [0.158424], [0.145757394], [2.174068097420645e-06]]
[3000.0, 1100.0, 4.5e-05, [1.74813432e-05], [0.092598], [0.060114686], [1.0283141984173255e-06]]
[3000.0, 1200.0, 5e-05, [2.6502930666666665e-05], [0.158424], [0.145757394], [2.009181759655739e-06]]
[3000.0, 1000.0, 4.5e-05, [2.3851459999999997e-05], [0.158424], [0.145757394], [1.9035535155772918e-06]]
[3000.0, 400.0, 3.1e-05, [1.6728751e-05], [0.158424], [0.145757394], [1.5950236058859234e-06]]
[3000.0, 300.0, 3e-05, [1.30366645e-05], [0.058741999999999996], [0.250363096], [1.7267478811337805e-06]]
[3000.0, 1700.0, 5.6e-05, [2.9794368666666663e-05], [0.158424], [0.145757394], [2.1336188704743976e-06]]
[3000.0, 200.0, 2.7e-05, [1.4107486999999998e-05], [0.158424], [0.145757394], [1.462878352199298e-06]]
