[100.0, 1800.0, 0.367676, [5.799949099999999], [64.841554], [8.396747999999999], [3.348601745505129]]
[100.0, 800.0, 0.093715, [12.4542148], [634.4209599999999], [102.62691999999998], [8.806455580311525]]
[100.0, 500.0, 0.217363, [1.5577049], [23.324299999999997], [2.33243], [0.8993413225800313]]
[100.0, 1100.0, 0.366953, [5.7871289], [64.841554], [8.396747999999999], [4.09211821921117]]
[100.0, 600.0, 0.06735, [4.6551908], [391.84824], [51.31345999999999], [2.6876769054333893]]
[100.0, 1400.0, 0.498736, [5.8312428999999995], [32.18753399999999], [5.5978319999999995], [5.831241668804337]]
[100.0, 1700.0, 0.252326, [3.8476423999999994], [64.841554], [8.396747999999999], [2.7206939059732536]]
[100.0, 100.0, 0.056933, [0.388154325], [23.324299999999997], [2.33243], [0.3881543877763074]]
[100.0, 1200.0, 0.154926, [2.311845], [64.841554], [8.396747999999999], [1.63472133925021]]
[100.0, 1000.0, 0.369255, [5.827972299999999], [64.841554], [8.396747999999999], [4.120999286580865]]
[100.0, 2000.0, 0.244664, [11.551938599999998], [254.23487], [33.120506], [11.551939070130175]]
[100.0, 400.0, 0.151342, [1.5578037999999998], [32.18753399999999], [5.5978319999999995], [1.5578032606847374]]
[100.0, 1600.0, 0.246469, [11.6407692], [254.23487], [33.120506], [8.231265244177228]]
[100.0, 1300.0, 0.376845, [1.94338615], [9.796206], [1.3994579999999999], [1.3741816719415227]]
[100.0, 1500.0, 0.241496, [5.822937599999999], [110.09069599999998], [15.394037999999998], [5.822940483982297]]
[100.0, 900.0, 0.220066, [1.0391878399999999], [9.796206], [1.3994579999999999], [0.7348167950244469]]
[100.0, 1900.0, 0.244942, [11.565614399999998], [254.23487], [33.120506], [8.178123425334201]]
[100.0, 200.0, 0.174901, [4.166138579999999], [110.09069599999998], [15.394037999999998], [2.9459051491859]]
[100.0, 700.0, 0.053068, [0.7787889699999998], [64.841554], [8.396747999999999], [0.7787886266503896]]
[100.0, 300.0, 0.214094, [7.486293], [200.58897999999996], [23.324299999999997], [3.056266101634476]]
[200.0, 1800.0, 0.106365, [1.5735065899999998], [64.841554], [8.396747999999999], [0.6423813945001831]]
[200.0, 700.0, 0.057191, [0.83978106], [64.841554], [8.396747999999999], [0.34283920662608]]
[200.0, 2000.0, 0.037849, [2.6121904999999996], [391.84824], [51.31345999999999], [1.3060954574609007]]
[200.0, 1300.0, 0.066927, [0.98408697], [64.841554], [8.396747999999999], [0.5681628973278702]]
[200.0, 1400.0, 0.032146, [0.21777066999999997], [23.324299999999997], [2.33243], [0.2177706207802145]]
[200.0, 400.0, 0.047806, [0.7010781799999999], [64.841554], [8.396747999999999], [0.3135317617084431]]
[200.0, 1900.0, 0.022303, [0.32602867999999996], [64.841554], [8.396747999999999], [0.3260287116190842]]
[200.0, 1700.0, 0.095136, [0.65545561], [23.324299999999997], [2.33243], [0.3277278264429189]]
[200.0, 500.0, 0.051326, [0.34940990499999997], [23.324299999999997], [2.33243], [0.15626088114112244]]
[200.0, 1500.0, 0.03039, [1.04103658], [200.58897999999996], [23.324299999999997], [0.7361241895223929]]
[200.0, 100.0, 0.038266, [0.56046745], [64.841554], [8.396747999999999], [0.28023374047391225]]
[200.0, 600.0, 0.03842, [0.5627453699999999], [64.841554], [8.396747999999999], [0.2813726411718097]]
[200.0, 1000.0, 0.14276, [0.649959645], [9.796206], [1.3994579999999999], [0.6499596122067893]]
[200.0, 1200.0, 0.05937, [0.87202752], [64.841554], [8.396747999999999], [0.6166166596841184]]
[200.0, 300.0, 0.059429, [1.3944651599999998], [110.09069599999998], [15.394037999999998], [1.394465171311209]]
[200.0, 1600.0, 0.143396, [0.65303762], [9.796206], [1.3994579999999999], [0.6530376030520754]]
[200.0, 900.0, 0.057015, [0.8371629699999998], [64.841554], [8.396747999999999], [0.3417703262426391]]
[200.0, 800.0, 0.057348, [0.84210314], [64.841554], [8.396747999999999], [0.3437872250389767]]
[200.0, 1100.0, 0.048141, [0.32745882], [23.324299999999997], [2.33243], [0.23154835202393473]]
[200.0, 200.0, 0.040771, [1.3975857999999999], [200.58897999999996], [23.324299999999997], [0.625019318741429]]
[300.0, 2000.0, 0.010666, [0.73539418], [391.84824], [51.31345999999999], [0.42458007475622306]]
[300.0, 400.0, 0.030269, [0.131547005], [9.796206], [1.3994579999999999], [0.1315469814362914]]
[300.0, 1000.0, 0.02901, [0.19636824999999997], [23.324299999999997], [2.33243], [0.09818410138612055]]
[300.0, 200.0, 0.023308, [0.15755241499999997], [23.324299999999997], [2.33243], [0.06432048796845372]]
[300.0, 1600.0, 0.059752, [0.40768109499999994], [23.324299999999997], [2.33243], [0.1823205589751194]]
[300.0, 1300.0, 0.04195, [0.61472767], [64.841554], [8.396747999999999], [0.2749145656381269]]
[300.0, 800.0, 0.028788, [0.42114425999999994], [64.841554], [8.396747999999999], [0.1488969977534806]]
[300.0, 700.0, 0.018008, [0.26310298], [64.841554], [8.396747999999999], [0.11766319849468652]]
[300.0, 300.0, 0.01949, [0.13162095], [23.324299999999997], [2.33243], [0.058862691303575305]]
[300.0, 900.0, 0.019571, [0.13216869499999997], [23.324299999999997], [2.33243], [0.0591076283570911]]
[300.0, 600.0, 0.031087, [0.210541195], [23.324299999999997], [2.33243], [0.074437537707799]]
[300.0, 1400.0, 0.036104, [0.24482361499999997], [23.324299999999997], [2.33243], [0.10948843139802487]]
[300.0, 500.0, 0.023427, [0.15836144], [23.324299999999997], [2.33243], [0.06465079692084234]]
[300.0, 1200.0, 0.018177, [0.12271673], [23.324299999999997], [2.33243], [0.08677383658108014]]
[300.0, 100.0, 0.032403, [0.47425172], [64.841554], [8.396747999999999], [0.1580839543090949]]
[300.0, 1100.0, 0.027181, [0.18390316999999998], [23.324299999999997], [2.33243], [0.1061765299866218]]
[300.0, 1900.0, 0.021697, [0.010968776666666668], [0.13994579999999998], [0.02798916], [0.010968779067071333]]
[300.0, 1500.0, 0.021759, [0.14702646499999997], [23.324299999999997], [2.33243], [0.0848857370233657]]
[300.0, 1700.0, 0.021758, [0.147016805], [23.324299999999997], [2.33243], [0.08488021381629524]]
[300.0, 1800.0, 0.033547, [0.49106794], [64.841554], [8.396747999999999], [0.21961230566614426]]
[400.0, 900.0, 0.009029, [0.06082414399999999], [23.324299999999997], [2.33243], [0.027201382492439606]]
[400.0, 1200.0, 0.008496, [0.0070398553333333325], [0.41983739999999997], [0.05597832], [0.002660816169226982]]
[400.0, 1500.0, 0.012345, [0.180253139], [64.841554], [8.396747999999999], [0.09012654991732458]]
[400.0, 200.0, 0.014435, [0.097365923], [23.324299999999997], [2.33243], [0.034424050901949346]]
[400.0, 1600.0, 0.011726, [0.171192864], [64.841554], [8.396747999999999], [0.09883825514445305]]
[400.0, 500.0, 0.007237, [0.048732354], [23.324299999999997], [2.33243], [0.02436617166790877]]
[400.0, 1700.0, 0.012365, [0.18054218], [64.841554], [8.396747999999999], [0.09027108845028954]]
[400.0, 300.0, 0.007235, [0.04871225199999999], [23.324299999999997], [2.33243], [0.02435613124040844]]
[400.0, 1300.0, 0.009323, [0.13608249], [64.841554], [8.396747999999999], [0.07856723916493438]]
[400.0, 1400.0, 0.010627, [0.36361551], [200.58897999999996], [23.324299999999997], [0.18180774779970185]]
[400.0, 1100.0, 0.01263, [0.08515008249999999], [23.324299999999997], [2.33243], [0.049161430690125366]]
[400.0, 800.0, 0.00835, [0.12186609799999999], [64.841554], [8.396747999999999], [0.0545001925776414]]
[400.0, 100.0, 0.013358, [0.195056077], [64.841554], [8.396747999999999], [0.06896275294679004]]
[400.0, 1000.0, 0.023418, [0.15829991499999999], [23.324299999999997], [2.33243], [0.05983172716042885]]
[400.0, 400.0, 0.009016, [0.0607360655], [23.324299999999997], [2.33243], [0.027161989714488886]]
[400.0, 1800.0, 0.008435, [0.05681112699999999], [23.324299999999997], [2.33243], [0.04017152635885273]]
[400.0, 2000.0, 0.009312, [0.135922571], [64.841554], [8.396747999999999], [0.07847490796426586]]
[400.0, 600.0, 0.011695, [0.17074314499999999], [64.841554], [8.396747999999999], [0.06453484008657648]]
[400.0, 700.0, 0.010867, [0.07323367899999998], [23.324299999999997], [2.33243], [0.029897520762598353]]
[400.0, 1900.0, 0.010093, [0.008389106888888888], [0.41983739999999997], [0.05597832], [0.003751723368938205]]
[500.0, 1700.0, 0.008679, [0.058460882499999985], [23.324299999999997], [2.33243], [0.0337524059623903]]
[500.0, 1100.0, 0.006949, [0.04678524299999999], [23.324299999999997], [2.33243], [0.023392622608420798]]
[500.0, 300.0, 0.007484, [0.0503942765], [23.324299999999997], [2.33243], [0.01781706694436545]]
[500.0, 1300.0, 0.004306, [0.0289741925], [23.324299999999997], [2.33243], [0.02048785274864108]]
[500.0, 1800.0, 0.006946, [0.04676498], [23.324299999999997], [2.33243], [0.023382492184324578]]
[500.0, 1400.0, 0.004822, [0.070345454], [64.841554], [8.396747999999999], [0.04061395591419284]]
[500.0, 600.0, 0.005611, [0.037765241], [23.324299999999997], [2.33243], [0.015417593278459513]]
[500.0, 1900.0, 0.006936, [0.046696072], [23.324299999999997], [2.33243], [0.023348044752184282]]
[500.0, 1200.0, 0.013817, [0.09318344199999999], [23.324299999999997], [2.33243], [0.03294532235386383]]
[500.0, 800.0, 0.005608, [0.037745920999999995], [23.324299999999997], [2.33243], [0.015409703915065985]]
[500.0, 1000.0, 0.006923, [0.04661012099999999], [23.324299999999997], [2.33243], [0.023305064240417787]]
[500.0, 2000.0, 0.008718, [0.058721978499999994], [23.324299999999997], [2.33243], [0.03390315271106804]]
[500.0, 700.0, 0.006543, [0.044048243], [23.324299999999997], [2.33243], [0.016648668002275737]]
[500.0, 100.0, 0.007779, [0.11352206599999999], [64.841554], [8.396747999999999], [0.03784069014962597]]
[500.0, 200.0, 0.009334, [0.062879562], [23.324299999999997], [2.33243], [0.01988426155279597]]
[500.0, 1500.0, 0.005204, [0.035023571999999996], [23.324299999999997], [2.33243], [0.02022086894151683]]
[500.0, 900.0, 0.005609, [0.037750452000000004], [23.324299999999997], [2.33243], [0.015411557570537767]]
[500.0, 1600.0, 0.010464, [0.070513837], [23.324299999999997], [2.33243], [0.028787157787805304]]
[500.0, 500.0, 0.007462, [0.050247352499999995], [23.324299999999997], [2.33243], [0.01776512168548248]]
[500.0, 400.0, 0.00562, [0.037824052], [23.324299999999997], [2.33243], [0.01544160546219207]]
[600.0, 200.0, 0.003349, [0.048852966], [64.841554], [8.396747999999999], [0.018464685922051315]]
[600.0, 1400.0, 0.00193, [0.0129790495], [23.324299999999997], [2.33243], [0.009177574981987343]]
[600.0, 1900.0, 0.003859, [0.025960054], [23.324299999999997], [2.33243], [0.012980026107446778]]
[600.0, 100.0, 0.004819, [0.07030350199999999], [64.841554], [8.396747999999999], [0.022231919449296318]]
[600.0, 800.0, 0.002036, [0.06964781799999999], [200.58897999999996], [23.324299999999997], [0.031147455652107442]]
[600.0, 1200.0, 0.003861, [0.0031702627555555553], [0.41983739999999997], [0.05597832], [0.0009558702926110302]]
[600.0, 600.0, 0.002466, [0.0020196136444444444], [0.41983739999999997], [0.05597832], [0.0005601400027814915]]
[600.0, 1600.0, 0.004451, [0.06493426699999999], [64.841554], [8.396747999999999], [0.03748982361921698]]
[600.0, 400.0, 0.003629, [0.024416271], [23.324299999999997], [2.33243], [0.009228482379297258]]
[600.0, 500.0, 0.00205, [0.07010818599999999], [200.58897999999996], [23.324299999999997], [0.03135332464667822]]
[600.0, 1100.0, 0.002269, [0.15640427799999998], [391.84824], [51.31345999999999], [0.06385177798620803]]
[600.0, 300.0, 0.004688, [0.03154703], [23.324299999999997], [2.33243], [0.010515678225868269]]
[600.0, 1700.0, 0.003042, [0.10404146599999999], [200.58897999999996], [23.324299999999997], [0.0520207327130251]]
[600.0, 1500.0, 0.003525, [0.002892715622222222], [0.41983739999999997], [0.05597832], [0.0009147571041025987]]
[600.0, 1800.0, 0.003569, [0.052055094999999996], [64.841554], [8.396747999999999], [0.02602754633076272]]
[600.0, 1000.0, 0.003849, [0.0258933425], [23.324299999999997], [2.33243], [0.012946671193785682]]
[600.0, 2000.0, 0.003883, [0.026127275499999998], [23.324299999999997], [2.33243], [0.013063640620056875]]
[600.0, 700.0, 0.003644, [0.0245158035], [23.324299999999997], [2.33243], [0.009266103145335691]]
[600.0, 1300.0, 0.006027, [0.040567354], [23.324299999999997], [2.33243], [0.01814226966231072]]
[600.0, 900.0, 0.003656, [0.024593555], [23.324299999999997], [2.33243], [0.0092954884850125]]
[700.0, 2000.0, 0.002821, [0.0189766215], [23.324299999999997], [2.33243], [0.008486604191312329]]
[700.0, 100.0, 0.00422, [0.061553313], [64.841554], [8.396747999999999], [0.0158929950072351]]
[700.0, 1000.0, 0.004519, [0.0304064025], [23.324299999999997], [2.33243], [0.01075028586829206]]
[700.0, 600.0, 0.002435, [0.0163779895], [23.324299999999997], [2.33243], [0.005790492671180924]]
[700.0, 1400.0, 0.002075, [0.030258156], [64.841554], [8.396747999999999], [0.015129075870653829]]
[700.0, 1900.0, 0.002805, [0.018865612], [23.324299999999997], [2.33243], [0.009432807265072259]]
[700.0, 200.0, 0.003075, [0.04485078199999999], [64.841554], [8.396747999999999], [0.013523020117562495]]
[700.0, 400.0, 0.003354, [0.0225639315], [23.324299999999997], [2.33243], [0.006803280839051112]]
[700.0, 1300.0, 0.001959, [0.028573544], [64.841554], [8.396747999999999], [0.016496939795004405]]
[700.0, 1100.0, 0.003374, [0.022695709999999997], [23.324299999999997], [2.33243], [0.009265485841282148]]
[700.0, 800.0, 0.002434, [0.0163693415], [23.324299999999997], [2.33243], [0.005787435984527172]]
[700.0, 1500.0, 0.003124, [0.04556072299999999], [64.841554], [8.396747999999999], [0.018600083077771452]]
[700.0, 1600.0, 0.001692, [0.011377433], [23.324299999999997], [2.33243], [0.006568764364399136]]
[700.0, 1800.0, 0.001693, [0.0113860028], [23.324299999999997], [2.33243], [0.00657371223891037]]
[700.0, 1200.0, 0.003634, [0.053008606], [64.841554], [8.396747999999999], [0.02003536719653523]]
[700.0, 700.0, 0.003343, [0.022488548999999997], [23.324299999999997], [2.33243], [0.006780552525421509]]
[700.0, 900.0, 0.002439, [0.016400851499999997], [23.324299999999997], [2.33243], [0.005798577799771251]]
[700.0, 300.0, 0.002523, [0.036795974999999995], [64.841554], [8.396747999999999], [0.012265322290914331]]
[700.0, 500.0, 0.003344, [0.022498657499999998], [23.324299999999997], [2.33243], [0.006783602313667864]]
[700.0, 1700.0, 0.002251, [0.015136552999999997], [23.324299999999997], [2.33243], [0.00756827485461515]]
[800.0, 300.0, 0.001873, [0.027317329999999997], [64.841554], [8.396747999999999], [0.008236482726261252]]
[800.0, 100.0, 0.002874, [0.04192012199999999], [64.841554], [8.396747999999999], [0.010167126521294008]]
[800.0, 1800.0, 0.002398, [0.016128312999999995], [23.324299999999997], [2.33243], [0.006095927523765354]]
[800.0, 800.0, 0.001286, [0.008647679149999999], [23.324299999999997], [2.33243], [0.003268515870773767]]
[800.0, 400.0, 0.001657, [0.01114173475], [23.324299999999997], [2.33243], [0.003713912492237801]]
[800.0, 200.0, 0.002706, [0.039471818], [64.841554], [8.396747999999999], [0.009867951585815568]]
[800.0, 1700.0, 0.001712, [0.0115090735], [23.324299999999997], [2.33243], [0.005147015110721942]]
[800.0, 600.0, 0.000842, [0.0006876325333333334], [0.41983739999999997], [0.05597832], [0.00021744849652728188]]
[800.0, 1600.0, 0.003388, [0.0227947825], [23.324299999999997], [2.33243], [0.0072083436568326845]]
[800.0, 1000.0, 0.001258, [0.018340011399999998], [64.841554], [8.396747999999999], [0.00917000510359727]]
[800.0, 1100.0, 0.001029, [0.006919461449999999], [23.324299999999997], [2.33243], [0.0039949533507914695]]
[800.0, 1500.0, 0.002747, [0.0184784185], [23.324299999999997], [2.33243], [0.006533105364219988]]
[800.0, 1400.0, 0.002125, [0.001739412311111111], [0.41983739999999997], [0.05597832], [0.00042186942061422597]]
[800.0, 1200.0, 0.00081, [0.027717221799999997], [200.58897999999996], [23.324299999999997], [0.016002546484856713]]
[800.0, 900.0, 0.001838, [0.012359544499999998], [23.324299999999997], [2.33243], [0.003908430273140356]]
[800.0, 1300.0, 0.001879, [0.0015375111555555557], [0.41983739999999997], [0.05597832], [0.00039698362257477646]]
[800.0, 2000.0, 0.002192, [0.0017940572444444444], [0.41983739999999997], [0.05597832], [0.00047948193894846317]]
[800.0, 500.0, 0.001073, [0.0008764569111111111], [0.41983739999999997], [0.05597832], [0.00021911423346885058]]
[800.0, 1900.0, 0.002735, [0.0183969295], [23.324299999999997], [2.33243], [0.006504295694001004]]
[800.0, 700.0, 0.001663, [0.011180639249999999], [23.324299999999997], [2.33243], [0.003726880142961402]]
[900.0, 200.0, 0.001268, [0.018494960099999996], [64.841554], [8.396747999999999], [0.00533903573129081]]
[900.0, 1100.0, 0.00098, [0.0142920712], [64.841554], [8.396747999999999], [0.006391609373233004]]
[900.0, 300.0, 0.001598, [0.01074629345], [23.324299999999997], [2.33243], [0.002872068075011454]]
[900.0, 1000.0, 0.001014, [0.0008282478888888889], [0.41983739999999997], [0.05597832], [0.00022971462295639776]]
[900.0, 900.0, 0.001031, [0.00692870515], [23.324299999999997], [2.33243], [0.002309568222633832]]
[900.0, 1600.0, 0.001062, [0.007137866], [23.324299999999997], [2.33243], [0.003192150602650195]]
[900.0, 700.0, 0.001031, [0.0069317595499999995], [23.324299999999997], [2.33243], [0.002310586112872662]]
[900.0, 1900.0, 0.000983, [0.0143414936], [64.841554], [8.396747999999999], [0.006413710321646901]]
[900.0, 500.0, 0.000752, [0.0006140289555555555], [0.41983739999999997], [0.05597832], [0.00014472800413274173]]
[900.0, 1400.0, 0.000975, [0.014217104999999999], [64.841554], [8.396747999999999], [0.006358082825821003]]
[900.0, 1200.0, 0.00276, [0.018562311], [23.324299999999997], [2.33243], [0.0051482598589232065]]
[900.0, 1500.0, 0.001271, [0.0085432442], [23.324299999999997], [2.33243], [0.003487764205404373]]
[900.0, 800.0, 0.001264, [0.00849649325], [23.324299999999997], [2.33243], [0.0025617891052934078]]
[900.0, 400.0, 0.001368, [0.0199527599], [64.841554], [8.396747999999999], [0.005533899895191455]]
[900.0, 100.0, 0.001478, [0.021552761799999997], [64.841554], [8.396747999999999], [0.005760217641721533]]
[900.0, 600.0, 0.001482, [0.009962708749999999], [23.324299999999997], [2.33243], [0.0027631582971302964]]
[900.0, 1800.0, 0.001274, [0.00856756555], [23.324299999999997], [2.33243], [0.0034976939481607015]]
[900.0, 2000.0, 0.00086, [0.0007023545777777776], [0.41983739999999997], [0.05597832], [0.00021176789635335647]]
[900.0, 1700.0, 0.001072, [0.0072055986999999995], [23.324299999999997], [2.33243], [0.0032224413869766503]]
[900.0, 1300.0, 0.001922, [0.012922699499999999], [23.324299999999997], [2.33243], [0.004307567512529548]]
[1000.0, 1600.0, 0.000675, [0.00453817715], [23.324299999999997], [2.33243], [0.002029534648632538]]
[1000.0, 1400.0, 0.00075, [0.010940444499999999], [64.841554], [8.396747999999999], [0.00446641819918377]]
[1000.0, 1500.0, 0.000536, [0.0036048118500000004], [23.324299999999997], [2.33243], [0.0018024055328920844]]
[1000.0, 700.0, 0.000799, [0.005369013049999999], [23.324299999999997], [2.33243], [0.0016188181190300533]]
[1000.0, 1900.0, 0.000693, [0.0005653614666666666], [0.41983739999999997], [0.05597832], [0.00015109919263455652]]
[1000.0, 1800.0, 0.000538, [0.0004393885755555555], [0.41983739999999997], [0.05597832], [0.00013248064085921813]]
[1000.0, 500.0, 0.000509, [0.0034234200499999997], [23.324299999999997], [2.33243], [0.0012939314317227167]]
[1000.0, 1000.0, 0.000625, [0.0091144377], [64.841554], [8.396747999999999], [0.004076100336105577]]
[1000.0, 200.0, 0.000796, [0.00534929975], [23.324299999999997], [2.33243], [0.001612874897504453]]
[1000.0, 1100.0, 0.000807, [0.00542357595], [23.324299999999997], [2.33243], [0.0022141654545223127]]
[1000.0, 2000.0, 0.000441, [0.0003601254133333333], [0.41983739999999997], [0.05597832], [0.00012004179749436865]]
[1000.0, 1700.0, 0.000675, [0.004537073149999999], [23.324299999999997], [2.33243], [0.0020290406550880144]]
[1000.0, 800.0, 0.001022, [0.0068702471999999995], [23.324299999999997], [2.33243], [0.0018361510211581176]]
[1000.0, 1300.0, 0.000843, [0.00566901125], [23.324299999999997], [2.33243], [0.0025352581382376035]]
[1000.0, 400.0, 0.001305, [0.0087723725], [23.324299999999997], [2.33243], [0.0020676680197749347]]
[1000.0, 300.0, 0.000668, [0.009741748899999998], [64.841554], [8.396747999999999], [0.0030806111049595333]]
[1000.0, 600.0, 0.000535, [0.007802825899999998], [64.841554], [8.396747999999999], [0.002758715534447145]]
[1000.0, 1200.0, 0.000688, [0.0005614795777777777], [0.41983739999999997], [0.05597832], [0.00015006169996881568]]
[1000.0, 100.0, 0.000735, [0.010719748], [64.841554], [8.396747999999999], [0.0032321260959312834]]
[1000.0, 900.0, 0.000725, [0.0048727708], [23.324299999999997], [2.33243], [0.0015409051649923169]]
[1100.0, 1300.0, 0.000538, [0.00043895735111111107], [0.41983739999999997], [0.05597832], [0.00010646280043537842]]
[1100.0, 1800.0, 0.000519, [0.0034899176499999995], [23.324299999999997], [2.33243], [0.0014247534672707416]]
[1100.0, 2000.0, 0.000476, [0.0003886795044444444], [0.41983739999999997], [0.05597832], [0.00010035662436690956]]
[1100.0, 700.0, 0.000653, [0.00439048725], [23.324299999999997], [2.33243], [0.0011734069392158883]]
[1100.0, 900.0, 0.000468, [0.0031463148999999998], [23.324299999999997], [2.33243], [0.0009949520604029122]]
[1100.0, 200.0, 0.000888, [0.005973204649999999], [23.324299999999997], [2.33243], [0.001370346967924547]]
[1100.0, 1900.0, 0.000609, [0.0040952696], [23.324299999999997], [2.33243], [0.0015478662514894497]]
[1100.0, 1500.0, 0.000379, [0.0003093968177777777], [0.41983739999999997], [0.05597832], [8.931517134338804e-05]]
[1100.0, 800.0, 0.000302, [0.0044004083], [64.841554], [8.396747999999999], [0.0016631982097753712]]
[1100.0, 500.0, 0.00042, [0.0028208050999999996], [23.324299999999997], [2.33243], [0.0009402682994762719]]
[1100.0, 1700.0, 0.000433, [0.00291213465], [23.324299999999997], [2.33243], [0.0013023459323467017]]
[1100.0, 400.0, 0.000606, [0.008834318399999999], [64.841554], [8.396747999999999], [0.0023610707105040287]]
[1100.0, 600.0, 0.000341, [0.0002780892688888889], [0.41983739999999997], [0.05597832], [6.218266925402571e-05]]
[1100.0, 1400.0, 0.000479, [0.0069811601], [64.841554], [8.396747999999999], [0.0028500471136456676]]
[1100.0, 100.0, 0.000653, [0.0043899732], [23.324299999999997], [2.33243], [0.001173269429841245]]
[1100.0, 1100.0, 0.000536, [0.0004375189822222222], [0.41983739999999997], [0.05597832], [0.00010611395393515917]]
[1100.0, 1000.0, 0.000345, [0.0023209587499999997], [23.324299999999997], [2.33243], [0.001160478783735403]]
[1100.0, 300.0, 0.000701, [0.004713350899999999], [23.324299999999997], [2.33243], [0.0012169820325296505]]
[1100.0, 1200.0, 0.000518, [0.0034795826], [23.324299999999997], [2.33243], [0.001420533514212178]]
[1100.0, 1600.0, 0.000608, [0.00408666415], [23.324299999999997], [2.33243], [0.001544613543090957]]
[1200.0, 100.0, 0.000583, [0.00391622035], [23.324299999999997], [2.33243], [0.0008984426059854909]]
[1200.0, 1400.0, 0.00026, [0.0037875227], [64.841554], [8.396747999999999], [0.001693831716847928]]
[1200.0, 1700.0, 0.000344, [0.0023094058499999993], [23.324299999999997], [2.33243], [0.0009428109322658492]]
[1200.0, 1800.0, 0.00045, [0.0030269816999999996], [23.324299999999997], [2.33243], [0.0010701994782516013]]
[1200.0, 700.0, 0.000334, [0.0022477980499999994], [23.324299999999997], [2.33243], [0.0006777365747471504]]
[1200.0, 200.0, 0.000617, [0.009000060999999998], [64.841554], [8.396747999999999], [0.0019188193005074757]]
[1200.0, 1900.0, 0.000269, [0.0002192949311111111], [0.41983739999999997], [0.05597832], [6.082147058359093e-05]]
[1200.0, 1200.0, 0.000248, [0.0002019815533333333], [0.41983739999999997], [0.05597832], [5.830704838489104e-05]]
[1200.0, 1100.0, 0.000618, [0.00415459235], [23.324299999999997], [2.33243], [0.0012526567347042844]]
[1200.0, 1300.0, 0.00034, [0.0022855433499999996], [23.324299999999997], [2.33243], [0.0009330689965109761]]
[1200.0, 2000.0, 0.000262, [0.0038135563999999998], [64.841554], [8.396747999999999], [0.0017054741164849146]]
[1200.0, 800.0, 0.000215, [0.007366807999999999], [200.58897999999996], [23.324299999999997], [0.002455602623390031]]
[1200.0, 1600.0, 0.000311, [0.00025383960222222224], [0.41983739999999997], [0.05597832], [6.554110725903813e-05]]
[1200.0, 1000.0, 0.000283, [0.0019016848500000001], [23.324299999999997], [2.33243], [0.0009508422263972083]]
[1200.0, 1500.0, 0.000397, [0.0026663566499999995], [23.324299999999997], [2.33243], [0.0010077882471035272]]
[1200.0, 300.0, 0.000563, [0.0082147076], [64.841554], [8.396747999999999], [0.0018368644408338901]]
[1200.0, 600.0, 0.000365, [0.00245270045], [23.324299999999997], [2.33243], [0.0007080336227892005]]
[1200.0, 500.0, 0.000309, [0.004510081499999999], [64.841554], [8.396747999999999], [0.0013598404509353294]]
[1200.0, 900.0, 0.000455, [0.0030617829999999998], [23.324299999999997], [2.33243], [0.0007905489290676446]]
[1200.0, 400.0, 0.000491, [0.007158584399999999], [64.841554], [8.396747999999999], [0.0019132118356313813]]
[1300.0, 1600.0, 0.000191, [0.00015577245777777775], [0.41983739999999997], [0.05597832], [4.163194368288387e-05]]
[1300.0, 1700.0, 0.000109, [8.883719333333333e-05], [0.41983739999999997], [0.05597832], [3.140869061145221e-05]]
[1300.0, 900.0, 0.000241, [0.0016182892], [23.324299999999997], [2.33243], [0.0004671596691710448]]
[1300.0, 200.0, 0.000361, [0.00242754075], [23.324299999999997], [2.33243], [0.0005721769499027377]]
[1300.0, 1800.0, 0.000408, [0.0027452639000000003], [23.324299999999997], [2.33243], [0.0008277281081369655]]
[1300.0, 1000.0, 0.000375, [0.00251905545], [23.324299999999997], [2.33243], [0.0007965952962452139]]
[1300.0, 1400.0, 0.000219, [0.00017826456666666666], [0.41983739999999997], [0.05597832], [4.4566136892610115e-05]]
[1300.0, 1200.0, 0.000274, [0.003998446499999999], [64.841554], [8.396747999999999], [0.0014136642734397724]]
[1300.0, 500.0, 0.000258, [0.0037558792999999994], [64.841554], [8.396747999999999], [0.0010038007391908015]]
[1300.0, 100.0, 0.00044, [0.00295815995], [23.324299999999997], [2.33243], [0.0006306818504602776]]
[1300.0, 1100.0, 0.000185, [0.0012447312499999999], [23.324299999999997], [2.33243], [0.0005566604667568912]]
[1300.0, 2000.0, 0.000223, [0.00150122725], [23.324299999999997], [2.33243], [0.0006128736162537917]]
[1300.0, 1300.0, 0.000274, [0.004000988], [64.841554], [8.396747999999999], [0.0014145626408894022]]
[1300.0, 1500.0, 0.00015, [0.00012268087555555556], [0.41983739999999997], [0.05597832], [3.6989679988870036e-05]]
[1300.0, 600.0, 0.00024, [0.0016135259], [23.324299999999997], [2.33243], [0.0004657844987223168]]
[1300.0, 300.0, 0.000282, [0.0018940638000000001], [23.324299999999997], [2.33243], [0.0005062097008651651]]
[1300.0, 1900.0, 0.000298, [0.0020002881499999996], [23.324299999999997], [2.33243], [0.0007072083930850933]]
[1300.0, 400.0, 0.00034, [0.0022855652], [23.324299999999997], [2.33243], [0.0005543311350176895]]
[1300.0, 700.0, 0.00028, [0.0018845486999999998], [23.324299999999997], [2.33243], [0.0005036669167217556]]
[1300.0, 800.0, 0.00026, [0.00174825185], [23.324299999999997], [2.33243], [0.0004848778317782738]]
[1400.0, 1100.0, 0.000126, [0.00010234279333333333], [0.41983739999999997], [0.05597832], [2.7352267624413348e-05]]
[1400.0, 400.0, 0.000239, [0.00160449035], [23.324299999999997], [2.33243], [0.0003781818319274473]]
[1400.0, 1500.0, 0.000109, [8.88605e-05], [0.41983739999999997], [0.05597832], [2.5651810727125033e-05]]
[1400.0, 1800.0, 0.000221, [0.00148634855], [23.324299999999997], [2.33243], [0.0004954497101119346]]
[1400.0, 1600.0, 0.000123, [0.000827168205], [23.324299999999997], [2.33243], [0.0003699208773508194]]
[1400.0, 1400.0, 0.000221, [0.00148708455], [23.324299999999997], [2.33243], [0.0004956949573578492]]
[1400.0, 600.0, 0.000146, [0.000981462785], [23.324299999999997], [2.33243], [0.0002959221732567534]]
[1400.0, 1700.0, 0.000173, [0.0011599233499999999], [23.324299999999997], [2.33243], [0.000438409955692158]]
[1400.0, 900.0, 0.000159, [0.001067533385], [23.324299999999997], [2.33243], [0.0003081703259968422]]
[1400.0, 100.0, 0.000225, [0.0015104180499999997], [23.324299999999997], [2.33243], [0.00036633014890942293]]
[1400.0, 700.0, 0.000145, [0.0009776636449999997], [23.324299999999997], [2.33243], [0.0002947766760193214]]
[1400.0, 2000.0, 0.000122, [0.000819678485], [23.324299999999997], [2.33243], [0.0003665714067545367]]
[1400.0, 800.0, 0.000146, [0.0021299688199999996], [64.841554], [8.396747999999999], [0.0006148690278425153]]
[1400.0, 1300.0, 0.000127, [0.00010324096888888887], [0.41983739999999997], [0.05597832], [2.759230859908537e-05]]
[1400.0, 300.0, 0.000253, [0.0016997149499999998], [23.324299999999997], [2.33243], [0.0003899412430097642]]
[1400.0, 1200.0, 0.000173, [0.0011599842999999999], [23.324299999999997], [2.33243], [0.0004384330319444464]]
[1400.0, 500.0, 0.000226, [0.0015160668499999998], [23.324299999999997], [2.33243], [0.00036770033893103763]]
[1400.0, 1000.0, 0.000148, [0.000994283215], [23.324299999999997], [2.33243], [0.00040591448853175954]]
[1400.0, 200.0, 0.000346, [0.0023235462499999996], [23.324299999999997], [2.33243], [0.0004556849424218448]]
[1400.0, 1900.0, 0.000145, [0.00011793372666666666], [0.41983739999999997], [0.05597832], [2.9483425726882426e-05]]
[1500.0, 1500.0, 0.000148, [0.00099177426], [23.324299999999997], [2.33243], [0.0003305914382965778]]
[1500.0, 1100.0, 0.000131, [0.0008799665449999999], [23.324299999999997], [2.33243], [0.00031111517300671783]]
[1500.0, 1800.0, 0.000115, [0.0007703128949999999], [23.324299999999997], [2.33243], [0.0002911508624836959]]
[1500.0, 400.0, 0.000155, [0.001041384915], [23.324299999999997], [2.33243], [0.0002783217873703027]]
[1500.0, 200.0, 0.000185, [0.0012447691999999998], [23.324299999999997], [2.33243], [0.00027163092506193024]]
[1500.0, 500.0, 0.000123, [0.0008286419299999999], [23.324299999999997], [2.33243], [0.00022146387566598756]]
[1500.0, 1300.0, 7.2e-05, [5.871148666666666e-05], [0.41983739999999997], [0.05597832], [1.6948547714468917e-05]]
[1500.0, 600.0, 0.000167, [0.0011227726], [23.324299999999997], [2.33243], [0.00025758172256586836]]
[1500.0, 1000.0, 9.8e-05, [0.00066172035], [23.324299999999997], [2.33243], [0.00027014618644356244]]
[1500.0, 2000.0, 7.6e-05, [0.00110169057], [64.841554], [8.396747999999999], [0.0004926910307687769]]
[1500.0, 800.0, 0.000124, [0.0008312532349999999], [23.324299999999997], [2.33243], [0.00022216178496762214]]
[1500.0, 1700.0, 6e-05, [0.0008749354099999999], [64.841554], [8.396747999999999], [0.00043746767869180916]]
[1500.0, 1200.0, 0.000115, [0.0007734069700000001], [23.324299999999997], [2.33243], [0.0002923203411071491]]
[1500.0, 300.0, 0.000221, [0.0014847948999999999], [23.324299999999997], [2.33243], [0.0002969589490148428]]
[1500.0, 1400.0, 9.8e-05, [0.00065806243], [23.324299999999997], [2.33243], [0.0002686528978068169]]
[1500.0, 100.0, 0.000159, [0.00106780605], [23.324299999999997], [2.33243], [0.00025168432450194426]]
[1500.0, 900.0, 7.4e-05, [6.038552888888888e-05], [0.41983739999999997], [0.05597832], [1.2591258270701392e-05]]
[1500.0, 700.0, 9.7e-05, [0.0006518584099999999], [23.324299999999997], [2.33243], [0.000196542738291192]]
[1500.0, 1900.0, 0.00012, [9.759973333333333e-05], [0.41983739999999997], [0.05597832], [2.1823965646582425e-05]]
[1500.0, 1600.0, 9e-05, [0.0013184207199999998], [64.841554], [8.396747999999999], [0.0005382430495603264]]
[1600.0, 1500.0, 7.7e-05, [0.0005163808200000001], [23.324299999999997], [2.33243], [0.0001951736010581349]]
[1600.0, 100.0, 8.7e-05, [0.000588128975], [23.324299999999997], [2.33243], [0.00020793501052011418]]
[1600.0, 1300.0, 7.7e-05, [0.000518204835], [23.324299999999997], [2.33243], [0.00019586299535644808]]
[1600.0, 900.0, 7e-05, [0.00102642123], [64.841554], [8.396747999999999], [0.0003879506890057034]]
[1600.0, 300.0, 0.00011, [0.0007374452049999999], [23.324299999999997], [2.33243], [0.00023320066241329585]]
[1600.0, 500.0, 9.8e-05, [0.00065927016], [23.324299999999997], [2.33243], [0.00021975672538058986]]
[1600.0, 1000.0, 4e-05, [3.2798071555555555e-05], [0.41983739999999997], [0.05597832], [1.03716598050221e-05]]
[1600.0, 1200.0, 6e-05, [4.8582118e-05], [0.41983739999999997], [0.05597832], [1.2543848581458875e-05]]
[1600.0, 1800.0, 9.9e-05, [0.0006626434549999999], [23.324299999999997], [2.33243], [0.0002208811439439772]]
[1600.0, 1100.0, 6.8e-05, [5.5710446666666667e-05], [0.41983739999999997], [0.05597832], [1.3511774939832714e-05]]
[1600.0, 1900.0, 7.7e-05, [0.0005156710399999999], [23.324299999999997], [2.33243], [0.0001949053574173886]]
[1600.0, 1700.0, 4.8e-05, [3.935471222222222e-05], [0.41983739999999997], [0.05597832], [1.1360727324134372e-05]]
[1600.0, 800.0, 6.5e-05, [0.00043976735999999995], [23.324299999999997], [2.33243], [0.00017953430069209613]]
[1600.0, 200.0, 0.000132, [0.0019254286699999998], [64.841554], [8.396747999999999], [0.000534017851480641]]
[1600.0, 1600.0, 8.7e-05, [0.0005868755900000001], [23.324299999999997], [2.33243], [0.0002074918711660772]]
[1600.0, 2000.0, 5e-05, [0.00073603059], [64.841554], [8.396747999999999], [0.00032916294733763697]]
[1600.0, 1400.0, 5.5e-05, [0.000367789205], [23.324299999999997], [2.33243], [0.00016448035558996093]]
[1600.0, 700.0, 7.7e-05, [0.0005153580099999999], [23.324299999999997], [2.33243], [0.000194786985063171]]
[1600.0, 400.0, 0.000109, [0.0007346708299999999], [23.324299999999997], [2.33243], [0.000232323340411591]]
[1600.0, 600.0, 0.000109, [0.0007335904049999999], [23.324299999999997], [2.33243], [0.0002319816531538647]]
[1700.0, 900.0, 7.3e-05, [0.000489742565], [23.324299999999997], [2.33243], [0.00015487020581764584]]
[1700.0, 1500.0, 4.6e-05, [3.726110911111111e-05], [0.41983739999999997], [0.05597832], [9.037146905828788e-06]]
[1700.0, 1800.0, 7.3e-05, [5.916811333333333e-05], [0.41983739999999997], [0.05597832], [1.1386912060414138e-05]]
[1700.0, 700.0, 8.1e-05, [0.0005444333449999999], [23.324299999999997], [2.33243], [0.00016415282239425554]]
[1700.0, 500.0, 8.8e-05, [0.0005914115349999998], [23.324299999999997], [2.33243], [0.0001707258178337418]]
[1700.0, 300.0, 7.3e-05, [0.00049281295], [23.324299999999997], [2.33243], [0.00015584112462697385]]
[1700.0, 800.0, 7.3e-05, [0.000489498535], [23.324299999999997], [2.33243], [0.00015479303303120588]]
[1700.0, 1300.0, 5.6e-05, [4.5949123999999996e-05], [0.41983739999999997], [0.05597832], [1.0026922753329386e-05]]
[1700.0, 400.0, 0.000139, [0.0009319782849999999], [23.324299999999997], [2.33243], [0.00021381051622873932]]
[1700.0, 1000.0, 8.8e-05, [0.0005885084749999999], [23.324299999999997], [2.33243], [0.00016988777612000222]]
[1700.0, 2000.0, 7.4e-05, [0.00049580433], [23.324299999999997], [2.33243], [0.0001567870541530773]]
[1700.0, 1600.0, 4.4e-05, [0.00029534920999999995], [23.324299999999997], [2.33243], [0.00012057584107108687]]
[1700.0, 1400.0, 5.2e-05, [0.00034668382999999996], [23.324299999999997], [2.33243], [0.00013103416109931025]]
[1700.0, 1200.0, 3.2e-05, [2.629191333333333e-05], [0.41983739999999997], [0.05597832], [7.589821022955271e-06]]
[1700.0, 100.0, 5.9e-05, [0.00039344627999999995], [23.324299999999997], [2.33243], [0.00013910427761215684]]
[1700.0, 1700.0, 4.3e-05, [3.490976288888889e-05], [0.41983739999999997], [0.05597832], [8.727438861797873e-06]]
[1700.0, 1900.0, 6.7e-05, [0.00044900462], [23.324299999999997], [2.33243], [0.0001496682034535058]]
[1700.0, 1100.0, 4e-05, [0.00058932624], [64.841554], [8.396747999999999], [0.0002405914337627173]]
[1700.0, 600.0, 5.1e-05, [0.00034552474499999994], [23.324299999999997], [2.33243], [0.00013059605775060746]]
[1700.0, 200.0, 8.8e-05, [0.0005888617549999999], [23.324299999999997], [2.33243], [0.00016998972314525367]]
[1800.0, 600.0, 2.7e-05, [2.2104829777777773e-05], [0.41983739999999997], [0.05597832], [5.707443007075265e-06]]
[1800.0, 1800.0, 4.1e-05, [3.371105911111111e-05], [0.41983739999999997], [0.05597832], [7.0292403326619145e-06]]
[1800.0, 400.0, 5.9e-05, [0.0008564187999999999], [64.841554], [8.396747999999999], [0.00023752787183823292]]
[1800.0, 1300.0, 2.9e-05, [0.00019801413], [23.324299999999997], [2.33243], [8.083893078214233e-05]]
[1800.0, 1200.0, 3.2e-05, [0.00046280070999999996], [64.841554], [8.396747999999999], [0.00017492225067154834]]
[1800.0, 1700.0, 2.5e-05, [0.00016637072999999998], [23.324299999999997], [2.33243], [7.440324920660385e-05]]
[1800.0, 500.0, 6.4e-05, [0.00043002570999999993], [23.324299999999997], [2.33243], [0.00011926769700971004]]
[1800.0, 1600.0, 4.4e-05, [0.00029570525], [23.324299999999997], [2.33243], [9.856840457266212e-05]]
[1800.0, 1000.0, 4.1e-05, [3.362726244444444e-05], [0.41983739999999997], [0.05597832], [7.011768269959078e-06]]
[1800.0, 700.0, 3.9e-05, [0.00026451563999999993], [23.324299999999997], [2.33243], [9.352040122347636e-05]]
[1800.0, 200.0, 7.4e-05, [0.0004962588099999999], [23.324299999999997], [2.33243], [0.0001281334830362462]]
[1800.0, 800.0, 3.6e-05, [0.00052891352], [64.841554], [8.396747999999999], [0.00018699912339366725]]
[1800.0, 2000.0, 3.2e-05, [2.6468916222222218e-05], [0.41983739999999997], [0.05597832], [6.238782680405956e-06]]
[1800.0, 1100.0, 2.5e-05, [2.0408748444444447e-05], [0.41983739999999997], [0.05597832], [5.454468006558285e-06]]
[1800.0, 900.0, 3.4e-05, [0.00023100164999999997], [23.324299999999997], [2.33243], [8.731043568783745e-05]]
[1800.0, 1500.0, 3.4e-05, [0.00022995974999999997], [23.324299999999997], [2.33243], [8.69166393879791e-05]]
[1800.0, 1400.0, 3.8e-05, [3.126713533333333e-05], [0.41983739999999997], [0.05597832], [7.583393982663455e-06]]
[1800.0, 1900.0, 3.1e-05, [2.5097804444444445e-05], [0.41983739999999997], [0.05597832], [6.087112319898634e-06]]
[1800.0, 100.0, 5.9e-05, [0.0008586256499999999], [64.841554], [8.396747999999999], [0.00023813987192404382]]
[1800.0, 300.0, 4.9e-05, [0.00033028505999999996], [23.324299999999997], [2.33243], [0.00010444528300741971]]
[1900.0, 300.0, 4.6e-05, [0.00030962278000000004], [23.324299999999997], [2.33243], [8.275015965241396e-05]]
[1900.0, 1600.0, 2.2e-05, [1.773654711111111e-05], [0.41983739999999997], [0.05597832], [4.180543968385566e-06]]
[1900.0, 600.0, 2.6e-05, [0.0008881859399999999], [200.58897999999996], [23.324299999999997], [0.0002808691217631443]]
[1900.0, 1500.0, 2.1e-05, [0.00030888447999999997], [64.841554], [8.396747999999999], [0.00011674732939129697]]
[1900.0, 500.0, 3e-05, [0.00019880095999999997], [23.324299999999997], [2.33243], [6.626696760075866e-05]]
[1900.0, 1700.0, 1.2e-05, [9.83738111111111e-06], [0.41983739999999997], [0.05597832], [3.1108533305902486e-06]]
[1900.0, 1800.0, 1.9e-05, [1.576617288888889e-05], [0.41983739999999997], [0.05597832], [3.941543943277827e-06]]
[1900.0, 800.0, 3.3e-05, [0.00022190871499999995], [23.324299999999997], [2.33243], [7.017368411662595e-05]]
[1900.0, 1300.0, 2.3e-05, [0.0001550108], [23.324299999999997], [2.33243], [5.858858941807696e-05]]
[1900.0, 1000.0, 1.8e-05, [0.00026568312], [64.841554], [8.396747999999999], [0.00010846464456217979]]
[1900.0, 1900.0, 3e-05, [0.00020019729], [23.324299999999997], [2.33243], [6.673242013819069e-05]]
[1900.0, 1200.0, 3.6e-05, [0.00024489227], [23.324299999999997], [2.33243], [7.383781851124802e-05]]
[1900.0, 100.0, 3e-05, [0.00019913342499999997], [23.324299999999997], [2.33243], [6.637779677723568e-05]]
[1900.0, 2000.0, 2e-05, [1.667841422222222e-05], [0.41983739999999997], [0.05597832], [4.045109447770782e-06]]
[1900.0, 1100.0, 1.8e-05, [1.4882891111111109e-05], [0.41983739999999997], [0.05597832], [3.842745644573537e-06]]
[1900.0, 900.0, 2.6e-05, [0.00017629189499999997], [23.324299999999997], [2.33243], [6.232858900616955e-05]]
[1900.0, 200.0, 3.4e-05, [0.00048883188], [64.841554], [8.396747999999999], [0.00014738837165801107]]
[1900.0, 400.0, 4.6e-05, [0.000310021255], [23.324299999999997], [2.33243], [8.285665804568754e-05]]
[1900.0, 700.0, 3.6e-05, [0.00053076571], [64.841554], [8.396747999999999], [0.000153218829162737]]
[1900.0, 1400.0, 2.6e-05, [0.00017782886999999999], [23.324299999999997], [2.33243], [6.28720155752939e-05]]
[2000.0, 1500.0, 2e-05, [0.00029775133], [64.841554], [8.396747999999999], [9.415720774322059e-05]]
[2000.0, 1200.0, 1.1e-05, [7.4181601e-05], [23.324299999999997], [2.33243], [3.709080721688327e-05]]
[2000.0, 1300.0, 1.3e-05, [8.8866963e-05], [23.324299999999997], [2.33243], [3.627978436746833e-05]]
[2000.0, 300.0, 2e-05, [0.000134604625], [23.324299999999997], [2.33243], [4.486821937630242e-05]]
[2000.0, 900.0, 2.7e-05, [0.00017848851], [23.324299999999997], [2.33243], [5.1525197840474125e-05]]
[2000.0, 1900.0, 1.6e-05, [0.00010449102399999998], [23.324299999999997], [2.33243], [3.949390335861979e-05]]
[2000.0, 1600.0, 1.6e-05, [1.3220624888888888e-05], [0.41983739999999997], [0.05597832], [2.956220892530207e-06]]
[2000.0, 500.0, 2.6e-05, [0.00017696636999999998], [23.324299999999997], [2.33243], [5.108577783982544e-05]]
[2000.0, 600.0, 1.6e-05, [0.00023619366999999997], [64.841554], [8.396747999999999], [8.350710568568401e-05]]
[2000.0, 200.0, 2.7e-05, [0.00017854693], [23.324299999999997], [2.33243], [5.15420583358872e-05]]
[2000.0, 1800.0, 2.2e-05, [0.00014974241999999997], [23.324299999999997], [2.33243], [4.735272151629724e-05]]
[2000.0, 2000.0, 1.1e-05, [8.566932666666666e-06], [0.41983739999999997], [0.05597832], [2.376039511040313e-06]]
[2000.0, 400.0, 2.6e-05, [0.00017778424999999998], [23.324299999999997], [2.33243], [5.132188582856245e-05]]
[2000.0, 1100.0, 2.1e-05, [1.7247654e-05], [0.41983739999999997], [0.05597832], [3.3825432188163527e-06]]
[2000.0, 100.0, 2.5e-05, [0.00035796556], [64.841554], [8.396747999999999], [0.00010333577749259933]]
[2000.0, 1400.0, 1.5e-05, [0.0001041483585], [23.324299999999997], [2.33243], [3.9364384092730316e-05]]
[2000.0, 1700.0, 1.1e-05, [7.41858905e-05], [23.324299999999997], [2.33243], [3.317694392948211e-05]]
[2000.0, 700.0, 3.5e-05, [0.00023650060499999997], [23.324299999999997], [2.33243], [5.912516731477383e-05]]
[2000.0, 1000.0, 1.4e-05, [0.00020905509599999998], [64.841554], [8.396747999999999], [7.901539451271503e-05]]
[2000.0, 800.0, 2e-05, [0.00013445179], [23.324299999999997], [2.33243], [4.4817272033223965e-05]]
[2100.0, 200.0, 1.8e-05, [0.00011958941999999999], [23.324299999999997], [2.33243], [3.4522496248823026e-05]]
[2100.0, 100.0, 2.1e-05, [0.00013977927999999997], [23.324299999999997], [2.33243], [3.7357569012182785e-05]]
[2100.0, 400.0, 1.8e-05, [0.00011917519], [23.324299999999997], [2.33243], [3.440292801855679e-05]]
[2100.0, 1400.0, 1.3e-05, [8.9418549e-05], [23.324299999999997], [2.33243], [2.9806185322848676e-05]]
[2100.0, 500.0, 1.3e-05, [8.976829849999998e-05], [23.324299999999997], [2.33243], [2.9922761336480956e-05]]
[2100.0, 800.0, 6e-06, [3.9607161499999994e-05], [23.324299999999997], [2.33243], [1.9803584340972216e-05]]
[2100.0, 300.0, 1.6e-05, [0.0001098450215], [23.324299999999997], [2.33243], [3.311952482298017e-05]]
[2100.0, 600.0, 1.6e-05, [0.00023972462999999997], [64.841554], [8.396747999999999], [6.920252827028793e-05]]
[2100.0, 700.0, 1.6e-05, [0.00010935050999999998], [23.324299999999997], [2.33243], [3.2970417771086854e-05]]
[2100.0, 1000.0, 9e-06, [5.9664184999999996e-05], [23.324299999999997], [2.33243], [2.4357800860299356e-05]]
[2100.0, 1700.0, 1e-05, [8.004572444444443e-06], [0.41983739999999997], [0.05597832], [1.8866965892143564e-06]]
[2100.0, 1800.0, 9e-06, [7.530997333333332e-06], [0.41983739999999997], [0.05597832], [1.8265354886664601e-06]]
[2100.0, 1900.0, 8e-06, [6.175924222222222e-06], [0.41983739999999997], [0.05597832], [1.6505850425579557e-06]]
[2100.0, 900.0, 1.5e-05, [9.96763535e-05], [23.324299999999997], [2.33243], [3.152042801898477e-05]]
[2100.0, 2000.0, 1.6e-05, [0.000109772422], [23.324299999999997], [2.33243], [3.309763133518772e-05]]
[2100.0, 1200.0, 1.5e-05, [9.9144835e-05], [23.324299999999997], [2.33243], [3.135234730845523e-05]]
[2100.0, 1500.0, 1e-05, [6.948853149999999e-05], [23.324299999999997], [2.33243], [2.626419236336804e-05]]
[2100.0, 1100.0, 7e-06, [0.000237532914], [200.58897999999996], [23.324299999999997], [9.69724078694553e-05]]
[2100.0, 1300.0, 8e-06, [6.190388666666665e-06], [0.41983739999999997], [0.05597832], [1.6544509558859997e-06]]
[2100.0, 1600.0, 7e-06, [4.9529027999999996e-05], [23.324299999999997], [2.33243], [2.2150056828369538e-05]]
[2200.0, 1700.0, 4e-06, [3.5709140666666666e-06], [0.41983739999999997], [0.05597832], [1.0308340741336898e-06]]
[2200.0, 1100.0, 9e-06, [5.9683780999999994e-05], [23.324299999999997], [2.33243], [1.9894594504538158e-05]]
[2200.0, 200.0, 1.8e-05, [0.00011968521499999998], [23.324299999999997], [2.33243], [2.8210076634954394e-05]]
[2200.0, 1800.0, 5e-06, [3.333944299999999e-05], [23.324299999999997], [2.33243], [1.66697210609536e-05]]
[2200.0, 900.0, 9e-06, [5.9928006499999994e-05], [23.324299999999997], [2.33243], [1.997599984981978e-05]]
[2200.0, 1000.0, 1.1e-05, [7.322169599999999e-05], [23.324299999999997], [2.33243], [2.2077172735656164e-05]]
[2200.0, 1300.0, 8e-06, [5.2941193e-05], [23.324299999999997], [2.33243], [1.8717538626913525e-05]]
[2200.0, 1900.0, 7e-06, [5.310475111111111e-06], [0.41983739999999997], [0.05597832], [1.251691284267455e-06]]
[2200.0, 1400.0, 8e-06, [5.315416149999999e-05], [23.324299999999997], [2.33243], [1.8792833294902606e-05]]
[2200.0, 1600.0, 6e-06, [4.693898266666666e-06], [0.41983739999999997], [0.05597832], [1.1734744912985518e-06]]
[2200.0, 800.0, 6e-06, [9.363826699999999e-05], [64.841554], [8.396747999999999], [3.539194830748937e-05]]
[2200.0, 400.0, 1.1e-05, [7.275707299999999e-05], [23.324299999999997], [2.33243], [2.1937087238282113e-05]]
[2200.0, 600.0, 9e-06, [6.006647799999999e-05], [23.324299999999997], [2.33243], [2.0022160529023833e-05]]
[2200.0, 2000.0, 6e-06, [4.7026076e-06], [0.41983739999999997], [0.05597832], [1.175651773840083e-06]]
[2200.0, 500.0, 1.1e-05, [7.285100499999999e-05], [23.324299999999997], [2.33243], [2.1965406409852742e-05]]
[2200.0, 700.0, 9e-06, [5.96807795e-05], [23.324299999999997], [2.33243], [1.9893594025464577e-05]]
[2200.0, 300.0, 1e-05, [6.625701999999999e-05], [23.324299999999997], [2.33243], [2.0952312008463406e-05]]
[2200.0, 1200.0, 5e-06, [3.2970580499999996e-05], [23.324299999999997], [2.33243], [1.4744892624227549e-05]]
[2200.0, 1500.0, 8e-06, [5.3544954499999995e-05], [23.324299999999997], [2.33243], [1.8931001564893494e-05]]
[2200.0, 100.0, 1.3e-05, [8.64270655e-05], [23.324299999999997], [2.33243], [2.3970557628056966e-05]]
[2300.0, 700.0, 5e-06, [7.081854099999999e-05], [64.841554], [8.396747999999999], [2.5038127905256814e-05]]
[2300.0, 100.0, 9e-06, [5.744466199999999e-05], [23.324299999999997], [2.33243], [1.5932286104009054e-05]]
[2300.0, 1800.0, 5e-06, [3.08526715e-05], [23.324299999999997], [2.33243], [1.1661215481243797e-05]]
[2300.0, 1000.0, 3e-06, [1.7704802e-05], [23.324299999999997], [2.33243], [8.852400170292801e-06]]
[2300.0, 1500.0, 7e-06, [4.4142865e-05], [23.324299999999997], [2.33243], [1.3959200048713392e-05]]
[2300.0, 1200.0, 5e-06, [7.109815199999998e-05], [64.841554], [8.396747999999999], [2.513700083542187e-05]]
[2300.0, 500.0, 9e-06, [0.00012451328299999999], [64.841554], [8.396747999999999], [3.327757446088882e-05]]
[2300.0, 1900.0, 5e-06, [3.5435111e-05], [23.324299999999997], [2.33243], [1.252820366213768e-05]]
[2300.0, 1300.0, 5e-06, [3.537106749999999e-05], [23.324299999999997], [2.33243], [1.2505561302876413e-05]]
[2300.0, 1600.0, 4e-06, [3.1389071111111106e-06], [0.41983739999999997], [0.05597832], [7.847268506451508e-07]]
[2300.0, 1700.0, 6e-06, [3.9548477e-05], [23.324299999999997], [2.33243], [1.3182827760006574e-05]]
[2300.0, 1400.0, 4e-06, [2.6526842999999996e-05], [23.324299999999997], [2.33243], [1.0829540902088139e-05]]
[2300.0, 1100.0, 6e-06, [3.99847755e-05], [23.324299999999997], [2.33243], [1.3328256900285198e-05]]
[2300.0, 900.0, 5e-06, [3.0983069999999996e-05], [23.324299999999997], [2.33243], [1.1710501441014384e-05]]
[2300.0, 2000.0, 5e-06, [3.0940577499999995e-05], [23.324299999999997], [2.33243], [1.1694442675903797e-05]]
[2300.0, 300.0, 9e-06, [5.7516778499999996e-05], [23.324299999999997], [2.33243], [1.595228666994171e-05]]
[2300.0, 200.0, 7e-06, [9.772437799999998e-05], [64.841554], [8.396747999999999], [2.9465010860340774e-05]]
[2300.0, 400.0, 6e-06, [8.9110832e-05], [64.841554], [8.396747999999999], [2.8179318036460705e-05]]
[2300.0, 800.0, 9e-06, [5.768383899999999e-05], [23.324299999999997], [2.33243], [1.599861632298243e-05]]
[2300.0, 600.0, 7e-06, [4.8564672499999994e-05], [23.324299999999997], [2.33243], [1.464279695789025e-05]]
[2400.0, 1200.0, 3e-06, [2.0540943499999997e-05], [23.324299999999997], [2.33243], [7.763747862662723e-06]]
[2400.0, 1500.0, 2e-06, [2.9336063e-05], [64.841554], [8.396747999999999], [1.3119487093632892e-05]]
[2400.0, 1100.0, 3e-06, [2.937652e-05], [32.18753399999999], [5.5978319999999995], [2.937652884532139e-05]]
[2400.0, 1600.0, 4e-06, [2.93876865e-05], [23.324299999999997], [2.33243], [9.293203294612681e-06]]
[2400.0, 400.0, 3e-06, [9.367748199999999e-05], [200.58897999999996], [23.324299999999997], [3.3119993611110496e-05]]
[2400.0, 1300.0, 4e-06, [3.6536118444444444e-06], [0.41983739999999997], [0.05597832], [6.904677920452566e-07]]
[2400.0, 200.0, 7e-06, [4.3913325e-05], [23.324299999999997], [2.33243], [1.1338372497849942e-05]]
[2400.0, 1700.0, 3e-06, [1.76489925e-05], [23.324299999999997], [2.33243], [7.205171715511018e-06]]
[2400.0, 2000.0, 2e-06, [1.4758593999999998e-05], [23.324299999999997], [2.33243], [6.6002446431931584e-06]]
[2400.0, 600.0, 8e-06, [0.000111991186], [64.841554], [8.396747999999999], [2.569253397389989e-05]]
[2400.0, 1900.0, 3e-06, [1.7561213e-05], [23.324299999999997], [2.33243], [7.169335567191702e-06]]
[2400.0, 700.0, 5e-06, [3.23136545e-05], [23.324299999999997], [2.33243], [9.742934111447126e-06]]
[2400.0, 100.0, 6e-06, [3.826091399999999e-05], [23.324299999999997], [2.33243], [1.0611666983796655e-05]]
[2400.0, 1800.0, 2e-06, [1.4662430999999999e-05], [23.324299999999997], [2.33243], [6.557236065980848e-06]]
[2400.0, 500.0, 6e-06, [3.82552215e-05], [23.324299999999997], [2.33243], [1.0610088465700933e-05]]
[2400.0, 900.0, 4e-06, [5.8708258999999996e-05], [64.841554], [8.396747999999999], [1.856518341950868e-05]]
[2400.0, 1400.0, 2e-06, [1.46677095e-05], [23.324299999999997], [2.33243], [6.559596370966737e-06]]
[2400.0, 800.0, 3e-06, [9.395288399999999e-05], [200.58897999999996], [23.324299999999997], [3.321736092467311e-05]]
[2400.0, 300.0, 7e-06, [4.40548095e-05], [23.324299999999997], [2.33243], [1.1374903983111242e-05]]
[2400.0, 1000.0, 6e-06, [4.1073158499999995e-05], [23.324299999999997], [2.33243], [1.0977264144585387e-05]]
[2500.0, 400.0, 3e-06, [3.8949649e-05], [64.841554], [8.396747999999999], [1.2316960635643844e-05]]
[2500.0, 1300.0, 2e-06, [1.8112443777777777e-06], [0.41983739999999997], [0.05597832], [3.9524589377147213e-07]]
[2500.0, 500.0, 3e-06, [1.7462117499999998e-05], [23.324299999999997], [2.33243], [5.820707703965213e-06]]
[2500.0, 900.0, 3e-06, [4.6825699999999995e-05], [64.841554], [8.396747999999999], [1.3517411320219563e-05]]
[2500.0, 1400.0, 2e-06, [1.5539271499999997e-05], [23.324299999999997], [2.33243], [5.493961764974343e-06]]
[2500.0, 200.0, 4e-06, [2.5281392999999996e-05], [23.324299999999997], [2.33243], [7.011797178683935e-06]]
[2500.0, 1900.0, 2e-06, [1.2901752888888887e-06], [0.41983739999999997], [0.05597832], [3.3312189634900987e-07]]
[2500.0, 1000.0, 2e-06, [1.5568297499999998e-05], [23.324299999999997], [2.33243], [5.504223653250292e-06]]
[2500.0, 1800.0, 3e-06, [1.75130855e-05], [23.324299999999997], [2.33243], [5.837693836182229e-06]]
[2500.0, 1700.0, 2e-06, [1.16217965e-05], [23.324299999999997], [2.33243], [4.744575837206103e-06]]
[2500.0, 800.0, 2e-06, [3.9198228399999997e-05], [110.09069599999998], [15.394037999999998], [3.9198230021264995e-05]]
[2500.0, 700.0, 3e-06, [4.278356499999999e-05], [64.841554], [8.396747999999999], [1.289972997779411e-05]]
[2500.0, 1600.0, 1e-06, [9.658703950000001e-06], [23.324299999999997], [2.33243], [4.319504711190856e-06]]
[2500.0, 1100.0, 2e-06, [2.7236116999999998e-05], [64.841554], [8.396747999999999], [1.0294287163276533e-05]]
[2500.0, 600.0, 4e-06, [2.5132076999999997e-05], [23.324299999999997], [2.33243], [6.970386124527105e-06]]
[2500.0, 300.0, 3e-06, [1.75106475e-05], [23.324299999999997], [2.33243], [5.8368838818328395e-06]]
[2500.0, 2000.0, 2e-06, [1.3662793499999998e-05], [23.324299999999997], [2.33243], [5.1640506387912195e-06]]
[2500.0, 1200.0, 2e-06, [1.5532155555555554e-06], [0.41983739999999997], [0.05597832], [3.660964052349134e-07]]
[2500.0, 100.0, 2e-06, [2.7202559999999997e-05], [64.841554], [8.396747999999999], [1.0281599423241502e-05]]
[2500.0, 1500.0, 3e-06, [2.1203481499999997e-05], [23.324299999999997], [2.33243], [6.393089863282073e-06]]
[2600.0, 800.0, 2e-06, [3.09304e-05], [64.841554], [8.396747999999999], [8.928835803171654e-06]]
[2600.0, 2000.0, 2e-06, [1.3666681777777779e-06], [0.41983739999999997], [0.05597832], [2.789699975018332e-07]]
[2600.0, 900.0, 3e-06, [1.7984608499999997e-05], [23.324299999999997], [2.33243], [4.806590054290047e-06]]
[2600.0, 1000.0, 2e-06, [1.4131637e-05], [23.324299999999997], [2.33243], [4.260848548118085e-06]]
[2600.0, 200.0, 2e-06, [3.3250294999999995e-05], [64.841554], [8.396747999999999], [9.221976127707119e-06]]
[2600.0, 1100.0, 2e-06, [1.0289049999999998e-05], [23.324299999999997], [2.33243], [3.637728308986255e-06]]
[2600.0, 1500.0, 1e-06, [7.680686699999999e-06], [64.841554], [8.396747999999999], [4.4344453317184996e-06]]
[2600.0, 700.0, 2e-06, [1.1555487499999999e-05], [23.324299999999997], [2.33243], [3.8518271054137405e-06]]
[2600.0, 1800.0, 1e-06, [7.666889e-06], [64.841554], [8.396747999999999], [4.426481908920446e-06]]
[2600.0, 1600.0, 1e-06, [7.6812824e-06], [64.841554], [8.396747999999999], [4.434791269045253e-06]]
[2600.0, 1400.0, 2e-06, [1.310738822222222e-06], [0.41983739999999997], [0.05597832], [2.733079867199974e-07]]
[2600.0, 1300.0, 1e-06, [7.6531143e-06], [64.841554], [8.396747999999999], [4.418528078444223e-06]]
[2600.0, 600.0, 2e-06, [1.4118308499999998e-05], [23.324299999999997], [2.33243], [4.2568318354146896e-06]]
[2600.0, 1700.0, 1e-06, [8.947400199999998e-06], [23.324299999999997], [2.33243], [3.381799233765955e-06]]
[2600.0, 400.0, 2e-06, [3.0678757e-05], [64.841554], [8.396747999999999], [8.856194724598143e-06]]
[2600.0, 300.0, 3e-06, [1.7966266e-05], [23.324299999999997], [2.33243], [4.801687255538411e-06]]
[2600.0, 1900.0, 2e-06, [1.1556211999999999e-05], [23.324299999999997], [2.33243], [3.852070871622172e-06]]
[2600.0, 1200.0, 1e-06, [6.3947509499999995e-06], [23.324299999999997], [2.33243], [2.8598194820652574e-06]]
[2600.0, 100.0, 2e-06, [2.3043515999999998e-05], [64.841554], [8.396747999999999], [7.681170164760055e-06]]
[2600.0, 500.0, 2e-06, [2.2954756699999997e-05], [64.841554], [8.396747999999999], [7.651585299792455e-06]]
[2700.0, 1400.0, 1e-06, [6.347003333333333e-07], [0.41983739999999997], [0.05597832], [1.5393746062189036e-07]]
[2700.0, 1000.0, 1e-06, [3.694530939999999e-05], [391.84824], [51.31345999999999], [1.1139430701790823e-05]]
[2700.0, 800.0, 1e-06, [9.2422832e-06], [23.324299999999997], [2.33243], [2.786653366495374e-06]]
[2700.0, 900.0, 1e-06, [8.4003774e-06], [64.841554], [8.396747999999999], [3.7567625770069637e-06]]
[2700.0, 600.0, 1e-06, [2.6872031599999994e-05], [200.58897999999996], [23.324299999999997], [9.500699508983536e-06]]
[2700.0, 1100.0, 1e-06, [4.2155296999999994e-06], [9.796206], [1.3994579999999999], [2.1077645990480056e-06]]
[2700.0, 1300.0, 1e-06, [8.3967825e-06], [64.841554], [8.396747999999999], [3.7551548556617473e-06]]
[2700.0, 400.0, 2e-06, [1.2591384499999999e-05], [23.324299999999997], [2.33243], [3.2510827465630583e-06]]
[2700.0, 1700.0, 1e-06, [4.2346404e-06], [23.324299999999997], [2.33243], [1.8937884913579973e-06]]
[2700.0, 100.0, 2e-06, [2.3546020000000003e-05], [64.841554], [8.396747999999999], [6.292939965548693e-06]]
[2700.0, 2000.0, 1e-06, [8.393935099999998e-06], [64.841554], [8.396747999999999], [3.7538818521631707e-06]]
[2700.0, 1200.0, 1e-06, [1.3403891699999997e-05], [64.841554], [8.396747999999999], [4.738991910733758e-06]]
[2700.0, 700.0, 1e-06, [2.6704260399999998e-05], [200.58897999999996], [23.324299999999997], [9.441380937129907e-06]]
[2700.0, 300.0, 1e-06, [2.33470424e-05], [200.58897999999996], [23.324299999999997], [8.824353982020439e-06]]
[2700.0, 1800.0, 1e-06, [4.198525799999999e-06], [23.324299999999997], [2.33243], [1.8776380022517653e-06]]
[2700.0, 200.0, 2e-06, [1.6780857499999998e-05], [23.324299999999997], [2.33243], [3.7523127235079963e-06]]
[2700.0, 1500.0, 1e-06, [5.0472338499999995e-06], [23.324299999999997], [2.33243], [2.0605243537750285e-06]]
[2700.0, 500.0, 2e-06, [2.19356359e-05], [64.841554], [8.396747999999999], [6.083850424689943e-06]]
[2700.0, 1900.0, 1e-06, [6.31367888888889e-07], [0.41983739999999997], [0.05597832], [1.531292812634047e-07]]
[2700.0, 1600.0, 1e-06, [5.04378615e-06], [23.324299999999997], [2.33243], [2.0591176308069434e-06]]
[2800.0, 1500.0, 1e-06, [6.316316222222222e-07], [0.41983739999999997], [0.05597832], [1.2387308965526267e-07]]
[2800.0, 200.0, 1e-06, [1.30694257e-05], [64.841554], [8.396747999999999], [3.772818234423704e-06]]
[2800.0, 400.0, 1e-06, [3.3079071499999996e-06], [9.796206], [1.3994579999999999], [1.3504472083350758e-06]]
[2800.0, 900.0, 1e-06, [3.82293925e-06], [23.324299999999997], [2.33243], [1.444935529703661e-06]]
[2800.0, 600.0, 1e-06, [1.2031612799999999e-05], [64.841554], [8.396747999999999], [3.6276672986920947e-06]]
[2800.0, 1200.0, 1e-06, [5.354292666666667e-07], [0.41983739999999997], [0.05597832], [1.1415394059377197e-07]]
[2800.0, 1000.0, 1e-06, [7.6827797e-06], [64.841554], [8.396747999999999], [2.9038180883106294e-06]]
[2800.0, 1400.0, 1e-06, [4.833089666666666e-07], [0.41983739999999997], [0.05597832], [1.0807117819083659e-07]]
[2800.0, 800.0, 1e-06, [2.19005586e-05], [200.58897999999996], [23.324299999999997], [6.925563910614066e-06]]
[2800.0, 100.0, 1e-06, [1.20352974e-05], [64.841554], [8.396747999999999], [3.6287783054355908e-06]]
[2800.0, 1100.0, 1e-06, [1.53497699e-05], [64.841554], [8.396747999999999], [4.102398015795151e-06]]
[2800.0, 1300.0, 1e-06, [2.7834358499999997e-06], [9.796206], [1.3994579999999999], [2.7834357303519686e-06]]
[2800.0, 2000.0, 0, [0.0], [634.4209599999999], [102.62691999999998], [0.0]]
[2800.0, 500.0, 1e-06, [3.06917796e-05], [200.58897999999996], [23.324299999999997], [8.202723559891556e-06]]
[2800.0, 1900.0, 1e-06, [4.37134895e-06], [23.324299999999997], [2.33243], [1.545505447256657e-06]]
[2800.0, 1800.0, 1e-06, [4.855092999999999e-07], [0.41983739999999997], [0.05597832], [1.0856316431881293e-07]]
[2800.0, 300.0, 1e-06, [6.825114299999999e-06], [32.18753399999999], [5.5978319999999995], [3.052283717153436e-06]]
[2800.0, 700.0, 1e-06, [1.6394883e-05], [64.841554], [8.396747999999999], [4.233139846496923e-06]]
[2800.0, 1600.0, 1e-06, [4.377996844444444e-07], [0.41983739999999997], [0.05597832], [1.0319037142851825e-07]]
[2800.0, 1700.0, 1e-06, [4.395689977777777e-07], [0.41983739999999997], [0.05597832], [1.0360742902006664e-07]]
[2900.0, 1300.0, 0, [0.0], [634.4209599999999], [102.62691999999998], [0.0]]
[2900.0, 900.0, 1e-06, [3.910942999999999e-06], [23.324299999999997], [2.33243], [1.1791936482189852e-06]]
[2900.0, 1600.0, 0, [0.0], [634.4209599999999], [102.62691999999998], [0.0]]
[2900.0, 2000.0, 0, [0.0], [634.4209599999999], [102.62691999999998], [0.0]]
[2900.0, 1200.0, 0.0, [4.744905519999999e-06], [634.4209599999999], [102.62691999999998], [4.744905685890922e-06]]
[2900.0, 1700.0, 0, [0.0], [634.4209599999999], [102.62691999999998], [0.0]]
[2900.0, 1100.0, 1e-06, [3.900295149999999e-06], [23.324299999999997], [2.33243], [1.1759833874251797e-06]]
[2900.0, 800.0, 1e-06, [9.2231173e-06], [64.841554], [8.396747999999999], [2.558032247646616e-06]]
[2900.0, 600.0, 1e-06, [7.8364197e-06], [64.841554], [8.396747999999999], [2.3627695253663654e-06]]
[2900.0, 100.0, 1e-06, [3.5325309e-06], [23.324299999999997], [2.33243], [1.1170846296274959e-06]]
[2900.0, 400.0, 1e-06, [1.9971838399999998e-05], [200.58897999999996], [23.324299999999997], [5.33769895366908e-06]]
[2900.0, 1000.0, 1e-06, [3.55537795e-06], [23.324299999999997], [2.33243], [1.1243093672339475e-06]]
[2900.0, 1400.0, 0.0, [1.40960192e-05], [634.4209599999999], [102.62691999999998], [1.4096018314403537e-05]]
[2900.0, 200.0, 1e-06, [3.89968105e-06], [23.324299999999997], [2.33243], [1.1757978153152011e-06]]
[2900.0, 500.0, 0, [0.0], [634.4209599999999], [102.62691999999998], [0.0]]
[2900.0, 1500.0, 0, [0.0], [634.4209599999999], [102.62691999999998], [0.0]]
[2900.0, 1800.0, 0, [0.0], [634.4209599999999], [102.62691999999998], [0.0]]
[2900.0, 300.0, 1e-06, [2.37352295e-06], [9.796206], [1.3994579999999999], [1.186761554609855e-06]]
[2900.0, 700.0, 0.0, [3.56328972e-06], [634.4209599999999], [102.62691999999998], [3.5632895767815443e-06]]
[2900.0, 1900.0, 0, [0.0], [634.4209599999999], [102.62691999999998], [0.0]]
[3000.0, 1900.0, 0, [0.0], [634.4209599999999], [102.62691999999998], [0.0]]
[3000.0, 800.0, 0, [0.0], [634.4209599999999], [102.62691999999998], [0.0]]
[3000.0, 900.0, 0, [0.0], [634.4209599999999], [102.62691999999998], [0.0]]
[3000.0, 1600.0, 0, [0.0], [634.4209599999999], [102.62691999999998], [0.0]]
[3000.0, 700.0, 1e-06, [3.4148169e-06], [23.324299999999997], [2.33243], [8.817017826340149e-07]]
[3000.0, 600.0, 0, [0.0], [634.4209599999999], [102.62691999999998], [0.0]]
[3000.0, 1300.0, 0, [0.0], [634.4209599999999], [102.62691999999998], [0.0]]
[3000.0, 500.0, 0, [0.0], [634.4209599999999], [102.62691999999998], [0.0]]
[3000.0, 1500.0, 0, [0.0], [634.4209599999999], [102.62691999999998], [0.0]]
[3000.0, 1800.0, 0, [0.0], [634.4209599999999], [102.62691999999998], [0.0]]
[3000.0, 2000.0, 0, [0.0], [634.4209599999999], [102.62691999999998], [0.0]]
[3000.0, 100.0, 0, [0.0], [634.4209599999999], [102.62691999999998], [0.0]]
[3000.0, 1400.0, 0, [0.0], [634.4209599999999], [102.62691999999998], [0.0]]
[3000.0, 1100.0, 0, [0.0], [634.4209599999999], [102.62691999999998], [0.0]]
[3000.0, 1200.0, 0, [0.0], [634.4209599999999], [102.62691999999998], [0.0]]
[3000.0, 1000.0, 0.0, [3.6460823599999997e-06], [634.4209599999999], [102.62691999999998], [2.5781696291749305e-06]]
[3000.0, 400.0, 0.0, [6.06988032e-06], [634.4209599999999], [102.62691999999998], [4.2920539046009195e-06]]
[3000.0, 300.0, 0.0, [2.27732108e-06], [634.4209599999999], [102.62691999999998], [2.2773213268223697e-06]]
[3000.0, 1700.0, 0, [0.0], [634.4209599999999], [102.62691999999998], [0.0]]
[3000.0, 200.0, 1e-06, [3.4131022499999995e-06], [23.324299999999997], [2.33243], [8.812591141372666e-07]]
