[100.0, 1800.0, 0.562685, [19.353441999999994], [198.25654999999998], [19.592412], [8.655120951205706]]
[100.0, 800.0, 0.23433, [3.1192714999999995], [60.643179999999994], [6.530804], [2.20565850847315]]
[100.0, 500.0, 0.437993, [6.239209999999999], [60.643179999999994], [6.530804], [2.790260050962992]]
[100.0, 1100.0, 0.2777, [8.701704999999999], [198.25654999999998], [19.592412], [5.0239329135648285]]
[100.0, 600.0, 0.455842, [3.0999307999999997], [15.114146399999997], [2.1924842], [2.191982296461356]]
[100.0, 1400.0, 0.411717, [5.802541199999999], [60.643179999999994], [6.530804], [4.103017955602924]]
[100.0, 1700.0, 0.617386, [2.90640765], [4.711508599999999], [0.7463776], [2.90640790237709]]
[100.0, 100.0, 0.253094, [1.54831906], [15.114146399999997], [2.1924842], [1.5483192745683947]]
[100.0, 1200.0, 0.520261, [7.6994983999999995], [60.643179999999994], [6.530804], [5.444365751857602]]
[100.0, 1000.0, 0.702869, [5.8657705], [15.114146399999997], [2.1924842], [5.8657706748559475]]
[100.0, 2000.0, 0.41375, [5.8358728], [60.643179999999994], [6.530804], [4.1265830591422725]]
[100.0, 400.0, 0.386294, [12.4366428], [198.25654999999998], [19.592412], [5.077237366915201]]
[100.0, 1600.0, 0.698933, [5.807456299999999], [15.114146399999997], [2.1924842], [4.106492037006769]]
[100.0, 1300.0, 0.428674, [13.982596999999998], [198.25654999999998], [19.592412], [5.708370180708325]]
[100.0, 1500.0, 0.380511, [11.635929999999998], [160.004698], [19.125925999999996], [11.635930725128953]]
[100.0, 900.0, 0.457866, [3.1176454], [15.114146399999997], [2.1924842], [2.2045080668938364]]
[100.0, 1900.0, 0.698939, [11.634338399999999], [60.643179999999994], [6.530804], [5.203033138468368]]
[100.0, 200.0, 0.248948, [1.8739286799999997], [23.0444084], [2.8455645999999994], [1.0819132525299797]]
[100.0, 700.0, 0.277598, [3.73896326], [60.643179999999994], [6.530804], [2.158691830716001]]
[100.0, 300.0, 0.390084, [3.1192876], [23.0444084], [2.8455645999999994], [1.3949882064017602]]
[200.0, 1800.0, 0.237607, [2.61745014], [43.38319799999999], [5.131346], [1.8508167310676653]]
[200.0, 700.0, 0.153668, [1.1197080799999999], [23.0444084], [2.8455645999999994], [0.3958765719261497]]
[200.0, 2000.0, 0.207368, [0.7835610099999999], [6.530804], [0.8863233999999999], [0.3198875232405915]]
[200.0, 1300.0, 0.23432, [1.75434087], [23.0444084], [2.8455645999999994], [0.8771706698242936]]
[200.0, 1400.0, 0.252776, [0.9818345799999999], [6.530804], [0.8863233999999999], [0.4008323309065774]]
[200.0, 400.0, 0.097809, [0.7010781799999999], [23.0444084], [2.8455645999999994], [0.31353167734696286]]
[200.0, 1900.0, 0.051055, [0.6548969399999999], [60.643179999999994], [6.530804], [0.6548970419844633]]
[200.0, 1700.0, 0.231899, [1.73469128], [23.0444084], [2.8455645999999994], [0.8673458272223369]]
[200.0, 500.0, 0.149889, [1.9566955599999998], [60.643179999999994], [6.530804], [0.7395614146235591]]
[200.0, 1500.0, 0.091154, [0.65217374], [23.0444084], [2.8455645999999994], [0.46115625182794606]]
[200.0, 100.0, 0.135361, [0.98081798], [23.0444084], [2.8455645999999994], [0.37071441096887503]]
[200.0, 600.0, 0.113798, [0.34960736], [4.711508599999999], [0.7463776], [0.3496073387387627]]
[200.0, 1000.0, 0.251871, [0.9777634649999999], [6.530804], [0.8863233999999999], [0.399170284465164]]
[200.0, 1200.0, 0.341781, [4.695965199999999], [60.643179999999994], [6.530804], [1.5653212654276436]]
[200.0, 300.0, 0.098283, [0.34963082], [6.530804], [0.8863233999999999], [0.15635966023882247]]
[200.0, 1600.0, 0.109676, [0.39248488], [6.530804], [0.8863233999999999], [0.22660121882946702]]
[200.0, 900.0, 0.116189, [0.8371629699999998], [23.0444084], [2.8455645999999994], [0.34177040363378447]]
[200.0, 800.0, 0.121018, [0.7031640499999999], [15.114146399999997], [2.1924842], [0.4972120721583497]]
[200.0, 1100.0, 0.143972, [1.04593305], [23.0444084], [2.8455645999999994], [0.522966391271944]]
[200.0, 200.0, 0.187128, [0.6987927849999999], [6.530804], [0.8863233999999999], [0.22097769932733027]]
[300.0, 2000.0, 0.042466, [0.14689214499999997], [6.530804], [0.8863233999999999], [0.08480823904550783]]
[300.0, 400.0, 0.045696, [0.15831693499999996], [6.530804], [0.8863233999999999], [0.06463262939491167]]
[300.0, 1000.0, 0.085446, [0.49054836999999996], [15.114146399999997], [2.1924842], [0.49054832218650996]]
[300.0, 200.0, 0.052869, [0.18381105499999997], [6.530804], [0.8863233999999999], [0.06947406893942515]]
[300.0, 1600.0, 0.056194, [0.19569205], [6.530804], [0.8863233999999999], [0.09784603194560318]]
[300.0, 1300.0, 0.053023, [0.184359375], [6.530804], [0.8863233999999999], [0.1064399334249134]]
[300.0, 800.0, 0.052992, [0.1842507], [6.530804], [0.8863233999999999], [0.06964019631290537]]
[300.0, 700.0, 0.055644, [0.39439732999999993], [23.0444084], [2.8455645999999994], [0.16101200883785033]]
[300.0, 300.0, 0.067646, [0.23691782499999997], [6.530804], [0.8863233999999999], [0.07897259415455464]]
[300.0, 900.0, 0.045777, [0.158602365], [6.530804], [0.8863233999999999], [0.06474915661612898]]
[300.0, 600.0, 0.110278, [0.39476463999999994], [6.530804], [0.8863233999999999], [0.10192779631925727]]
[300.0, 1400.0, 0.081127, [0.24439144499999996], [4.711508599999999], [0.7463776], [0.24439142415395837]]
[300.0, 500.0, 0.088598, [0.63344576], [23.0444084], [2.8455645999999994], [0.18286005318275503]]
[300.0, 1200.0, 0.086754, [0.30679182499999996], [6.530804], [0.8863233999999999], [0.13720150655149524]]
[300.0, 100.0, 0.067703, [0.23712597499999996], [6.530804], [0.8863233999999999], [0.07904197715454744]]
[300.0, 1100.0, 0.061021, [0.78392464], [60.643179999999994], [6.530804], [0.3919623533453181]]
[300.0, 1900.0, 0.06928, [0.49277683999999994], [23.0444084], [2.8455645999999994], [0.2203765136760267]]
[300.0, 1500.0, 0.052849, [0.18374079000000001], [6.530804], [0.8863233999999999], [0.10608280328356712]]
[300.0, 1700.0, 0.076109, [0.98011234], [60.643179999999994], [6.530804], [0.43831951523973917]]
[300.0, 1800.0, 0.118993, [0.85806445], [23.0444084], [2.8455645999999994], [0.32431794276604553]]
[400.0, 900.0, 0.042207, [0.145977895], [6.530804], [0.8863233999999999], [0.042140196161147614]]
[400.0, 1200.0, 0.019839, [0.067884339], [6.530804], [0.8863233999999999], [0.03919303930546851]]
[400.0, 1500.0, 0.038571, [0.113367046], [4.711508599999999], [0.7463776], [0.1133670501622936]]
[400.0, 200.0, 0.02834, [0.0973659115], [6.530804], [0.8863233999999999], [0.034424048981053924]]
[400.0, 1600.0, 0.024867, [0.0852904745], [6.530804], [0.8863233999999999], [0.0492424843504062]]
[400.0, 500.0, 0.042269, [0.146197085], [6.530804], [0.8863233999999999], [0.04220344888157839]]
[400.0, 1700.0, 0.026301, [0.09027109], [6.530804], [0.8863233999999999], [0.04513554422514477]]
[400.0, 300.0, 0.020795, [0.14613680199999998], [23.0444084], [2.8455645999999994], [0.05966008921381194]]
[400.0, 1300.0, 0.032935, [0.11340207499999999], [6.530804], [0.8863233999999999], [0.05071494784577817]]
[400.0, 1400.0, 0.045912, [0.1590818], [6.530804], [0.8863233999999999], [0.06012726363722201]]
[400.0, 1100.0, 0.019442, [0.136584097], [23.0444084], [2.8455645999999994], [0.07885686767809129]]
[400.0, 800.0, 0.014284, [0.048746452999999995], [6.530804], [0.8863233999999999], [0.02437322653548356]]
[400.0, 100.0, 0.013375, [0.0456266755], [6.530804], [0.8863233999999999], [0.026342579367821972]]
[400.0, 1000.0, 0.039286, [0.13568562499999998], [6.530804], [0.8863233999999999], [0.05539341219856382]]
[400.0, 400.0, 0.038699, [0.133619305], [6.530804], [0.8863233999999999], [0.04028773516841074]]
[400.0, 1800.0, 0.019381, [0.13615864299999997], [23.0444084], [2.8455645999999994], [0.07861122756960355]]
[400.0, 2000.0, 0.052145, [0.18122999499999998], [6.530804], [0.8863233999999999], [0.064074507801465]]
[400.0, 600.0, 0.019102, [0.24391881799999995], [60.643179999999994], [6.530804], [0.109083799053755]]
[400.0, 700.0, 0.031919, [0.10985049549999998], [6.530804], [0.8863233999999999], [0.036616837930110786]]
[400.0, 1900.0, 0.032107, [0.22624826299999998], [23.0444084], [2.8455645999999994], [0.10118131077427293]]
[500.0, 1700.0, 0.017146, [0.05859314399999999], [6.530804], [0.8863233999999999], [0.026203647751792115]]
[500.0, 1100.0, 0.013713, [0.046785231499999996], [6.530804], [0.8863233999999999], [0.023392622608420798]]
[500.0, 300.0, 0.012349, [0.004759460022222222], [0.08396748], [0.03265402], [0.0011543384190431385]]
[500.0, 1300.0, 0.022492, [0.0770598785], [6.530804], [0.8863233999999999], [0.03852994296647738]]
[500.0, 1800.0, 0.010297, [0.035073735], [6.530804], [0.8863233999999999], [0.020249834684510387]]
[500.0, 1400.0, 0.01337, [0.09379390799999998], [23.0444084], [2.8455645999999994], [0.04689695487982136]]
[500.0, 600.0, 0.014751, [0.0503536585], [6.530804], [0.8863233999999999], [0.01780270573536506]]
[500.0, 1900.0, 0.014662, [0.005707301777777778], [0.08396748], [0.03265402], [0.001720815550262343]]
[500.0, 1200.0, 0.020419, [0.06988757], [6.530804], [0.8863233999999999], [0.028531486094313413]]
[500.0, 800.0, 0.015772, [0.20131159399999998], [60.643179999999994], [6.530804], [0.07117438353789936]]
[500.0, 1000.0, 0.020427, [0.069915193], [6.530804], [0.8863233999999999], [0.02854275906425306]]
[500.0, 2000.0, 0.010874, [0.329006996], [198.25654999999998], [19.592412], [0.12435295803478096]]
[500.0, 700.0, 0.020225, [0.069218661], [6.530804], [0.8863233999999999], [0.0208702093784418]]
[500.0, 100.0, 0.010794, [0.075681385], [23.0444084], [2.8455645999999994], [0.030896791273528706]]
[500.0, 200.0, 0.011858, [0.12431683999999998], [43.38319799999999], [5.131346], [0.12431682764613966]]
[500.0, 1500.0, 0.030551, [0.10507072749999999], [6.530804], [0.8863233999999999], [0.03502357237989865]]
[500.0, 900.0, 0.012688, [0.004896909044444444], [0.08396748], [0.03265402], [0.0013087538696630566]]
[500.0, 1600.0, 0.023398, [0.16453234], [23.0444084], [2.8455645999999994], [0.06218735984908829]]
[500.0, 500.0, 0.013782, [0.175865728], [60.643179999999994], [6.530804], [0.0664710027606023]]
[500.0, 400.0, 0.014374, [0.100864131], [23.0444084], [2.8455645999999994], [0.035660860281266346]]
[600.0, 200.0, 0.006198, [0.002326331933333333], [0.08396748], [0.03265402], [0.0006006562468780128]]
[600.0, 1400.0, 0.011551, [0.081001883], [23.0444084], [2.8455645999999994], [0.036225131428333]]
[600.0, 1900.0, 0.009835, [0.0037497860888888886], [0.08396748], [0.03265402], [0.0010400034833749831]]
[600.0, 100.0, 0.008263, [0.028121398499999995], [6.530804], [0.8863233999999999], [0.009942416099721433]]
[600.0, 800.0, 0.007167, [0.024376745499999998], [6.530804], [0.8863233999999999], [0.009213541346843783]]
[600.0, 1200.0, 0.007405, [0.051877029000000005], [23.0444084], [2.8455645999999994], [0.02593851449100353]]
[600.0, 600.0, 0.006986, [0.048936800999999995], [23.0444084], [2.8455645999999994], [0.018496369197764193]]
[600.0, 1600.0, 0.008383, [0.0031762979555555555], [0.08396748], [0.03265402], [0.0009576897987434575]]
[600.0, 400.0, 0.006696, [0.070136798], [43.38319799999999], [5.131346], [0.07013680203716163]]
[600.0, 500.0, 0.008005, [0.05608653499999999], [23.0444084], [2.8455645999999994], [0.019829584420758793]]
[600.0, 1100.0, 0.006056, [0.0014377105777777777], [0.03265402], [0.01865944], [0.0014377104942182154]]
[600.0, 300.0, 0.00824, [0.028041806999999995], [6.530804], [0.8863233999999999], [0.009914275323996202]]
[600.0, 1700.0, 0.009854, [0.003757052044444444], [0.08396748], [0.03265402], [0.0010420188074414627]]
[600.0, 1500.0, 0.007652, [0.0260344475], [6.530804], [0.8863233999999999], [0.013017222812489612]]
[600.0, 1800.0, 0.00765, [0.026027547499999998], [6.530804], [0.8863233999999999], [0.01301377316538136]]
[600.0, 1000.0, 0.007618, [0.002877038311111111], [0.08396748], [0.03265402], [0.0009097993131034209]]
[600.0, 2000.0, 0.009591, [0.0326590915], [6.530804], [0.8863233999999999], [0.014605593098193582]]
[600.0, 700.0, 0.010282, [0.035022582999999996], [6.530804], [0.8863233999999999], [0.011075111405760214]]
[600.0, 1300.0, 0.007636, [0.002883975111111111], [0.08396748], [0.03265402], [0.00101963938142274]]
[600.0, 900.0, 0.005169, [0.017566825], [6.530804], [0.8863233999999999], [0.007856121282159536]]
[700.0, 2000.0, 0.003635, [0.0013494488444444443], [0.08396748], [0.03265402], [0.00047710216883406937]]
[700.0, 100.0, 0.003022, [0.010258885499999999], [6.530804], [0.8863233999999999], [0.004587911992399156]]
[700.0, 1000.0, 0.006706, [0.022804798999999997], [6.530804], [0.8863233999999999], [0.009310021015013875]]
[700.0, 600.0, 0.007597, [0.053228463], [23.0444084], [2.8455645999999994], [0.014762916889964528]]
[700.0, 1400.0, 0.005393, [0.0020172098888888886], [0.08396748], [0.03265402], [0.0005823184241980446]]
[700.0, 1900.0, 0.003622, [0.0013445431999999998], [0.08396748], [0.03265402], [0.0004753679282512405]]
[700.0, 200.0, 0.004077, [0.028541412999999998], [23.0444084], [2.8455645999999994], [0.01078763750781421]]
[700.0, 400.0, 0.004227, [0.0143588655], [6.530804], [0.8863233999999999], [0.0054271410867048585]]
[700.0, 1300.0, 0.003574, [0.045544899], [60.643179999999994], [6.530804], [0.026295359948097303]]
[700.0, 1100.0, 0.006674, [0.022695709999999997], [6.530804], [0.8863233999999999], [0.009265485127612045]]
[700.0, 800.0, 0.004395, [0.001636934022222222], [0.08396748], [0.03265402], [0.00038582907409856124]]
[700.0, 1500.0, 0.007597, [0.0028686376888888885], [0.08396748], [0.03265402], [0.000695746702879648]]
[700.0, 1600.0, 0.003184, [0.0011798821111111111], [0.08396748], [0.03265402], [0.0004459534510392616]]
[700.0, 1800.0, 0.003353, [0.01138600165], [6.530804], [0.8863233999999999], [0.00657371223891037]]
[700.0, 1200.0, 0.004458, [0.015145315999999997], [6.530804], [0.8863233999999999], [0.007572657003984796]]
[700.0, 700.0, 0.00343, [0.0012720793999999999], [0.08396748], [0.03265402], [0.00033997753397090557]]
[700.0, 900.0, 0.004827, [0.016400851499999997], [6.530804], [0.8863233999999999], [0.005798577799771251]]
[700.0, 300.0, 0.005413, [0.018397987499999997], [6.530804], [0.8863233999999999], [0.006132661145457166]]
[700.0, 500.0, 0.004215, [0.0143173275], [6.530804], [0.8863233999999999], [0.005411442277711183]]
[700.0, 1700.0, 0.00407, [0.0015136550444444445], [0.08396748], [0.03265402], [0.0005045516634462914]]
[800.0, 300.0, 0.002729, [0.03476749], [60.643179999999994], [6.530804], [0.013140879667663044]]
[800.0, 100.0, 0.002543, [0.008630614299999999], [6.530804], [0.8863233999999999], [0.003262066169623173]]
[800.0, 1800.0, 0.003315, [0.0012288235555555555], [0.08396748], [0.03265402], [0.00035473081117244626]]
[800.0, 800.0, 0.003638, [0.012353828999999998], [6.530804], [0.8863233999999999], [0.003906622953395937]]
[800.0, 400.0, 0.002973, [0.0011004181333333332], [0.08396748], [0.03265402], [0.00024606096032798633]]
[800.0, 200.0, 0.00282, [0.0197359021], [23.0444084], [2.8455645999999994], [0.0069776962408806525]]
[800.0, 1700.0, 0.004742, [0.0161127075], [6.530804], [0.8863233999999999], [0.006090030190811865]]
[800.0, 600.0, 0.0041, [0.013924556499999999], [6.530804], [0.8863233999999999], [0.004641518816615957]]
[800.0, 1600.0, 0.004558, [0.031912707], [23.0444084], [2.8455645999999994], [0.012061865332526307]]
[800.0, 1000.0, 0.004723, [0.016047514], [6.530804], [0.8863233999999999], [0.006065388256327867]]
[800.0, 1100.0, 0.002497, [0.000922594911111111], [0.08396748], [0.03265402], [0.0003075316523305937]]
[800.0, 1500.0, 0.004139, [0.0015398673777777775], [0.08396748], [0.03265402], [0.0003975921145229922]]
[800.0, 1400.0, 0.004396, [0.0016370934888888888], [0.08396748], [0.03265402], [0.0004092734469402704]]
[800.0, 1200.0, 0.003401, [0.011548840500000001], [6.530804], [0.8863233999999999], [0.005164799669396674]]
[800.0, 900.0, 0.003407, [0.0012634201555555553], [0.08396748], [0.03265402], [0.0002634413133512793]]
[800.0, 1300.0, 0.003396, [0.011531337499999999], [6.530804], [0.8863233999999999], [0.005156968530541949]]
[800.0, 2000.0, 0.002633, [0.018423101199999996], [23.0444084], [2.8455645999999994], [0.009211553120945456]]
[800.0, 500.0, 0.003267, [0.011092658499999998], [6.530804], [0.8863233999999999], [0.0036975531368730855]]
[800.0, 1900.0, 0.004738, [0.016097309], [6.530804], [0.8863233999999999], [0.006084211914866213]]
[800.0, 700.0, 0.003424, [0.0012699000222222221], [0.08396748], [0.03265402], [0.0002647924062728255]]
[900.0, 200.0, 0.001452, [0.0184949624], [60.643179999999994], [6.530804], [0.007550536741186019]]
[900.0, 1100.0, 0.001264, [0.0042876209], [6.530804], [0.8863233999999999], [0.002475459612375043]]
[900.0, 300.0, 0.001668, [0.0006140739333333333], [0.08396748], [0.03265402], [0.00014473862618911065]]
[900.0, 1000.0, 0.002112, [0.007167527949999999], [6.530804], [0.8863233999999999], [0.0032054163945578118]]
[900.0, 900.0, 0.001858, [0.0006843164444444444], [0.08396748], [0.03265402], [0.00015301783207630846]]
[900.0, 1600.0, 0.002524, [0.0085654392], [6.530804], [0.8863233999999999], [0.0034968258975104833]]
[900.0, 700.0, 0.001674, [0.0006161562], [0.08396748], [0.03265402], [0.00014522942291082873]]
[900.0, 1900.0, 0.001731, [0.0006373995111111111], [0.08396748], [0.03265402], [0.00020156345641748395]]
[900.0, 500.0, 0.001668, [0.0006140289555555555], [0.08396748], [0.03265402], [0.00014472799510772348]]
[900.0, 1400.0, 0.002734, [0.0010109941333333334], [0.08396748], [0.03265402], [0.00025274855293818337]]
[900.0, 1200.0, 0.003784, [0.012850836], [6.530804], [0.8863233999999999], [0.004283611843409717]]
[900.0, 1500.0, 0.00206, [0.0007593991777777776], [0.08396748], [0.03265402], [0.00021921972043399858]]
[900.0, 800.0, 0.002276, [0.00772408425], [6.530804], [0.8863233999999999], [0.0024425702210990777]]
[900.0, 400.0, 0.001668, [0.0006139313333333332], [0.08396748], [0.03265402], [0.00014470494337456835]]
[900.0, 100.0, 0.00145, [0.018473797799999997], [60.643179999999994], [6.530804], [0.007541894645246642]]
[900.0, 600.0, 0.001757, [0.0006471504888888888], [0.08396748], [0.03265402], [0.00014846646428498235]]
[900.0, 1800.0, 0.002041, [0.014279278599999999], [23.0444084], [2.8455645999999994], [0.006385886524986175]]
[900.0, 2000.0, 0.002078, [0.0007662051333333333], [0.08396748], [0.03265402], [0.00022118435939167617]]
[900.0, 1700.0, 0.002123, [0.00720559755], [6.530804], [0.8863233999999999], [0.0032224413869766503]]
[900.0, 1300.0, 0.003101, [0.001148684911111111], [0.08396748], [0.03265402], [0.0002707475732025344]]
[1000.0, 1600.0, 0.001426, [0.0005244117555555555], [0.08396748], [0.03265402], [0.00014544561824498758]]
[1000.0, 1400.0, 0.000807, [0.0027351116999999995], [6.530804], [0.8863233999999999], [0.0015791175075022122]]
[1000.0, 1500.0, 0.001328, [0.004506013949999999], [6.530804], [0.8863233999999999], [0.00201515081135383]]
[1000.0, 700.0, 0.001299, [0.0004772455022222222], [0.08396748], [0.03265402], [0.00010174910345708696]]
[1000.0, 1900.0, 0.000975, [0.006819886399999999], [23.0444084], [2.8455645999999994], [0.003937462964905194]]
[1000.0, 1800.0, 0.001196, [0.00043938847333333333], [0.08396748], [0.03265402], [0.00013248064085921813]]
[1000.0, 500.0, 0.000979, [0.0068468400999999995], [23.0444084], [2.8455645999999994], [0.0025878628634454334]]
[1000.0, 1000.0, 0.001145, [0.014583099399999997], [60.643179999999994], [6.530804], [0.007291549947713449]]
[1000.0, 200.0, 0.000834, [0.005835601399999999], [23.0444084], [2.8455645999999994], [0.002382373707040942]]
[1000.0, 1100.0, 0.002328, [0.007899437399999999], [6.530804], [0.8863233999999999], [0.002985706311327355]]
[1000.0, 2000.0, 0.001306, [0.00048016721777777773], [0.08396748], [0.03265402], [0.00013861232505369108]]
[1000.0, 1700.0, 0.001338, [0.004537073149999999], [6.530804], [0.8863233999999999], [0.0020290406550880144]]
[1000.0, 800.0, 0.001247, [0.0004580164799999999], [0.08396748], [0.03265402], [9.994740859047131e-05]]
[1000.0, 1300.0, 0.001428, [0.0005251354888888888], [0.08396748], [0.03265402], [0.0001456464180858375]]
[1000.0, 400.0, 0.001297, [0.00047652391555555554], [0.08396748], [0.03265402], [0.00010159524891681272]]
[1000.0, 300.0, 0.001005, [0.003409612], [6.530804], [0.8863233999999999], [0.0012887123922737764]]
[1000.0, 600.0, 0.001239, [0.00045516483777777774], [0.08396748], [0.03265402], [9.932510475488008e-05]]
[1000.0, 1200.0, 0.001032, [0.007219021499999999], [23.0444084], [2.8455645999999994], [0.003609510552692705]]
[1000.0, 100.0, 0.001254, [0.008770702699999999], [23.0444084], [2.8455645999999994], [0.002923567808346507]]
[1000.0, 900.0, 0.000827, [0.00030319463777777776], [0.08396748], [0.03265402], [8.103216550798565e-05]]
[1100.0, 1300.0, 0.000845, [0.00030985221777777775], [0.08396748], [0.03265402], [8.94466494966292e-05]]
[1100.0, 1800.0, 0.001029, [0.0034899188], [6.530804], [0.8863233999999999], [0.0014247530031552837]]
[1100.0, 2000.0, 0.001059, [0.00038867955555555556], [0.08396748], [0.03265402], [0.00010035662436690956]]
[1100.0, 700.0, 0.000798, [0.00029269912444444444], [0.08396748], [0.03265402], [6.387218359377606e-05]]
[1100.0, 900.0, 0.000649, [0.00023772156], [0.08396748], [0.03265402], [5.765593867241717e-05]]
[1100.0, 200.0, 0.000899, [0.0062875836], [23.0444084], [2.8455645999999994], [0.0019883085623212506]]
[1100.0, 1900.0, 0.000863, [0.0029251929], [6.530804], [0.8863233999999999], [0.001308186037037546]]
[1100.0, 1500.0, 0.001053, [0.00038674597111111104], [0.08396748], [0.03265402], [9.985739073273754e-05]]
[1100.0, 800.0, 0.000927, [0.0031431489499999994], [6.530804], [0.8863233999999999], [0.000993950994139047]]
[1100.0, 500.0, 0.000832, [0.0028208050999999996], [6.530804], [0.8863233999999999], [0.0009402683698019412]]
[1100.0, 1700.0, 0.0005, [0.0034945625], [23.0444084], [2.8455645999999994], [0.0020175860360837155]]
[1100.0, 400.0, 0.000744, [0.0025240912999999992], [6.530804], [0.8863233999999999], [0.0008924010373705311]]
[1100.0, 600.0, 0.000796, [0.00029199373999999996], [0.08396748], [0.03265402], [6.371825658492409e-05]]
[1100.0, 1400.0, 0.000832, [0.005817633799999999], [23.0444084], [2.8455645999999994], [0.002601724987388175]]
[1100.0, 100.0, 0.000538, [0.0037628345], [23.0444084], [2.8455645999999994], [0.0015361706715075639]]
[1100.0, 1100.0, 0.000683, [0.0023162770999999994], [6.530804], [0.8863233999999999], [0.001158138502079954]]
[1100.0, 1000.0, 0.000855, [0.0029011981499999996], [6.530804], [0.8863233999999999], [0.0012974553605037823]]
[1100.0, 300.0, 0.000741, [0.0025137872999999996], [6.530804], [0.8863233999999999], [0.0008887579158578559]]
[1100.0, 1200.0, 0.000529, [0.00019365540000000002], [0.08396748], [0.03265402], [7.905948877542845e-05]]
[1100.0, 1600.0, 0.00106, [0.0003892061022222222], [0.08396748], [0.03265402], [0.00010049258133665243]]
[1200.0, 100.0, 0.000413, [0.0028856351999999997], [23.0444084], [2.8455645999999994], [0.0010906679059182038]]
[1200.0, 1400.0, 0.000551, [0.0002020012311111111], [0.08396748], [0.03265402], [5.831273812093284e-05]]
[1200.0, 1700.0, 0.000454, [0.0015396039], [6.530804], [0.8863233999999999], [0.0007698018740234399]]
[1200.0, 1800.0, 0.000781, [0.0026486087], [6.530804], [0.8863233999999999], [0.0010010799870639707]]
[1200.0, 700.0, 0.000545, [0.00019980427111111109], [0.08396748], [0.03265402], [4.259841136549809e-05]]
[1200.0, 200.0, 0.000422, [0.0014318281999999999], [6.530804], [0.8863233999999999], [0.0005411800296574145]]
[1200.0, 1900.0, 0.00069, [0.0002530326088888889], [0.08396748], [0.03265402], [6.53327365430037e-05]]
[1200.0, 1200.0, 0.001009, [0.00037029954000000005], [0.08396748], [0.03265402], [7.894812223820318e-05]]
[1200.0, 1100.0, 0.000557, [0.0018870809999999999], [6.530804], [0.8863233999999999], [0.0009435405554346881]]
[1200.0, 1300.0, 0.000508, [0.00018622941555555554], [0.08396748], [0.03265402], [5.6150295405047276e-05]]
[1200.0, 2000.0, 0.000675, [0.0022881343], [6.530804], [0.8863233999999999], [0.0009341267439432402]]
[1200.0, 800.0, 0.000664, [0.0022509686], [6.530804], [0.8863233999999999], [0.000678692646379788]]
[1200.0, 1600.0, 0.000786, [0.0026653159], [6.530804], [0.8863233999999999], [0.0010073946175655297]]
[1200.0, 1000.0, 0.000507, [0.0001858626933333333], [0.08396748], [0.03265402], [5.6039714885467104e-05]]
[1200.0, 1500.0, 0.000701, [0.0023781218000000002], [6.530804], [0.8863233999999999], [0.0010635284309786928]]
[1200.0, 300.0, 0.000666, [0.00225904505], [6.530804], [0.8863233999999999], [0.0006811275352311048]]
[1200.0, 600.0, 0.000471, [0.00017259741777777773], [0.08396748], [0.03265402], [3.9596563206644304e-05]]
[1200.0, 500.0, 0.000448, [0.0001640029822222222], [0.08396748], [0.03265402], [3.865586417429738e-05]]
[1200.0, 900.0, 0.000495, [0.00018143897555555552], [0.08396748], [0.03265402], [4.057099102913829e-05]]
[1200.0, 400.0, 0.000372, [0.00013635396666666666], [0.08396748], [0.03265402], [3.936199701974883e-05]]
[1300.0, 1600.0, 0.000456, [0.00016689909111111112], [0.08396748], [0.03265402], [4.309315359102595e-05]]
[1300.0, 1700.0, 0.000368, [0.0012492737499999998], [6.530804], [0.8863233999999999], [0.0005586918490993045]]
[1300.0, 900.0, 0.000278, [0.00010189224888888887], [0.08396748], [0.03265402], [2.4712504996658605e-05]]
[1300.0, 200.0, 0.000246, [8.990894222222221e-05], [0.08396748], [0.03265402], [2.3214388715983672e-05]]
[1300.0, 1800.0, 0.000294, [0.00099827774], [6.530804], [0.8863233999999999], [0.0004991388176148996]]
[1300.0, 1000.0, 0.000594, [0.0020152438999999998], [6.530804], [0.8863233999999999], [0.000712496511745847]]
[1300.0, 1400.0, 0.000244, [8.913225777777777e-05], [0.08396748], [0.03265402], [3.151301968048628e-05]]
[1300.0, 1200.0, 0.000425, [0.00015549512888888886], [0.08396748], [0.03265402], [4.1557828101853564e-05]]
[1300.0, 500.0, 0.000237, [0.000804831065], [6.530804], [0.8863233999999999], [0.0003285709192853195]]
[1300.0, 100.0, 0.000294, [0.00010756946666666665], [0.08396748], [0.03265402], [2.5354362022741705e-05]]
[1300.0, 1100.0, 0.000453, [0.00016596411555555555], [0.08396748], [0.03265402], [4.285174271057518e-05]]
[1300.0, 2000.0, 0.000304, [0.00011120208666666667], [0.08396748], [0.03265402], [3.516517990186975e-05]]
[1300.0, 1300.0, 0.000369, [0.00125030875], [6.530804], [0.8863233999999999], [0.000559155024121218]]
[1300.0, 1500.0, 0.000305, [0.00011152807333333332], [0.08396748], [0.03265402], [3.5268274037444004e-05]]
[1300.0, 600.0, 0.000327, [0.00011952036888888888], [0.08396748], [0.03265402], [2.6725569427695415e-05]]
[1300.0, 300.0, 0.000348, [0.0024352239], [23.0444084], [2.8455645999999994], [0.0008117413301046091]]
[1300.0, 1900.0, 0.000425, [0.00015557792888888888], [0.08396748], [0.03265402], [4.1579949108930306e-05]]
[1300.0, 400.0, 0.000294, [0.00010755602444444445], [0.08396748], [0.03265402], [2.535119870056553e-05]]
[1300.0, 700.0, 0.000311, [0.00011367121333333332], [0.08396748], [0.03265402], [2.6077963782890112e-05]]
[1300.0, 800.0, 0.000408, [0.0001494232311111111], [0.08396748], [0.03265402], [2.9884649620883342e-05]]
[1400.0, 1100.0, 0.0002, [7.310202444444444e-05], [0.08396748], [0.03265402], [2.3116883744875172e-05]]
[1400.0, 400.0, 0.000173, [6.338723333333334e-05], [0.08396748], [0.03265402], [1.5846814338893417e-05]]
[1400.0, 1500.0, 0.000324, [0.00011848066666666666], [0.08396748], [0.03265402], [2.962016112692814e-05]]
[1400.0, 1800.0, 0.000261, [9.541994666666666e-05], [0.08396748], [0.03265402], [2.64647292321938e-05]]
[1400.0, 1600.0, 0.000244, [0.00082625039], [6.530804], [0.8863233999999999], [0.00041312523555212644]]
[1400.0, 1400.0, 0.000221, [8.077993555555555e-05], [0.08396748], [0.03265402], [2.4356061389718845e-05]]
[1400.0, 600.0, 0.000263, [0.0008922388849999999], [6.530804], [0.8863233999999999], [0.0002821507130063647]]
[1400.0, 1700.0, 0.00019, [0.00132562708], [23.0444084], [2.8455645999999994], [0.0006628135514607406]]
[1400.0, 900.0, 0.000356, [0.0001304762911111111], [0.08396748], [0.03265402], [2.2713009487956455e-05]]
[1400.0, 100.0, 0.00021, [0.0007107848699999999], [6.530804], [0.8863233999999999], [0.0002513003671405993]]
[1400.0, 700.0, 0.000238, [8.690345555555555e-05], [0.08396748], [0.03265402], [1.852787294994713e-05]]
[1400.0, 2000.0, 0.000259, [9.471839555555555e-05], [0.08396748], [0.03265402], [2.6270156489357054e-05]]
[1400.0, 800.0, 0.000205, [7.494335333333333e-05], [0.08396748], [0.03265402], [1.7193180660790133e-05]]
[1400.0, 1300.0, 0.000367, [0.00124402285], [6.530804], [0.8863233999999999], [0.0005078703897157226]]
[1400.0, 300.0, 0.000185, [6.759102e-05], [0.08396748], [0.03265402], [1.6393222598393938e-05]]
[1400.0, 1200.0, 0.000237, [0.00165712102], [23.0444084], [2.8455645999999994], [0.0007410869827489887]]
[1400.0, 500.0, 0.000195, [7.134436444444443e-05], [0.08396748], [0.03265402], [1.681602160786104e-05]]
[1400.0, 1000.0, 0.000302, [0.00011047590000000001], [0.08396748], [0.03265402], [2.8524758065863575e-05]]
[1400.0, 200.0, 0.000253, [0.0032172183799999998], [60.643179999999994], [6.530804], [0.0010724061204599683]]
[1400.0, 1900.0, 0.000245, [0.000829221415], [6.530804], [0.8863233999999999], [0.00037083907190316396]]
[1500.0, 1500.0, 0.000187, [6.856713999999999e-05], [0.08396748], [0.03265402], [1.832533275934548e-05]]
[1500.0, 1100.0, 0.000187, [6.844186666666666e-05], [0.08396748], [0.03265402], [1.8291851926843827e-05]]
[1500.0, 1800.0, 0.000107, [3.9126996888888886e-05], [0.08396748], [0.03265402], [1.383348259089491e-05]]
[1500.0, 400.0, 0.00011, [0.00037192311], [6.530804], [0.8863233999999999], [0.00016632908427271522]]
[1500.0, 200.0, 8.5e-05, [0.00059274726], [23.0444084], [2.8455645999999994], [0.00026508465383722233]]
[1500.0, 500.0, 0.000157, [0.0005326983999999999], [6.530804], [0.8863233999999999], [0.00017756614464756504]]
[1500.0, 1300.0, 0.000162, [0.00054940514], [6.530804], [0.8863233999999999], [0.00027470262576102176]]
[1500.0, 600.0, 0.00018, [6.565922444444444e-05], [0.08396748], [0.03265402], [1.3131844006549334e-05]]
[1500.0, 1000.0, 0.000235, [8.589252888888889e-05], [0.08396748], [0.03265402], [2.295574631522331e-05]]
[1500.0, 2000.0, 0.000241, [8.813523333333334e-05], [0.08396748], [0.03265402], [2.077368339932301e-05]]
[1500.0, 800.0, 0.000159, [5.8055782222222216e-05], [0.08396748], [0.03265402], [1.2377533572296755e-05]]
[1500.0, 1700.0, 0.000159, [5.832902222222223e-05], [0.08396748], [0.03265402], [1.6838136476463184e-05]]
[1500.0, 1200.0, 0.000196, [0.0006629202599999999], [6.530804], [0.8863233999999999], [0.0002706360508598217]]
[1500.0, 300.0, 0.00017, [0.00118783592], [23.0444084], [2.8455645999999994], [0.000375626688348951]]
[1500.0, 1400.0, 0.00012, [4.387083888888889e-05], [0.08396748], [0.03265402], [1.4623611501039452e-05]]
[1500.0, 100.0, 8.5e-05, [0.0005932256599999999], [23.0444084], [2.8455645999999994], [0.00026529859441768626]]
[1500.0, 900.0, 0.000129, [4.7258268666666667e-05], [0.08396748], [0.03265402], [1.113887839733504e-05]]
[1500.0, 700.0, 0.000144, [5.267541777777778e-05], [0.08396748], [0.03265402], [1.17785841107631e-05]]
[1500.0, 1900.0, 0.000147, [5.367985333333332e-05], [0.08396748], [0.03265402], [1.6185090136173148e-05]]
[1500.0, 1600.0, 0.000254, [9.277775777777777e-05], [0.08396748], [0.03265402], [2.128467591113323e-05]]
[1600.0, 1500.0, 0.000126, [4.590051733333333e-05], [0.08396748], [0.03265402], [1.2267429050382677e-05]]
[1600.0, 100.0, 8.4e-05, [0.0005881290899999999], [23.0444084], [2.8455645999999994], [0.0002940645119697377]]
[1600.0, 1300.0, 0.000124, [4.52535171111111e-05], [0.08396748], [0.03265402], [1.3644445928338682e-05]]
[1600.0, 900.0, 0.000108, [0.000366578945], [6.530804], [0.8863233999999999], [0.00016393910500548672]]
[1600.0, 300.0, 0.000142, [0.00148199166], [43.38319799999999], [5.131346], [0.0008556280694320401]]
[1600.0, 500.0, 0.00013, [0.00043951344], [6.530804], [0.8863233999999999], [0.0001794306271933529]]
[1600.0, 1000.0, 0.000123, [4.509926888888889e-05], [0.08396748], [0.03265402], [1.3597943733439175e-05]]
[1600.0, 1200.0, 9.7e-05, [3.5626887555555555e-05], [0.08396748], [0.03265402], [1.0741910488282407e-05]]
[1600.0, 1800.0, 9.8e-05, [3.599544466666667e-05], [0.08396748], [0.03265402], [1.0853034958133559e-05]]
[1600.0, 1100.0, 0.000179, [6.554172e-05], [0.08396748], [0.03265402], [1.4655577932760274e-05]]
[1600.0, 1900.0, 9e-05, [3.274101622222222e-05], [0.08396748], [0.03265402], [1.0353618791228217e-05]]
[1600.0, 1700.0, 9.9e-05, [3.6075147333333335e-05], [0.08396748], [0.03265402], [1.0877067703529314e-05]]
[1600.0, 800.0, 7.1e-05, [2.606029311111111e-05], [0.08396748], [0.03265402], [9.21370460740915e-06]]
[1600.0, 200.0, 8.5e-05, [0.0005924395199999999], [23.0444084], [2.8455645999999994], [0.00029621982074128664]]
[1600.0, 1600.0, 0.000147, [0.00102703234], [23.0444084], [2.8455645999999994], [0.0003881817462220499]]
[1600.0, 2000.0, 0.000143, [5.233997555555555e-05], [0.08396748], [0.03265402], [1.3084989485175769e-05]]
[1600.0, 1400.0, 8.9e-05, [3.269237377777778e-05], [0.08396748], [0.03265402], [1.0338237760856537e-05]]
[1600.0, 700.0, 0.000161, [5.889804222222222e-05], [0.08396748], [0.03265402], [1.3882403479598563e-05]]
[1600.0, 400.0, 0.000125, [4.571286288888888e-05], [0.08396748], [0.03265402], [1.221727482089941e-05]]
[1600.0, 600.0, 0.000143, [5.216640222222222e-05], [0.08396748], [0.03265402], [1.3041606698714333e-05]]
[1700.0, 900.0, 0.000107, [3.917940111111111e-05], [0.08396748], [0.03265402], [9.23467459438596e-06]]
[1700.0, 1500.0, 6.6e-05, [2.411012822222222e-05], [0.08396748], [0.03265402], [7.269477111971773e-06]]
[1700.0, 1800.0, 0.000114, [4.163682844444444e-05], [0.08396748], [0.03265402], [9.552142961686335e-06]]
[1700.0, 700.0, 9.4e-05, [0.00098567972], [43.38319799999999], [5.131346], [0.0009856799669263853]]
[1700.0, 500.0, 4.2e-05, [1.5332888666666664e-05], [0.08396748], [0.03265402], [5.795287826126871e-06]]
[1700.0, 300.0, 5.8e-05, [0.00019712517999999997], [6.530804], [0.8863233999999999], [9.85625948065492e-05]]
[1700.0, 800.0, 7.1e-05, [2.6106589555555556e-05], [0.08396748], [0.03265402], [7.536324234198192e-06]]
[1700.0, 1300.0, 0.000102, [0.000344618545], [6.530804], [0.8863233999999999], [0.00013025358123675525]]
[1700.0, 400.0, 5.9e-05, [0.00032748802999999995], [15.114146399999997], [2.1924842], [0.00023156899835686121]]
[1700.0, 1000.0, 8.3e-05, [3.0515249999999996e-05], [0.08396748], [0.03265402], [8.155544568566621e-06]]
[1700.0, 2000.0, 6e-05, [2.206146711111111e-05], [0.08396748], [0.03265402], [7.799907229584429e-06]]
[1700.0, 1600.0, 0.000108, [3.9379899777777774e-05], [0.08396748], [0.03265402], [9.281931166133452e-06]]
[1700.0, 1400.0, 8.4e-05, [3.081634044444444e-05], [0.08396748], [0.03265402], [8.236012789370027e-06]]
[1700.0, 1200.0, 7.3e-05, [0.00024648662999999995], [6.530804], [0.8863233999999999], [0.00011023218208626735]]
[1700.0, 100.0, 0.000176, [0.00098261612], [15.114146399999997], [2.1924842], [0.000694814506613096]]
[1700.0, 1700.0, 7.8e-05, [2.8364177555555553e-05], [0.08396748], [0.03265402], [7.866806976149853e-06]]
[1700.0, 1900.0, 6.1e-05, [2.217306822222222e-05], [0.08396748], [0.03265402], [7.011740327461727e-06]]
[1700.0, 1100.0, 8.7e-05, [0.00029466312], [6.530804], [0.8863233999999999], [0.00012029571688135865]]
[1700.0, 600.0, 7.8e-05, [2.851949911111111e-05], [0.08396748], [0.03265402], [7.909886596867784e-06]]
[1700.0, 200.0, 7.5e-05, [0.0007851487], [43.38319799999999], [5.131346], [0.00039257446763639627]]
[1800.0, 600.0, 6.6e-05, [0.0004642014099999999], [23.0444084], [2.8455645999999994], [0.0001754516524288101]]
[1800.0, 1800.0, 5.2e-05, [1.9054074e-05], [0.08396748], [0.03265402], [5.2846491456474754e-06]]
[1800.0, 400.0, 3.9e-05, [0.000131756765], [6.530804], [0.8863233999999999], [6.587837006559891e-05]]
[1800.0, 1300.0, 7e-05, [2.570702844444444e-05], [0.08396748], [0.03265402], [6.8704931229924405e-06]]
[1800.0, 1200.0, 3.5e-05, [0.00024809801], [23.0444084], [2.8455645999999994], [0.00014323945015253306]]
[1800.0, 1700.0, 6.1e-05, [2.2182764e-05], [0.08396748], [0.03265402], [5.727565022452364e-06]]
[1800.0, 500.0, 3.9e-05, [0.00013231566499999998], [6.530804], [0.8863233999999999], [6.615780186417925e-05]]
[1800.0, 1600.0, 4.8e-05, [0.00016428072], [6.530804], [0.8863233999999999], [7.346854901929125e-05]]
[1800.0, 1000.0, 6.4e-05, [2.3392875777777778e-05], [0.08396748], [0.03265402], [5.848219009258025e-06]]
[1800.0, 700.0, 4.4e-05, [1.6164844666666665e-05], [0.08396748], [0.03265402], [4.87388410881638e-06]]
[1800.0, 200.0, 5.7e-05, [0.00039700691], [23.0444084], [2.8455645999999994], [0.00016207746037003417]]
[1800.0, 800.0, 6.8e-05, [0.000231399665], [6.530804], [0.8863233999999999], [8.746082291517728e-05]]
[1800.0, 2000.0, 5.2e-05, [1.9116439777777777e-05], [0.08396748], [0.03265402], [5.3019470031952745e-06]]
[1800.0, 1100.0, 6e-05, [2.1866514000000003e-05], [0.08396748], [0.03265402], [5.645911104288737e-06]]
[1800.0, 900.0, 3.2e-05, [1.1733419333333334e-05], [0.08396748], [0.03265402], [4.14839012654009e-06]]
[1800.0, 1500.0, 4.4e-05, [1.6060685333333332e-05], [0.08396748], [0.03265402], [4.8424787887767855e-06]]
[1800.0, 1400.0, 4e-05, [1.4708494888888889e-05], [0.08396748], [0.03265402], [4.651234113147675e-06]]
[1800.0, 1900.0, 5.3e-05, [1.9192442e-05], [0.08396748], [0.03265402], [5.323025307074265e-06]]
[1800.0, 100.0, 4e-05, [1.467736311111111e-05], [0.08396748], [0.03265402], [4.641388996548765e-06]]
[1800.0, 300.0, 3.9e-05, [0.00022030968599999996], [15.114146399999997], [2.1924842], [0.00015578246541251038]]
[1900.0, 300.0, 4e-05, [0.000221238702], [15.114146399999997], [2.1924842], [0.0001106193601952208]]
[1900.0, 1600.0, 3.3e-05, [0.000110853422], [6.530804], [0.8863233999999999], [4.957515151262777e-05]]
[1900.0, 600.0, 4.2e-05, [0.00044447472399999997], [43.38319799999999], [5.131346], [0.0004444747470891907]]
[1900.0, 1500.0, 4e-05, [1.470878111111111e-05], [0.08396748], [0.03265402], [3.797791154647789e-06]]
[1900.0, 500.0, 2.4e-05, [8.835598222222221e-06], [0.08396748], [0.03265402], [2.9451990035259707e-06]]
[1900.0, 1700.0, 2.4e-05, [8.853645555555555e-06], [0.08396748], [0.03265402], [2.9512145974157828e-06]]
[1900.0, 1800.0, 3e-05, [1.0839245777777776e-05], [0.08396748], [0.03265402], [3.2681553138667624e-06]]
[1900.0, 800.0, 3.2e-05, [1.1835130444444444e-05], [0.08396748], [0.03265402], [3.416507684828738e-06]]
[1900.0, 1300.0, 3.8e-05, [1.3778742888888888e-05], [0.08396748], [0.03265402], [3.682523455793477e-06]]
[1900.0, 1000.0, 1.6e-05, [5.904069333333333e-06], [0.08396748], [0.03265402], [2.410325434715106e-06]]
[1900.0, 1900.0, 3.9e-05, [0.00013346486], [6.530804], [0.8863233999999999], [5.448678883454227e-05]]
[1900.0, 1200.0, 4.3e-05, [1.5831421333333333e-05], [0.08396748], [0.03265402], [3.957855809324969e-06]]
[1900.0, 100.0, 3e-05, [1.081712488888889e-05], [0.08396748], [0.03265402], [3.261485264169541e-06]]
[1900.0, 2000.0, 4.7e-05, [1.7155761333333332e-05], [0.08396748], [0.03265402], [4.585070067722621e-06]]
[1900.0, 1100.0, 3e-05, [1.0914118444444444e-05], [0.08396748], [0.03265402], [3.2907308490649383e-06]]
[1900.0, 900.0, 3.2e-05, [0.000220364817], [23.0444084], [2.8455645999999994], [9.855015565690395e-05]]
[1900.0, 200.0, 4.3e-05, [0.000444751874], [43.38319799999999], [5.131346], [0.00025677758718392846]]
[1900.0, 400.0, 3.3e-05, [0.00011072186199999998], [6.530804], [0.8863233999999999], [4.9516321223410764e-05]]
[1900.0, 700.0, 2.6e-05, [8.8460921e-05], [6.530804], [0.8863233999999999], [4.423047111437996e-05]]
[1900.0, 1400.0, 2.2e-05, [7.903505333333332e-06], [0.08396748], [0.03265402], [2.794311803346396e-06]]
[2000.0, 1500.0, 2.4e-05, [8.601703555555555e-06], [0.08396748], [0.03265402], [2.3856830406343525e-06]]
[2000.0, 1200.0, 3.6e-05, [1.3183155333333333e-05], [0.08396748], [0.03265402], [3.295788944309404e-06]]
[2000.0, 1300.0, 2.5e-05, [9.035289333333333e-06], [0.08396748], [0.03265402], [2.7242428391965313e-06]]
[2000.0, 300.0, 2.9e-05, [0.00029842596599999994], [43.38319799999999], [5.131346], [0.0002984259705186531]]
[2000.0, 900.0, 2.6e-05, [0.000146850492], [15.114146399999997], [2.1924842], [0.00014685048818441156]]
[2000.0, 1900.0, 2.2e-05, [7.463644899999999e-05], [6.530804], [0.8863233999999999], [3.337843451616627e-05]]
[2000.0, 1600.0, 3.6e-05, [1.3220624888888888e-05], [0.08396748], [0.03265402], [2.9562213343688895e-06]]
[2000.0, 500.0, 3.9e-05, [0.00022024622899999998], [15.114146399999997], [2.1924842], [0.00012715923949914136]]
[2000.0, 600.0, 1.9e-05, [0.000236193716], [60.643179999999994], [6.530804], [0.00011809685453897574]]
[2000.0, 200.0, 2e-05, [0.00011162983299999999], [15.114146399999997], [2.1924842], [6.444952131707418e-05]]
[2000.0, 1800.0, 1.8e-05, [6.653797777777777e-06], [0.08396748], [0.03265402], [2.3524740493970214e-06]]
[2000.0, 2000.0, 2.2e-05, [7.907936666666666e-06], [0.08396748], [0.03265402], [2.282825009651716e-06]]
[2000.0, 400.0, 2.7e-05, [0.000148362834], [15.114146399999997], [2.1924842], [7.418143615487636e-05]]
[2000.0, 1100.0, 2.7e-05, [9.93863222222222e-06], [0.08396748], [0.03265402], [2.869036531186724e-06]]
[2000.0, 100.0, 1.8e-05, [6.6289935555555545e-06], [0.08396748], [0.03265402], [2.0962716120782007e-06]]
[2000.0, 1400.0, 2.2e-05, [7.4391683e-05], [6.530804], [0.8863233999999999], [3.326897528103323e-05]]
[2000.0, 1700.0, 3.1e-05, [0.000103860272], [6.530804], [0.8863233999999999], [3.925548203754477e-05]]
[2000.0, 700.0, 2e-05, [7.226410888888889e-06], [0.08396748], [0.03265402], [2.1788445459820105e-06]]
[2000.0, 1000.0, 2.9e-05, [1.0618670666666666e-05], [0.08396748], [0.03265402], [2.654668009747228e-06]]
[2000.0, 800.0, 2.4e-05, [8.631475777777779e-06], [0.08396748], [0.03265402], [2.3939404522437247e-06]]
[2100.0, 200.0, 9e-06, [2.4905630499999994e-05], [4.711508599999999], [0.7463776], [2.4905633659877038e-05]]
[2100.0, 100.0, 1.2e-05, [4.437435999999999e-06], [0.08396748], [0.03265402], [1.4032403599007267e-06]]
[2100.0, 400.0, 2.3e-05, [0.00015890033], [23.0444084], [2.8455645999999994], [5.617974934084344e-05]]
[2100.0, 1400.0, 1.6e-05, [5.740452444444444e-06], [0.08396748], [0.03265402], [1.592114474760135e-06]]
[2100.0, 500.0, 1.8e-05, [6.649504444444443e-06], [0.08396748], [0.03265402], [1.7168944214252044e-06]]
[2100.0, 800.0, 1.8e-05, [5.941073649999999e-05], [6.530804], [0.8863233999999999], [2.425433699361827e-05]]
[2100.0, 300.0, 1.9e-05, [0.00019997994000000002], [43.38319799999999], [5.131346], [0.00011545847887444213]]
[2100.0, 600.0, 1.2e-05, [4.439344488888889e-06], [0.08396748], [0.03265402], [1.4038439639296554e-06]]
[2100.0, 700.0, 1.1e-05, [3.976381577777777e-06], [0.08396748], [0.03265402], [1.325460710586565e-06]]
[2100.0, 1000.0, 1.8e-05, [6.629351333333332e-06], [0.08396748], [0.03265402], [1.7116919576911878e-06]]
[2100.0, 1700.0, 2.4e-05, [8.893972222222221e-06], [0.08396748], [0.03265402], [1.9887523143672853e-06]]
[2100.0, 1800.0, 1.2e-05, [4.429998822222222e-06], [0.08396748], [0.03265402], [1.4008885184009664e-06]]
[2100.0, 1900.0, 1.4e-05, [5.2936493333333334e-06], [0.08396748], [0.03265402], [1.5281445279395549e-06]]
[2100.0, 900.0, 1.7e-05, [4.9822680499999996e-05], [4.711508599999999], [0.7463776], [4.9822679951002226e-05]]
[2100.0, 2000.0, 1.9e-05, [7.096399555555555e-06], [0.08396748], [0.03265402], [1.7740997243950987e-06]]
[2100.0, 1200.0, 1.2e-05, [4.406437111111111e-06], [0.08396748], [0.03265402], [1.3934376581535657e-06]]
[2100.0, 1500.0, 1.2e-05, [0.00014906819799999997], [60.643179999999994], [6.530804], [8.606456171967646e-05]]
[2100.0, 1100.0, 2e-05, [7.130138e-06], [0.08396748], [0.03265402], [1.977544305820095e-06]]
[2100.0, 1300.0, 1.9e-05, [7.074728444444444e-06], [0.08396748], [0.03265402], [1.7686822576130122e-06]]
[2100.0, 1600.0, 1.8e-05, [5.9434829e-05], [6.530804], [0.8863233999999999], [2.4264171549838662e-05]]
[2200.0, 1700.0, 1.2e-05, [4.4636422e-06], [0.08396748], [0.03265402], [1.1525075033097117e-06]]
[2200.0, 1100.0, 1e-05, [3.32088835e-05], [6.530804], [0.8863233999999999], [1.660443898480162e-05]]
[2200.0, 200.0, 8e-06, [4.4475744e-05], [15.114146399999997], [2.1924842], [3.1449091862882145e-05]]
[2200.0, 1800.0, 1.3e-05, [4.747601733333333e-06], [0.08396748], [0.03265402], [1.1869003689972996e-06]]
[2200.0, 900.0, 6e-06, [3.9951988999999996e-05], [23.0444084], [2.8455645999999994], [2.306629395893497e-05]]
[2200.0, 1000.0, 1e-05, [3.3282586999999997e-05], [6.530804], [0.8863233999999999], [1.4884425610348553e-05]]
[2200.0, 1300.0, 1.3e-05, [4.705883311111111e-06], [0.08396748], [0.03265402], [1.1764708658830464e-06]]
[2200.0, 1900.0, 1.3e-05, [4.720424422222222e-06], [0.08396748], [0.03265402], [1.1801059707595e-06]]
[2200.0, 1400.0, 1.1e-05, [3.838912111111111e-06], [0.08396748], [0.03265402], [1.0647225927471309e-06]]
[2200.0, 1600.0, 1.4e-05, [5.2806364444444445e-06], [0.08396748], [0.03265402], [1.2446575636954115e-06]]
[2200.0, 800.0, 9e-06, [3.2699084666666664e-06], [0.08396748], [0.03265402], [9.859145208734558e-07]]
[2200.0, 400.0, 1e-05, [3.821584422222222e-06], [0.08396748], [0.03265402], [1.059916782198105e-06]]
[2200.0, 600.0, 1.1e-05, [3.856119177777777e-06], [0.08396748], [0.03265402], [1.0694952064143203e-06]]
[2200.0, 2000.0, 1.2e-05, [4.408694688888889e-06], [0.08396748], [0.03265402], [1.1383199495986708e-06]]
[2200.0, 500.0, 1.2e-05, [3.9736916e-05], [6.530804], [0.8863233999999999], [1.6222526267508397e-05]]
[2200.0, 700.0, 1e-05, [2.2034505999999997e-06], [0.03265402], [0.01865944], [1.2721627427143971e-06]]
[2200.0, 300.0, 1.1e-05, [4.122659533333333e-06], [0.08396748], [0.03265402], [1.1018270590923732e-06]]
[2200.0, 1200.0, 1.3e-05, [4.68914851111111e-06], [0.08396748], [0.03265402], [1.1722871230058921e-06]]
[2200.0, 1500.0, 1e-05, [3.7157839111111106e-06], [0.08396748], [0.03265402], [1.1750338842500681e-06]]
[2200.0, 100.0, 1.2e-05, [3.98894175e-05], [6.530804], [0.8863233999999999], [1.6284787763431244e-05]]
[2300.0, 700.0, 3e-06, [8.786322e-05], [160.004698], [19.125925999999996], [8.786323920730443e-05]]
[2300.0, 100.0, 7e-06, [2.2041440499999996e-05], [6.530804], [0.8863233999999999], [1.102072006608461e-05]]
[2300.0, 1800.0, 4e-06, [2.6445146999999997e-05], [23.0444084], [2.8455645999999994], [1.526811825668114e-05]]
[2300.0, 1000.0, 6e-06, [2.163920244444444e-06], [0.08396748], [0.03265402], [6.524464963637124e-07]]
[2300.0, 1500.0, 4e-06, [1.3242859499999999e-05], [6.530804], [0.8863233999999999], [7.64576788655005e-06]]
[2300.0, 1200.0, 6e-06, [2.3699389111111114e-06], [0.08396748], [0.03265402], [6.841424124360564e-07]]
[2300.0, 500.0, 5e-06, [0.000133479764], [160.004698], [19.125925999999996], [5.449287832368556e-05]]
[2300.0, 1900.0, 7e-06, [2.559202333333333e-06], [0.08396748], [0.03265402], [7.097951469383852e-07]]
[2300.0, 1300.0, 5e-06, [1.7685528e-05], [6.530804], [0.8863233999999999], [8.842765704235299e-06]]
[2300.0, 1600.0, 6e-06, [2.354180333333333e-06], [0.08396748], [0.03265402], [6.795932915908666e-07]]
[2300.0, 1700.0, 4e-06, [1.4600757777777775e-06], [0.08396748], [0.03265402], [5.960734588916551e-07]]
[2300.0, 1400.0, 9e-06, [3.3404177777777772e-06], [0.08396748], [0.03265402], [8.101702817507556e-07]]
[2300.0, 1100.0, 9e-06, [3.159290733333333e-06], [0.08396748], [0.03265402], [7.898226311280116e-07]]
[2300.0, 900.0, 6e-06, [2.1638972444444444e-06], [0.08396748], [0.03265402], [6.524394894604459e-07]]
[2300.0, 2000.0, 8e-06, [2.65205065e-05], [6.530804], [0.8863233999999999], [1.0826949212497489e-05]]
[2300.0, 300.0, 6e-06, [2.1630242666666666e-06], [0.08396748], [0.03265402], [6.52176375825731e-07]]
[2300.0, 200.0, 8e-06, [2.6652100999999994e-05], [6.530804], [0.8863233999999999], [1.0880676245068594e-05]]
[2300.0, 400.0, 8e-06, [2.6733245e-05], [6.530804], [0.8863233999999999], [1.0913803552153575e-05]]
[2300.0, 800.0, 7e-06, [2.21860875e-05], [6.530804], [0.8863233999999999], [9.921921826188715e-06]]
[2300.0, 600.0, 6e-06, [1.6556745499999998e-05], [4.711508599999999], [0.7463776], [9.559041840059076e-06]]
[2400.0, 1200.0, 3e-06, [1.1737682e-06], [0.08396748], [0.03265402], [3.9125613977748677e-07]]
[2400.0, 1500.0, 5e-06, [1.694972733333333e-06], [0.08396748], [0.03265402], [4.70100873230784e-07]]
[2400.0, 1100.0, 5e-06, [2.9499983999999995e-05], [15.114146399999997], [2.1924842], [2.9499981474570453e-05]]
[2400.0, 1600.0, 5e-06, [1.6979555777777776e-06], [0.08396748], [0.03265402], [4.709281090583089e-07]]
[2400.0, 400.0, 4e-06, [1.4311836888888887e-06], [0.08396748], [0.03265402], [4.3151818936527627e-07]]
[2400.0, 1300.0, 3e-06, [1.0438892444444444e-06], [0.08396748], [0.03265402], [3.690705693167669e-07]]
[2400.0, 200.0, 4e-06, [2.927555e-05], [23.0444084], [2.8455645999999994], [1.3092425501029211e-05]]
[2400.0, 1700.0, 4e-06, [1.3073327777777776e-06], [0.08396748], [0.03265402], [4.1341496386279845e-07]]
[2400.0, 2000.0, 4e-06, [1.4430629333333332e-06], [0.08396748], [0.03265402], [4.3509976588318793e-07]]
[2400.0, 600.0, 6e-06, [4.1259907e-05], [23.0444084], [2.8455645999999994], [1.559477852038944e-05]]
[2400.0, 1900.0, 4e-06, [1.3008309333333333e-06], [0.08396748], [0.03265402], [4.113587847339324e-07]]
[2400.0, 700.0, 3e-06, [1.1750424e-05], [6.530804], [0.8863233999999999], [5.875210328149963e-06]]
[2400.0, 100.0, 3e-06, [6.506975999999999e-07], [0.03265402], [0.01865944], [3.75680400353647e-07]]
[2400.0, 1800.0, 4e-06, [1.303326688888889e-06], [0.08396748], [0.03265402], [4.121480967196496e-07]]
[2400.0, 500.0, 4e-06, [1.96474096e-05], [15.114146399999997], [2.1924842], [1.389281868448588e-05]]
[2400.0, 900.0, 8e-06, [3.0006444e-06], [0.08396748], [0.03265402], [6.256776640245831e-07]]
[2400.0, 1400.0, 3e-06, [1.043036711111111e-06], [0.08396748], [0.03265402], [3.687691637707092e-07]]
[2400.0, 800.0, 3e-06, [3.5232329199999994e-05], [60.643179999999994], [6.530804], [2.0341395566676342e-05]]
[2400.0, 300.0, 4e-06, [2.21131039e-05], [15.114146399999997], [2.1924842], [1.2767005608207429e-05]]
[2400.0, 1000.0, 3e-06, [8.801391599999998e-06], [6.530804], [0.8863233999999999], [5.081485520986948e-06]]
[2500.0, 400.0, 3e-06, [2.3369794e-05], [23.0444084], [2.8455645999999994], [9.54067612908016e-06]]
[2500.0, 1300.0, 3e-06, [1.0349969333333333e-06], [0.08396748], [0.03265402], [2.987778243874184e-07]]
[2500.0, 500.0, 2e-06, [1.1641413199999999e-05], [23.0444084], [2.8455645999999994], [6.721173401274512e-06]]
[2500.0, 900.0, 2e-06, [1.9505449e-05], [43.38319799999999], [5.131346], [1.3792432458417188e-05]]
[2500.0, 1400.0, 3e-06, [1.1222803999999999e-06], [0.08396748], [0.03265402], [3.112646104657499e-07]]
[2500.0, 200.0, 3e-06, [9.7236134e-06], [6.530804], [0.8863233999999999], [4.3485315423715165e-06]]
[2500.0, 1900.0, 3e-06, [1.1181521555555555e-06], [0.08396748], [0.03265402], [3.101195886416388e-07]]
[2500.0, 1000.0, 2e-06, [9.751487099999999e-06], [15.114146399999997], [2.1924842], [9.751487368601775e-06]]
[2500.0, 1800.0, 3e-06, [1.0378121333333332e-06], [0.08396748], [0.03265402], [2.995906018898803e-07]]
[2500.0, 1700.0, 3e-06, [9.469606e-07], [0.08396748], [0.03265402], [2.8551940298599927e-07]]
[2500.0, 800.0, 2e-06, [8.639198666666666e-07], [0.08396748], [0.03265402], [2.731954629704789e-07]]
[2500.0, 700.0, 3e-06, [3.8894154599999995e-05], [60.643179999999994], [6.530804], [1.7393992353683497e-05]]
[2500.0, 1600.0, 4e-06, [1.3927634666666665e-06], [0.08396748], [0.03265402], [3.862831231232818e-07]]
[2500.0, 1100.0, 3e-06, [9.511026444444444e-07], [0.08396748], [0.03265402], [2.8676831634484876e-07]]
[2500.0, 600.0, 2e-06, [9.6780987e-06], [15.114146399999997], [2.1924842], [6.8434493122985865e-06]]
[2500.0, 300.0, 3e-06, [1.9456275e-05], [15.114146399999997], [2.1924842], [8.701113095460831e-06]]
[2500.0, 2000.0, 4e-06, [1.4747145111111109e-06], [0.08396748], [0.03265402], [3.57670757009506e-07]]
[2500.0, 1200.0, 3e-06, [1.1217667333333334e-06], [0.08396748], [0.03265402], [3.111221120277255e-07]]
[2500.0, 100.0, 2e-06, [6.908586666666665e-07], [0.08396748], [0.03265402], [2.442553957855801e-07]]
[2500.0, 1500.0, 3e-06, [9.423769555555555e-07], [0.08396748], [0.03265402], [2.84137327256981e-07]]
[2600.0, 800.0, 2e-06, [2.0620263599999998e-05], [60.643179999999994], [6.530804], [1.031013219313894e-05]]
[2600.0, 2000.0, 3e-06, [1.1388904888888887e-06], [0.08396748], [0.03265402], [2.5466359228316855e-07]]
[2600.0, 900.0, 2e-06, [7.707691e-06], [6.530804], [0.8863233999999999], [3.1466521828762703e-06]]
[2600.0, 1000.0, 2e-06, [7.99365e-07], [0.08396748], [0.03265402], [2.1363936995568426e-07]]
[2600.0, 200.0, 1e-06, [1.53462992e-05], [160.004698], [19.125925999999996], [8.860187519460297e-06]]
[2600.0, 1100.0, 2e-06, [3.8184564222222223e-07], [0.03265402], [0.01865944], [1.9092281731851617e-07]]
[2600.0, 1500.0, 2e-06, [6.36694625e-06], [4.711508599999999], [0.7463776], [6.3669456865124896e-06]]
[2600.0, 700.0, 2e-06, [5.135771199999999e-06], [6.530804], [0.8863233999999999], [2.5678851088979813e-06]]
[2600.0, 1800.0, 2e-06, [5.679180444444443e-07], [0.08396748], [0.03265402], [1.795913825643035e-07]]
[2600.0, 1600.0, 2e-06, [7.965774e-07], [0.08396748], [0.03265402], [2.128943130832993e-07]]
[2600.0, 1400.0, 2e-06, [5.698863333333333e-07], [0.08396748], [0.03265402], [1.8021396542258686e-07]]
[2600.0, 1300.0, 2e-06, [5.668973555555555e-07], [0.08396748], [0.03265402], [1.792686793821146e-07]]
[2600.0, 600.0, 2e-06, [8.556552e-07], [0.08396748], [0.03265402], [2.209292779976054e-07]]
[2600.0, 1700.0, 1e-06, [5.112797777777777e-07], [0.08396748], [0.03265402], [1.704266258975246e-07]]
[2600.0, 400.0, 2e-06, [6.249376e-07], [0.08396748], [0.03265402], [1.884258093511333e-07]]
[2600.0, 300.0, 2e-06, [3.558310577777777e-07], [0.03265402], [0.01865944], [1.5913247246427294e-07]]
[2600.0, 1900.0, 2e-06, [7.989479333333333e-07], [0.08396748], [0.03265402], [2.1352788420563091e-07]]
[2600.0, 1200.0, 2e-06, [7.389491111111111e-07], [0.08396748], [0.03265402], [2.0494758920511274e-07]]
[2600.0, 100.0, 2e-06, [5.689755333333332e-07], [0.08396748], [0.03265402], [1.7992584851255517e-07]]
[2600.0, 500.0, 1e-06, [8.5213712e-06], [43.38319799999999], [5.131346], [8.521370565818623e-06]]
[2700.0, 1400.0, 2e-06, [5.600300666666666e-07], [0.08396748], [0.03265402], [1.4459906944358464e-07]]
[2700.0, 1000.0, 1e-06, [2.8210236e-06], [15.114146399999997], [2.1924842], [2.8210228995880195e-06]]
[2700.0, 800.0, 1e-06, [5.041245799999999e-06], [15.114146399999997], [2.1924842], [2.9105643507746055e-06]]
[2700.0, 900.0, 1e-06, [4.2174249e-06], [15.114146399999997], [2.1924842], [4.217425528684531e-06]]
[2700.0, 600.0, 0.0, [3.36611624e-05], [494.47515999999996], [51.31345999999999], [3.3661164376771047e-05]]
[2700.0, 1100.0, 2e-06, [5.2619572499999995e-06], [6.530804], [0.8863233999999999], [2.3532192354304767e-06]]
[2700.0, 1300.0, 2e-06, [5.597857555555555e-07], [0.08396748], [0.03265402], [1.4453599585835158e-07]]
[2700.0, 400.0, 1e-06, [2.7877495e-06], [4.711508599999999], [0.7463776], [1.971236197161568e-06]]
[2700.0, 1700.0, 1e-06, [1.8884313555555555e-07], [0.03265402], [0.01865944], [1.88843140472996e-07]]
[2700.0, 100.0, 1e-06, [1.34548712e-05], [43.38319799999999], [5.131346], [6.727436700556905e-06]]
[2700.0, 2000.0, 1e-06, [5.036360599999999e-06], [23.0444084], [2.8455645999999994], [2.9077440155557017e-06]]
[2700.0, 1200.0, 2e-06, [1.2494156599999999e-05], [15.114146399999997], [2.1924842], [7.21350404727134e-06]]
[2700.0, 700.0, 1e-06, [2.0863115999999996e-06], [4.711508599999999], [0.7463776], [1.4752447246135128e-06]]
[2700.0, 300.0, 1e-06, [3.12724675e-06], [4.711508599999999], [0.7463776], [1.8055172132937421e-06]]
[2700.0, 1800.0, 1e-06, [5.224833333333333e-07], [0.08396748], [0.03265402], [1.3963953101547647e-07]]
[2700.0, 200.0, 1e-06, [6.7123384e-06], [60.643179999999994], [6.530804], [4.746341879805963e-06]]
[2700.0, 1500.0, 1e-06, [4.198799499999999e-06], [23.0444084], [2.8455645999999994], [2.9689989003029287e-06]]
[2700.0, 500.0, 1e-06, [8.439799399999999e-06], [43.38319799999999], [5.131346], [5.96783832555809e-06]]
[2700.0, 1900.0, 1e-06, [4.0853244000000003e-07], [0.08396748], [0.03265402], [1.2317714153823698e-07]]
[2700.0, 1600.0, 2e-06, [5.604210666666665e-07], [0.08396748], [0.03265402], [1.4470002387229234e-07]]
[2800.0, 1500.0, 1e-06, [4.615767266666666e-07], [0.08396748], [0.03265402], [1.0589295916159864e-07]]
[2800.0, 200.0, 0.0, [1.45440224e-05], [494.47515999999996], [51.31345999999999], [1.0284176287870603e-05]]
[2800.0, 400.0, 1e-06, [2.76109595e-06], [4.711508599999999], [0.7463776], [1.5941194473752585e-06]]
[2800.0, 900.0, 1e-06, [3.6335146999999996e-06], [15.114146399999997], [2.1924842], [2.5692822227229145e-06]]
[2800.0, 600.0, 1e-06, [6.5626980999999985e-06], [23.0444084], [2.8455645999999994], [2.6792097696895626e-06]]
[2800.0, 1200.0, 1e-06, [1.2141976e-07], [0.03265402], [0.01865944], [8.585673289099725e-08]]
[2800.0, 1000.0, 1e-06, [2.1950801333333333e-07], [0.08396748], [0.03265402], [7.316933568067034e-08]]
[2800.0, 1400.0, 1e-06, [2.1175174888888888e-07], [0.08396748], [0.03265402], [8.0034647188685e-08]]
[2800.0, 800.0, 0.0, [5.481118039999999e-06], [494.47515999999996], [51.31345999999999], [5.4811187996612515e-06]]
[2800.0, 100.0, 1e-06, [6.564705999999999e-06], [60.643179999999994], [6.530804], [3.790135379112466e-06]]
[2800.0, 1100.0, 1e-06, [4.142001e-07], [0.08396748], [0.03265402], [1.004582745395161e-07]]
[2800.0, 1300.0, 1e-06, [5.467973999999999e-06], [43.38319799999999], [5.131346], [3.866441335905666e-06]]
[2800.0, 2000.0, 1e-06, [2.1796536500000003e-06], [6.530804], [0.8863233999999999], [1.089826853334969e-06]]
[2800.0, 500.0, 1e-06, [3.6495433999999994e-06], [15.114146399999997], [2.1924842], [2.5806163992348803e-06]]
[2800.0, 1900.0, 1e-06, [2.4285275777777776e-07], [0.08396748], [0.03265402], [7.679677034747274e-08]]
[2800.0, 1800.0, 1e-06, [1.2063397777777775e-07], [0.03265402], [0.01865944], [1.2063395988088597e-07]]
[2800.0, 300.0, 1e-06, [1.09201838e-05], [43.38319799999999], [5.131346], [5.460091490075967e-06]]
[2800.0, 700.0, 1e-06, [2.1859843999999996e-06], [6.530804], [0.8863233999999999], [1.0929920891753974e-06]]
[2800.0, 1600.0, 1e-06, [3.891552977777778e-07], [0.08396748], [0.03265402], [9.72888286127421e-08]]
[2800.0, 1700.0, 1e-06, [2.686255355555555e-07], [0.08396748], [0.03265402], [8.099364760946638e-08]]
[2900.0, 1300.0, 0, [0.0], [494.47515999999996], [51.31345999999999], [0.0]]
[2900.0, 900.0, 0, [0.0], [494.47515999999996], [51.31345999999999], [0.0]]
[2900.0, 1600.0, 1e-06, [2.511732888888889e-07], [0.08396748], [0.03265402], [6.27933230703888e-08]]
[2900.0, 2000.0, 0, [0.0], [494.47515999999996], [51.31345999999999], [0.0]]
[2900.0, 1200.0, 0, [0.0], [494.47515999999996], [51.31345999999999], [0.0]]
[2900.0, 1700.0, 0, [0.0], [494.47515999999996], [51.31345999999999], [0.0]]
[2900.0, 1100.0, 1e-06, [2.2062274666666666e-07], [0.08396748], [0.03265402], [5.896390530142199e-08]]
[2900.0, 800.0, 1e-06, [1.7736760499999998e-06], [6.530804], [0.8863233999999999], [7.932121144435453e-07]]
[2900.0, 600.0, 0.0, [3.57048596e-06], [494.47515999999996], [51.31345999999999], [3.5704866939956515e-06]]
[2900.0, 100.0, 0, [0.0], [494.47515999999996], [51.31345999999999], [0.0]]
[2900.0, 400.0, 1e-06, [7.127672399999999e-06], [43.38319799999999], [5.131346], [3.5638373458955725e-06]]
[2900.0, 1000.0, 0, [0.0], [494.47515999999996], [51.31345999999999], [0.0]]
[2900.0, 1400.0, 1e-06, [2.1670533555555555e-07], [0.08396748], [0.03265402], [6.533911387881791e-08]]
[2900.0, 200.0, 1e-06, [1.7725823999999999e-06], [6.530804], [0.8863233999999999], [7.927228694506044e-07]]
[2900.0, 500.0, 1e-06, [1.7684515999999996e-06], [4.711508599999999], [0.7463776], [1.0210160222787888e-06]]
[2900.0, 1500.0, 0, [0.0], [494.47515999999996], [51.31345999999999], [0.0]]
[2900.0, 1800.0, 0, [0.0], [494.47515999999996], [51.31345999999999], [0.0]]
[2900.0, 300.0, 0.0, [3.5482651999999995e-06], [494.47515999999996], [51.31345999999999], [3.548265990029496e-06]]
[2900.0, 700.0, 1e-06, [7.1049989999999995e-06], [43.38319799999999], [5.131346], [4.102073825274235e-06]]
[2900.0, 1900.0, 1e-06, [1.9080922666666662e-07], [0.08396748], [0.03265402], [5.5081892164707305e-08]]
[3000.0, 1900.0, 0, [0.0], [494.47515999999996], [51.31345999999999], [0.0]]
[3000.0, 800.0, 0.0, [4.56423684e-06], [494.47515999999996], [51.31345999999999], [3.2274027477214554e-06]]
[3000.0, 900.0, 0.0, [3.0503492399999997e-06], [494.47515999999996], [51.31345999999999], [3.050350146458599e-06]]
[3000.0, 1600.0, 0, [0.0], [494.47515999999996], [51.31345999999999], [0.0]]
[3000.0, 700.0, 0, [0.0], [494.47515999999996], [51.31345999999999], [0.0]]
[3000.0, 600.0, 0, [0.0], [494.47515999999996], [51.31345999999999], [0.0]]
[3000.0, 1300.0, 0, [0.0], [494.47515999999996], [51.31345999999999], [0.0]]
[3000.0, 500.0, 0.0, [3.0666148399999996e-06], [494.47515999999996], [51.31345999999999], [3.0666154529056944e-06]]
[3000.0, 1500.0, 0, [0.0], [494.47515999999996], [51.31345999999999], [0.0]]
[3000.0, 1800.0, 0, [0.0], [494.47515999999996], [51.31345999999999], [0.0]]
[3000.0, 2000.0, 0, [0.0], [494.47515999999996], [51.31345999999999], [0.0]]
[3000.0, 100.0, 0.0, [6.096591599999999e-06], [494.47515999999996], [51.31345999999999], [4.310940747447128e-06]]
[3000.0, 1400.0, 0, [0.0], [494.47515999999996], [51.31345999999999], [0.0]]
[3000.0, 1100.0, 0, [0.0], [494.47515999999996], [51.31345999999999], [0.0]]
[3000.0, 1200.0, 0.0, [3.05297952e-06], [494.47515999999996], [51.31345999999999], [3.052979488958286e-06]]
[3000.0, 1000.0, 0, [0.0], [494.47515999999996], [51.31345999999999], [0.0]]
[3000.0, 400.0, 1e-06, [6.3873392e-06], [60.643179999999994], [6.530804], [2.4141876347956057e-06]]
[3000.0, 300.0, 0, [0.0], [494.47515999999996], [51.31345999999999], [0.0]]
[3000.0, 1700.0, 0, [0.0], [494.47515999999996], [51.31345999999999], [0.0]]
[3000.0, 200.0, 0.0, [3.0376955599999997e-06], [494.47515999999996], [51.31345999999999], [3.0376959505519966e-06]]
