[200.0, 1800.0, 0.331451, [5.1336644], [64.841554], [8.396747999999999], [1.8150242739423623]]
[200.0, 700.0, 0.403845, [6.399812099999999], [64.841554], [8.396747999999999], [2.023798478604033]]
[200.0, 2000.0, 0.34986, [2.5723338], [23.324299999999997], [2.33243], [0.9094571982781818]]
[200.0, 1300.0, 0.228159, [1.6117594999999998], [23.324299999999997], [2.33243], [0.7208006985290732]]
[200.0, 1400.0, 0.309866, [2.2457291999999995], [23.324299999999997], [2.33243], [0.8488057996385274]]
[200.0, 400.0, 0.351402, [2.5853495], [23.324299999999997], [2.33243], [0.9140589643179481]]
[200.0, 1900.0, 0.332607, [5.1535249], [64.841554], [8.396747999999999], [1.8220464415047164]]
[200.0, 1700.0, 0.21427, [3.2241514999999996], [64.841554], [8.396747999999999], [1.4418848404085534]]
[200.0, 500.0, 0.289491, [10.2870812], [200.58897999999996], [23.324299999999997], [3.6370324056846126]]
[200.0, 1500.0, 0.387696, [2.8930182], [23.324299999999997], [2.33243], [0.9643393553360766]]
[200.0, 100.0, 0.254375, [3.8616632], [64.841554], [8.396747999999999], [1.576516876217949]]
[200.0, 600.0, 0.254217, [3.8591009999999994], [64.841554], [8.396747999999999], [1.575471795367978]]
[200.0, 1000.0, 0.311614, [2.2599224999999996], [23.324299999999997], [2.33243], [0.8541703479107665]]
[200.0, 1200.0, 0.294827, [4.5210156999999995], [64.841554], [8.396747999999999], [1.7087832934576577]]
[200.0, 300.0, 0.351991, [2.5903186499999995], [23.324299999999997], [2.33243], [0.9158160580869936]]
[200.0, 1600.0, 0.213701, [3.2151377999999995], [64.841554], [8.396747999999999], [1.4378534205544042]]
[200.0, 900.0, 0.313112, [1.6101863], [9.796206], [1.3994579999999999], [1.6101864534891603]]
[200.0, 800.0, 0.349763, [2.5715127], [23.324299999999997], [2.33243], [0.909167046257177]]
[200.0, 1100.0, 0.350432, [2.57715805], [23.324299999999997], [2.33243], [0.9111628601682578]]
[200.0, 200.0, 0.388178, [2.89724675], [23.324299999999997], [2.33243], [0.9657488840273127]]
[300.0, 2000.0, 0.235725, [1.6593695], [23.324299999999997], [2.33243], [0.4434850910684597]]
[300.0, 400.0, 0.235198, [3.5363787999999996], [64.841554], [8.396747999999999], [0.9130889923769752]]
[300.0, 1000.0, 0.235737, [3.5448934], [64.841554], [8.396747999999999], [0.9152878825812127]]
[300.0, 200.0, 0.203259, [1.4189896], [23.324299999999997], [2.33243], [0.40962686832042644]]
[300.0, 1600.0, 0.251535, [1.7782702999999997], [23.324299999999997], [2.33243], [0.4591472032474988]]
[300.0, 1300.0, 0.235595, [3.5426439999999992], [64.841554], [8.396747999999999], [0.9147068481212983]]
[300.0, 800.0, 0.205587, [3.0738695], [64.841554], [8.396747999999999], [0.8525377457919384]]
[300.0, 700.0, 0.233999, [1.6464204999999998], [23.324299999999997], [2.33243], [0.4400243243276443]]
[300.0, 300.0, 0.218536, [1.53146535], [23.324299999999997], [2.33243], [0.42475199793526575]]
[300.0, 900.0, 0.20293, [1.41656885], [23.324299999999997], [2.33243], [0.40892826051766096]]
[300.0, 600.0, 0.310173, [2.2312621999999998], [23.324299999999997], [2.33243], [0.5118866896101127]]
[300.0, 1400.0, 0.250924, [3.7849766], [64.841554], [8.396747999999999], [0.9462444308951043]]
[300.0, 500.0, 0.310556, [2.2343016499999995], [23.324299999999997], [2.33243], [0.5125839104478407]]
[300.0, 1200.0, 0.219584, [1.5392451], [23.324299999999997], [2.33243], [0.42690983327864446]]
[300.0, 100.0, 0.234312, [1.6487618999999998], [23.324299999999997], [2.33243], [0.440650078577095]]
[300.0, 1100.0, 0.308552, [4.7157268], [64.841554], [8.396747999999999], [1.0544683556181285]]
[300.0, 1900.0, 0.204885, [3.0629628999999996], [64.841554], [8.396747999999999], [0.8495133365639411]]
[300.0, 1500.0, 0.204188, [3.0521391], [64.841554], [8.396747999999999], [0.8465112426896645]]
[300.0, 1700.0, 0.277811, [4.2149846], [64.841554], [8.396747999999999], [0.9934812660538697]]
[300.0, 1800.0, 0.324976, [2.3489693000000003], [23.324299999999997], [2.33243], [0.5252456777547055]]
[400.0, 900.0, 0.21579, [7.5180238], [200.58897999999996], [23.324299999999997], [1.2707778702826076]]
[400.0, 1200.0, 0.228763, [3.4297554], [64.841554], [8.396747999999999], [0.6063005478308592]]
[400.0, 1500.0, 0.271923, [1.92949415], [23.324299999999997], [2.33243], [0.32158227905156705]]
[400.0, 200.0, 0.249637, [3.7579148], [64.841554], [8.396747999999999], [0.6352035384032428]]
[400.0, 1600.0, 0.244285, [3.6734703], [64.841554], [8.396747999999999], [0.6299947713275087]]
[400.0, 500.0, 0.201517, [3.0065646], [64.841554], [8.396747999999999], [0.5681871512098807]]
[400.0, 1700.0, 0.249697, [3.7588600999999997], [64.841554], [8.396747999999999], [0.6353632501176001]]
[400.0, 300.0, 0.193827, [1.3480690999999998], [23.324299999999997], [2.33243], [0.2696138640723062]]
[400.0, 1300.0, 0.208492, [3.1143793999999994], [64.841554], [8.396747999999999], [0.5783256128687367]]
[400.0, 1400.0, 0.237322, [3.5639167], [64.841554], [8.396747999999999], [0.6203983437276408]]
[400.0, 1100.0, 0.209042, [1.45913035], [23.324299999999997], [2.33243], [0.2808098201185279]]
[400.0, 800.0, 0.318275, [4.865270499999999], [64.841554], [8.396747999999999], [0.7252717683048195]]
[400.0, 100.0, 0.141499, [0.9730754899999998], [23.324299999999997], [2.33243], [0.22935610494381872]]
[400.0, 1000.0, 0.251405, [3.7859172999999995], [64.841554], [8.396747999999999], [0.6399369238448427]]
[400.0, 400.0, 0.287453, [2.04885495], [23.324299999999997], [2.33243], [0.3323681448334061]]
[400.0, 1800.0, 0.277171, [4.1965616], [64.841554], [8.396747999999999], [0.6719877373881162]]
[400.0, 2000.0, 0.259629, [1.8359899499999999], [23.324299999999997], [2.33243], [0.31486957998511067]]
[400.0, 600.0, 0.259257, [1.8331655499999997], [23.324299999999997], [2.33243], [0.3143852239689391]]
[400.0, 700.0, 0.295241, [2.10923685], [23.324299999999997], [2.33243], [0.3377481477003242]]
[400.0, 1900.0, 0.243491, [3.6609306999999998], [64.841554], [8.396747999999999], [0.6278445195269287]]
[500.0, 1700.0, 0.211174, [1.4738101], [23.324299999999997], [2.33243], [0.2024434470413898]]
[500.0, 1100.0, 0.18721, [2.7849986999999996], [64.841554], [8.396747999999999], [0.3938583960003899]]
[500.0, 300.0, 0.232931, [3.4926903], [64.841554], [8.396747999999999], [0.44003754839786113]]
[500.0, 1300.0, 0.139214, [2.0565794999999993], [64.841554], [8.396747999999999], [0.33809960884331114]]
[500.0, 1800.0, 0.156453, [1.0786857399999998], [23.324299999999997], [2.33243], [0.1727279327439543]]
[500.0, 1400.0, 0.189666, [2.8226313], [64.841554], [8.396747999999999], [0.3952473544503492]]
[500.0, 600.0, 0.183567, [2.7292305999999997], [64.841554], [8.396747999999999], [0.3898901631228979]]
[500.0, 1900.0, 0.16513, [1.140580465], [23.324299999999997], [2.33243], [0.17812872648733555]]
[500.0, 1200.0, 0.157241, [1.084296705], [23.324299999999997], [2.33243], [0.173626427207957]]
[500.0, 800.0, 0.170059, [2.5231667], [64.841554], [8.396747999999999], [0.3761313704013532]]
[500.0, 1000.0, 0.164482, [2.4383932999999995], [64.841554], [8.396747999999999], [0.3676018126995567]]
[500.0, 2000.0, 0.185112, [1.2841635999999998], [23.324299999999997], [2.33243], [0.18933963352927458]]
[500.0, 700.0, 0.183769, [1.27445645], [23.324299999999997], [2.33243], [0.18790831088592116]]
[500.0, 100.0, 0.087574, [1.28587825], [64.841554], [8.396747999999999], [0.2681241708611888]]
[500.0, 200.0, 0.141608, [0.973422215], [23.324299999999997], [2.33243], [0.164538357382101]]
[500.0, 1500.0, 0.234223, [3.5129349], [64.841554], [8.396747999999999], [0.44258837309626653]]
[500.0, 900.0, 0.226028, [3.3848616999999996], [64.841554], [8.396747999999999], [0.43338701711057287]]
[500.0, 1600.0, 0.201257, [3.0008467999999997], [64.841554], [8.396747999999999], [0.4083636236248277]]
[500.0, 500.0, 0.183356, [2.7259922], [64.841554], [8.396747999999999], [0.3894275616850969]]
[500.0, 400.0, 0.194286, [2.8935655999999996], [64.841554], [8.396747999999999], [0.401265503999534]]
[600.0, 200.0, 0.068457, [0.46448488499999996], [23.324299999999997], [2.33243], [0.0848029447159708]]
[600.0, 1400.0, 0.145329, [2.1482552], [64.841554], [8.396747999999999], [0.25861953155165984]]
[600.0, 1900.0, 0.150369, [2.2242679], [64.841554], [8.396747999999999], [0.2621325044705444]]
[600.0, 100.0, 0.069378, [1.01678492], [64.841554], [8.396747999999999], [0.17699951824793195]]
[600.0, 800.0, 0.144602, [2.13728719], [64.841554], [8.396747999999999], [0.2572991814988924]]
[600.0, 1200.0, 0.146413, [2.1645858899999997], [64.841554], [8.396747999999999], [0.2587174912911765]]
[600.0, 600.0, 0.142598, [2.1071026799999997], [64.841554], [8.396747999999999], [0.255523685790574]]
[600.0, 1600.0, 0.141662, [2.0930126499999995], [64.841554], [8.396747999999999], [0.2538149782814245]]
[600.0, 400.0, 0.126283, [1.8621499199999998], [64.841554], [8.396747999999999], [0.24040248709195997]]
[600.0, 500.0, 0.121721, [0.8333822299999999], [23.324299999999997], [2.33243], [0.11340894542539401]]
[600.0, 1100.0, 0.134738, [0.9247675549999999], [23.324299999999997], [2.33243], [0.11938700505080105]]
[600.0, 300.0, 0.135117, [1.9946195699999998], [64.841554], [8.396747999999999], [0.24740207416268764]]
[600.0, 1700.0, 0.115509, [1.70105861], [64.841554], [8.396747999999999], [0.2293706985863713]]
[600.0, 1500.0, 0.137134, [0.941649785], [23.324299999999997], [2.33243], [0.12056591444102267]]
[600.0, 1800.0, 0.114974, [0.7862226849999999], [23.324299999999997], [2.33243], [0.11009320052800717]]
[600.0, 1000.0, 0.111331, [0.760812285], [23.324299999999997], [2.33243], [0.10868747282920879]]
[600.0, 2000.0, 0.133519, [1.9706186099999998], [64.841554], [8.396747999999999], [0.24632742295570742]]
[600.0, 700.0, 0.130277, [1.9219853399999998], [64.841554], [8.396747999999999], [0.24409242368414472]]
[600.0, 1300.0, 0.138122, [2.0397685699999997], [64.841554], [8.396747999999999], [0.2510781597431365]]
[600.0, 900.0, 0.135866, [0.9327192299999999], [23.324299999999997], [2.33243], [0.12041351211554288]]
[700.0, 2000.0, 0.081032, [1.18883297], [64.841554], [8.396747999999999], [0.14633521127876228]]
[700.0, 100.0, 0.046736, [0.31607244], [23.324299999999997], [2.33243], [0.05342598506345016]]
[700.0, 1000.0, 0.09205, [1.35198899], [64.841554], [8.396747999999999], [0.15611423452075085]]
[700.0, 600.0, 0.092503, [0.630041185], [23.324299999999997], [2.33243], [0.07530431471702004]]
[700.0, 1400.0, 0.093287, [0.6354650449999999], [23.324299999999997], [2.33243], [0.07595260298370292]]
[700.0, 1900.0, 0.095361, [0.64981647], [23.324299999999997], [2.33243], [0.07658159901373175]]
[700.0, 200.0, 0.06388, [0.93570095], [64.841554], [8.396747999999999], [0.12975836843918775]]
[700.0, 400.0, 0.096412, [0.65709712], [23.324299999999997], [2.33243], [0.07690740536515323]]
[700.0, 1300.0, 0.08607, [1.26338172], [64.841554], [8.396747999999999], [0.15100297884478966]]
[700.0, 1100.0, 0.093827, [0.63920013], [23.324299999999997], [2.33243], [0.07585910299693768]]
[700.0, 800.0, 0.089965, [1.32108113], [64.841554], [8.396747999999999], [0.15462084219147174]]
[700.0, 1500.0, 0.082798, [1.2149579799999999], [64.841554], [8.396747999999999], [0.14843074546737275]]
[700.0, 1600.0, 0.10893, [1.6028384899999997], [64.841554], [8.396747999999999], [0.1699005345194652]]
[700.0, 1800.0, 0.07391, [1.0836102699999999], [64.841554], [8.396747999999999], [0.1398934799052479]]
[700.0, 1200.0, 0.092438, [0.62958958], [23.324299999999997], [2.33243], [0.0752503534709306]]
[700.0, 700.0, 0.0846, [0.575459195], [23.324299999999997], [2.33243], [0.07193239428449466]]
[700.0, 900.0, 0.087968, [0.59870288], [23.324299999999997], [2.33243], [0.07369523564993873]]
[700.0, 300.0, 0.08224, [0.559191985], [23.324299999999997], [2.33243], [0.07101745832892077]]
[700.0, 500.0, 0.091606, [0.6238393499999999], [23.324299999999997], [2.33243], [0.07510143655416984]]
[700.0, 1700.0, 0.087673, [0.5966605949999999], [23.324299999999997], [2.33243], [0.07344383862857387]]
[800.0, 300.0, 0.047653, [0.6970442099999999], [64.841554], [8.396747999999999], [0.08713051480394225]]
[800.0, 100.0, 0.024362, [0.164254845], [23.324299999999997], [2.33243], [0.029988688275748236]]
[800.0, 1800.0, 0.067018, [0.98191692], [64.841554], [8.396747999999999], [0.10350314328560269]]
[800.0, 800.0, 0.060872, [0.89138179], [64.841554], [8.396747999999999], [0.09904241722615617]]
[800.0, 400.0, 0.062144, [0.421209695], [23.324299999999997], [2.33243], [0.048001294800244704]]
[800.0, 200.0, 0.028404, [0.19160748], [23.324299999999997], [2.33243], [0.03238758130055407]]
[800.0, 1700.0, 0.056376, [0.38178953499999996], [23.324299999999997], [2.33243], [0.04563257383711771]]
[800.0, 600.0, 0.064026, [0.9378342], [64.841554], [8.396747999999999], [0.10112925026914814]]
[800.0, 1600.0, 0.059639, [0.8732311099999999], [64.841554], [8.396747999999999], [0.0976301912832296]]
[800.0, 1000.0, 0.069915, [0.47444434499999993], [23.324299999999997], [2.33243], [0.05086577530619188]]
[800.0, 1100.0, 0.054707, [0.80069118], [64.841554], [8.396747999999999], [0.09371380976142203]]
[800.0, 1500.0, 0.064297, [0.43594499], [23.324299999999997], [2.33243], [0.04874012861595668]]
[800.0, 1400.0, 0.058067, [0.8501029999999999], [64.841554], [8.396747999999999], [0.09625520609296932]]
[800.0, 1200.0, 0.070583, [0.47903238499999995], [23.324299999999997], [2.33243], [0.05106502452755702]]
[800.0, 900.0, 0.061134, [0.414303715], [23.324299999999997], [2.33243], [0.047523894358522424]]
[800.0, 1300.0, 0.065785, [0.9637411699999998], [64.841554], [8.396747999999999], [0.10273515844149946]]
[800.0, 2000.0, 0.06245, [0.91462214], [64.841554], [8.396747999999999], [0.09979344577676431]]
[800.0, 500.0, 0.067735, [0.45949871499999995], [23.324299999999997], [2.33243], [0.0501354235296761]]
[800.0, 1900.0, 0.05603, [0.37942502], [23.324299999999997], [2.33243], [0.04534996968025447]]
[800.0, 700.0, 0.056673, [0.38381663999999993], [23.324299999999997], [2.33243], [0.0458748535147525]]
[900.0, 200.0, 0.021842, [0.31889315999999995], [64.841554], [8.396747999999999], [0.04651533214973316]]
[900.0, 1100.0, 0.041411, [0.279842725], [23.324299999999997], [2.33243], [0.030903461525369613]]
[900.0, 300.0, 0.028958, [0.19535831999999997], [23.324299999999997], [2.33243], [0.02565179853830916]]
[900.0, 1000.0, 0.042872, [0.289768375], [23.324299999999997], [2.33243], [0.03142979875452593]]
[900.0, 900.0, 0.040308, [0.27234368999999997], [23.324299999999997], [2.33243], [0.03026040738737666]]
[900.0, 1600.0, 0.03566, [0.24078446999999997], [23.324299999999997], [2.33243], [0.02857585246759928]]
[900.0, 700.0, 0.039034, [0.26368717999999997], [23.324299999999997], [2.33243], [0.029856697682429646]]
[900.0, 1900.0, 0.046985, [0.31775603999999996], [23.324299999999997], [2.33243], [0.032949775837629]]
[900.0, 500.0, 0.042804, [0.28931217], [23.324299999999997], [2.33243], [0.031380311948736264]]
[900.0, 1400.0, 0.052507, [0.76833455], [64.841554], [8.396747999999999], [0.072278831133327]]
[900.0, 1200.0, 0.043761, [0.29582001999999996], [23.324299999999997], [2.33243], [0.03171523200293511]]
[900.0, 1500.0, 0.039508, [0.26691247], [23.324299999999997], [2.33243], [0.0300300013278388]]
[900.0, 800.0, 0.040783, [0.275570935], [23.324299999999997], [2.33243], [0.030618995656291535]]
[900.0, 400.0, 0.037195, [0.25120358499999995], [23.324299999999997], [2.33243], [0.029201822083561837]]
[900.0, 100.0, 0.020561, [0.13855567999999996], [23.324299999999997], [2.33243], [0.021638768050653897]]
[900.0, 600.0, 0.040849, [0.27602161999999997], [23.324299999999997], [2.33243], [0.030669068395534935]]
[900.0, 1800.0, 0.041513, [0.60693343], [64.841554], [8.396747999999999], [0.06433480718087214]]
[900.0, 2000.0, 0.045971, [0.31085373999999993], [23.324299999999997], [2.33243], [0.03258632702913907]]
[900.0, 1700.0, 0.047676, [0.32245804499999997], [23.324299999999997], [2.33243], [0.0330834933350455]]
[900.0, 1300.0, 0.043607, [0.2947709899999999], [23.324299999999997], [2.33243], [0.031602765820415143]]
[1000.0, 1600.0, 0.026796, [0.39135305], [64.841554], [8.396747999999999], [0.04102493436923452]]
[1000.0, 1400.0, 0.032567, [0.21980961999999998], [23.324299999999997], [2.33243], [0.021764399428883856]]
[1000.0, 1500.0, 0.028042, [0.40958699], [64.841554], [8.396747999999999], [0.041803283005046384]]
[1000.0, 700.0, 0.024449, [0.35701427999999996], [64.841554], [8.396747999999999], [0.03918739703016775]]
[1000.0, 1900.0, 0.026326, [0.177536425], [23.324299999999997], [2.33243], [0.019487156347194425]]
[1000.0, 1800.0, 0.027594, [0.18612289999999998], [23.324299999999997], [2.33243], [0.019954465176997352]]
[1000.0, 500.0, 0.030625, [0.20664499499999997], [23.324299999999997], [2.33243], [0.021090614363977165]]
[1000.0, 1000.0, 0.02932, [0.197805405], [23.324299999999997], [2.33243], [0.02062263933156956]]
[1000.0, 200.0, 0.013113, [0.08828279749999998], [23.324299999999997], [2.33243], [0.013787454505817962]]
[1000.0, 1100.0, 0.026618, [0.17951730000000002], [23.324299999999997], [2.33243], [0.019704581364494905]]
[1000.0, 2000.0, 0.031581, [0.21312673999999995], [23.324299999999997], [2.33243], [0.021420042746222518]]
[1000.0, 1700.0, 0.027739, [0.40514891], [64.841554], [8.396747999999999], [0.041567414557559385]]
[1000.0, 800.0, 0.027497, [0.18546349], [23.324299999999997], [2.33243], [0.0198837693735368]]
[1000.0, 1300.0, 0.027315, [0.39893891], [64.841554], [8.396747999999999], [0.04136802404031403]]
[1000.0, 400.0, 0.021453, [0.31319766999999993], [64.841554], [8.396747999999999], [0.036657014403794534]]
[1000.0, 300.0, 0.016745, [0.24439730999999998], [64.841554], [8.396747999999999], [0.03237122333184212]]
[1000.0, 600.0, 0.023521, [0.34343875999999995], [64.841554], [8.396747999999999], [0.038397616566656835]]
[1000.0, 1200.0, 0.030569, [0.20626883], [23.324299999999997], [2.33243], [0.02105222553555799]]
[1000.0, 100.0, 0.011254, [0.164202681], [64.841554], [8.396747999999999], [0.026637197562806785]]
[1000.0, 900.0, 0.029709, [0.20044362], [23.324299999999997], [2.33243], [0.020785033954747345]]
[1100.0, 1300.0, 0.021458, [0.14461963], [23.324299999999997], [2.33243], [0.01418111811529683]]
[1100.0, 1800.0, 0.020447, [0.13778322499999998], [23.324299999999997], [2.33243], [0.013847738262979987]]
[1100.0, 2000.0, 0.019997, [0.13474757], [23.324299999999997], [2.33243], [0.013681544731864162]]
[1100.0, 700.0, 0.01776, [0.119635995], [23.324299999999997], [2.33243], [0.012900678267052473]]
[1100.0, 900.0, 0.021172, [0.14268325999999998], [23.324299999999997], [2.33243], [0.014059002809587882]]
[1100.0, 200.0, 0.008852, [0.05956503199999999], [23.324299999999997], [2.33243], [0.009083583497166741]]
[1100.0, 1900.0, 0.02184, [0.147200115], [23.324299999999997], [2.33243], [0.014297340023584806]]
[1100.0, 1500.0, 0.020054, [0.29275688], [64.841554], [8.396747999999999], [0.028435051714389405]]
[1100.0, 800.0, 0.018219, [0.26593841999999995], [64.841554], [8.396747999999999], [0.02728469943026677]]
[1100.0, 500.0, 0.02003, [0.13497078499999998], [23.324299999999997], [2.33243], [0.013634107259003062]]
[1100.0, 1700.0, 0.018662, [0.125731915], [23.324299999999997], [2.33243], [0.013180279388161693]]
[1100.0, 400.0, 0.014001, [0.09427214699999999], [23.324299999999997], [2.33243], [0.011432176549109097]]
[1100.0, 600.0, 0.023875, [0.16095584], [23.324299999999997], [2.33243], [0.014944377211847937]]
[1100.0, 1400.0, 0.021434, [0.14445218999999998], [23.324299999999997], [2.33243], [0.014164704568045179]]
[1100.0, 100.0, 0.009478, [0.0637840255], [23.324299999999997], [2.33243], [0.009404441675346814]]
[1100.0, 1100.0, 0.020089, [0.13536971999999997], [23.324299999999997], [2.33243], [0.01367440430146776]]
[1100.0, 1000.0, 0.017805, [0.25989011], [64.841554], [8.396747999999999], [0.026805609487568077]]
[1100.0, 300.0, 0.014053, [0.0946195275], [23.324299999999997], [2.33243], [0.011474303866684025]]
[1100.0, 1200.0, 0.017471, [0.11769008], [23.324299999999997], [2.33243], [0.01276528490673044]]
[1100.0, 1600.0, 0.0192, [0.129361085], [23.324299999999997], [2.33243], [0.013414117805506257]]
[1200.0, 100.0, 0.006147, [0.041348917], [23.324299999999997], [2.33243], [0.006096566402492471]]
[1200.0, 1400.0, 0.012675, [0.08533182849999998], [23.324299999999997], [2.33243], [0.00875486095120876]]
[1200.0, 1700.0, 0.014805, [0.0996983185], [23.324299999999997], [2.33243], [0.009462946044969292]]
[1200.0, 1800.0, 0.013501, [0.0908993925], [23.324299999999997], [2.33243], [0.00904482786044046]]
[1200.0, 700.0, 0.012585, [0.0847256865], [23.324299999999997], [2.33243], [0.008738786363105577]]
[1200.0, 200.0, 0.007025, [0.0472630565], [23.324299999999997], [2.33243], [0.006554207057302966]]
[1200.0, 1900.0, 0.014313, [0.096374462], [23.324299999999997], [2.33243], [0.009316871046655092]]
[1200.0, 1200.0, 0.016872, [0.11364398899999999], [23.324299999999997], [2.33243], [0.010124209692613047]]
[1200.0, 1100.0, 0.0151, [0.10168390849999999], [23.324299999999997], [2.33243], [0.009565617461774227]]
[1200.0, 1300.0, 0.015164, [0.10211983899999999], [23.324299999999997], [2.33243], [0.009606626718052493]]
[1200.0, 2000.0, 0.014832, [0.09987806349999999], [23.324299999999997], [2.33243], [0.00948000670753982]]
[1200.0, 800.0, 0.0131, [0.08819528249999999], [23.324299999999997], [2.33243], [0.008909067887551424]]
[1200.0, 1600.0, 0.013391, [0.09015456049999998], [23.324299999999997], [2.33243], [0.009015455053684202]]
[1200.0, 1000.0, 0.014911, [0.100411537], [23.324299999999997], [2.33243], [0.009530641911749701]]
[1200.0, 1500.0, 0.01206, [0.08118308849999999], [23.324299999999997], [2.33243], [0.008557449742767993]]
[1200.0, 300.0, 0.007236, [0.048680695999999996], [23.324299999999997], [2.33243], [0.006624603922122438]]
[1200.0, 600.0, 0.014761, [0.0994010895], [23.324299999999997], [2.33243], [0.009477520418073496]]
[1200.0, 500.0, 0.010421, [0.07013600449999999], [23.324299999999997], [2.33243], [0.00794133913455407]]
[1200.0, 900.0, 0.014033, [0.094487726], [23.324299999999997], [2.33243], [0.009221058274406467]]
[1200.0, 400.0, 0.009166, [0.061677375], [23.324299999999997], [2.33243], [0.0074794818871363]]
[1300.0, 1600.0, 0.008707, [0.0585845535], [23.324299999999997], [2.33243], [0.005887968554603531]]
[1300.0, 1700.0, 0.008582, [0.05774506499999999], [23.324299999999997], [2.33243], [0.0058631224936035575]]
[1300.0, 900.0, 0.009226, [0.0620814965], [23.324299999999997], [2.33243], [0.006058533551941425]]
[1300.0, 200.0, 0.005186, [0.0348813515], [23.324299999999997], [2.33243], [0.00454116638651349]]
[1300.0, 1800.0, 0.01103, [0.0742407455], [23.324299999999997], [2.33243], [0.006640293589141974]]
[1300.0, 1000.0, 0.010127, [0.06815640599999999], [23.324299999999997], [2.33243], [0.006355617304794239]]
[1300.0, 1400.0, 0.010823, [0.07284679599999998], [23.324299999999997], [2.33243], [0.006595239472528651]]
[1300.0, 1200.0, 0.009905, [0.06665577099999999], [23.324299999999997], [2.33243], [0.006298377928085928]]
[1300.0, 500.0, 0.007232, [0.048656465499999996], [23.324299999999997], [2.33243], [0.005373208096658829]]
[1300.0, 100.0, 0.00514, [0.0345726685], [23.324299999999997], [2.33243], [0.004539613893273304]]
[1300.0, 1100.0, 0.008096, [0.05447202699999999], [23.324299999999997], [2.33243], [0.005679101251518589]]
[1300.0, 2000.0, 0.010707, [0.072061553], [23.324299999999997], [2.33243], [0.00655105047683194]]
[1300.0, 1300.0, 0.009712, [0.0653554545], [23.324299999999997], [2.33243], [0.0062313978568215335]]
[1300.0, 1500.0, 0.00889, [0.059817882499999996], [23.324299999999997], [2.33243], [0.0059521004947833325]]
[1300.0, 600.0, 0.007306, [0.04915532399999999], [23.324299999999997], [2.33243], [0.005395498030766019]]
[1300.0, 300.0, 0.00491, [0.03302676949999999], [23.324299999999997], [2.33243], [0.004413386270767605]]
[1300.0, 1900.0, 0.009255, [0.062278411], [23.324299999999997], [2.33243], [0.0060777505439924065]]
[1300.0, 400.0, 0.004494, [0.030225243], [23.324299999999997], [2.33243], [0.004232381232828631]]
[1300.0, 700.0, 0.011047, [0.074352192], [23.324299999999997], [2.33243], [0.006623820310062765]]
[1300.0, 800.0, 0.010489, [0.0705925775], [23.324299999999997], [2.33243], [0.006471211553874591]]
[1400.0, 1100.0, 0.00539, [0.036255106999999995], [23.324299999999997], [2.33243], [0.0037798559959342365]]
[1400.0, 400.0, 0.004647, [0.031255137], [23.324299999999997], [2.33243], [0.003516477175739948]]
[1400.0, 1500.0, 0.006059, [0.0407536425], [23.324299999999997], [2.33243], [0.0039962243524356835]]
[1400.0, 1800.0, 0.006793, [0.045699953499999994], [23.324299999999997], [2.33243], [0.0042249613341425974]]
[1400.0, 1600.0, 0.005691, [0.083010082], [64.841554], [8.396747999999999], [0.008062653198544508]]
[1400.0, 1400.0, 0.005696, [0.038310663], [23.324299999999997], [2.33243], [0.0038699610269355422]]
[1400.0, 600.0, 0.005494, [0.0369521335], [23.324299999999997], [2.33243], [0.0038113210406629347]]
[1400.0, 1700.0, 0.007538, [0.0507116305], [23.324299999999997], [2.33243], [0.004447704354495699]]
[1400.0, 900.0, 0.006362, [0.042795007499999996], [23.324299999999997], [2.33243], [0.004099018483124954]]
[1400.0, 100.0, 0.00316, [0.0212495505], [23.324299999999997], [2.33243], [0.00289169781011087]]
[1400.0, 700.0, 0.007162, [0.048184597499999995], [23.324299999999997], [2.33243], [0.004344658297841155]]
[1400.0, 2000.0, 0.006193, [0.0416613145], [23.324299999999997], [2.33243], [0.004027550549031011]]
[1400.0, 800.0, 0.007584, [0.05102268249999999], [23.324299999999997], [2.33243], [0.004474985293271923]]
[1400.0, 1300.0, 0.006389, [0.04297556899999999], [23.324299999999997], [2.33243], [0.004116312512431484]]
[1400.0, 300.0, 0.002897, [0.042244859], [64.841554], [8.396747999999999], [0.005748797894342781]]
[1400.0, 1200.0, 0.00646, [0.0434533825], [23.324299999999997], [2.33243], [0.004124412112653147]]
[1400.0, 500.0, 0.004733, [0.0318325175], [23.324299999999997], [2.33243], [0.0035369461022186923]]
[1400.0, 1000.0, 0.006033, [0.087998184], [64.841554], [8.396747999999999], [0.008278172576118474]]
[1400.0, 200.0, 0.00373, [0.0250842025], [23.324299999999997], [2.33243], [0.003135525561209795]]
[1400.0, 1900.0, 0.006767, [0.0455260045], [23.324299999999997], [2.33243], [0.004226982963651497]]
[1500.0, 1500.0, 0.004104, [0.027601218999999996], [23.324299999999997], [2.33243], [0.006505671056854934]]
[1500.0, 1100.0, 0.003856, [0.025930959], [23.324299999999997], [2.33243], [0.006289181671728047]]
[1500.0, 1800.0, 0.003753, [0.054733353], [64.841554], [8.396747999999999], [0.012900775654975168]]
[1500.0, 400.0, 0.002246, [0.015098568499999998], [23.324299999999997], [2.33243], [0.0047745861705492335]]
[1500.0, 200.0, 0.002261, [0.0152015395], [23.324299999999997], [2.33243], [0.004807149937852989]]
[1500.0, 500.0, 0.002118, [0.030886148000000002], [64.841554], [8.396747999999999], [0.009767055006500169]]
[1500.0, 1300.0, 0.004518, [0.0303835405], [23.324299999999997], [2.33243], [0.006793966025084317]]
[1500.0, 600.0, 0.003148, [0.045909863], [64.841554], [8.396747999999999], [0.011853875121663799]]
[1500.0, 1000.0, 0.005049, [0.033958649], [23.324299999999997], [2.33243], [0.007240007645023588]]
[1500.0, 2000.0, 0.004345, [0.029221016999999995], [23.324299999999997], [2.33243], [0.0067037622235577524]]
[1500.0, 800.0, 0.003449, [0.0231942465], [23.324299999999997], [2.33243], [0.0059887281016088876]]
[1500.0, 1700.0, 0.004023, [0.0270532785], [23.324299999999997], [2.33243], [0.0063765203069542555]]
[1500.0, 1200.0, 0.005464, [0.0367486525], [23.324299999999997], [2.33243], [0.007501287009573756]]
[1500.0, 300.0, 0.002019, [0.013577981], [23.324299999999997], [2.33243], [0.004525992982208434]]
[1500.0, 1400.0, 0.00407, [0.027373369499999998], [23.324299999999997], [2.33243], [0.006451964288106375]]
[1500.0, 100.0, 0.002048, [0.013769812499999999], [23.324299999999997], [2.33243], [0.0045899379952239]]
[1500.0, 900.0, 0.003224, [0.021678454499999996], [23.324299999999997], [2.33243], [0.005793809109730834]]
[1500.0, 700.0, 0.004194, [0.06117261699999999], [64.841554], [8.396747999999999], [0.013678614560692906]]
[1500.0, 1900.0, 0.00405, [0.059065702], [64.841554], [8.396747999999999], [0.013550603765146406]]
[1500.0, 1600.0, 0.00505, [0.033964905000000004], [23.324299999999997], [2.33243], [0.007241343720263525]]
[1600.0, 1500.0, 0.002273, [0.015285305499999997], [23.324299999999997], [2.33243], [0.003946648540217383]]
[1600.0, 100.0, 0.001656, [0.011132405949999999], [23.324299999999997], [2.33243], [0.003356546825980534]]
[1600.0, 1300.0, 0.002882, [0.019380766], [23.324299999999997], [2.33243], [0.0044462515898226]]
[1600.0, 900.0, 0.003037, [0.020424023], [23.324299999999997], [2.33243], [0.004566949580956637]]
[1600.0, 300.0, 0.00192, [0.028003695999999995], [64.841554], [8.396747999999999], [0.007484300368103889]]
[1600.0, 500.0, 0.001842, [0.012383935999999998], [23.324299999999997], [2.33243], [0.003574935694876202]]
[1600.0, 1000.0, 0.003987, [0.026812733], [23.324299999999997], [2.33243], [0.005258410681945639]]
[1600.0, 1200.0, 0.002709, [0.0182149535], [23.324299999999997], [2.33243], [0.00429330595229364]]
[1600.0, 1800.0, 0.002398, [0.016121907499999998], [23.324299999999997], [2.33243], [0.004030476845238042]]
[1600.0, 1100.0, 0.003782, [0.025433193], [23.324299999999997], [2.33243], [0.005086637329808367]]
[1600.0, 1900.0, 0.003895, [0.05681151799999999], [64.841554], [8.396747999999999], [0.0107363694515418]]
[1600.0, 1700.0, 0.002895, [0.019469086], [23.324299999999997], [2.33243], [0.004466514726271481]]
[1600.0, 800.0, 0.002552, [0.017159472], [23.324299999999997], [2.33243], [0.004161783109437588]]
[1600.0, 200.0, 0.001981, [0.013319115999999999], [23.324299999999997], [2.33243], [0.0036940570583032413]]
[1600.0, 1600.0, 0.003648, [0.02453341], [23.324299999999997], [2.33243], [0.005007862470655518]]
[1600.0, 2000.0, 0.002563, [0.0172305305], [23.324299999999997], [2.33243], [0.00417901677132313]]
[1600.0, 1400.0, 0.003187, [0.021432940999999997], [23.324299999999997], [2.33243], [0.004677051555200134]]
[1600.0, 700.0, 0.002741, [0.018427668999999997], [23.324299999999997], [2.33243], [0.004343443584875944]]
[1600.0, 400.0, 0.002424, [0.0162990305], [23.324299999999997], [2.33243], [0.004074758505114137]]
[1600.0, 600.0, 0.002259, [0.015186463], [23.324299999999997], [2.33243], [0.0039211256419553805]]
[1700.0, 900.0, 0.001902, [0.0127871605], [23.324299999999997], [2.33243], [0.002933576292684408]]
[1700.0, 1500.0, 0.001397, [0.00939021805], [23.324299999999997], [2.33243], [0.002509641234818236]]
[1700.0, 1800.0, 0.00269, [0.018084463000000002], [23.324299999999997], [2.33243], [0.0034803565876932777]]
[1700.0, 700.0, 0.002321, [0.015607086999999999], [23.324299999999997], [2.33243], [0.003254301690071158]]
[1700.0, 500.0, 0.00151, [0.010154616149999999], [23.324299999999997], [2.33243], [0.0026219104699626945]]
[1700.0, 300.0, 0.001399, [0.00940812815], [23.324299999999997], [2.33243], [0.002514427860866165]]
[1700.0, 800.0, 0.001509, [0.0101419742], [23.324299999999997], [2.33243], [0.0026186462103537393]]
[1700.0, 1300.0, 0.001873, [0.027308635999999997], [64.841554], [8.396747999999999], [0.006106398643226626]]
[1700.0, 400.0, 0.001203, [0.0175427854], [64.841554], [8.396747999999999], [0.0048654933028419636]]
[1700.0, 1000.0, 0.001944, [0.028354238999999996], [64.841554], [8.396747999999999], [0.0061874044105747605]]
[1700.0, 2000.0, 0.001825, [0.012267463999999999], [23.324299999999997], [2.33243], [0.00289146798572974]]
[1700.0, 1600.0, 0.001307, [0.008786179399999998], [23.324299999999997], [2.33243], [0.002436847829163733]]
[1700.0, 1400.0, 0.001923, [0.012929979], [23.324299999999997], [2.33243], [0.0029663395679692503]]
[1700.0, 1200.0, 0.001795, [0.012068663499999998], [23.324299999999997], [2.33243], [0.002844610022481113]]
[1700.0, 100.0, 0.001517, [0.01019650605], [23.324299999999997], [2.33243], [0.002632726021636129]]
[1700.0, 1700.0, 0.001621, [0.0109003486], [23.324299999999997], [2.33243], [0.0027250875215302714]]
[1700.0, 1900.0, 0.002121, [0.014262104499999997], [23.324299999999997], [2.33243], [0.003112247827937229]]
[1700.0, 1100.0, 0.002015, [0.0135456085], [23.324299999999997], [2.33243], [0.003028891298808856]]
[1700.0, 600.0, 0.00164, [0.011028859949999999], [23.324299999999997], [2.33243], [0.0027572146361863085]]
[1700.0, 200.0, 0.00139, [0.0202669468], [64.841554], [8.396747999999999], [0.0052329028636121265]]
[1800.0, 600.0, 0.001279, [0.00859553585], [23.324299999999997], [2.33243], [0.001971951245594069]]
[1800.0, 1800.0, 0.001285, [0.0187404414], [64.841554], [8.396747999999999], [0.004089500251864523]]
[1800.0, 400.0, 0.00087, [0.005851696799999999], [23.324299999999997], [2.33243], [0.001622968643412435]]
[1800.0, 1300.0, 0.001295, [0.00870913515], [23.324299999999997], [2.33243], [0.0019980123961076918]]
[1800.0, 1200.0, 0.00141, [0.009479107300000001], [23.324299999999997], [2.33243], [0.0020685108532468473]]
[1800.0, 1700.0, 0.001692, [0.011373232049999998], [23.324299999999997], [2.33243], [0.0022746465109990165]]
[1800.0, 500.0, 0.001155, [0.00776205725], [23.324299999999997], [2.33243], [0.0018825752899950643]]
[1800.0, 1600.0, 0.001877, [0.012620928], [23.324299999999997], [2.33243], [0.0023851316053836525]]
[1800.0, 1000.0, 0.001528, [0.010271552750000001], [23.324299999999997], [2.33243], [0.002141766866397928]]
[1800.0, 700.0, 0.001507, [0.01012910915], [23.324299999999997], [2.33243], [0.0021595328210055062]]
[1800.0, 200.0, 0.000878, [0.00589909635], [23.324299999999997], [2.33243], [0.0016361149867903538]]
[1800.0, 800.0, 0.001208, [0.008121617400000001], [23.324299999999997], [2.33243], [0.0019142840724406605]]
[1800.0, 2000.0, 0.001849, [0.012431166499999998], [23.324299999999997], [2.33243], [0.0023923781431872348]]
[1800.0, 1100.0, 0.001559, [0.010480211049999999], [23.324299999999997], [2.33243], [0.002185274772196851]]
[1800.0, 900.0, 0.001575, [0.010591544849999999], [23.324299999999997], [2.33243], [0.002208489893569812]]
[1800.0, 1500.0, 0.001346, [0.00905183515], [23.324299999999997], [2.33243], [0.0020240519453561465]]
[1800.0, 1400.0, 0.001545, [0.022522982299999997], [64.841554], [8.396747999999999], [0.004504595653330052]]
[1800.0, 1900.0, 0.001351, [0.0090832198], [23.324299999999997], [2.33243], [0.0020310696276838957]]
[1800.0, 100.0, 0.001081, [0.0072695893], [23.324299999999997], [2.33243], [0.0018173973616135795]]
[1800.0, 300.0, 0.000819, [0.0055063978], [23.324299999999997], [2.33243], [0.0015895604345227015]]
[1900.0, 300.0, 0.000258, [0.006025530799999999], [110.09069599999998], [15.394037999999998], [0.00602552944727681]]
[1900.0, 1600.0, 0.000949, [0.00637653725], [23.324299999999997], [2.33243], [0.0013914743386063573]]
[1900.0, 600.0, 0.000539, [0.00362355455], [23.324299999999997], [2.33243], [0.0010460299741164207]]
[1900.0, 1500.0, 0.00113, [0.007595846599999999], [23.324299999999997], [2.33243], [0.0015191695873074868]]
[1900.0, 500.0, 0.000315, [0.0021180147999999995], [23.324299999999997], [2.33243], [0.0008005346510301724]]
[1900.0, 1700.0, 0.000622, [0.004181886449999999], [23.324299999999997], [2.33243], [0.0011176558857716448]]
[1900.0, 1800.0, 0.000898, [0.006034331749999999], [23.324299999999997], [2.33243], [0.0013493175969726326]]
[1900.0, 800.0, 0.000985, [0.0066204787], [23.324299999999997], [2.33243], [0.0014114909050362316]]
[1900.0, 1300.0, 0.001229, [0.008261878299999999], [23.324299999999997], [2.33243], [0.0015899992492136592]]
[1900.0, 1000.0, 0.000872, [0.0058612510000000005], [23.324299999999997], [2.33243], [0.001344663286849165]]
[1900.0, 1900.0, 0.000717, [0.00481722695], [23.324299999999997], [2.33243], [0.0012043069926310317]]
[1900.0, 1200.0, 0.001078, [0.007245335800000001], [23.324299999999997], [2.33243], [0.0014789482884807028]]
[1900.0, 100.0, 0.000406, [0.0027279656], [23.324299999999997], [2.33243], [0.0009093219509612642]]
[1900.0, 2000.0, 0.001212, [0.008147610849999999], [23.324299999999997], [2.33243], [0.001568008447840763]]
[1900.0, 1100.0, 0.000717, [0.010454923699999999], [64.841554], [8.396747999999999], [0.0025356913258517883]]
[1900.0, 900.0, 0.000866, [0.0058216484499999995], [23.324299999999997], [2.33243], [0.0013355778384279966]]
[1900.0, 200.0, 0.000359, [0.0024164835], [23.324299999999997], [2.33243], [0.0008543558898374845]]
[1900.0, 400.0, 0.000409, [0.0027515222], [23.324299999999997], [2.33243], [0.000917173918758051]]
[1900.0, 700.0, 0.000544, [0.00365824775], [23.324299999999997], [2.33243], [0.0010560452567243508]]
[1900.0, 1400.0, 0.000955, [0.006418243149999999], [23.324299999999997], [2.33243], [0.0014005758360403052]]
[2000.0, 1500.0, 0.000634, [0.0042591078], [23.324299999999997], [2.33243], [0.0009294136078732654]]
[2000.0, 1200.0, 0.000844, [0.005671206599999999], [23.324299999999997], [2.33243], [0.00107175724431888]]
[2000.0, 1300.0, 0.000477, [0.0069537119], [64.841554], [8.396747999999999], [0.0016865225794515768]]
[2000.0, 300.0, 0.000358, [0.0024046614999999995], [23.324299999999997], [2.33243], [0.0006941660440773518]]
[2000.0, 900.0, 0.000566, [0.0038018413499999997], [23.324299999999997], [2.33243], [0.0008722022596565546]]
[2000.0, 1900.0, 0.000474, [0.0069084064999999995], [64.841554], [8.396747999999999], [0.001675534608714484]]
[2000.0, 1600.0, 0.00075, [0.00504037295], [23.324299999999997], [2.33243], [0.001008074611449966]]
[2000.0, 500.0, 0.000279, [0.004071678499999999], [64.841554], [8.396747999999999], [0.0012875777164893776]]
[2000.0, 600.0, 0.000431, [0.0028982817499999996], [23.324299999999997], [2.33243], [0.0007745984616238273]]
[2000.0, 200.0, 0.000332, [0.0022306998499999997], [23.324299999999997], [2.33243], [0.0006725813121846309]]
[2000.0, 1800.0, 0.00054, [0.0036319771499999996], [23.324299999999997], [2.33243], [0.0008560652061905097]]
[2000.0, 2000.0, 0.00055, [0.0036958608], [23.324299999999997], [2.33243], [0.000871122912538753]]
[2000.0, 400.0, 0.000272, [0.0018282217000000001], [23.324299999999997], [2.33243], [0.0006094070164922619]]
[2000.0, 1100.0, 0.000805, [0.00541340075], [23.324299999999997], [2.33243], [0.0010616553728729488]]
[2000.0, 100.0, 0.00024, [0.00161435735], [23.324299999999997], [2.33243], [0.0005707614630911936]]
[2000.0, 1400.0, 0.00042, [0.002824773749999999], [23.324299999999997], [2.33243], [0.0007549526215266756]]
[2000.0, 1700.0, 0.000388, [0.0056596421999999995], [64.841554], [8.396747999999999], [0.0015126031792905895]]
[2000.0, 700.0, 0.000397, [0.0026713649], [23.324299999999997], [2.33243], [0.0007409032414897373]]
[2000.0, 1000.0, 0.000782, [0.005256486699999999], [23.324299999999997], [2.33243], [0.0010308818990311158]]
[2000.0, 800.0, 0.000331, [0.0048319182], [64.841554], [8.396747999999999], [0.0013948547164489926]]
[2100.0, 200.0, 0.000141, [0.0009487023899999999], [23.324299999999997], [2.33243], [0.00035857586428815865]]
[2100.0, 100.0, 0.00016, [0.001074603815], [23.324299999999997], [2.33243], [0.00037992996097965207]]
[2100.0, 400.0, 0.000209, [0.0014029723999999999], [23.324299999999997], [2.33243], [0.0004436589112144599]]
[2100.0, 1400.0, 0.00038, [0.0025556611], [23.324299999999997], [2.33243], [0.000586308865914545]]
[2100.0, 500.0, 0.000262, [0.0017591676499999999], [23.324299999999997], [2.33243], [0.00048790530536160385]]
[2100.0, 800.0, 0.000363, [0.0024429150999999995], [23.324299999999997], [2.33243], [0.0005758006475769196]]
[2100.0, 300.0, 0.0003, [0.0020176807499999996], [23.324299999999997], [2.33243], [0.0005209629468589872]]
[2100.0, 600.0, 0.000183, [0.0012268533499999999], [23.324299999999997], [2.33243], [0.0004089513834186161]]
[2100.0, 700.0, 0.000242, [0.00162575615], [23.324299999999997], [2.33243], [0.00046931526770391767]]
[2100.0, 1000.0, 0.000602, [0.00404875095], [23.324299999999997], [2.33243], [0.0007391973324153707]]
[2100.0, 1700.0, 0.000328, [0.0022023328], [23.324299999999997], [2.33243], [0.0005505830825134386]]
[2100.0, 1800.0, 0.000472, [0.0031710398999999995], [23.324299999999997], [2.33243], [0.0006472857518129068]]
[2100.0, 1900.0, 0.000604, [0.004061642449999999], [23.324299999999997], [2.33243], [0.0007415510857317922]]
[2100.0, 900.0, 0.000521, [0.0035028367499999997], [23.324299999999997], [2.33243], [0.0006869628741788014]]
[2100.0, 2000.0, 0.00047, [0.0031613522999999998], [23.324299999999997], [2.33243], [0.000659187383071005]]
[2100.0, 1200.0, 0.000383, [0.0025751259999999996], [23.324299999999997], [2.33243], [0.0005907743752906011]]
[2100.0, 1500.0, 0.000322, [0.0021675717499999997], [23.324299999999997], [2.33243], [0.0005418930081206067]]
[2100.0, 1100.0, 0.00049, [0.0032909067], [23.324299999999997], [2.33243], [0.0006717533814578085]]
[2100.0, 1300.0, 0.000482, [0.0032376283499999997], [23.324299999999997], [2.33243], [0.0006608781954717526]]
[2100.0, 1600.0, 0.000319, [0.0021461311499999997], [23.324299999999997], [2.33243], [0.000536532620163956]]
[2200.0, 1700.0, 0.000297, [0.00199629075], [23.324299999999997], [2.33243], [0.00042561078963062015]]
[2200.0, 1100.0, 0.000312, [0.0020999368], [23.324299999999997], [2.33243], [0.0004378670871394651]]
[2200.0, 200.0, 0.000212, [0.00142693265], [23.324299999999997], [2.33243], [0.00035673322532391065]]
[2200.0, 1800.0, 0.000335, [0.0022486042], [23.324299999999997], [2.33243], [0.0004497208767669119]]
[2200.0, 900.0, 0.0002, [0.0013458473], [23.324299999999997], [2.33243], [0.00034749626325329024]]
[2200.0, 1000.0, 0.000213, [0.0014298318], [23.324299999999997], [2.33243], [0.00035745801680057477]]
[2200.0, 1300.0, 0.000281, [0.0018875248999999997], [23.324299999999997], [2.33243], [0.00041189172909880087]]
[2200.0, 1900.0, 0.000282, [0.0018960176499999998], [23.324299999999997], [2.33243], [0.00041374500480368336]]
[2200.0, 1400.0, 0.000217, [0.0014574686], [23.324299999999997], [2.33243], [0.0003643671150090249]]
[2200.0, 1600.0, 0.000238, [0.00160285275], [23.324299999999997], [2.33243], [0.0003777959164681376]]
[2200.0, 800.0, 0.000162, [0.0010893492299999998], [23.324299999999997], [2.33243], [0.00031446799940534485]]
[2200.0, 400.0, 0.000204, [0.0013708414], [23.324299999999997], [2.33243], [0.0003539495998020057]]
[2200.0, 600.0, 0.000147, [0.0009906669249999998], [23.324299999999997], [2.33243], [0.0002986973083239954]]
[2200.0, 2000.0, 0.000296, [0.0019894585999999997], [23.324299999999997], [2.33243], [0.0004241540807890453]]
[2200.0, 500.0, 0.000187, [0.00125715355], [23.324299999999997], [2.33243], [0.0003359884958968089]]
[2200.0, 700.0, 0.000161, [0.001081709895], [23.324299999999997], [2.33243], [0.00031226282275512716]]
[2200.0, 300.0, 0.000213, [0.0014343536], [23.324299999999997], [2.33243], [0.0003585884039536136]]
[2200.0, 1200.0, 0.000214, [0.0014376230499999997], [23.324299999999997], [2.33243], [0.0003594057818817054]]
[2200.0, 1500.0, 0.000346, [0.00232824285], [23.324299999999997], [2.33243], [0.0004566059033783947]]
[2200.0, 100.0, 0.000219, [0.00146902265], [23.324299999999997], [2.33243], [0.00036725570043227374]]
[2300.0, 700.0, 0.000161, [0.00108452015], [23.324299999999997], [2.33243], [0.00025562381491167835]]
[2300.0, 100.0, 6.6e-05, [0.0009580695999999999], [64.841554], [8.396747999999999], [0.0003387287860516139]]
[2300.0, 1800.0, 0.00018, [0.0012067674499999998], [23.324299999999997], [2.33243], [0.0002698412941434279]]
[2300.0, 1000.0, 0.000196, [0.0013155448], [23.324299999999997], [2.33243], [0.0002804749567697622]]
[2300.0, 1500.0, 0.000126, [0.0008474590349999998], [23.324299999999997], [2.33243], [0.00022649293062919202]]
[2300.0, 1200.0, 0.000214, [0.0014380405], [23.324299999999997], [2.33243], [0.00029353882345441125]]
[2300.0, 500.0, 0.000133, [0.0008936314199999999], [23.324299999999997], [2.33243], [0.0002307346255441519]]
[2300.0, 1900.0, 0.000186, [0.0012535023], [23.324299999999997], [2.33243], [0.0002735367769606127]]
[2300.0, 1300.0, 0.000256, [0.0017200446499999998], [23.324299999999997], [2.33243], [0.0003194042345915282]]
[2300.0, 1600.0, 0.00022, [0.0014817428000000001], [23.324299999999997], [2.33243], [0.00029634843997396036]]
[2300.0, 1700.0, 0.000261, [0.0017523078999999997], [23.324299999999997], [2.33243], [0.0003253954212185537]]
[2300.0, 1400.0, 0.000234, [0.0015727020499999996], [23.324299999999997], [2.33243], [0.0003084321224759185]]
[2300.0, 1100.0, 0.00016, [0.00107570908], [23.324299999999997], [2.33243], [0.0002535471220503202]]
[2300.0, 900.0, 0.000125, [0.0008389920449999998], [23.324299999999997], [2.33243], [0.00022423009527046094]]
[2300.0, 2000.0, 0.000169, [0.0011387601299999999], [23.324299999999997], [2.33243], [0.00026124945133913676]]
[2300.0, 300.0, 0.000116, [0.0007779324499999999], [23.324299999999997], [2.33243], [0.00021575967660802605]]
[2300.0, 200.0, 9e-05, [0.0006062111149999999], [23.324299999999997], [2.33243], [0.00019170075730158187]]
[2300.0, 400.0, 8.3e-05, [0.0012067577899999998], [64.841554], [8.396747999999999], [0.00038161034144792245]]
[2300.0, 800.0, 0.000126, [0.000843732115], [23.324299999999997], [2.33243], [0.00022549690773933023]]
[2300.0, 600.0, 0.000144, [0.000970448315], [23.324299999999997], [2.33243], [0.0002426120633851499]]
[2400.0, 1200.0, 0.000164, [0.00110145758], [23.324299999999997], [2.33243], [0.00020815590875591304]]
[2400.0, 1500.0, 0.000125, [0.0008430095699999999], [23.324299999999997], [2.33243], [0.00018395974559669298]]
[2400.0, 1100.0, 0.000154, [0.0010319646899999999], [23.324299999999997], [2.33243], [0.00020238493836004692]]
[2400.0, 1600.0, 0.000155, [0.001039214405], [23.324299999999997], [2.33243], [0.0002038067039500909]]
[2400.0, 400.0, 5.9e-05, [0.00039742136999999995], [23.324299999999997], [2.33243], [0.00012567569156364327]]
[2400.0, 1300.0, 0.000107, [0.0007181388899999999], [23.324299999999997], [2.33243], [0.00016926695262218196]]
[2400.0, 200.0, 4.8e-05, [0.00032072671999999996], [23.324299999999997], [2.33243], [0.00011339402959371361]]
[2400.0, 1700.0, 0.00018, [0.0012092963], [23.324299999999997], [2.33243], [0.0002207862235285526]]
[2400.0, 2000.0, 0.000125, [0.000839857075], [23.324299999999997], [2.33243], [0.00018327183103248573]]
[2400.0, 600.0, 8.4e-05, [0.0005626756799999999], [23.324299999999997], [2.33243], [0.00015038139795200736]]
[2400.0, 1900.0, 0.000128, [0.0008627653049999999], [23.324299999999997], [2.33243], [0.0001839421674739101]]
[2400.0, 700.0, 0.000107, [0.0007199652049999999], [23.324299999999997], [2.33243], [0.00016969741505102543]]
[2400.0, 100.0, 5.3e-05, [0.00035863980499999993], [23.324299999999997], [2.33243], [0.00011954657941572396]]
[2400.0, 1800.0, 0.000135, [0.0009102649049999999], [23.324299999999997], [2.33243], [0.00018980331069293812]]
[2400.0, 500.0, 5.9e-05, [0.00039963856999999996], [23.324299999999997], [2.33243], [0.0001263768377710093]]
[2400.0, 900.0, 0.000124, [0.000832151615], [23.324299999999997], [2.33243], [0.00018159038940703882]]
[2400.0, 1400.0, 0.000159, [0.0010662811500000001], [23.324299999999997], [2.33243], [0.00020520592395201459]]
[2400.0, 800.0, 0.000105, [0.0007052480799999999], [23.324299999999997], [2.33243], [0.0001662285917043154]]
[2400.0, 300.0, 5.9e-05, [0.00039751176], [23.324299999999997], [2.33243], [0.00012570425857941328]]
[2400.0, 1000.0, 0.000125, [0.0008385808049999999], [23.324299999999997], [2.33243], [0.00018299336832246132]]
[2500.0, 400.0, 6.7e-05, [0.00044772524499999994], [23.324299999999997], [2.33243], [0.00010858933687291768]]
[2500.0, 1300.0, 0.000109, [0.0007308025749999999], [23.324299999999997], [2.33243], [0.00013810868012185184]]
[2500.0, 500.0, 3.9e-05, [0.000265434605], [23.324299999999997], [2.33243], [8.393780596370146e-05]]
[2500.0, 900.0, 6.3e-05, [0.0004213806999999999], [23.324299999999997], [2.33243], [0.00010534517863908153]]
[2500.0, 1400.0, 0.000139, [0.0009344258299999998], [23.324299999999997], [2.33243], [0.00015794679594724294]]
[2500.0, 200.0, 6.8e-05, [0.0004573187749999999], [23.324299999999997], [2.33243], [0.00011091607814018668]]
[2500.0, 1900.0, 9.4e-05, [0.00063248045], [23.324299999999997], [2.33243], [0.00012910454397502822]]
[2500.0, 1000.0, 6.5e-05, [0.00043710062499999994], [23.324299999999997], [2.33243], [0.00010601247414809257]]
[2500.0, 1800.0, 7.8e-05, [0.000526772795], [23.324299999999997], [2.33243], [0.0001177899815349336]]
[2500.0, 1700.0, 5.4e-05, [0.00036515444], [23.324299999999997], [2.33243], [9.759163171092078e-05]]
[2500.0, 800.0, 4.3e-05, [0.0002904969], [23.324299999999997], [2.33243], [8.758810251683729e-05]]
[2500.0, 700.0, 4.3e-05, [0.00028822588000000003], [23.324299999999997], [2.33243], [8.69033778687572e-05]]
[2500.0, 1600.0, 7.8e-05, [0.000523286915], [23.324299999999997], [2.33243], [0.0001170105079683017]]
[2500.0, 1100.0, 8e-05, [0.00053977987], [23.324299999999997], [2.33243], [0.00011778958856792055]]
[2500.0, 600.0, 5.1e-05, [0.0007408806], [64.841554], [8.396747999999999], [0.00019800866842135977]]
[2500.0, 300.0, 3.2e-05, [0.00021289524499999997], [23.324299999999997], [2.33243], [7.526984125464858e-05]]
[2500.0, 2000.0, 9.9e-05, [0.0006655620399999998], [23.324299999999997], [2.33243], [0.00013311238822889476]]
[2500.0, 1200.0, 0.000107, [0.0007176157549999999], [23.324299999999997], [2.33243], [0.0001381052327936925]]
[2500.0, 100.0, 2.5e-05, [0.00036589205], [64.841554], [8.396747999999999], [0.00013829422052276806]]
[2500.0, 1500.0, 8.9e-05, [0.0013031846], [64.841554], [8.396747999999999], [0.00026063688898542354]]
[2600.0, 800.0, 3.6e-05, [0.00024205924499999995], [23.324299999999997], [2.33243], [6.469304531787014e-05]]
[2600.0, 2000.0, 8.7e-05, [0.00058236368], [23.324299999999997], [2.33243], [9.987454385377686e-05]]
[2600.0, 900.0, 4.4e-05, [0.00029378256499999994], [23.324299999999997], [2.33243], [7.125272303568475e-05]]
[2600.0, 1000.0, 5e-05, [0.000338496175], [23.324299999999997], [2.33243], [7.569004369796597e-05]]
[2600.0, 200.0, 1.3e-05, [8.537118149999999e-05], [23.324299999999997], [2.33243], [3.817915134598987e-05]]
[2600.0, 1100.0, 5.4e-05, [0.000359749325], [23.324299999999997], [2.33243], [7.850372890824995e-05]]
[2600.0, 1500.0, 6.9e-05, [0.0004615958549999999], [23.324299999999997], [2.33243], [8.883416903140367e-05]]
[2600.0, 700.0, 3.1e-05, [0.00020756717999999999], [23.324299999999997], [2.33243], [5.9919480638603665e-05]]
[2600.0, 1800.0, 7.7e-05, [0.000519401525], [23.324299999999997], [2.33243], [9.482931657720622e-05]]
[2600.0, 1600.0, 6.4e-05, [0.000427123225], [23.324299999999997], [2.33243], [8.542463653712551e-05]]
[2600.0, 1400.0, 4.9e-05, [0.00032840135999999995], [23.324299999999997], [2.33243], [7.534043124378834e-05]]
[2600.0, 1300.0, 5.2e-05, [0.000346665085], [23.324299999999997], [2.33243], [7.751667960832687e-05]]
[2600.0, 600.0, 3.3e-05, [0.000220376455], [23.324299999999997], [2.33243], [6.112141273727236e-05]]
[2600.0, 1700.0, 5.1e-05, [0.00034152918499999994], [23.324299999999997], [2.33243], [7.636825218963701e-05]]
[2600.0, 400.0, 1.9e-05, [0.00027381545999999996], [64.841554], [8.396747999999999], [9.680841802240133e-05]]
[2600.0, 300.0, 3.1e-05, [0.00020856906], [23.324299999999997], [2.33243], [6.0208678049762886e-05]]
[2600.0, 1900.0, 5.6e-05, [0.00037436513499999993], [23.324299999999997], [2.33243], [7.981491303321703e-05]]
[2600.0, 1200.0, 6.9e-05, [0.000466441495], [23.324299999999997], [2.33243], [8.976671205129437e-05]]
[2600.0, 100.0, 2.8e-05, [0.00018971182], [23.324299999999997], [2.33243], [5.7200264772114465e-05]]
[2600.0, 500.0, 2.8e-05, [0.00040902417999999995], [64.841554], [8.396747999999999], [0.00011807513205582282]]
[2700.0, 1400.0, 5.9e-05, [0.0003948859649999999], [23.324299999999997], [2.33243], [6.674791597870303e-05]]
[2700.0, 1000.0, 2.2e-05, [0.00014520176], [23.324299999999997], [2.33243], [4.0271729134716825e-05]]
[2700.0, 800.0, 2.5e-05, [0.00016840956499999997], [23.324299999999997], [2.33243], [4.348317128499254e-05]]
[2700.0, 900.0, 3.3e-05, [0.000224063585], [23.324299999999997], [2.33243], [5.0102135932512895e-05]]
[2700.0, 600.0, 2.7e-05, [0.000179290175], [23.324299999999997], [2.33243], [4.4822539028930525e-05]]
[2700.0, 1100.0, 3.8e-05, [0.00025773317], [23.324299999999997], [2.33243], [5.3741088517074156e-05]]
[2700.0, 1300.0, 3.4e-05, [0.00022790446999999998], [23.324299999999997], [2.33243], [5.096100143737365e-05]]
[2700.0, 400.0, 1.5e-05, [0.00010108245849999998], [23.324299999999997], [2.33243], [3.369415417027114e-05]]
[2700.0, 1700.0, 4.9e-05, [0.00032751988499999995], [23.324299999999997], [2.33243], [6.081891091593141e-05]]
[2700.0, 100.0, 1.5e-05, [0.00010014149400000001], [23.324299999999997], [2.33243], [3.3380502688695387e-05]]
[2700.0, 2000.0, 3.6e-05, [0.000245112495], [23.324299999999997], [2.33243], [5.225815620551494e-05]]
[2700.0, 1200.0, 2.6e-05, [0.00017171443499999997], [23.324299999999997], [2.33243], [4.43364748542326e-05]]
[2700.0, 700.0, 2.2e-05, [0.00014759893499999998], [23.324299999999997], [2.33243], [4.093657569948908e-05]]
[2700.0, 300.0, 2.9e-05, [0.0001978943], [23.324299999999997], [2.33243], [4.664411908268822e-05]]
[2700.0, 1800.0, 3.8e-05, [0.0002576897], [23.324299999999997], [2.33243], [5.3732007127967955e-05]]
[2700.0, 200.0, 1.9e-05, [0.00012453809999999997], [23.324299999999997], [2.33243], [3.7549639678697316e-05]]
[2700.0, 1500.0, 4.5e-05, [0.000300672215], [23.324299999999997], [2.33243], [5.7864395853581665e-05]]
[2700.0, 500.0, 2.8e-05, [0.00018934635], [23.324299999999997], [2.33243], [4.592323094034217e-05]]
[2700.0, 1900.0, 3.6e-05, [0.00023923150999999998], [23.324299999999997], [2.33243], [5.220459168023441e-05]]
[2700.0, 1600.0, 4.3e-05, [0.000290699645], [23.324299999999997], [2.33243], [5.701089479213599e-05]]
[2800.0, 1500.0, 3.5e-05, [0.00023339353499999998], [23.324299999999997], [2.33243], [4.125854793251939e-05]]
[2800.0, 200.0, 1.6e-05, [0.00010937141699999998], [23.324299999999997], [2.33243], [2.8239579458625087e-05]]
[2800.0, 400.0, 1.2e-05, [0.000177007034], [64.841554], [8.396747999999999], [5.1097537328133535e-05]]
[2800.0, 900.0, 1.1e-05, [7.24984955e-05], [23.324299999999997], [2.33243], [2.292603669956933e-05]]
[2800.0, 600.0, 1.4e-05, [9.284924049999999e-05], [23.324299999999997], [2.33243], [2.5751748455202025e-05]]
[2800.0, 1200.0, 2.9e-05, [0.00019380374999999997], [23.324299999999997], [2.33243], [3.729755129361712e-05]]
[2800.0, 1000.0, 1.5e-05, [0.00010353573049999999], [23.324299999999997], [2.33243], [2.7671088657658553e-05]]
[2800.0, 1400.0, 2.7e-05, [0.00018226775499999997], [23.324299999999997], [2.33243], [3.645354886701704e-05]]
[2800.0, 800.0, 1.7e-05, [0.00011627845499999998], [23.324299999999997], [2.33243], [2.906960255146258e-05]]
[2800.0, 100.0, 1.7e-05, [0.00011392445099999999], [23.324299999999997], [2.33243], [2.8481112298328518e-05]]
[2800.0, 1100.0, 1.8e-05, [0.000124033595], [23.324299999999997], [2.33243], [3.0082571258122198e-05]]
[2800.0, 1300.0, 3.5e-05, [0.00023335317], [23.324299999999997], [2.33243], [4.125139927929718e-05]]
[2800.0, 2000.0, 2.3e-05, [0.00015285777], [23.324299999999997], [2.33243], [3.335630061172851e-05]]
[2800.0, 500.0, 1.1e-05, [0.000160464077], [64.841554], [8.396747999999999], [4.838173417726983e-05]]
[2800.0, 1900.0, 3.6e-05, [0.00023987803999999996], [23.324299999999997], [2.33243], [4.1757416886105396e-05]]
[2800.0, 1800.0, 2.7e-05, [0.00018250741500000001], [23.324299999999997], [2.33243], [3.650149637343652e-05]]
[2800.0, 300.0, 9e-06, [5.7838215e-05], [23.324299999999997], [2.33243], [2.044889501904687e-05]]
[2800.0, 700.0, 1.2e-05, [7.9607163e-05], [23.324299999999997], [2.33243], [2.4002464342229525e-05]]
[2800.0, 1600.0, 1.6e-05, [0.000109401225], [23.324299999999997], [2.33243], [2.824727281526484e-05]]
[2800.0, 1700.0, 3e-05, [0.00020324984999999998], [23.324299999999997], [2.33243], [3.8410602540184135e-05]]
[2900.0, 1300.0, 1.3e-05, [8.42185365e-05], [23.324299999999997], [2.33243], [1.9850502405480823e-05]]
[2900.0, 900.0, 1.4e-05, [9.503622999999999e-05], [23.324299999999997], [2.33243], [2.125074292818959e-05]]
[2900.0, 1600.0, 2e-05, [0.00013689703499999997], [23.324299999999997], [2.33243], [2.5421136928744943e-05]]
[2900.0, 2000.0, 1.3e-05, [9.03423325e-05], [23.324299999999997], [2.33243], [2.0725951371408742e-05]]
[2900.0, 1200.0, 1.2e-05, [8.367263149999999e-05], [23.324299999999997], [2.33243], [1.9721832787547913e-05]]
[2900.0, 1700.0, 1.5e-05, [0.000103545839], [23.324299999999997], [2.33243], [2.2076052511715042e-05]]
[2900.0, 1100.0, 1.1e-05, [7.639011849999998e-05], [23.324299999999997], [2.33243], [1.9097525474521562e-05]]
[2900.0, 800.0, 8e-06, [0.00011238763700000001], [64.841554], [8.396747999999999], [3.244351987685676e-05]]
[2900.0, 600.0, 9e-06, [6.182923249999999e-05], [23.324299999999997], [2.33243], [1.7148343294615953e-05]]
[2900.0, 100.0, 6e-06, [4.2879245e-05], [23.324299999999997], [2.33243], [1.4293079776591187e-05]]
[2900.0, 400.0, 6e-06, [4.2666472e-05], [23.324299999999997], [2.33243], [1.4222157448854232e-05]]
[2900.0, 1000.0, 1e-05, [6.940022299999998e-05], [23.324299999999997], [2.33243], [1.7919059252650515e-05]]
[2900.0, 1400.0, 1.7e-05, [0.00011212583949999998], [23.324299999999997], [2.33243], [2.288759168741875e-05]]
[2900.0, 200.0, 1.1e-05, [7.116615150000001e-05], [23.324299999999997], [2.33243], [1.8375020857131017e-05]]
[2900.0, 500.0, 1e-05, [6.6160328e-05], [23.324299999999997], [2.33243], [1.768209050847778e-05]]
[2900.0, 1500.0, 1.3e-05, [8.91236545e-05], [23.324299999999997], [2.33243], [2.0446369365977915e-05]]
[2900.0, 1800.0, 1.7e-05, [0.00011746030999999998], [23.324299999999997], [2.33243], [2.349206815608196e-05]]
[2900.0, 300.0, 5e-06, [7.5427373e-05], [64.841554], [8.396747999999999], [2.6667604879328775e-05]]
[2900.0, 700.0, 9e-06, [5.76580675e-05], [23.324299999999997], [2.33243], [1.664445340045746e-05]]
[2900.0, 1900.0, 1.7e-05, [0.00011485843499999999], [23.324299999999997], [2.33243], [2.3445380861696405e-05]]
[3000.0, 1900.0, 7e-06, [9.626390099999999e-05], [64.841554], [8.396747999999999], [2.4065980511917645e-05]]
[3000.0, 800.0, 5e-06, [3.58537685e-05], [23.324299999999997], [2.33243], [1.0350093277357456e-05]]
[3000.0, 900.0, 8e-06, [5.428979799999999e-05], [23.324299999999997], [2.33243], [1.2796229366496991e-05]]
[3000.0, 1600.0, 1.2e-05, [7.8615173e-05], [23.324299999999997], [2.33243], [1.5417704790272772e-05]]
[3000.0, 700.0, 5e-06, [3.6227599e-05], [23.324299999999997], [2.33243], [1.0458009203476538e-05]]
[3000.0, 600.0, 6e-06, [4.201271999999999e-05], [23.324299999999997], [2.33243], [1.1228371740817989e-05]]
[3000.0, 1300.0, 1.2e-05, [7.858374349999999e-05], [23.324299999999997], [2.33243], [1.5411540408083807e-05]]
[3000.0, 500.0, 7e-06, [4.8318399999999995e-05], [23.324299999999997], [2.33243], [1.207959912414315e-05]]
[3000.0, 1500.0, 1.1e-05, [7.223933149999999e-05], [23.324299999999997], [2.33243], [1.4745789517689446e-05]]
[3000.0, 1800.0, 1.4e-05, [9.6491256e-05], [23.324299999999997], [2.33243], [1.7057403832353855e-05]]
[3000.0, 2000.0, 1.1e-05, [7.596599849999999e-05], [23.324299999999997], [2.33243], [1.5193201835031351e-05]]
[3000.0, 100.0, 7e-06, [4.8290616e-05], [23.324299999999997], [2.33243], [1.2072655962960262e-05]]
[3000.0, 1400.0, 1.1e-05, [7.149214199999999e-05], [23.324299999999997], [2.33243], [1.4593273441897811e-05]]
[3000.0, 1100.0, 9e-06, [6.11943635e-05], [23.324299999999997], [2.33243], [1.3683477856524633e-05]]
[3000.0, 1200.0, 1.6e-05, [0.0001061796495], [23.324299999999997], [2.33243], [1.794763187024962e-05]]
[3000.0, 1000.0, 8e-06, [5.4735515e-05], [23.324299999999997], [2.33243], [1.2901288210872588e-05]]
[3000.0, 400.0, 6e-06, [3.9553122999999995e-05], [23.324299999999997], [2.33243], [1.0970063324794437e-05]]
[3000.0, 300.0, 4e-06, [2.6747757999999997e-05], [23.324299999999997], [2.33243], [8.915920408179965e-06]]
[3000.0, 1700.0, 1.4e-05, [9.4402396e-05], [23.324299999999997], [2.33243], [1.695516960251356e-05]]
[3000.0, 200.0, 4e-06, [2.7508689999999996e-05], [23.324299999999997], [2.33243], [9.169563058019722e-06]]
