[200.0, 1800.0, 0.885491, [96.19308399999998], [137.07999999999998], [19.9292056], [55.53712801360905]]
[200.0, 700.0, 0.88525, [95.786168], [137.07999999999998], [19.9292056], [55.30215963233262]]
[200.0, 2000.0, 0.916221, [85.681348], [137.07999999999998], [19.9292056], [42.84066956059394]]
[200.0, 1300.0, 0.657185, [64.539058], [116.83999999999999], [16.794724199999997], [64.5390655649739]]
[200.0, 1400.0, 0.951671, [106.48484799999999], [137.07999999999998], [19.9292056], [47.621465286150105]]
[200.0, 400.0, 0.889018, [64.55915999999999], [137.07999999999998], [19.9292056], [32.27958678793767]]
[200.0, 1900.0, 0.826627, [129.626712], [137.07999999999998], [19.9292056], [91.65991442282717]]
[200.0, 1700.0, 0.885777, [96.680684], [137.07999999999998], [19.9292056], [55.818626031101836]]
[200.0, 500.0, 0.885908, [96.905072], [137.07999999999998], [19.9292056], [55.94816068469096]]
[200.0, 1500.0, 0.787144, [64.393652], [137.07999999999998], [19.9292056], [45.533183126155365]]
[200.0, 100.0, 0.885816, [96.746326], [137.07999999999998], [19.9292056], [55.856502719020995]]
[200.0, 600.0, 0.934203, [80.244286], [137.07999999999998], [19.9292056], [35.88633328720001]]
[200.0, 1000.0, 0.852358, [64.56109199999999], [137.07999999999998], [19.9292056], [37.274353778435916]]
[200.0, 1200.0, 0.852848, [64.83667799999999], [137.07999999999998], [19.9292056], [37.43347898873413]]
[200.0, 300.0, 0.650359, [64.67866799999999], [137.07999999999998], [19.9292056], [64.67865001683322]]
[200.0, 1600.0, 0.885999, [97.063082], [137.07999999999998], [19.9292056], [56.0394044222456]]
[200.0, 900.0, 0.649775, [64.02556], [137.07999999999998], [19.9292056], [64.02553918554689]]
[200.0, 800.0, 0.649068, [63.258786], [137.07999999999998], [19.9292056], [63.25881465851221]]
[200.0, 1100.0, 0.787951, [64.93521], [137.07999999999998], [19.9292056], [45.916123028844666]]
[200.0, 200.0, 0.826725, [130.07466], [137.07999999999998], [19.9292056], [91.97667504318689]]
[300.0, 2000.0, 0.723664, [29.5925314], [137.07999999999998], [19.9292056], [13.234183211668183]]
[300.0, 400.0, 0.730024, [31.454353799999996], [137.07999999999998], [19.9292056], [15.727177330977101]]
[300.0, 1000.0, 0.837845, [47.127368], [137.07999999999998], [19.9292056], [23.563699242691076]]
[300.0, 200.0, 0.740641, [35.4745882], [137.07999999999998], [19.9292056], [20.48125915074559]]
[300.0, 1600.0, 0.852652, [41.5551028], [137.07999999999998], [19.9292056], [15.706349556787533]]
[300.0, 1300.0, 0.960916, [61.40586], [137.07999999999998], [19.9292056], [17.030918389799183]]
[300.0, 800.0, 0.722452, [29.4923066], [137.07999999999998], [19.9292056], [13.189359174728693]]
[300.0, 700.0, 0.727486, [31.209698199999995], [137.07999999999998], [19.9292056], [15.604851681448304]]
[300.0, 300.0, 0.723369, [29.5681284], [137.07999999999998], [19.9292056], [13.223267886570248]]
[300.0, 900.0, 0.721481, [29.412381599999996], [137.07999999999998], [19.9292056], [13.153618560685116]]
[300.0, 600.0, 0.836734, [46.874736], [137.07999999999998], [19.9292056], [23.437358878508473]]
[300.0, 1400.0, 0.628308, [23.5816148], [137.07999999999998], [19.9292056], [11.790807721271685]]
[300.0, 500.0, 0.795618, [35.4169962], [137.07999999999998], [19.9292056], [14.458930563496041]]
[300.0, 1200.0, 0.961833, [82.88473199999999], [137.07999999999998], [19.9292056], [31.32748601468046]]
[300.0, 100.0, 1.0, [1705.29084], [58.419999999999995], [16.4252844], [89.62809322974576]]
[300.0, 1100.0, 0.795231, [35.374317399999995], [137.07999999999998], [19.9292056], [14.441504211127038]]
[300.0, 1900.0, 0.727764, [31.236313799999998], [137.07999999999998], [19.9292056], [15.618161812454112]]
[300.0, 1500.0, 0.714886, [28.173601599999998], [137.07999999999998], [19.9292056], [11.50182605502274]]
[300.0, 1700.0, 0.719199, [29.225975799999997], [137.07999999999998], [19.9292056], [13.070253855224081]]
[300.0, 1800.0, 0.89139, [46.97027799999999], [137.07999999999998], [19.9292056], [16.606509687468947]]
[400.0, 900.0, 0.701222, [25.776081599999998], [137.07999999999998], [19.9292056], [7.44091341973551]]
[400.0, 1200.0, 0.876242, [40.202113999999995], [137.07999999999998], [19.9292056], [10.380141311176837]]
[400.0, 1500.0, 0.736269, [27.8704616], [137.07999999999998], [19.9292056], [7.729875367688666]]
[400.0, 200.0, 0.798612, [32.2106996], [137.07999999999998], [19.9292056], [8.316766924712992]]
[400.0, 1600.0, 0.669661, [24.322288399999998], [137.07999999999998], [19.9292056], [8.107429205364669]]
[400.0, 500.0, 0.70113, [25.7705478], [137.07999999999998], [19.9292056], [7.4393164901084825]]
[400.0, 1700.0, 0.853612, [37.690261], [137.07999999999998], [19.9292056], [10.073146128196493]]
[400.0, 300.0, 0.792831, [32.235369399999996], [137.07999999999998], [19.9292056], [9.305548736103637]]
[400.0, 1300.0, 0.661777, [23.626322199999997], [137.07999999999998], [19.9292056], [7.123603130438977]]
[400.0, 1400.0, 0.800884, [32.399249], [137.07999999999998], [19.9292056], [8.365450020172256]]
[400.0, 1100.0, 0.870913, [38.9101534], [137.07999999999998], [19.9292056], [9.171209551634941]]
[400.0, 800.0, 0.75936, [29.7945542], [137.07999999999998], [19.9292056], [8.983396048265934]]
[400.0, 100.0, 1.0, [1053.0839799999999], [58.419999999999995], [16.4252844], [47.719784534299805]]
[400.0, 1000.0, 0.827511, [34.614112199999994], [137.07999999999998], [19.9292056], [8.653526797785975]]
[400.0, 400.0, 0.756677, [29.5960872], [137.07999999999998], [19.9292056], [8.923555401296055]]
[400.0, 1800.0, 0.792731, [32.2269514], [137.07999999999998], [19.9292056], [9.303119880986163]]
[400.0, 2000.0, 0.70361, [25.91985], [137.07999999999998], [19.9292056], [7.4824157676515135]]
[400.0, 600.0, 0.854321, [37.771119799999994], [137.07999999999998], [19.9292056], [10.094757381928503]]
[400.0, 700.0, 0.772408, [30.286468999999997], [137.07999999999998], [19.9292056], [8.094400296501279]]
[400.0, 1900.0, 0.662913, [23.688376199999997], [137.07999999999998], [19.9292056], [7.142315879320935]]
[500.0, 1700.0, 0.641312, [22.246354399999998], [137.07999999999998], [19.9292056], [5.561588334280056]]
[500.0, 1100.0, 0.688635, [24.507999599999998], [137.07999999999998], [19.9292056], [5.225122161251352]]
[500.0, 300.0, 0.762718, [28.828545], [137.07999999999998], [19.9292056], [5.6537443345096525]]
[500.0, 1300.0, 0.746264, [27.791617599999995], [137.07999999999998], [19.9292056], [5.558322970105281]]
[500.0, 1800.0, 0.685522, [24.3395752], [137.07999999999998], [19.9292056], [5.1892139019315815]]
[500.0, 1400.0, 0.618079, [21.031365599999997], [137.07999999999998], [19.9292056], [4.8249263828580835]]
[500.0, 600.0, 0.5439, [17.823551], [137.07999999999998], [19.9292056], [4.455887534936221]]
[500.0, 1900.0, 0.580946, [19.474467999999998], [137.07999999999998], [19.9292056], [5.204769397389282]]
[500.0, 1200.0, 0.643769, [22.241984399999996], [137.07999999999998], [19.9292056], [4.9734595001869675]]
[500.0, 800.0, 0.490105, [15.699698799999998], [137.07999999999998], [19.9292056], [4.195921714236337]]
[500.0, 1000.0, 0.686344, [24.383942199999996], [137.07999999999998], [19.9292056], [5.1986736731593375]]
[500.0, 2000.0, 0.544933, [17.866629999999997], [137.07999999999998], [19.9292056], [4.466657085114101]]
[500.0, 700.0, 0.66475, [23.272678799999998], [137.07999999999998], [19.9292056], [5.078514582040697]]
[500.0, 100.0, 1.0, [618.3398199999999], [58.419999999999995], [16.4252844], [26.29447878167582]]
[500.0, 200.0, 1.0, [256.983462], [58.419999999999995], [16.4252844], [16.908269751810796]]
[500.0, 1500.0, 0.70964, [25.6500048], [137.07999999999998], [19.9292056], [5.348397666591368]]
[500.0, 900.0, 0.456232, [14.427274399999998], [137.07999999999998], [19.9292056], [4.001406450237216]]
[500.0, 1600.0, 0.562594, [16.692617999999996], [116.83999999999999], [16.794724199999997], [6.814733494422214]]
[500.0, 500.0, 0.595763, [20.027700799999998], [137.07999999999998], [19.9292056], [4.720575045479099]]
[500.0, 400.0, 0.688193, [24.484024399999996], [137.07999999999998], [19.9292056], [5.220011007651228]]
[600.0, 200.0, 1.0, [224.19135], [58.419999999999995], [16.4252844], [11.783235589599318]]
[600.0, 1400.0, 0.366543, [11.208291], [137.07999999999998], [19.9292056], [2.6418188870549013]]
[600.0, 1900.0, 0.469735, [14.828449599999999], [137.07999999999998], [19.9292056], [3.02684474131066]]
[600.0, 100.0, 1.0, [352.485396], [58.419999999999995], [16.4252844], [14.738151620878378]]
[600.0, 800.0, 0.419096, [13.009572799999997], [137.07999999999998], [19.9292056], [2.8389215938450993]]
[600.0, 1200.0, 0.33089, [10.0413676], [137.07999999999998], [19.9292056], [2.7849742584088633]]
[600.0, 600.0, 0.436765, [13.634192999999998], [137.07999999999998], [19.9292056], [2.90681967448963]]
[600.0, 1600.0, 0.451394, [14.158611399999998], [137.07999999999998], [19.9292056], [2.9522748395093568]]
[600.0, 400.0, 0.637384, [21.725082399999998], [137.07999999999998], [19.9292056], [3.6722091280317897]]
[600.0, 500.0, 0.518304, [16.6676446], [137.07999999999998], [19.9292056], [3.2076895392166613]]
[600.0, 1100.0, 0.451975, [14.179771399999998], [137.07999999999998], [19.9292056], [2.9566862755456484]]
[600.0, 300.0, 0.397959, [12.274580199999999], [137.07999999999998], [19.9292056], [2.7446797299502905]]
[600.0, 1700.0, 0.486823, [15.464169599999998], [137.07999999999998], [19.9292056], [3.092833868800586]]
[600.0, 1500.0, 0.363764, [11.114552199999999], [137.07999999999998], [19.9292056], [2.619725645177372]]
[600.0, 1800.0, 0.548885, [17.882711599999997], [137.07999999999998], [19.9292056], [3.3207364634972163]]
[600.0, 1000.0, 0.471812, [14.905711199999997], [137.07999999999998], [19.9292056], [3.0426153986332216]]
[600.0, 2000.0, 0.517272, [16.6271002], [137.07999999999998], [19.9292056], [3.1998867686216648]]
[600.0, 700.0, 0.40157, [12.399907199999998], [137.07999999999998], [19.9292056], [2.7727031828163646]]
[600.0, 1300.0, 0.43577, [13.5984556], [137.07999999999998], [19.9292056], [2.8992004973785446]]
[600.0, 900.0, 0.472289, [14.9235086], [137.07999999999998], [19.9292056], [3.0462483693881555]]
[700.0, 2000.0, 0.344474, [10.447317599999998], [137.07999999999998], [19.9292056], [1.940018574137887]]
[700.0, 100.0, 1.0, [188.198558], [58.419999999999995], [16.4252844], [8.245127564810625]]
[700.0, 1000.0, 0.377253, [11.5369748], [137.07999999999998], [19.9292056], [2.039467466766754]]
[700.0, 600.0, 0.429139, [13.320868599999999], [137.07999999999998], [19.9292056], [2.189937726055241]]
[700.0, 1400.0, 0.267765, [7.9887049999999995], [137.07999999999998], [19.9292056], [1.7031974436335913]]
[700.0, 1900.0, 0.311813, [9.3862356], [137.07999999999998], [19.9292056], [1.8407927542230276]]
[700.0, 200.0, 1.0, [171.305242], [58.419999999999995], [16.4252844], [7.851762085035434]]
[700.0, 400.0, 0.254077, [7.561116599999999], [137.07999999999998], [19.9292056], [1.649971331872163]]
[700.0, 1300.0, 0.366898, [11.1899508], [137.07999999999998], [19.9292056], [2.00977469184981]]
[700.0, 1100.0, 0.254118, [7.5623678], [137.07999999999998], [19.9292056], [1.6502438292567554]]
[700.0, 800.0, 0.255347, [7.600741], [137.07999999999998], [19.9292056], [1.658617376009307]]
[700.0, 1500.0, 0.421577, [13.056267399999998], [137.07999999999998], [19.9292056], [2.176044087788664]]
[700.0, 1600.0, 0.344418, [10.445463799999999], [137.07999999999998], [19.9292056], [1.9396738787744705]]
[700.0, 1800.0, 0.311969, [9.391286399999998], [137.07999999999998], [19.9292056], [1.8417833607674925]]
[700.0, 1200.0, 0.195273, [5.7562467999999996], [137.07999999999998], [19.9292056], [1.4390619737870918]]
[700.0, 700.0, 0.42876, [13.3074918], [137.07999999999998], [19.9292056], [2.187738431348684]]
[700.0, 900.0, 0.400791, [12.336910199999998], [137.07999999999998], [19.9292056], [2.1157624866699947]]
[700.0, 300.0, 0.998181, [63.495363999999995], [58.419999999999995], [16.4252844], [4.786142501012689]]
[700.0, 500.0, 0.399602, [12.2959656], [137.07999999999998], [19.9292056], [2.1087405473409953]]
[700.0, 1700.0, 0.334629, [10.125147399999998], [137.07999999999998], [19.9292056], [1.9134733852342967]]
[800.0, 300.0, 0.999079, [67.09049399999999], [58.419999999999995], [16.4252844], [3.8228360817591955]]
[800.0, 100.0, 1.0, [139.726104], [58.419999999999995], [16.4252844], [5.531809367648165]]
[800.0, 1800.0, 0.249736, [7.418926], [137.07999999999998], [19.9292056], [1.2723356360646352]]
[800.0, 800.0, 0.194298, [5.722450599999999], [137.07999999999998], [19.9292056], [1.122264914002037]]
[800.0, 400.0, 0.200422, [5.9078766], [137.07999999999998], [19.9292056], [1.1369714021029727]]
[800.0, 200.0, 1.0, [108.61409599999999], [58.419999999999995], [16.4252844], [4.876915574417913]]
[800.0, 1700.0, 0.170902, [5.0178042], [137.07999999999998], [19.9292056], [1.046284637180533]]
[800.0, 600.0, 0.214139, [6.3249264], [137.07999999999998], [19.9292056], [1.174509722565122]]
[800.0, 1600.0, 0.242794, [7.2041566], [137.07999999999998], [19.9292056], [1.2540825875515533]]
[800.0, 1000.0, 0.178144, [5.2352508], [137.07999999999998], [19.9292056], [1.0686405923415037]]
[800.0, 1100.0, 0.193674, [5.7035538], [137.07999999999998], [19.9292056], [1.1185590262476093]]
[800.0, 1500.0, 0.206857, [6.103229399999999], [137.07999999999998], [19.9292056], [1.1534020039864679]]
[800.0, 1400.0, 0.148872, [4.359503259999999], [137.07999999999998], [19.9292056], [0.9748144568070376]]
[800.0, 1200.0, 0.199471, [5.8790346], [137.07999999999998], [19.9292056], [1.131420567074861]]
[800.0, 900.0, 0.163537, [4.7972019999999995], [137.07999999999998], [19.9292056], [1.0227667350867449]]
[800.0, 1300.0, 0.186132, [5.475803199999999], [137.07999999999998], [19.9292056], [1.0951604028634343]]
[800.0, 2000.0, 0.220954, [6.533016599999999], [137.07999999999998], [19.9292056], [1.1927598648512614]]
[800.0, 500.0, 0.243328, [7.220693599999999], [137.07999999999998], [19.9292056], [1.2569614262975612]]
[800.0, 1900.0, 0.2412, [7.1548722], [137.07999999999998], [19.9292056], [1.2455035805649055]]
[800.0, 700.0, 0.243877, [7.237685999999999], [137.07999999999998], [19.9292056], [1.2599191747092349]]
[900.0, 200.0, 0.999864, [77.89134], [58.419999999999995], [16.4252844], [3.2511210657248677]]
[900.0, 1100.0, 0.112328, [3.2762078599999995], [137.07999999999998], [19.9292056], [0.6687531511701458]]
[900.0, 300.0, 0.992514, [52.679384], [58.419999999999995], [16.4252844], [2.6641101643888523]]
[900.0, 1000.0, 0.126069, [3.68176364], [137.07999999999998], [19.9292056], [0.7085557556043137]]
[900.0, 900.0, 0.101542, [2.95879544], [137.07999999999998], [19.9292056], [0.6308173399645891]]
[900.0, 1600.0, 0.130009, [3.79828946], [137.07999999999998], [19.9292056], [0.7178091810502286]]
[900.0, 700.0, 0.152377, [4.46239882], [137.07999999999998], [19.9292056], [0.7768039490115893]]
[900.0, 1900.0, 0.153977, [4.5100865599999995], [137.07999999999998], [19.9292056], [0.7851053284751033]]
[900.0, 500.0, 0.116652, [3.40367248], [137.07999999999998], [19.9292056], [0.6807345711802801]]
[900.0, 1400.0, 0.084121, [2.4477915599999998], [137.07999999999998], [19.9292056], [0.576950037351589]]
[900.0, 1200.0, 0.102678, [2.9922020199999997], [137.07999999999998], [19.9292056], [0.6379395695518503]]
[900.0, 1500.0, 0.156824, [4.594949199999999], [137.07999999999998], [19.9292056], [0.7880272606959736]]
[900.0, 800.0, 0.12121, [3.53819534], [137.07999999999998], [19.9292056], [0.6938971543391715]]
[900.0, 400.0, 0.683819, [18.7384266], [58.419999999999995], [16.4252844], [1.5951212204719738]]
[900.0, 100.0, 0.999958, [84.350016], [58.419999999999995], [16.4252844], [3.3767033106270974]]
[900.0, 600.0, 0.126019, [3.6802875], [137.07999999999998], [19.9292056], [0.7082716961731564]]
[900.0, 1800.0, 0.144501, [4.22807528], [137.07999999999998], [19.9292056], [0.7593847691388075]]
[900.0, 2000.0, 0.153943, [4.50908836], [137.07999999999998], [19.9292056], [0.7849313353408691]]
[900.0, 1700.0, 0.111728, [3.2585227], [137.07999999999998], [19.9292056], [0.6651432985455088]]
[900.0, 1300.0, 0.102317, [2.9815911999999996], [137.07999999999998], [19.9292056], [0.635677560088446]]
[1000.0, 1600.0, 0.073959, [2.1502906999999998], [137.07999999999998], [19.9292056], [0.43005813058236675]]
[1000.0, 1400.0, 0.085907, [2.4997963999999997], [137.07999999999998], [19.9292056], [0.46420040241257865]]
[1000.0, 1500.0, 0.099596, [2.9012407], [137.07999999999998], [19.9292056], [0.49755863373073933]]
[1000.0, 700.0, 0.11794, [3.44110084], [137.07999999999998], [19.9292056], [0.5440856976616827]]
[1000.0, 1900.0, 0.073573, [2.1389930999999995], [137.07999999999998], [19.9292056], [0.42779866451404447]]
[1000.0, 1800.0, 0.088209, [2.5672117], [137.07999999999998], [19.9292056], [0.4687065935102684]]
[1000.0, 500.0, 0.08581, [2.49696004], [137.07999999999998], [19.9292056], [0.46367383924478633]]
[1000.0, 1000.0, 0.100373, [2.9240801599999995], [137.07999999999998], [19.9292056], [0.5014755355947087]]
[1000.0, 200.0, 0.989236, [49.86901399999999], [58.419999999999995], [16.4252844], [2.072486084874878]]
[1000.0, 1100.0, 0.133236, [3.89314606], [137.07999999999998], [19.9292056], [0.5803559514642717]]
[1000.0, 2000.0, 0.071097, [2.0666833999999996], [137.07999999999998], [19.9292056], [0.42186000355568193]]
[1000.0, 1700.0, 0.125614, [3.6676646399999995], [137.07999999999998], [19.9292056], [0.5593136576197653]]
[1000.0, 800.0, 0.090808, [2.6433877], [137.07999999999998], [19.9292056], [0.4747663543259989]]
[1000.0, 1300.0, 0.073773, [2.14483188], [137.07999999999998], [19.9292056], [0.4289664388270951]]
[1000.0, 400.0, 0.768778, [22.4815892], [58.419999999999995], [16.4252844], [1.3889171168935892]]
[1000.0, 300.0, 0.948955, [37.47426339999999], [58.419999999999995], [16.4252844], [1.792637174667534]]
[1000.0, 600.0, 0.079703, [2.3182114], [137.07999999999998], [19.9292056], [0.44614000627605677]]
[1000.0, 1200.0, 0.143965, [4.211323], [137.07999999999998], [19.9292056], [0.6016175732140809]]
[1000.0, 100.0, 0.993009, [52.976957999999996], [58.419999999999995], [16.4252844], [2.1397200508477736]]
[1000.0, 900.0, 0.094743, [2.75879388], [137.07999999999998], [19.9292056], [0.48769047273860083]]
[1100.0, 1300.0, 0.066995, [1.9468023399999999], [137.07999999999998], [19.9292056], [0.32906967371667656]]
[1100.0, 1800.0, 0.053685, [1.55876014], [137.07999999999998], [19.9292056], [0.2945779805756024]]
[1100.0, 2000.0, 0.053585, [1.55584834], [137.07999999999998], [19.9292056], [0.2940277036607265]]
[1100.0, 700.0, 0.068928, [2.00320662], [137.07999999999998], [19.9292056], [0.33386779718924675]]
[1100.0, 900.0, 0.05724, [1.6623295999999999], [137.07999999999998], [19.9292056], [0.3034984345264403]]
[1100.0, 200.0, 0.915943, [32.9131472], [58.419999999999995], [16.4252844], [1.350442801454397]]
[1100.0, 1900.0, 0.061191, [1.77751084], [137.07999999999998], [19.9292056], [0.31422249492994603]]
[1100.0, 1500.0, 0.060851, [1.76758818], [137.07999999999998], [19.9292056], [0.31246842131645874]]
[1100.0, 800.0, 0.067432, [1.9595461799999998], [137.07999999999998], [19.9292056], [0.33122373387183474]]
[1100.0, 500.0, 0.246006, [5.729368999999999], [58.419999999999995], [16.4252844], [0.5618110525790677]]
[1100.0, 1700.0, 0.062779, [1.82380248], [137.07999999999998], [19.9292056], [0.31748328907203915]]
[1100.0, 400.0, 0.697338, [19.242605], [58.419999999999995], [16.4252844], [1.032997369212526]]
[1100.0, 600.0, 0.063045, [1.8315663599999998], [137.07999999999998], [19.9292056], [0.3188348235685682]]
[1100.0, 1400.0, 0.072627, [2.1112242799999996], [137.07999999999998], [19.9292056], [0.34248580151591684]]
[1100.0, 100.0, 0.925673, [34.055124799999994], [58.419999999999995], [16.4252844], [1.3743529860992771]]
[1100.0, 1100.0, 0.055181, [1.60233548], [137.07999999999998], [19.9292056], [0.2975461917753275]]
[1100.0, 1000.0, 0.060916, [1.76946406], [137.07999999999998], [19.9292056], [0.31280003382352756]]
[1100.0, 300.0, 0.81741, [25.102006799999998], [58.419999999999995], [16.4252844], [1.1820073033615317]]
[1100.0, 1200.0, 0.061012, [1.7722741999999998], [137.07999999999998], [19.9292056], [0.31329681134668447]]
[1100.0, 1600.0, 0.074636, [2.16992764], [137.07999999999998], [19.9292056], [0.34746653490660073]]
[1200.0, 100.0, 0.77149, [22.580107399999996], [58.419999999999995], [16.4252844], [0.9010443083444897]]
[1200.0, 1400.0, 0.04951, [1.4371674199999998], [137.07999999999998], [19.9292056], [0.22723613559467162]]
[1200.0, 1700.0, 0.050741, [1.4730202799999998], [137.07999999999998], [19.9292056], [0.230047099177538]]
[1200.0, 1800.0, 0.042182, [1.22399192], [137.07999999999998], [19.9292056], [0.20991287411685827]]
[1200.0, 700.0, 0.049681, [1.4421391], [137.07999999999998], [19.9292056], [0.22802223663493876]]
[1200.0, 200.0, 0.72648, [20.4685418], [58.419999999999995], [16.4252844], [0.8626460836287382]]
[1200.0, 1900.0, 0.045931, [1.33302986], [137.07999999999998], [19.9292056], [0.21914875057823166]]
[1200.0, 1200.0, 0.03855, [1.11840122], [137.07999999999998], [19.9292056], [0.20087073405551142]]
[1200.0, 1100.0, 0.052072, [1.5117610199999998], [137.07999999999998], [19.9292056], [0.23326975997758473]]
[1200.0, 1300.0, 0.039869, [1.15675556], [137.07999999999998], [19.9292056], [0.20448746269637166]]
[1200.0, 2000.0, 0.034743, [1.0077785799999999], [137.07999999999998], [19.9292056], [0.19045227738202553]]
[1200.0, 800.0, 0.038465, [1.11594022], [137.07999999999998], [19.9292056], [0.2004287621076376]]
[1200.0, 1600.0, 0.048453, [1.4064113599999999], [137.07999999999998], [19.9292056], [0.2252060124419417]]
[1200.0, 1000.0, 0.044886, [1.3026362799999998], [137.07999999999998], [19.9292056], [0.21710606311201905]]
[1200.0, 1500.0, 0.042277, [1.22676664], [137.07999999999998], [19.9292056], [0.21038873315840842]]
[1200.0, 300.0, 0.659395, [17.7414088], [58.419999999999995], [16.4252844], [0.7998445026378563]]
[1200.0, 600.0, 0.047323, [1.3735420599999997], [137.07999999999998], [19.9292056], [0.22281798877110437]]
[1200.0, 500.0, 0.299662, [7.049569], [58.419999999999995], [16.4252844], [0.5035405501049542]]
[1200.0, 900.0, 0.02855, [0.8278923599999999], [137.07999999999998], [19.9292056], [0.17262752619440502]]
[1200.0, 400.0, 0.550634, [14.004396399999997], [58.419999999999995], [16.4252844], [0.7128048442596332]]
[1300.0, 1600.0, 0.036719, [1.0651737], [137.07999999999998], [19.9292056], [0.1587867096453604]]
[1300.0, 1700.0, 0.032841, [0.9524957799999999], [137.07999999999998], [19.9292056], [0.1506028338378797]]
[1300.0, 900.0, 0.031803, [0.9223538199999999], [137.07999999999998], [19.9292056], [0.14769481832481463]]
[1300.0, 200.0, 0.531624, [13.408627399999999], [58.419999999999995], [16.4252844], [0.5631095218516554]]
[1300.0, 1800.0, 0.026219, [0.76022544], [137.07999999999998], [19.9292056], [0.1343901080734739]]
[1300.0, 1000.0, 0.02453, [0.7111972599999999], [137.07999999999998], [19.9292056], [0.12984625912208636]]
[1300.0, 1400.0, 0.02965, [0.85983108], [137.07999999999998], [19.9292056], [0.14330517993429268]]
[1300.0, 1200.0, 0.03447, [0.9998366799999999], [137.07999999999998], [19.9292056], [0.15427812988236536]]
[1300.0, 500.0, 0.273848, [6.4084118], [58.419999999999995], [16.4252844], [0.3900035609068204]]
[1300.0, 100.0, 0.569878, [14.6158928], [58.419999999999995], [16.4252844], [0.5903303861398292]]
[1300.0, 1100.0, 0.02369, [0.6868213999999999], [137.07999999999998], [19.9292056], [0.12753948585438157]]
[1300.0, 2000.0, 0.035314, [1.02434594], [137.07999999999998], [19.9292056], [0.1562112861479605]]
[1300.0, 1300.0, 0.033594, [0.9743904], [137.07999999999998], [19.9292056], [0.15217422961855268]]
[1300.0, 1500.0, 0.030225, [0.8765392], [137.07999999999998], [19.9292056], [0.14410215680551072]]
[1300.0, 600.0, 0.088224, [2.01359158], [58.419999999999995], [16.4252844], [0.21840468657975268]]
[1300.0, 300.0, 0.493647, [12.267082199999999], [58.419999999999995], [16.4252844], [0.5379471371798533]]
[1300.0, 1900.0, 0.033537, [0.97272934], [137.07999999999998], [19.9292056], [0.15191481718384153]]
[1300.0, 400.0, 0.422975, [10.2647298], [58.419999999999995], [16.4252844], [0.49329139745185097]]
[1300.0, 700.0, 0.033366, [0.9677585799999999], [137.07999999999998], [19.9292056], [0.15113852850944395]]
[1300.0, 800.0, 0.027822, [0.80677238], [137.07999999999998], [19.9292056], [0.13836030763192164]]
[1400.0, 1100.0, 0.023379, [0.6778127599999999], [137.07999999999998], [19.9292056], [0.10336548013722957]]
[1400.0, 400.0, 0.322706, [7.627834999999999], [58.419999999999995], [16.4252844], [0.347438368462667]]
[1400.0, 1500.0, 0.015683, [0.45455994799999994], [137.07999999999998], [19.9292056], [0.08440966157970306]]
[1400.0, 1800.0, 0.021558, [0.62495646], [137.07999999999998], [19.9292056], [0.09881431730270669]]
[1400.0, 1600.0, 0.02377, [0.68914026], [137.07999999999998], [19.9292056], [0.10389181215091013]]
[1400.0, 1400.0, 0.015107, [0.437836142], [137.07999999999998], [19.9292056], [0.08274326000345888]]
[1400.0, 600.0, 0.113426, [2.59451178], [58.419999999999995], [16.4252844], [0.20198248528028365]]
[1400.0, 1700.0, 0.015613, [0.45250379399999996], [137.07999999999998], [19.9292056], [0.08402784883596627]]
[1400.0, 900.0, 0.01463, [0.42402399799999996], [137.07999999999998], [19.9292056], [0.08160345546605241]]
[1400.0, 100.0, 0.365193, [8.7201878], [58.419999999999995], [16.4252844], [0.3704852393820839]]
[1400.0, 700.0, 0.020541, [0.59545206], [137.07999999999998], [19.9292056], [0.09659506034989573]]
[1400.0, 2000.0, 0.021489, [0.6229729399999999], [137.07999999999998], [19.9292056], [0.09850066261706059]]
[1400.0, 800.0, 0.021662, [0.6279713], [137.07999999999998], [19.9292056], [0.09929101864720695]]
[1400.0, 1300.0, 0.025021, [0.7254590999999999], [137.07999999999998], [19.9292056], [0.10696310672376713]]
[1400.0, 300.0, 0.34628, [8.2299244], [58.419999999999995], [16.4252844], [0.3588417809007195]]
[1400.0, 1200.0, 0.019447, [0.56371942], [137.07999999999998], [19.9292056], [0.09395325175852083]]
[1400.0, 500.0, 0.224298, [5.203239399999999], [58.419999999999995], [16.4252844], [0.2859959875942318]]
[1400.0, 1000.0, 0.023101, [0.6697209], [137.07999999999998], [19.9292056], [0.10213144755656799]]
[1400.0, 200.0, 0.388873, [9.343865], [58.419999999999995], [16.4252844], [0.3827396545433984]]
[1400.0, 1900.0, 0.019496, [0.56515048], [137.07999999999998], [19.9292056], [0.09419173687749897]]
[1500.0, 1500.0, 0.021158, [0.6133607799999999], [137.07999999999998], [19.9292056], [0.19396166054145855]]
[1500.0, 1100.0, 0.021047, [0.61014032], [137.07999999999998], [19.9292056], [0.1929432699007664]]
[1500.0, 1800.0, 0.028668, [0.8313487999999999], [137.07999999999998], [19.9292056], [0.25066100247146544]]
[1500.0, 400.0, 0.20111, [4.6503608], [58.419999999999995], [16.4252844], [0.5299577330316069]]
[1500.0, 200.0, 0.289992, [6.8102908], [58.419999999999995], [16.4252844], [0.6435120508584123]]
[1500.0, 500.0, 0.1506, [3.4592478399999997], [58.419999999999995], [16.4252844], [0.4622613217650812]]
[1500.0, 1300.0, 0.020878, [0.60526064], [137.07999999999998], [19.9292056], [0.21399188134132566]]
[1500.0, 600.0, 0.091156, [2.081247], [58.419999999999995], [16.4252844], [0.3569309524263761]]
[1500.0, 1000.0, 0.023935, [0.6939757799999999], [137.07999999999998], [19.9292056], [0.23132525992636427]]
[1500.0, 2000.0, 0.016979, [0.49214342], [137.07999999999998], [19.9292056], [0.17399903597434094]]
[1500.0, 800.0, 0.017071, [0.49481049999999993], [137.07999999999998], [19.9292056], [0.1749419371105739]]
[1500.0, 1700.0, 0.017355, [0.5030536999999999], [137.07999999999998], [19.9292056], [0.22497240461887763]]
[1500.0, 1200.0, 0.021212, [0.6149427199999999], [137.07999999999998], [19.9292056], [0.21741509607200693]]
[1500.0, 300.0, 0.228678, [5.310497599999999], [58.419999999999995], [16.4252844], [0.5661009768583692]]
[1500.0, 1400.0, 0.018248, [0.52895032], [137.07999999999998], [19.9292056], [0.1999244356250631]]
[1500.0, 100.0, 0.251985, [5.875119999999999], [58.419999999999995], [16.4252844], [0.5996270711033651]]
[1500.0, 900.0, 0.021312, [0.61788166], [137.07999999999998], [19.9292056], [0.30894073968966923]]
[1500.0, 700.0, 0.048696, [1.10841186], [58.419999999999995], [16.4252844], [0.3341986585251353]]
[1500.0, 1900.0, 0.012872, [0.37304666], [137.07999999999998], [19.9292056], [0.1522956423539426]]
[1500.0, 1600.0, 0.010637, [0.308237214], [137.07999999999998], [19.9292056], [0.1541186048470463]]
[1600.0, 1500.0, 0.016364, [0.47429357999999994], [137.07999999999998], [19.9292056], [0.17926601920051663]]
[1600.0, 100.0, 0.203048, [4.6958502], [58.419999999999995], [16.4252844], [0.43599886164989]]
[1600.0, 1300.0, 0.014078, [0.408015952], [137.07999999999998], [19.9292056], [0.12902597391223208]]
[1600.0, 900.0, 0.009535, [0.27628911], [137.07999999999998], [19.9292056], [0.13814455595498507]]
[1600.0, 300.0, 0.166887, [3.8405055], [58.419999999999995], [16.4252844], [0.3919699651248804]]
[1600.0, 500.0, 0.106533, [2.4355081800000002], [58.419999999999995], [16.4252844], [0.31707616813630124]]
[1600.0, 1000.0, 0.009505, [0.27543051999999996], [137.07999999999998], [19.9292056], [0.1377152729365919]]
[1600.0, 1200.0, 0.010463, [0.30320274399999997], [137.07999999999998], [19.9292056], [0.12378200848265469]]
[1600.0, 1800.0, 0.010373, [0.30058032999999995], [137.07999999999998], [19.9292056], [0.12271140405031636]]
[1600.0, 1100.0, 0.007144, [0.20699273199999998], [137.07999999999998], [19.9292056], [0.14636597159176035]]
[1600.0, 1900.0, 0.011686, [0.33865577199999997], [137.07999999999998], [19.9292056], [0.1514514635122421]]
[1600.0, 1700.0, 0.016737, [0.48511093999999993], [137.07999999999998], [19.9292056], [0.1833546959311378]]
[1600.0, 800.0, 0.016716, [0.48450281999999995], [137.07999999999998], [19.9292056], [0.1398638528998826]]
[1600.0, 200.0, 0.196874, [4.5489882999999995], [58.419999999999995], [16.4252844], [0.43177088382613293]]
[1600.0, 1600.0, 0.014233, [0.41249497199999996], [137.07999999999998], [19.9292056], [0.14583900822482304]]
[1600.0, 2000.0, 0.016293, [0.4722452], [137.07999999999998], [19.9292056], [0.1784919145507717]]
[1600.0, 1400.0, 0.015673, [0.454267572], [137.07999999999998], [19.9292056], [0.1514224699309848]]
[1600.0, 700.0, 0.044991, [1.0237594399999999], [58.419999999999995], [16.4252844], [0.2047518855590834]]
[1600.0, 400.0, 0.164716, [3.7895255399999996], [58.419999999999995], [16.4252844], [0.3929555216560775]]
[1600.0, 600.0, 0.085186, [1.9438666199999999], [58.419999999999995], [16.4252844], [0.28057296427132816]]
[1700.0, 900.0, 0.009353, [0.271015348], [137.07999999999998], [19.9292056], [0.09581841958621526]]
[1700.0, 1500.0, 0.012724, [0.368743314], [137.07999999999998], [19.9292056], [0.11118029663568989]]
[1700.0, 1800.0, 0.004633, [0.134238212], [137.07999999999998], [19.9292056], [0.06711910741361211]]
[1700.0, 700.0, 0.041758, [0.9499966], [58.419999999999995], [16.4252844], [0.16057868015399804]]
[1700.0, 500.0, 0.093686, [2.1392392], [58.419999999999995], [16.4252844], [0.24068319201805513]]
[1700.0, 300.0, 0.124425, [2.8493186600000002], [58.419999999999995], [16.4252844], [0.2767502752302154]]
[1700.0, 800.0, 0.023745, [0.53969362], [58.419999999999995], [16.4252844], [0.13492334800174505]]
[1700.0, 1300.0, 0.0059, [0.17093852999999998], [137.07999999999998], [19.9292056], [0.07644603526671608]]
[1700.0, 400.0, 0.094549, [2.15911212], [58.419999999999995], [16.4252844], [0.24139606144260098]]
[1700.0, 1000.0, 0.010502, [0.30433020399999994], [137.07999999999998], [19.9292056], [0.10144341317207341]]
[1700.0, 2000.0, 0.008266, [0.23952595599999996], [137.07999999999998], [19.9292056], [0.09053226565153441]]
[1700.0, 1600.0, 0.007778, [0.225375252], [137.07999999999998], [19.9292056], [0.10079088121452258]]
[1700.0, 1400.0, 0.012867, [0.37289306599999994], [137.07999999999998], [19.9292056], [0.1124314907488111]]
[1700.0, 1200.0, 0.010413, [0.301751352], [137.07999999999998], [19.9292056], [0.10058377292585517]]
[1700.0, 100.0, 0.10233, [2.3383984999999994], [58.419999999999995], [16.4252844], [0.2521559976681102]]
[1700.0, 1700.0, 0.008464, [0.24525787799999998], [137.07999999999998], [19.9292056], [0.08175262564590814]]
[1700.0, 1900.0, 0.00935, [0.270933008], [137.07999999999998], [19.9292056], [0.09578927605948381]]
[1700.0, 1100.0, 0.017203, [0.4986422999999999], [137.07999999999998], [19.9292056], [0.15034633976256287]]
[1700.0, 600.0, 0.071368, [1.6267568799999998], [58.419999999999995], [16.4252844], [0.2117856685425149]]
[1700.0, 200.0, 0.102875, [2.3509656999999997], [58.419999999999995], [16.4252844], [0.25204998908946613]]
[1800.0, 600.0, 0.042951, [0.9771766199999999], [58.419999999999995], [16.4252844], [0.13297691425206104]]
[1800.0, 1800.0, 0.004312, [0.12493627599999999], [137.07999999999998], [19.9292056], [0.04722148142530049]]
[1800.0, 400.0, 0.070309, [1.6024647399999998], [58.419999999999995], [16.4252844], [0.16986094065440707]]
[1800.0, 1300.0, 0.005063, [0.14668015399999998], [137.07999999999998], [19.9292056], [0.051859262432086314]]
[1800.0, 1200.0, 0.004679, [0.13556655399999998], [137.07999999999998], [19.9292056], [0.0553448058990182]]
[1800.0, 1700.0, 0.005496, [0.15925163199999998], [137.07999999999998], [19.9292056], [0.060191470193043134]]
[1800.0, 500.0, 0.057746, [1.3149836], [58.419999999999995], [16.4252844], [0.1549722864256703]]
[1800.0, 1600.0, 0.004131, [0.119682846], [137.07999999999998], [19.9292056], [0.05984142103927679]]
[1800.0, 1000.0, 0.004932, [0.14290856799999999], [137.07999999999998], [19.9292056], [0.0505258019629575]]
[1800.0, 700.0, 0.041287, [0.9392445599999999], [58.419999999999995], [16.4252844], [0.13152053219174561]]
[1800.0, 200.0, 0.086698, [1.97846598], [58.419999999999995], [16.4252844], [0.18950263755420396]]
[1800.0, 800.0, 0.021932, [0.49843898], [58.419999999999995], [16.4252844], [0.1062675469181443]]
[1800.0, 2000.0, 0.00372, [0.09314323799999999], [116.83999999999999], [16.794724199999997], [0.09314324173014378]]
[1800.0, 1100.0, 0.005514, [0.159771248], [137.07999999999998], [19.9292056], [0.06038785672633199]]
[1800.0, 900.0, 0.006368, [0.184514096], [137.07999999999998], [19.9292056], [0.06523559053154956]]
[1800.0, 1500.0, 0.005209, [0.15092043399999996], [137.07999999999998], [19.9292056], [0.06749366361370525]]
[1800.0, 1400.0, 0.006245, [0.180948452], [137.07999999999998], [19.9292056], [0.07387190399603898]]
[1800.0, 1900.0, 0.004389, [0.127165068], [137.07999999999998], [19.9292056], [0.048063880950252026]]
[1800.0, 100.0, 0.081267, [1.85374526], [58.419999999999995], [16.4252844], [0.1835481276395921]]
[1800.0, 300.0, 0.06766, [1.5417916599999997], [58.419999999999995], [16.4252844], [0.1682232641461935]]
[1900.0, 300.0, 0.049222, [1.1202541], [58.419999999999995], [16.4252844], [0.11743451346175876]]
[1900.0, 1600.0, 0.002935, [0.08502051199999999], [137.07999999999998], [19.9292056], [0.032134728845907505]]
[1900.0, 600.0, 0.042473, [0.9662810599999999], [58.419999999999995], [16.4252844], [0.10803351444806375]]
[1900.0, 1500.0, 0.00474, [0.137318648], [137.07999999999998], [19.9292056], [0.045772880110388506]]
[1900.0, 500.0, 0.047334, [1.07716222], [58.419999999999995], [16.4252844], [0.11417895909492255]]
[1900.0, 1700.0, 0.006202, [0.179685568], [137.07999999999998], [19.9292056], [0.05989519730328968]]
[1900.0, 1800.0, 0.00416, [0.120522254], [137.07999999999998], [19.9292056], [0.04261105910910922]]
[1900.0, 800.0, 0.018012, [0.40926600199999996], [58.419999999999995], [16.4252844], [0.07018855399564802]]
[1900.0, 1300.0, 0.003802, [0.11015840799999999], [137.07999999999998], [19.9292056], [0.036719463623533496]]
[1900.0, 1000.0, 0.004685, [0.135734224], [137.07999999999998], [19.9292056], [0.04092541178290085]]
[1900.0, 1900.0, 0.002781, [0.08055699399999999], [137.07999999999998], [19.9292056], [0.04027850202279126]]
[1900.0, 1200.0, 0.003133, [0.090759104], [137.07999999999998], [19.9292056], [0.05239979511410326]]
[1900.0, 100.0, 0.055912, [1.2730504599999999], [58.419999999999995], [16.4252844], [0.12423703299741183]]
[1900.0, 2000.0, 0.002589, [0.07501128], [137.07999999999998], [19.9292056], [0.03354606573057412]]
[1900.0, 1100.0, 0.00265, [0.07678205], [137.07999999999998], [19.9292056], [0.034337966293885254]]
[1900.0, 900.0, 0.004066, [0.092334006], [58.419999999999995], [16.4252844], [0.037695210756805694]]
[1900.0, 200.0, 0.051488, [1.17199444], [58.419999999999995], [16.4252844], [0.11899800805055519]]
[1900.0, 400.0, 0.04461, [1.0150056399999998], [58.419999999999995], [16.4252844], [0.11141135425081232]]
[1900.0, 700.0, 0.032713, [0.7438439199999999], [58.419999999999995], [16.4252844], [0.09523943135067532]]
[1900.0, 1400.0, 0.003535, [0.10240409599999999], [137.07999999999998], [19.9292056], [0.04579651051335679]]
[2000.0, 1500.0, 0.001664, [0.0416559118], [116.83999999999999], [16.794724199999997], [0.04165591204619099]]
[2000.0, 1200.0, 0.002086, [0.06044363199999999], [137.07999999999998], [19.9292056], [0.02467600531690654]]
[2000.0, 1300.0, 0.001694, [0.049085036], [137.07999999999998], [19.9292056], [0.020038874569196743]]
[2000.0, 300.0, 0.029264, [0.66528972], [58.419999999999995], [16.4252844], [0.07302502535432631]]
[2000.0, 900.0, 0.007753, [0.17608528599999998], [58.419999999999995], [16.4252844], [0.037541507194037906]]
[2000.0, 1900.0, 0.001964, [0.056892754], [137.07999999999998], [19.9292056], [0.021503442831323542]]
[2000.0, 1600.0, 0.001599, [0.0400162648], [116.83999999999999], [16.794724199999997], [0.040016264308403396]]
[2000.0, 500.0, 0.025079, [0.57003476], [58.419999999999995], [16.4252844], [0.0681322117357128]]
[2000.0, 600.0, 0.023683, [0.5382524399999999], [58.419999999999995], [16.4252844], [0.06676199188160879]]
[2000.0, 200.0, 0.031039, [0.7057122199999999], [58.419999999999995], [16.4252844], [0.07566031001786869]]
[2000.0, 1800.0, 0.001643, [0.041134492599999996], [116.83999999999999], [16.794724199999997], [0.04113449273298504]]
[2000.0, 2000.0, 0.00248, [0.07185765799999999], [137.07999999999998], [19.9292056], [0.027159636455593435]]
[2000.0, 400.0, 0.032162, [0.7312882199999999], [58.419999999999995], [16.4252844], [0.07708456776813372]]
[2000.0, 1100.0, 0.002587, [0.07495479199999999], [137.07999999999998], [19.9292056], [0.02498492868911176]]
[2000.0, 100.0, 0.038327, [0.8717528999999999], [58.419999999999995], [16.4252844], [0.08388446537947296]]
[2000.0, 1400.0, 0.004736, [0.137203326], [137.07999999999998], [19.9292056], [0.03327669377807837]]
[2000.0, 1700.0, 0.003516, [0.101869944], [137.07999999999998], [19.9292056], [0.03221410576750501]]
[2000.0, 700.0, 0.022062, [0.50139448], [58.419999999999995], [16.4252844], [0.06419700077106406]]
[2000.0, 1000.0, 0.001675, [0.04852139799999999], [137.07999999999998], [19.9292056], [0.019808787888207596]]
[2000.0, 800.0, 0.01099, [0.249649084], [58.419999999999995], [16.4252844], [0.044838300320150404]]
[2100.0, 200.0, 0.024567, [0.5583792799999999], [58.419999999999995], [16.4252844], [0.055018730701462015]]
[2100.0, 100.0, 0.022696, [0.5158099599999999], [58.419999999999995], [16.4252844], [0.05264462358114074]]
[2100.0, 400.0, 0.01951, [0.44333935199999996], [58.419999999999995], [16.4252844], [0.049879571369449434]]
[2100.0, 1400.0, 0.001407, [0.0407524626], [137.07999999999998], [19.9292056], [0.016637125953721695]]
[2100.0, 500.0, 0.019057, [0.43302582999999994], [58.419999999999995], [16.4252844], [0.048413748914951836]]
[2100.0, 800.0, 0.013382, [0.304007192], [58.419999999999995], [16.4252844], [0.040624672838067255]]
[2100.0, 300.0, 0.022964, [0.5219068], [58.419999999999995], [16.4252844], [0.05299160069294]]
[2100.0, 600.0, 0.020875, [0.47438327999999996], [58.419999999999995], [16.4252844], [0.050859256738572174]]
[2100.0, 700.0, 0.018364, [0.41727731599999995], [58.419999999999995], [16.4252844], [0.047553166077559966]]
[2100.0, 1000.0, 0.003413, [0.09888233599999999], [137.07999999999998], [19.9292056], [0.029814150445719563]]
[2100.0, 1700.0, 0.002471, [0.07157581599999999], [137.07999999999998], [19.9292056], [0.019851555687149556]]
[2100.0, 1800.0, 0.001022, [0.0255839166], [116.83999999999999], [16.794724199999997], [0.025583916400738958]]
[2100.0, 1900.0, 0.001866, [0.05405142599999999], [137.07999999999998], [19.9292056], [0.019110068728290852]]
[2100.0, 900.0, 0.006169, [0.14011347], [58.419999999999995], [16.4252844], [0.02747851496715206]]
[2100.0, 2000.0, 0.001905, [0.055178196], [137.07999999999998], [19.9292056], [0.019508431336219732]]
[2100.0, 1200.0, 0.001256, [0.036397265399999996], [137.07999999999998], [19.9292056], [0.01819863717974508]]
[2100.0, 1500.0, 0.00157, [0.0454736818], [137.07999999999998], [19.9292056], [0.020336448608348507]]
[2100.0, 1100.0, 0.001325, [0.0383939092], [137.07999999999998], [19.9292056], [0.014511531716534957]]
[2100.0, 1300.0, 0.001874, [0.054295685999999996], [137.07999999999998], [19.9292056], [0.019196428865807306]]
[2100.0, 1600.0, 0.001165, [0.033745287199999995], [137.07999999999998], [19.9292056], [0.015091351457043201]]
[2200.0, 1700.0, 0.001002, [0.0290369618], [137.07999999999998], [19.9292056], [0.010266116923160382]]
[2200.0, 1100.0, 0.001765, [0.051128907999999994], [137.07999999999998], [19.9292056], [0.013664772109332814]]
[2200.0, 200.0, 0.015388, [0.34959852799999996], [58.419999999999995], [16.4252844], [0.03531478750325421]]
[2200.0, 1800.0, 0.00149, [0.04317319879999999], [137.07999999999998], [19.9292056], [0.01246303086411969]]
[2200.0, 900.0, 0.005689, [0.12920135], [58.419999999999995], [16.4252844], [0.021533557615963043]]
[2200.0, 1000.0, 0.00385, [0.087434684], [58.419999999999995], [16.4252844], [0.022575542181750584]]
[2200.0, 1300.0, 0.001489, [0.043143418399999994], [137.07999999999998], [19.9292056], [0.012454433527061756]]
[2200.0, 1900.0, 0.001496, [0.04333755219999999], [137.07999999999998], [19.9292056], [0.012510471928748329]]
[2200.0, 1400.0, 0.001761, [0.051011378], [137.07999999999998], [19.9292056], [0.01363337023776586]]
[2200.0, 1600.0, 0.001541, [0.0446451022], [137.07999999999998], [19.9292056], [0.014118022013015845]]
[2200.0, 800.0, 0.008154, [0.185189376], [58.419999999999995], [16.4252844], [0.025931697792470124]]
[2200.0, 400.0, 0.013999, [0.31803512199999995], [58.419999999999995], [16.4252844], [0.03409693954008189]]
[2200.0, 600.0, 0.011577, [0.26297703199999994], [58.419999999999995], [16.4252844], [0.030779135894303464]]
[2200.0, 2000.0, 0.001254, [0.0363425944], [137.07999999999998], [19.9292056], [0.01483680066591177]]
[2200.0, 500.0, 0.012333, [0.280165714], [58.419999999999995], [16.4252844], [0.031722518519184444]]
[2200.0, 700.0, 0.011746, [0.26682184999999997], [58.419999999999995], [16.4252844], [0.03101740807997986]]
[2200.0, 300.0, 0.015152, [0.344244864], [58.419999999999995], [16.4252844], [0.03513434409235498]]
[2200.0, 1200.0, 0.001024, [0.0296793656], [137.07999999999998], [19.9292056], [0.01327301204851408]]
[2200.0, 1500.0, 0.001385, [0.04011760279999999], [137.07999999999998], [19.9292056], [0.013372533879560746]]
[2200.0, 100.0, 0.013256, [0.301149718], [58.419999999999995], [16.4252844], [0.03325642527392263]]
[2300.0, 700.0, 0.007852, [0.17834328799999996], [58.419999999999995], [16.4252844], [0.020731986175955258]]
[2300.0, 100.0, 0.011177, [0.25388849], [58.419999999999995], [16.4252844], [0.024659827314886047]]
[2300.0, 1800.0, 0.001365, [0.0395406662], [137.07999999999998], [19.9292056], [0.01096660742253501]]
[2300.0, 1000.0, 0.002528, [0.05740556199999999], [58.419999999999995], [16.4252844], [0.011717861444820038]]
[2300.0, 1500.0, 0.000628, [0.0181946284], [137.07999999999998], [19.9292056], [0.007427926114333663]]
[2300.0, 1200.0, 0.000827, [0.023967343199999998], [137.07999999999998], [19.9292056], [0.007579140413001991]]
[2300.0, 500.0, 0.008394, [0.190641388], [58.419999999999995], [16.4252844], [0.021314357001795757]]
[2300.0, 1900.0, 0.000989, [0.028651500199999996], [137.07999999999998], [19.9292056], [0.008270975248421434]]
[2300.0, 1300.0, 0.001022, [0.029602876799999997], [137.07999999999998], [19.9292056], [0.009361253166109758]]
[2300.0, 1600.0, 0.001228, [0.035561749], [137.07999999999998], [19.9292056], [0.011853917070740794]]
[2300.0, 1700.0, 0.000751, [0.0217527882], [137.07999999999998], [19.9292056], [0.00725092938318944]]
[2300.0, 1400.0, 0.000932, [0.026999129599999998], [137.07999999999998], [19.9292056], [0.008999709261970633]]
[2300.0, 1100.0, 0.001131, [0.03276273179999999], [137.07999999999998], [19.9292056], [0.009878334794893317]]
[2300.0, 900.0, 0.003695, [0.08389921599999998], [58.419999999999995], [16.4252844], [0.01418155604720441]]
[2300.0, 2000.0, 0.000579, [0.0167817246], [137.07999999999998], [19.9292056], [0.006342896281668177]]
[2300.0, 300.0, 0.008642, [0.19627836599999998], [58.419999999999995], [16.4252844], [0.021675320076068077]]
[2300.0, 200.0, 0.010035, [0.22793538199999996], [58.419999999999995], [16.4252844], [0.023509735515313646]]
[2300.0, 400.0, 0.010094, [0.22928396399999998], [58.419999999999995], [16.4252844], [0.023524041999622426]]
[2300.0, 800.0, 0.007536, [0.171157076], [58.419999999999995], [16.4252844], [0.020312612475996285]]
[2300.0, 600.0, 0.008759, [0.19894190399999997], [58.419999999999995], [16.4252844], [0.021969457453473902]]
[2400.0, 1200.0, 0.000734, [0.0212570462], [137.07999999999998], [19.9292056], [0.007515500496972905]]
[2400.0, 1500.0, 0.000834, [0.024147309], [137.07999999999998], [19.9292056], [0.006970727442670527]]
[2400.0, 1100.0, 0.000699, [0.015876380199999998], [58.419999999999995], [16.4252844], [0.005020551774456667]]
[2400.0, 1600.0, 0.000386, [0.011191537799999998], [137.07999999999998], [19.9292056], [0.0042300045295484015]]
[2400.0, 400.0, 0.00602, [0.136712966], [58.419999999999995], [16.4252844], [0.014742135232048306]]
[2400.0, 1300.0, 0.000386, [0.011171049399999999], [137.07999999999998], [19.9292056], [0.004222259540577769]]
[2400.0, 200.0, 0.007908, [0.179607], [58.419999999999995], [16.4252844], [0.016971263465045846]]
[2400.0, 1700.0, 0.000668, [0.019348736199999998], [137.07999999999998], [19.9292056], [0.005585498738698273]]
[2400.0, 2000.0, 0.000751, [0.021767324199999997], [137.07999999999998], [19.9292056], [0.006563095842664496]]
[2400.0, 600.0, 0.004885, [0.110927482], [58.419999999999995], [16.4252844], [0.01335409868766889]]
[2400.0, 1900.0, 0.000487, [0.0141179796], [137.07999999999998], [19.9292056], [0.004705993348911577]]
[2400.0, 700.0, 0.004579, [0.10399495999999998], [58.419999999999995], [16.4252844], [0.012898988110700775]]
[2400.0, 100.0, 0.006878, [0.156207582], [58.419999999999995], [16.4252844], [0.015779347755848463]]
[2400.0, 1800.0, 0.000476, [0.0137856388], [137.07999999999998], [19.9292056], [0.005210480327186736]]
[2400.0, 500.0, 0.005631, [0.12788437], [58.419999999999995], [16.4252844], [0.0142979055557099]]
[2400.0, 900.0, 0.003281, [0.074497368], [58.419999999999995], [16.4252844], [0.010866560245082157]]
[2400.0, 1400.0, 0.000684, [0.019807981799999996], [137.07999999999998], [19.9292056], [0.0062638336983033005]]
[2400.0, 800.0, 0.004555, [0.103436428], [58.419999999999995], [16.4252844], [0.012732139397603216]]
[2400.0, 300.0, 0.005951, [0.13515397999999998], [58.419999999999995], [16.4252844], [0.014659507890785418]]
[2400.0, 1000.0, 0.00197, [0.0447243096], [58.419999999999995], [16.4252844], [0.008452101636871151]]
[2500.0, 400.0, 0.004129, [0.09375894799999998], [58.419999999999995], [16.4252844], [0.009938428545801395]]
[2500.0, 1300.0, 0.000429, [0.0107366576], [116.83999999999999], [16.794724199999997], [0.007591963806552294]]
[2500.0, 500.0, 0.0036, [0.081753868], [58.419999999999995], [16.4252844], [0.009316718310649947]]
[2500.0, 900.0, 0.002505, [0.056886405999999994], [58.419999999999995], [16.4252844], [0.0077412574379102]]
[2500.0, 1400.0, 0.000369, [0.010679152999999999], [137.07999999999998], [19.9292056], [0.0033770445025199177]]
[2500.0, 200.0, 0.004644, [0.105452332], [58.419999999999995], [16.4252844], [0.010652293011366144]]
[2500.0, 1900.0, 0.000327, [0.0094872056], [137.07999999999998], [19.9292056], [0.0031624021439405838]]
[2500.0, 1000.0, 0.001631, [0.0370249952], [58.419999999999995], [16.4252844], [0.006170832705559274]]
[2500.0, 1800.0, 0.000426, [0.01232846], [137.07999999999998], [19.9292056], [0.004659718261869488]]
[2500.0, 1700.0, 0.00045, [0.013030120999999999], [137.07999999999998], [19.9292056], [0.004120485530128701]]
[2500.0, 800.0, 0.003163, [0.071831944], [58.419999999999995], [16.4252844], [0.008710903778598407]]
[2500.0, 700.0, 0.003969, [0.09013608], [58.419999999999995], [16.4252844], [0.0097196247499582]]
[2500.0, 1600.0, 0.000273, [0.0078947086], [137.07999999999998], [19.9292056], [0.003223000758920171]]
[2500.0, 1100.0, 0.00077, [0.017478583199999998], [58.419999999999995], [16.4252844], [0.004239179410216085]]
[2500.0, 600.0, 0.003449, [0.07832166999999998], [58.419999999999995], [16.4252844], [0.009104708546680666]]
[2500.0, 300.0, 0.004031, [0.091544968], [58.419999999999995], [16.4252844], [0.009871546411783718]]
[2500.0, 2000.0, 0.000331, [0.0095840954], [137.07999999999998], [19.9292056], [0.0031946975161977384]]
[2500.0, 1200.0, 0.000553, [0.016017503599999997], [137.07999999999998], [19.9292056], [0.0046238558411784425]]
[2500.0, 100.0, 0.004465, [0.10140437799999999], [58.419999999999995], [16.4252844], [0.010296056804427606]]
[2500.0, 1500.0, 0.000288, [0.0083403796], [137.07999999999998], [19.9292056], [0.0029487704318919097]]
[2600.0, 800.0, 0.002132, [0.048411826], [58.419999999999995], [16.4252844], [0.005786322794314192]]
[2600.0, 2000.0, 0.000142, [0.004110802419999999], [137.07999999999998], [19.9292056], [0.0016782279046661092]]
[2600.0, 900.0, 0.001979, [0.044931442999999995], [58.419999999999995], [16.4252844], [0.005573058994842957]]
[2600.0, 1000.0, 0.001193, [0.0270796894], [58.419999999999995], [16.4252844], [0.004281675453371028]]
[2600.0, 200.0, 0.002827, [0.06419911799999999], [58.419999999999995], [16.4252844], [0.0066216340913704975]]
[2600.0, 1100.0, 0.000905, [0.020557101], [58.419999999999995], [16.4252844], [0.0037531963508455027]]
[2600.0, 1500.0, 0.000236, [0.0068384566], [137.07999999999998], [19.9292056], [0.002162510344021503]]
[2600.0, 700.0, 0.002925, [0.06642147], [58.419999999999995], [16.4252844], [0.00677911412501663]]
[2600.0, 1800.0, 0.000269, [0.007783186199999999], [137.07999999999998], [19.9292056], [0.0025943951063783634]]
[2600.0, 1600.0, 0.00047, [0.013625121799999999], [137.07999999999998], [19.9292056], [0.00481720820392891]]
[2600.0, 1400.0, 0.000387, [0.011214041], [137.07999999999998], [19.9292056], [0.0031102150870960673]]
[2600.0, 1300.0, 0.00028, [0.008097007399999998], [137.07999999999998], [19.9292056], [0.0030603817631138764]]
[2600.0, 600.0, 0.001851, [0.0420410284], [58.419999999999995], [16.4252844], [0.0053392170474705365]]
[2600.0, 1700.0, 0.000266, [0.007705533599999999], [137.07999999999998], [19.9292056], [0.0025685112396094355]]
[2600.0, 400.0, 0.002502, [0.056816715999999996], [58.419999999999995], [16.4252844], [0.00623644480453407]]
[2600.0, 300.0, 0.002572, [0.058399299999999994], [58.419999999999995], [16.4252844], [0.0063718883857142375]]
[2600.0, 1900.0, 0.000235, [0.006806343999999999], [137.07999999999998], [19.9292056], [0.002406405927519295]]
[2600.0, 1200.0, 0.000396, [0.008983317], [58.419999999999995], [16.4252844], [0.002491524086176973]]
[2600.0, 100.0, 0.002704, [0.06139767199999999], [58.419999999999995], [16.4252844], [0.006508136833226542]]
[2600.0, 500.0, 0.002372, [0.053854868], [58.419999999999995], [16.4252844], [0.006059144725124165]]
[2700.0, 1400.0, 0.000125, [0.00361038636], [137.07999999999998], [19.9292056], [0.0012764642769776207]]
[2700.0, 1000.0, 0.000728, [0.0165306658], [58.419999999999995], [16.4252844], [0.0027176245627385694]]
[2700.0, 800.0, 0.001167, [0.0264964416], [58.419999999999995], [16.4252844], [0.003449543036403517]]
[2700.0, 900.0, 0.001322, [0.030024521999999998], [58.419999999999995], [16.4252844], [0.003668079342653318]]
[2700.0, 600.0, 0.001559, [0.035409801799999994], [58.419999999999995], [16.4252844], [0.0039839139137285585]]
[2700.0, 1100.0, 0.000691, [0.015688106799999997], [58.419999999999995], [16.4252844], [0.002651773726395222]]
[2700.0, 1300.0, 0.000236, [0.006837136399999999], [137.07999999999998], [19.9292056], [0.001765340724053008]]
[2700.0, 400.0, 0.001682, [0.0381867114], [58.419999999999995], [16.4252844], [0.004141930016791688]]
[2700.0, 1700.0, 0.000125, [0.00361401208], [137.07999999999998], [19.9292056], [0.00127774619889867]]
[2700.0, 100.0, 0.001666, [0.03783124179999999], [58.419999999999995], [16.4252844], [0.004103373527720819]]
[2700.0, 2000.0, 0.000154, [0.004456590399999999], [137.07999999999998], [19.9292056], [0.0014092976690536316]]
[2700.0, 1200.0, 0.000429, [0.009742933399999999], [58.419999999999995], [16.4252844], [0.0023630088514434303]]
[2700.0, 700.0, 0.00154, [0.0349695956], [58.419999999999995], [16.4252844], [0.003985155516162449]]
[2700.0, 300.0, 0.001975, [0.0448560352], [58.419999999999995], [16.4252844], [0.0044414087454320164]]
[2700.0, 1800.0, 0.000201, [0.0058260288], [137.07999999999998], [19.9292056], [0.0016158491179562528]]
[2700.0, 200.0, 0.001576, [0.0357763896], [58.419999999999995], [16.4252844], [0.0040251584997363764]]
[2700.0, 1500.0, 0.000261, [0.0075724877999999995], [137.07999999999998], [19.9292056], [0.0018365974539893057]]
[2700.0, 500.0, 0.001707, [0.0387603084], [58.419999999999995], [16.4252844], [0.0041555405544886695]]
[2700.0, 1900.0, 0.000118, [0.0034184550399999998], [137.07999999999998], [19.9292056], [0.0013955784429404174]]
[2700.0, 1600.0, 0.000124, [0.0035778418199999998], [137.07999999999998], [19.9292056], [0.001264958097487818]]
[2800.0, 1500.0, 0.000101, [0.00291741936], [137.07999999999998], [19.9292056], [0.0009225689632759168]]
[2800.0, 200.0, 0.001336, [0.0303323402], [58.419999999999995], [16.4252844], [0.0029743306184753567]]
[2800.0, 400.0, 0.001195, [0.027141080999999997], [58.419999999999995], [16.4252844], [0.0028296536480636636]]
[2800.0, 900.0, 0.000626, [0.0142097036], [58.419999999999995], [16.4252844], [0.0020299576409373668]]
[2800.0, 600.0, 0.000994, [0.022569508999999998], [58.419999999999995], [16.4252844], [0.0025392683324138863]]
[2800.0, 1200.0, 0.000341, [0.007752149999999999], [58.419999999999995], [16.4252844], [0.0014919020517446845]]
[2800.0, 1000.0, 0.000651, [0.014790816999999998], [58.419999999999995], [16.4252844], [0.002091737399388365]]
[2800.0, 1400.0, 0.000164, [0.0047492608], [137.07999999999998], [19.9292056], [0.0013172078915645775]]
[2800.0, 800.0, 0.000986, [0.022383595399999998], [58.419999999999995], [16.4252844], [0.002550847452906582]]
[2800.0, 100.0, 0.001104, [0.025063380599999997], [58.419999999999995], [16.4252844], [0.0026717649814308143]]
[2800.0, 1100.0, 0.00054, [0.012257440599999999], [58.419999999999995], [16.4252844], [0.001891364273745277]]
[2800.0, 1300.0, 0.000148, [0.0033665412799999996], [58.419999999999995], [16.4252844], [0.0012724330058592474]]
[2800.0, 2000.0, 0.000175, [0.0050724568], [137.07999999999998], [19.9292056], [0.0013556706505637715]]
[2800.0, 500.0, 0.000977, [0.0221732144], [58.419999999999995], [16.4252844], [0.0025434422894966575]]
[2800.0, 1900.0, 0.00012, [0.00348913588], [137.07999999999998], [19.9292056], [0.0010072268024630797]]
[2800.0, 1800.0, 8.8e-05, [0.00253965724], [137.07999999999998], [19.9292056], [0.0009599001985623296]]
[2800.0, 300.0, 0.001261, [0.028629916999999998], [58.419999999999995], [16.4252844], [0.002877414905779144]]
[2800.0, 700.0, 0.001135, [0.025763772], [58.419999999999995], [16.4252844], [0.0027309545671797618]]
[2800.0, 1600.0, 0.000135, [0.00390784812], [137.07999999999998], [19.9292056], [0.0013816328772868717]]
[2800.0, 1700.0, 0.000113, [0.00327006318], [137.07999999999998], [19.9292056], [0.0010900210317237003]]
[2900.0, 1300.0, 0.000173, [0.003930199059999999], [58.419999999999995], [16.4252844], [0.0008576396226854261]]
[2900.0, 900.0, 0.000536, [0.0121646356], [58.419999999999995], [16.4252844], [0.0015205793843137553]]
[2900.0, 1600.0, 3.3e-05, [0.00096515544], [137.07999999999998], [19.9292056], [0.0006824680983020378]]
[2900.0, 2000.0, 9e-05, [0.0026103353199999997], [137.07999999999998], [19.9292056], [0.0007870457508938092]]
[2900.0, 1200.0, 0.000344, [0.007809447599999999], [58.419999999999995], [16.4252844], [0.001205023800096911]]
[2900.0, 1700.0, 7.3e-05, [0.00211073898], [137.07999999999998], [19.9292056], [0.0007035798871485739]]
[2900.0, 1100.0, 0.000421, [0.009548762799999999], [58.419999999999995], [16.4252844], [0.0013503990844191207]]
[2900.0, 800.0, 0.000487, [0.011051454], [58.419999999999995], [16.4252844], [0.0014387766139328229]]
[2900.0, 600.0, 0.00067, [0.0152195002], [58.419999999999995], [16.4252844], [0.0017015921673538578]]
[2900.0, 100.0, 0.000772, [0.017532849399999998], [58.419999999999995], [16.4252844], [0.0018279256330606011]]
[2900.0, 400.0, 0.000668, [0.015170298599999998], [58.419999999999995], [16.4252844], [0.001696091175615273]]
[2900.0, 1000.0, 0.000546, [0.012399502399999998], [58.419999999999995], [16.4252844], [0.0015148408338832168]]
[2900.0, 1400.0, 8.2e-05, [0.0018639337999999997], [58.419999999999995], [16.4252844], [0.0006590000522003015]]
[2900.0, 200.0, 0.000786, [0.017838984], [58.419999999999995], [16.4252844], [0.0018399505493354976]]
[2900.0, 500.0, 0.000633, [0.0143662416], [58.419999999999995], [16.4252844], [0.0016479207080439275]]
[2900.0, 1500.0, 4.9e-05, [0.00140610316], [137.07999999999998], [19.9292056], [0.0005740392693884277]]
[2900.0, 1800.0, 5.6e-05, [0.0016367503799999997], [137.07999999999998], [19.9292056], [0.0006186334759774966]]
[2900.0, 300.0, 0.000681, [0.015462614799999998], [58.419999999999995], [16.4252844], [0.001707560026470519]]
[2900.0, 700.0, 0.000669, [0.015183293599999998], [58.419999999999995], [16.4252844], [0.0017082538347681236]]
[2900.0, 1900.0, 6.6e-05, [0.0019143074799999999], [137.07999999999998], [19.9292056], [0.0006053572036409577]]
[3000.0, 1900.0, 4.2e-05, [0.0012032988199999998], [137.07999999999998], [19.9292056], [0.00038051649320364547]]
[3000.0, 800.0, 0.000358, [0.0081268568], [58.419999999999995], [16.4252844], [0.0009855260335475669]]
[3000.0, 900.0, 0.000345, [0.007841859199999999], [58.419999999999995], [16.4252844], [0.000972663011325094]]
[3000.0, 1600.0, 6.7e-05, [0.0019351431799999998], [137.07999999999998], [19.9292056], [0.0004837857418320635]]
[3000.0, 700.0, 0.00041, [0.009298417], [58.419999999999995], [16.4252844], [0.0010596532083658311]]
[3000.0, 600.0, 0.000502, [0.0114034506], [58.419999999999995], [16.4252844], [0.0011699694655844656]]
[3000.0, 1300.0, 0.000133, [0.00302245162], [58.419999999999995], [16.4252844], [0.0006044904088569146]]
[3000.0, 500.0, 0.000431, [0.009784476], [58.419999999999995], [16.4252844], [0.0010871640428196656]]
[3000.0, 1500.0, 4.7e-05, [0.00136101672], [137.07999999999998], [19.9292056], [0.00045367228021998433]]
[3000.0, 1800.0, 4.2e-05, [0.0012051172], [137.07999999999998], [19.9292056], [0.000491986935192389]]
[3000.0, 2000.0, 4.2e-05, [0.0012154556999999999], [137.07999999999998], [19.9292056], [0.00038436092694237267]]
[3000.0, 100.0, 0.000425, [0.009658123199999999], [58.419999999999995], [16.4252844], [0.0010798110781057952]]
[3000.0, 1400.0, 6.8e-05, [0.00154899618], [58.419999999999995], [16.4252844], [0.00042961429045133023]]
[3000.0, 1100.0, 0.000172, [0.0039164390799999995], [58.419999999999995], [16.4252844], [0.0006923351486094]]
[3000.0, 1200.0, 0.000203, [0.0046112285999999995], [58.419999999999995], [16.4252844], [0.000748040340088688]]
[3000.0, 1000.0, 0.000337, [0.0076629744], [58.419999999999995], [16.4252844], [0.0009654438970753298]]
[3000.0, 400.0, 0.000536, [0.0121701924], [58.419999999999995], [16.4252844], [0.0012170192624605413]]
[3000.0, 300.0, 0.000461, [0.010461347599999999], [58.419999999999995], [16.4252844], [0.0011151832663737382]]
[3000.0, 1700.0, 4.6e-05, [0.0013399050199999999], [137.07999999999998], [19.9292056], [0.00040399650255911867]]
[3000.0, 200.0, 0.000512, [0.0116147792], [58.419999999999995], [16.4252844], [0.0011916512862410714]]
