[200.0, 1800.0, 0.298199, [492.16217400000005], [15190.0], [1274.0], [116.00373050897976]]
[200.0, 700.0, 0.249956, [1.636125876], [16.317], [2.7439999999999998], [0.944617724754305]]
[200.0, 2000.0, 0.30559, [32.8811364], [735.0], [78.4], [9.491965536810593]]
[200.0, 1300.0, 0.251622, [1.6481994759999998], [16.317], [2.7439999999999998], [0.951588175042124]]
[200.0, 1400.0, 0.279829, [6.8348287], [117.11], [15.19], [3.0566276979704283]]
[200.0, 400.0, 0.239596, [826.1876279999999], [30674.0], [2695.0], [213.3207669965585]]
[200.0, 1900.0, 0.288852, [713.6512879999999], [22099.0], [1911.0], [197.93127712415742]]
[200.0, 1700.0, 0.291746, [21.9803122], [409.64], [54.39], [7.771212772019563]]
[200.0, 500.0, 0.288323, [712.268508], [22099.0], [1911.0], [197.54777674274138]]
[200.0, 1500.0, 0.396767, [5.4785626], [44.099999999999994], [7.3500000000000005], [2.739282757767076]]
[200.0, 100.0, 0.258256, [43.87743220000001], [1332.8000000000002], [127.39999999999999], [10.969361117221004]]
[200.0, 600.0, 0.29105, [21.924167999999998], [409.64], [54.39], [7.751365740048654]]
[200.0, 1000.0, 0.198091, [4.12681479], [85.75000000000001], [13.23], [2.382617631094003]]
[200.0, 1200.0, 0.276721, [9.631729100000001], [186.69], [23.03], [3.6404510345560204]]
[200.0, 300.0, 0.225657, [551.850544], [22099.0], [1911.0], [174.51047969448712]]
[200.0, 1600.0, 0.234825, [383.57993799999997], [15190.0], [1274.0], [102.51605704473812]]
[200.0, 900.0, 0.238898, [823.688236], [30674.0], [2695.0], [212.6753542844116]]
[200.0, 800.0, 0.307623, [4.10882934], [44.099999999999994], [7.3500000000000005], [2.372234181736702]]
[200.0, 1100.0, 0.303219, [13.7261642], [255.29], [30.87], [4.340594964863688]]
[200.0, 200.0, 0.21881, [356.627292], [15190.0], [1274.0], [98.91059943201235]]
[300.0, 2000.0, 0.182449, [19.190967599999997], [735.0], [78.4], [4.40270930677918]]
[300.0, 400.0, 0.177363, [13.0589704], [409.64], [54.39], [3.6219081777427764]]
[300.0, 1000.0, 0.171058, [3.5243441100000004], [85.75000000000001], [13.23], [1.3320769638050198]]
[300.0, 200.0, 0.194898, [4.0307512700000006], [85.75000000000001], [13.23], [1.425085963512377]]
[300.0, 1600.0, 0.177971, [6.0615793], [186.69], [23.03], [1.7498276655145213]]
[300.0, 1300.0, 0.190027, [4.528424179999999], [117.11], [15.19], [1.509474645464441]]
[300.0, 800.0, 0.24599, [3.5262114999999996], [51.94], [8.33], [1.3327824355460272]]
[300.0, 700.0, 0.197631, [320.69402399999996], [15190.0], [1274.0], [56.6912339396489]]
[300.0, 300.0, 0.189943, [12.046846], [366.52000000000004], [46.06], [3.477623586876532]]
[300.0, 900.0, 0.151647, [291.731104], [16954.0], [1519.0], [54.17310229994217]]
[300.0, 600.0, 0.17701, [2.50187336], [51.94], [8.33], [1.1188717338908871]]
[300.0, 1400.0, 0.151095, [1.51193371], [31.653999999999996], [5.390000000000001], [0.8729154369124194]]
[300.0, 500.0, 0.209603, [5.0105587], [117.11], [15.19], [1.5844784744514517]]
[300.0, 1200.0, 0.178416, [2.52250873], [51.94], [8.33], [1.1281002585763378]]
[300.0, 100.0, 0.125744, [5.5197667], [255.29], [30.87], [1.6642725750309053]]
[300.0, 1100.0, 0.189445, [1.2055854160000001], [16.317], [2.7439999999999998], [0.49217824561433027]]
[300.0, 1900.0, 0.204013, [331.29184200000003], [15190.0], [1274.0], [57.670506233255836]]
[300.0, 1500.0, 0.161069, [310.113846], [16954.0], [1519.0], [55.69808252354833]]
[300.0, 1700.0, 0.219358, [13.968498599999998], [366.52000000000004], [46.06], [3.7332379366978476]]
[300.0, 1800.0, 0.177029, [2.50216344], [51.94], [8.33], [1.1190015540203686]]
[400.0, 900.0, 0.123132, [2.5169036200000003], [85.75000000000001], [13.23], [0.7588749137374353]]
[400.0, 1200.0, 0.09298, [178.104906], [16954.0], [1519.0], [28.519606346511868]]
[400.0, 1500.0, 0.124721, [200.96565999999999], [15190.0], [1274.0], [30.29670752870681]]
[400.0, 200.0, 0.115385, [1.14371292], [31.653999999999996], [5.390000000000001], [0.5114841945749644]]
[400.0, 1600.0, 0.090395, [1.84143225], [85.75000000000001], [13.23], [0.6510446178258444]]
[400.0, 500.0, 0.115394, [1.14380112], [31.653999999999996], [5.390000000000001], [0.5115236241856285]]
[400.0, 1700.0, 0.126054, [2.9744019199999996], [117.11], [15.19], [0.8249507632580262]]
[400.0, 300.0, 0.101399, [2.06782107], [85.75000000000001], [13.23], [0.6892736141040073]]
[400.0, 1300.0, 0.114683, [1.60154736], [51.94], [8.33], [0.6053279212129571]]
[400.0, 1400.0, 0.127886, [1.6105711999999999], [44.099999999999994], [7.3500000000000005], [0.6087387755844046]]
[400.0, 1100.0, 0.112779, [2.30265406], [85.75000000000001], [13.23], [0.7281630817337555]]
[400.0, 800.0, 0.105909, [170.44895], [15190.0], [1274.0], [28.02164469905362]]
[400.0, 100.0, 0.0758, [5.528196660000001], [409.64], [54.39], [1.5958528949749722]]
[400.0, 1000.0, 0.16144, [1.6131304700000002], [31.653999999999996], [5.390000000000001], [0.6097059190298222]]
[400.0, 400.0, 0.123623, [2.5270770000000002], [85.75000000000001], [13.23], [0.7619424372615035]]
[400.0, 1800.0, 0.109503, [1.37546185], [44.099999999999994], [7.3500000000000005], [0.5615299519170815]]
[400.0, 2000.0, 0.102574, [6.4423975], [366.52000000000004], [46.06], [1.721803106629791]]
[400.0, 600.0, 0.115572, [3.9054386699999997], [186.69], [23.03], [0.9472078962930999]]
[400.0, 700.0, 0.113467, [8.29585974], [409.64], [54.39], [1.9553529660907774]]
[400.0, 1900.0, 0.138323, [1.37636051], [31.653999999999996], [5.390000000000001], [0.5618966973563735]]
[500.0, 1700.0, 0.060629, [1.42182222], [117.11], [15.19], [0.41044469109735116]]
[500.0, 1100.0, 0.068383, [0.9493215899999999], [51.94], [8.33], [0.33563583619750736]]
[500.0, 300.0, 0.075589, [0.94488219], [44.099999999999994], [7.3500000000000005], [0.33406631790708863]]
[500.0, 1300.0, 0.060594, [1.42099755], [117.11], [15.19], [0.41020665412691687]]
[500.0, 1800.0, 0.06021, [3.7711909199999996], [366.52000000000004], [46.06], [0.9427977934212617]]
[500.0, 1400.0, 0.066096, [0.82537266], [44.099999999999994], [7.3500000000000005], [0.3119616469055131]]
[500.0, 600.0, 0.084261, [0.83063526], [31.653999999999996], [5.390000000000001], [0.31395072809280117]]
[500.0, 1900.0, 0.075733, [1.7779992999999998], [117.11], [15.19], [0.45907741481148906]]
[500.0, 1200.0, 0.095713, [2.25079197], [117.11], [15.19], [0.516367012501767]]
[500.0, 800.0, 0.061123, [1.4334509], [117.11], [15.19], [0.4138016491871438]]
[500.0, 1000.0, 0.072962, [3.1877430199999996], [255.29], [30.87], [0.6134813698067773]]
[500.0, 2000.0, 0.070219, [1.42738813], [85.75000000000001], [13.23], [0.41205151484978186]]
[500.0, 700.0, 0.093291, [1.2985480200000001], [51.94], [8.33], [0.3915269564538309]]
[500.0, 100.0, 0.048546, [0.476431263], [31.653999999999996], [5.390000000000001], [0.23821560528227365]]
[500.0, 200.0, 0.060639, [1.4220427199999999], [117.11], [15.19], [0.4105083899629824]]
[500.0, 1500.0, 0.058493, [1.18794963], [85.75000000000001], [13.23], [0.3756625833111411]]
[500.0, 900.0, 0.068126, [0.9457343], [51.94], [8.33], [0.334367648928541]]
[500.0, 1600.0, 0.059747, [0.8287365099999999], [51.94], [8.33], [0.3132329359598061]]
[500.0, 500.0, 0.075944, [3.31859997], [255.29], [30.87], [0.6271563578566353]]
[500.0, 400.0, 0.065694, [1.54113869], [117.11], [15.19], [0.42743497934773655]]
[600.0, 200.0, 0.040377, [0.39582185300000006], [31.653999999999996], [5.390000000000001], [0.16159357558393217]]
[600.0, 1400.0, 0.054047, [0.53063423], [31.653999999999996], [5.390000000000001], [0.1876074282111452]]
[600.0, 1900.0, 0.038502, [0.236932836], [16.317], [2.7439999999999998], [0.07897761569457513]]
[600.0, 100.0, 0.040177, [0.393853425], [31.653999999999996], [5.390000000000001], [0.16078997409664575]]
[600.0, 800.0, 0.042263, [0.9898587999999999], [117.11], [15.19], [0.25558044897839893]]
[600.0, 1200.0, 0.052837, [0.65878687], [44.099999999999994], [7.3500000000000005], [0.2083267717313356]]
[600.0, 600.0, 0.042398, [0.5281229800000001], [44.099999999999994], [7.3500000000000005], [0.18671964200372707]]
[600.0, 1600.0, 0.057824, [0.7213133199999999], [44.099999999999994], [7.3500000000000005], [0.217484114017553]]
[600.0, 400.0, 0.062029, [1.45463605], [117.11], [15.19], [0.3101293962364742]]
[600.0, 500.0, 0.0392, [1.70970849], [255.29], [30.87], [0.3353013824606156]]
[600.0, 1100.0, 0.04255, [63.045026799999995], [13132.0], [1176.0], [9.099765184662735]]
[600.0, 300.0, 0.046766, [69.2980148], [13132.0], [1176.0], [9.518814712977662]]
[600.0, 1700.0, 0.045081, [1.5154886600000002], [186.69], [23.03], [0.31600122414319853]]
[600.0, 1500.0, 0.044926, [1.0523926], [117.11], [15.19], [0.2630981526350955]]
[600.0, 1800.0, 0.052136, [0.72254714], [51.94], [8.33], [0.21785622625943007]]
[600.0, 1000.0, 0.047777, [0.59541811], [44.099999999999994], [7.3500000000000005], [0.19847280486253024]]
[600.0, 2000.0, 0.050389, [1.1807647599999997], [117.11], [15.19], [0.2783090006629322]]
[600.0, 700.0, 0.057159, [0.79251571], [51.94], [8.33], [0.22877957795659992]]
[600.0, 1300.0, 0.050576, [1.18516202], [117.11], [15.19], [0.27934534281065077]]
[600.0, 900.0, 0.055463, [1.12602196], [85.75000000000001], [13.23], [0.2731004351149957]]
[700.0, 2000.0, 0.034321, [1.4966138599999999], [255.29], [30.87], [0.2396500283538477]]
[700.0, 100.0, 0.019668, [0.19239188499999998], [31.653999999999996], [5.390000000000001], [0.08604027469156524]]
[700.0, 1000.0, 0.024996, [0.345638846], [51.94], [8.33], [0.1152129738440945]]
[700.0, 600.0, 0.027729, [0.383503302], [51.94], [8.33], [0.12127439616011287]]
[700.0, 1400.0, 0.03772, [0.232083012], [16.317], [2.7439999999999998], [0.059923547063237166]]
[700.0, 1900.0, 0.034143, [0.6921960500000001], [85.75000000000001], [13.23], [0.16315212064205603]]
[700.0, 200.0, 0.022183, [0.306684532], [51.94], [8.33], [0.10842937185098879]]
[700.0, 400.0, 0.033263, [0.460241957], [51.94], [8.33], [0.13286040753362155]]
[700.0, 1300.0, 0.029985, [1.3073253900000001], [255.29], [30.87], [0.22420442484482772]]
[700.0, 1100.0, 0.054011, [1.26587433], [117.11], [15.19], [0.22036046918628577]]
[700.0, 800.0, 0.041769, [0.57831711], [51.94], [8.33], [0.14932085731738887]]
[700.0, 1500.0, 0.028751, [0.96581646], [186.69], [23.03], [0.19316332006879566]]
[700.0, 1600.0, 0.033276, [0.460414829], [51.94], [8.33], [0.13291029385265837]]
[700.0, 1800.0, 0.049934, [0.3078082], [16.317], [2.7439999999999998], [0.06882798914395218]]
[700.0, 1200.0, 0.030798, [0.383228461], [44.099999999999994], [7.3500000000000005], [0.12118748114801296]]
[700.0, 700.0, 0.044264, [0.61298902], [51.94], [8.33], [0.15324726302939312]]
[700.0, 900.0, 0.034159, [0.425165797], [44.099999999999994], [7.3500000000000005], [0.12819232560882884]]
[700.0, 300.0, 0.043113, [0.422727214], [31.653999999999996], [5.390000000000001], [0.12745704395991617]]
[700.0, 500.0, 0.03989, [0.8089865699999998], [85.75000000000001], [13.23], [0.17653531060385622]]
[700.0, 1700.0, 0.037564, [0.23111751599999997], [16.317], [2.7439999999999998], [0.05967429467501061]]
[800.0, 300.0, 0.016864, [0.394454998], [117.11], [15.19], [0.09566938490447192]]
[800.0, 100.0, 0.006984, [0.163302594], [117.11], [15.19], [0.061722575318922]]
[800.0, 1800.0, 0.024226, [0.14875806119999999], [16.317], [2.7439999999999998], [0.03718951124820007]]
[800.0, 800.0, 0.031124, [0.30478269499999994], [31.653999999999996], [5.390000000000001], [0.08453151887905481]]
[800.0, 400.0, 0.026966, [0.37292880799999995], [51.94], [8.33], [0.0932321932542617]]
[800.0, 200.0, 0.012966, [0.303239734], [117.11], [15.19], [0.08410355774876588]]
[800.0, 1700.0, 0.020649, [0.41830854100000003], [85.75000000000001], [13.23], [0.09859625561855785]]
[800.0, 600.0, 0.033582, [0.464649899], [51.94], [8.33], [0.10389888177454078]]
[800.0, 1600.0, 0.023764, [0.232545229], [31.653999999999996], [5.390000000000001], [0.07353724689570586]]
[800.0, 1000.0, 0.02185, [0.302070055], [51.94], [8.33], [0.08377915339152098]]
[800.0, 1100.0, 0.021974, [0.303776284], [51.94], [8.33], [0.08425237599616998]]
[800.0, 1500.0, 0.025187, [0.348282151], [51.94], [8.33], [0.08992606771120375]]
[800.0, 1400.0, 0.023511, [0.32506727399999996], [51.94], [8.33], [0.08687788437226128]]
[800.0, 1200.0, 0.023791, [0.55666205], [117.11], [15.19], [0.11362817913704328]]
[800.0, 900.0, 0.022834, [0.5342337699999999], [117.11], [15.19], [0.11139544084027857]]
[800.0, 1300.0, 0.024389, [0.303311813], [44.099999999999994], [7.3500000000000005], [0.08412356761336265]]
[800.0, 2000.0, 0.021398, [34.3314678], [15190.0], [1274.0], [3.990951788232978]]
[800.0, 500.0, 0.019435, [0.6526211999999999], [186.69], [23.03], [0.123333837104827]]
[800.0, 1900.0, 0.025075, [0.50809962], [85.75000000000001], [13.23], [0.1083272203003474]]
[800.0, 700.0, 0.027029, [0.373803997], [51.94], [8.33], [0.0934509907438118]]
[900.0, 200.0, 0.013106, [0.057819647200000004], [9.555], [1.6660000000000001], [0.0182841780757025]]
[900.0, 1100.0, 0.015784, [0.218117081], [51.94], [8.33], [0.056317586764704324]]
[900.0, 300.0, 0.010389, [0.14351659], [51.94], [8.33], [0.04538392591215528]]
[900.0, 1000.0, 0.016362, [0.203356664], [44.099999999999994], [7.3500000000000005], [0.0543493501249095]]
[900.0, 900.0, 0.016137, [0.200566555], [44.099999999999994], [7.3500000000000005], [0.053603670881759574]]
[900.0, 1600.0, 0.01508, [0.09248009119999999], [16.317], [2.7439999999999998], [0.0231200257439303]]
[900.0, 700.0, 0.012803, [0.259277669], [85.75000000000001], [13.23], [0.061112351329334395]]
[900.0, 1900.0, 0.016376, [0.16014077100000002], [31.653999999999996], [5.390000000000001], [0.04828425788391078]]
[900.0, 500.0, 0.01517, [0.18853387], [44.099999999999994], [7.3500000000000005], [0.05228988801862173]]
[900.0, 1400.0, 0.018645, [0.231771568], [44.099999999999994], [7.3500000000000005], [0.057942888476499]]
[900.0, 1200.0, 0.014176, [0.0869276072], [16.317], [2.7439999999999998], [0.0224446103285399]]
[900.0, 1500.0, 0.013253, [0.129563448], [31.653999999999996], [5.390000000000001], [0.043187820017917086]]
[900.0, 800.0, 0.017015, [0.10437084280000002], [16.317], [2.7439999999999998], [0.024600444022009036]]
[900.0, 400.0, 0.012563, [0.17356956399999998], [51.94], [8.33], [0.05010522547599202]]
[900.0, 100.0, 0.011276, [0.0691162444], [16.317], [2.7439999999999998], [0.019952135745328115]]
[900.0, 600.0, 0.016811, [0.23231448799999999], [51.94], [8.33], [0.05807862329635578]]
[900.0, 1800.0, 0.016343, [0.15981296099999998], [31.653999999999996], [5.390000000000001], [0.04818541758768933]]
[900.0, 2000.0, 0.013692, [0.320210541], [117.11], [15.19], [0.06826911701494316]]
[900.0, 1700.0, 0.016035, [0.0983459988], [16.317], [2.7439999999999998], [0.02385241083328895]]
[900.0, 1300.0, 0.01624, [0.15880214], [31.653999999999996], [5.390000000000001], [0.04788065281718703]]
[1000.0, 1600.0, 0.013121, [0.128269505], [31.653999999999996], [5.390000000000001], [0.034281469494465956]]
[1000.0, 1400.0, 0.01315, [0.128550226], [31.653999999999996], [5.390000000000001], [0.03435649597237763]]
[1000.0, 1500.0, 0.010528, [0.14543302900000002], [51.94], [8.33], [0.03635825754625763]]
[1000.0, 700.0, 0.009597, [15.395182599999998], [15190.0], [1274.0], [1.6797523042401221]]
[1000.0, 1900.0, 0.010913, [0.255191216], [117.11], [15.19], [0.04822660305163531]]
[1000.0, 1800.0, 0.010354, [0.209655614], [85.75000000000001], [13.23], [0.043716219910920937]]
[1000.0, 500.0, 0.012198, [0.11923263099999999], [31.653999999999996], [5.390000000000001], [0.033069188452394774]]
[1000.0, 1000.0, 0.010324, [0.12825568699999998], [44.099999999999994], [7.3500000000000005], [0.03427777129715408]]
[1000.0, 200.0, 0.0041, [0.137620077], [186.69], [23.03], [0.0355333459161954]]
[1000.0, 1100.0, 0.012609, [0.15666623], [44.099999999999994], [7.3500000000000005], [0.037997135226224624]]
[1000.0, 2000.0, 0.010199, [0.238492261], [117.11], [15.19], [0.04677218506655425]]
[1000.0, 1700.0, 0.010081, [0.0617829044], [16.317], [2.7439999999999998], [0.014984557000325367]]
[1000.0, 800.0, 0.010099, [0.23616236], [117.11], [15.19], [0.046315255160691925]]
[1000.0, 1300.0, 0.01014, [0.06214417159999999], [16.317], [2.7439999999999998], [0.015072178255846102]]
[1000.0, 400.0, 0.008295, [0.0365614872], [9.555], [1.6660000000000001], [0.011561759071006454]]
[1000.0, 300.0, 0.00547, [0.12788451199999998], [117.11], [15.19], [0.03417857306559184]]
[1000.0, 600.0, 0.013723, [0.08414248640000001], [16.317], [2.7439999999999998], [0.01754492223704625]]
[1000.0, 1200.0, 0.010851, [0.21972119399999998], [85.75000000000001], [13.23], [0.04485039888562865]]
[1000.0, 100.0, 0.004448, [0.05523525000000001], [44.099999999999994], [7.3500000000000005], [0.022549686070985557]]
[1000.0, 900.0, 0.013294, [0.183669689], [51.94], [8.33], [0.04106979365178257]]
[1100.0, 1300.0, 0.007096, [0.165901456], [117.11], [15.19], [0.03135242322532662]]
[1100.0, 1800.0, 0.008158, [0.112671286], [51.94], [8.33], [0.025848561257834062]]
[1100.0, 2000.0, 0.008501, [0.052087098], [16.317], [2.7439999999999998], [0.011105006115081613]]
[1100.0, 700.0, 0.008112, [0.100765168], [44.099999999999994], [7.3500000000000005], [0.024439144821372123]]
[1100.0, 900.0, 0.008974, [0.123951968], [51.94], [8.33], [0.027048532603451893]]
[1100.0, 200.0, 0.003856, [0.0236091996], [16.317], [2.7439999999999998], [0.007465884159829967]]
[1100.0, 1900.0, 0.008477, [0.08283778300000001], [31.653999999999996], [5.390000000000001], [0.02213933657994295]]
[1100.0, 1500.0, 0.007046, [0.16475074], [117.11], [15.19], [0.031134967844852514]]
[1100.0, 800.0, 0.007788, [0.0477106924], [16.317], [2.7439999999999998], [0.010668433219550097]]
[1100.0, 500.0, 0.007989, [0.035209753600000004], [9.555], [1.6660000000000001], [0.00909112147801359]]
[1100.0, 1700.0, 0.005816, [0.117742198], [85.75000000000001], [13.23], [0.026327955805569108]]
[1100.0, 400.0, 0.005558, [0.129955742], [117.11], [15.19], [0.02770665126824243]]
[1100.0, 600.0, 0.008133, [0.11233127500000001], [51.94], [8.33], [0.025770557659856724]]
[1100.0, 1400.0, 0.006856, [0.094691079], [51.94], [8.33], [0.023672766688750176]]
[1100.0, 100.0, 0.003851, [0.05317342800000001], [51.94], [8.33], [0.01772448601229384]]
[1100.0, 1100.0, 0.008837, [0.0541478812], [16.317], [2.7439999999999998], [0.011290613982242063]]
[1100.0, 1000.0, 0.005883, [0.025916884000000005], [9.555], [1.6660000000000001], [0.007814232655865833]]
[1100.0, 300.0, 0.003804, [0.08893269699999999], [117.11], [15.19], [0.022962317032477364]]
[1100.0, 1200.0, 0.007704, [0.0471964472], [16.317], [2.7439999999999998], [0.010553443409238522]]
[1100.0, 1600.0, 0.006866, [0.094828524], [51.94], [8.33], [0.023707124682255335]]
[1200.0, 100.0, 0.002783, [0.012256166160000002], [9.555], [1.6660000000000001], [0.00433320849773006]]
[1200.0, 1400.0, 0.005876, [0.057408596], [31.653999999999996], [5.390000000000001], [0.014822836111891679]]
[1200.0, 1700.0, 0.005239, [0.065059701], [44.099999999999994], [7.3500000000000005], [0.01577929342524563]]
[1200.0, 1800.0, 0.005141, [0.17256403499999998], [186.69], [23.03], [0.025724327991222627]]
[1200.0, 700.0, 0.005579, [0.024579066400000002], [9.555], [1.6660000000000001], [0.0061447672385534675]]
[1200.0, 200.0, 0.005609, [0.07745449600000001], [51.94], [8.33], [0.017319354817659924]]
[1200.0, 1900.0, 0.004879, [0.0214913804], [9.555], [1.6660000000000001], [0.005743815029751568]]
[1200.0, 1200.0, 0.005126, [0.10376191000000001], [85.75000000000001], [13.23], [0.01996898196954467]]
[1200.0, 1100.0, 0.00805, [0.111191094], [51.94], [8.33], [0.02064766625795758]]
[1200.0, 1300.0, 0.008275, [0.080862887], [31.653999999999996], [5.390000000000001], [0.01764572934735201]]
[1200.0, 2000.0, 0.003887, [0.053675188], [51.94], [8.33], [0.014345292923115932]]
[1200.0, 800.0, 0.00601, [0.036811935999999996], [16.317], [2.7439999999999998], [0.007514206476801126]]
[1200.0, 1600.0, 0.005898, [0.057620521], [31.653999999999996], [5.390000000000001], [0.014877553940752493]]
[1200.0, 1000.0, 0.00579, [0.0354606532], [16.317], [2.7439999999999998], [0.007394056812332455]]
[1200.0, 1500.0, 0.005115, [0.04996485900000001], [31.653999999999996], [5.390000000000001], [0.013857758775862714]]
[1200.0, 300.0, 0.002753, [0.026888044399999998], [31.653999999999996], [5.390000000000001], [0.010162727578755616]]
[1200.0, 600.0, 0.005783, [0.0354229232], [16.317], [2.7439999999999998], [0.007386191801463052]]
[1200.0, 500.0, 0.00353, [0.0344815744], [31.653999999999996], [5.390000000000001], [0.0114938605533563]]
[1200.0, 900.0, 0.004258, [0.0260731352], [16.317], [2.7439999999999998], [0.006323665949431547]]
[1200.0, 400.0, 0.004352, [0.0425116503], [31.653999999999996], [5.390000000000001], [0.012817744402194952]]
[1300.0, 1600.0, 0.003104, [0.0428642298], [51.94], [8.33], [0.010396102641855745]]
[1300.0, 1700.0, 0.003133, [0.06341344800000001], [85.75000000000001], [13.23], [0.0126826899820188]]
[1300.0, 900.0, 0.003451, [0.009069297300000001], [3.7729999999999997], [0.784], [0.002137653852240816]]
[1300.0, 200.0, 0.002063, [0.020152528900000004], [31.653999999999996], [5.390000000000001], [0.007124995965612893]]
[1300.0, 1800.0, 0.004133, [0.0253064028], [16.317], [2.7439999999999998], [0.005061282083425107]]
[1300.0, 1000.0, 0.00384, [0.053030593], [51.94], [8.33], [0.01157222118782734]]
[1300.0, 1400.0, 0.003501, [0.04833952899999999], [51.94], [8.33], [0.011089850779879772]]
[1300.0, 1200.0, 0.003894, [0.038037259399999995], [31.653999999999996], [5.390000000000001], [0.00982117941389933]]
[1300.0, 500.0, 0.003964, [0.024271483599999998], [16.317], [2.7439999999999998], [0.0049543942404293995]]
[1300.0, 100.0, 0.001432, [0.0177787484], [44.099999999999994], [7.3500000000000005], [0.006719735015608874]]
[1300.0, 1100.0, 0.004811, [0.0211915788], [9.555], [1.6660000000000001], [0.0046243806528442274]]
[1300.0, 2000.0, 0.00431, [0.0263906356], [16.317], [2.7439999999999998], [0.005175628937394952]]
[1300.0, 1300.0, 0.003058, [0.0379733242], [44.099999999999994], [7.3500000000000005], [0.009804671036806897]]
[1300.0, 1500.0, 0.003865, [0.078229333], [85.75000000000001], [13.23], [0.014050401185731318]]
[1300.0, 600.0, 0.003956, [0.0242248944], [16.317], [2.7439999999999998], [0.004944886948272932]]
[1300.0, 300.0, 0.001738, [0.035180681899999997], [85.75000000000001], [13.23], [0.009402432258729651]]
[1300.0, 1900.0, 0.003459, [0.080871658], [117.11], [15.19], [0.014296226765828809]]
[1300.0, 400.0, 0.002294, [0.01010084824], [9.555], [1.6660000000000001], [0.0031941686492732353]]
[1300.0, 700.0, 0.003426, [0.0150859534], [9.555], [1.6660000000000001], [0.0038951759085309613]]
[1300.0, 800.0, 0.004885, [0.060662686], [44.099999999999994], [7.3500000000000005], [0.012382716890488938]]
[1400.0, 1100.0, 0.002797, [0.038619570500000006], [51.94], [8.33], [0.008052735196192658]]
[1400.0, 400.0, 0.001379, [0.00606869116], [9.555], [1.6660000000000001], [0.002022896620195901]]
[1400.0, 1500.0, 0.002555, [0.0317237809], [44.099999999999994], [7.3500000000000005], [0.007277935211995225]]
[1400.0, 1800.0, 0.002392, [0.01464572368], [16.317], [2.7439999999999998], [0.0031224787005198285]]
[1400.0, 1600.0, 0.002071, [0.012679637879999999], [16.317], [2.7439999999999998], [0.002908908100851589]]
[1400.0, 1400.0, 0.002068, [0.012659175480000001], [16.317], [2.7439999999999998], [0.002904214085497142]]
[1400.0, 600.0, 0.001978, [0.00870990484], [9.555], [1.6660000000000001], [0.002415692645019229]]
[1400.0, 1700.0, 0.002893, [0.028256046], [31.653999999999996], [5.390000000000001], [0.006853098027899499]]
[1400.0, 900.0, 0.002295, [0.014052196480000001], [16.317], [2.7439999999999998], [0.0030664405144727657]]
[1400.0, 100.0, 0.000986, [0.0060361042], [16.317], [2.7439999999999998], [0.002012035229115037]]
[1400.0, 700.0, 0.002795, [0.0073443610799999995], [3.7729999999999997], [0.784], [0.0015658231952554542]]
[1400.0, 2000.0, 0.002405, [0.02986207], [44.099999999999994], [7.3500000000000005], [0.007038557921193801]]
[1400.0, 800.0, 0.002786, [0.03846325070000001], [51.94], [8.33], [0.008020143013687473]]
[1400.0, 1300.0, 0.002924, [0.0285589542], [31.653999999999996], [5.390000000000001], [0.0069265638097111325]]
[1400.0, 300.0, 0.001198, [0.007333328240000001], [16.317], [2.7439999999999998], [0.0022110815510966576]]
[1400.0, 1200.0, 0.002391, [0.0233521505], [31.653999999999996], [5.390000000000001], [0.006241124825702496]]
[1400.0, 500.0, 0.001886, [0.0184194577], [31.653999999999996], [5.390000000000001], [0.005553676082560092]]
[1400.0, 1000.0, 0.002818, [0.0172542818], [16.317], [2.7439999999999998], [0.0033838427932751246]]
[1400.0, 200.0, 0.001073, [0.0217101066], [85.75000000000001], [13.23], [0.006021300557188621]]
[1400.0, 1900.0, 0.002963, [0.0367893813], [44.099999999999994], [7.3500000000000005], [0.007843522614871458]]
[1500.0, 1500.0, 0.002561, [0.015680695799999998], [16.317], [2.7439999999999998], [0.006401616247167586]]
[1500.0, 1100.0, 0.003462, [0.00909904814], [3.7729999999999997], [0.784], [0.0034391172826758903]]
[1500.0, 1800.0, 0.002653, [0.0259124152], [31.653999999999996], [5.390000000000001], [0.012956205072859876]]
[1500.0, 400.0, 0.001101, [0.025733217300000003], [117.11], [15.19], [0.012866606011299174]]
[1500.0, 200.0, 0.00127, [0.0077726152], [16.317], [2.7439999999999998], [0.004487522193638713]]
[1500.0, 500.0, 0.001568, [0.052640748999999994], [186.69], [23.03], [0.018611306918107605]]
[1500.0, 1300.0, 0.002115, [0.012946029319999998], [16.317], [2.7439999999999998], [0.0057896402809155595]]
[1500.0, 600.0, 0.001777, [0.00782463752], [9.555], [1.6660000000000001], [0.004517555950024305]]
[1500.0, 1000.0, 0.00195, [0.039461831499999996], [85.75000000000001], [13.23], [0.01611022086440779]]
[1500.0, 2000.0, 0.002373, [0.0327649966], [51.94], [8.33], [0.014652948398871811]]
[1500.0, 800.0, 0.002386, [0.0329425432], [51.94], [8.33], [0.014732355841140953]]
[1500.0, 1700.0, 0.002327, [0.010246266519999998], [9.555], [1.6660000000000001], [0.00512313406890743]]
[1500.0, 1200.0, 0.002363, [0.0326210836], [51.94], [8.33], [0.014588592838241802]]
[1500.0, 300.0, 0.00126, [0.00771386616], [16.317], [2.7439999999999998], [0.004453602641098552]]
[1500.0, 1400.0, 0.001877, [0.0259187411], [51.94], [8.33], [0.012959370820375501]]
[1500.0, 100.0, 0.000993, [0.00260761732], [3.7729999999999997], [0.784], [0.001843863684549376]]
[1500.0, 900.0, 0.003448, [0.021112923999999998], [16.317], [2.7439999999999998], [0.007464546199736457]]
[1500.0, 700.0, 0.00248, [0.00651621306], [3.7729999999999997], [0.784], [0.002914139541408407]]
[1500.0, 1900.0, 0.002712, [0.0264917128], [31.653999999999996], [5.390000000000001], [0.013245858328926819]]
[1500.0, 1600.0, 0.002119, [0.0263127354], [44.099999999999994], [7.3500000000000005], [0.013156368602695806]]
[1600.0, 1500.0, 0.001702, [0.01042059088], [16.317], [2.7439999999999998], [0.004254188014274874]]
[1600.0, 100.0, 0.000657, [0.0017248627200000001], [3.7729999999999997], [0.784], [0.0012196622668591496]]
[1600.0, 1300.0, 0.001259, [0.0173850285], [51.94], [8.33], [0.00869251437387365]]
[1600.0, 900.0, 0.002103, [0.0261072294], [44.099999999999994], [7.3500000000000005], [0.010658231032399327]]
[1600.0, 300.0, 0.000508, [0.0170457231], [186.69], [23.03], [0.008522860887636263]]
[1600.0, 500.0, 0.000637, [0.008794392600000001], [51.94], [8.33], [0.006218574922761646]]
[1600.0, 1000.0, 0.001416, [0.0175762412], [44.099999999999994], [7.3500000000000005], [0.008788122337564493]]
[1600.0, 1200.0, 0.001389, [0.0172470102], [44.099999999999994], [7.3500000000000005], [0.008623505809704078]]
[1600.0, 1800.0, 0.002198, [0.021466669700000003], [31.653999999999996], [5.390000000000001], [0.009600186742975367]]
[1600.0, 1100.0, 0.002363, [0.01040328016], [9.555], [1.6660000000000001], [0.004247121462826322]]
[1600.0, 1900.0, 0.001741, [0.021613076800000002], [44.099999999999994], [7.3500000000000005], [0.009665662050785761]]
[1600.0, 1700.0, 0.001341, [0.01309819], [31.653999999999996], [5.390000000000001], [0.007562246374590027]]
[1600.0, 800.0, 0.001062, [0.0215041939], [85.75000000000001], [13.23], [0.009616966247211228]]
[1600.0, 200.0, 0.001055, [0.0130963819], [44.099999999999994], [7.3500000000000005], [0.0075612001454795534]]
[1600.0, 1600.0, 0.001754, [0.0217778491], [44.099999999999994], [7.3500000000000005], [0.009739351233013418]]
[1600.0, 2000.0, 0.001644, [0.0043186493000000005], [3.7729999999999997], [0.784], [0.0019313584804484122]]
[1600.0, 1400.0, 0.001421, [0.00869742552], [16.317], [2.7439999999999998], [0.003889607037015436]]
[1600.0, 700.0, 0.00104, [0.034896844499999996], [186.69], [23.03], [0.012337897395018328]]
[1600.0, 400.0, 0.000889, [0.0086810066], [31.653999999999996], [5.390000000000001], [0.006138399582953198]]
[1600.0, 600.0, 0.001314, [0.00345106804], [3.7729999999999997], [0.784], [0.0017255340085898046]]
[1700.0, 900.0, 0.001175, [0.0114704051], [31.653999999999996], [5.390000000000001], [0.005735202482912003]]
[1700.0, 1500.0, 0.000871, [0.00228631354], [3.7729999999999997], [0.784], [0.0011431568730493641]]
[1700.0, 1800.0, 0.000733, [0.0171234518], [117.11], [15.19], [0.0069906206813129266]]
[1700.0, 700.0, 0.000788, [0.0034695508399999997], [9.555], [1.6660000000000001], [0.0020031468491351306]]
[1700.0, 500.0, 0.000659, [0.0017306996], [3.7729999999999997], [0.784], [0.000999219937551288]]
[1700.0, 300.0, 0.000622, [0.0085900283], [51.94], [8.33], [0.0049594560336795]]
[1700.0, 800.0, 0.00116, [0.0144045398], [44.099999999999994], [7.3500000000000005], [0.006441906837264879]]
[1700.0, 1300.0, 0.001191, [0.0116358585], [31.653999999999996], [5.390000000000001], [0.005817928289348366]]
[1700.0, 400.0, 0.000695, [0.0086247154], [44.099999999999994], [7.3500000000000005], [0.00497948019777165]]
[1700.0, 1000.0, 0.001231, [0.028765180499999998], [117.11], [15.19], [0.009096348174954607]]
[1700.0, 2000.0, 0.000885, [0.00232311352], [3.7729999999999997], [0.784], [0.0011615563430156972]]
[1700.0, 1600.0, 0.001179, [0.011519003300000002], [31.653999999999996], [5.390000000000001], [0.005759503438665525]]
[1700.0, 1400.0, 0.00105, [0.0144981396], [51.94], [8.33], [0.006483764727378685]]
[1700.0, 1200.0, 0.001242, [0.0171409938], [51.94], [8.33], [0.006997781593476606]]
[1700.0, 100.0, 0.000441, [0.00115855894], [3.7729999999999997], [0.784], [0.0008192251955353912]]
[1700.0, 1700.0, 0.001472, [0.0203196728], [51.94], [8.33], [0.0076801150056493295]]
[1700.0, 1900.0, 0.001258, [0.0173625718], [51.94], [8.33], [0.007088239126891813]]
[1700.0, 1100.0, 0.000887, [0.0086574131], [31.653999999999996], [5.390000000000001], [0.004998360281132203]]
[1700.0, 600.0, 0.000946, [0.0117481322], [44.099999999999994], [7.3500000000000005], [0.0058740659640490935]]
[1700.0, 200.0, 0.000439, [0.0011513971], [3.7729999999999997], [0.784], [0.0008141609741568311]]
[1800.0, 600.0, 0.000526, [0.0023131234], [9.555], [1.6660000000000001], [0.0013354826443200227]]
[1800.0, 1800.0, 0.000779, [0.0076048196], [31.653999999999996], [5.390000000000001], [0.003802408208754026]]
[1800.0, 400.0, 0.000438, [0.00115076892], [3.7729999999999997], [0.784], [0.0006643964912008491]]
[1800.0, 1300.0, 0.000766, [0.00468738704], [16.317], [2.7439999999999998], [0.0019136180732842172]]
[1800.0, 1200.0, 0.000697, [0.0096164852], [51.94], [8.33], [0.00430062311647975]]
[1800.0, 1700.0, 0.000992, [0.0096919746], [31.653999999999996], [5.390000000000001], [0.004334381962979267]]
[1800.0, 500.0, 0.000593, [0.0015563820999999999], [3.7729999999999997], [0.784], [0.0007781909048299138]]
[1800.0, 1600.0, 0.001047, [0.00460938296], [9.555], [1.6660000000000001], [0.0018817727170729202]]
[1800.0, 1000.0, 0.000746, [0.004566860759999999], [16.317], [2.7439999999999998], [0.0018644131562719675]]
[1800.0, 700.0, 0.000747, [0.001961764], [3.7729999999999997], [0.784], [0.0008773274509554571]]
[1800.0, 200.0, 0.00056, [0.007733929700000001], [51.94], [8.33], [0.0038669659423118787]]
[1800.0, 800.0, 0.000619, [0.007690035499999999], [44.099999999999994], [7.3500000000000005], [0.0038450178545749304]]
[1800.0, 2000.0, 0.000897, [0.005492931360000001], [16.317], [2.7439999999999998], [0.0020761331803138255]]
[1800.0, 1100.0, 0.001059, [0.00465963148], [9.555], [1.6660000000000001], [0.001902286984111493]]
[1800.0, 900.0, 0.000995, [0.013734974399999999], [51.94], [8.33], [0.005191332050639796]]
[1800.0, 1500.0, 0.000592, [0.005785302599999999], [31.653999999999996], [5.390000000000001], [0.0033401463797264933]]
[1800.0, 1400.0, 0.00059, [0.005758048799999999], [31.653999999999996], [5.390000000000001], [0.003324410768843104]]
[1800.0, 1900.0, 0.000623, [0.0077404810000000004], [44.099999999999994], [7.3500000000000005], [0.003870241666227058]]
[1800.0, 100.0, 0.000506, [0.0030974761999999997], [16.317], [2.7439999999999998], [0.0015487384971776222]]
[1800.0, 300.0, 0.000425, [0.005865510700000001], [51.94], [8.33], [0.003386454484265217]]
[1900.0, 300.0, 0.000403, [0.00393400175], [31.653999999999996], [5.390000000000001], [0.0022712972066640685]]
[1900.0, 1600.0, 0.00047, [0.0020700638000000003], [9.555], [1.6660000000000001], [0.0010350321857797466]]
[1900.0, 600.0, 0.000373, [0.005146499400000001], [51.94], [8.33], [0.002573248424462745]]
[1900.0, 1500.0, 0.000508, [0.0031070311999999998], [16.317], [2.7439999999999998], [0.0012684404664626558]]
[1900.0, 500.0, 0.000396, [0.0038676802499999995], [31.653999999999996], [5.390000000000001], [0.0022330063965425627]]
[1900.0, 1700.0, 0.000582, [0.0015272976600000001], [3.7729999999999997], [0.784], [0.000623516557310229]]
[1900.0, 1800.0, 0.000381, [0.0077134477], [85.75000000000001], [13.23], [0.003149002832167669]]
[1900.0, 800.0, 0.00031, [0.0038466822800000003], [44.099999999999994], [7.3500000000000005], [0.002220883040144168]]
[1900.0, 1300.0, 0.000451, [0.0091266469], [85.75000000000001], [13.23], [0.003449549189966712]]
[1900.0, 1000.0, 0.000404, [0.0039432676499999994], [31.653999999999996], [5.390000000000001], [0.002276646730171372]]
[1900.0, 1900.0, 0.000394, [0.0038485452600000004], [31.653999999999996], [5.390000000000001], [0.002221959016048676]]
[1900.0, 1200.0, 0.00042, [0.00257261956], [16.317], [2.7439999999999998], [0.0011505104837766583]]
[1900.0, 100.0, 0.000235, [0.001033200476], [9.555], [1.6660000000000001], [0.000730583262879735]]
[1900.0, 2000.0, 0.000701, [0.00308585928], [9.555], [1.6660000000000001], [0.001259796613362649]]
[1900.0, 1100.0, 0.000514, [0.00314449856], [16.317], [2.7439999999999998], [0.0012837362610131414]]
[1900.0, 900.0, 0.000597, [0.00365551564], [16.317], [2.7439999999999998], [0.0013816552860391768]]
[1900.0, 200.0, 0.000395, [0.00386112013], [31.653999999999996], [5.390000000000001], [0.0022292189053567616]]
[1900.0, 400.0, 0.000298, [0.0007815915520000001], [3.7729999999999997], [0.784], [0.000451252171052949]]
[1900.0, 700.0, 0.00034, [0.00207830952], [16.317], [2.7439999999999998], [0.001039154588538202]]
[1900.0, 1400.0, 0.000524, [0.0065112621], [44.099999999999994], [7.3500000000000005], [0.0029119245134446737]]
[2000.0, 1500.0, 0.000329, [0.0008641667439999999], [3.7729999999999997], [0.784], [0.00038646719669332866]]
[2000.0, 1200.0, 0.000395, [0.00241642716], [16.317], [2.7439999999999998], [0.0009133236173011185]]
[2000.0, 1300.0, 0.000396, [0.001742873748], [9.555], [1.6660000000000001], [0.000779436825304014]]
[2000.0, 300.0, 0.000275, [0.0034153166600000002], [44.099999999999994], [7.3500000000000005], [0.001707658084629356]]
[2000.0, 900.0, 0.000325, [0.0008525868679999999], [3.7729999999999997], [0.784], [0.00038128839232266174]]
[2000.0, 1900.0, 0.000315, [0.001385215104], [9.555], [1.6660000000000001], [0.0006926075381628473]]
[2000.0, 1600.0, 0.000415, [0.005154329599999999], [44.099999999999994], [7.3500000000000005], [0.0021042456531973636]]
[2000.0, 500.0, 0.000314, [0.00433722226], [51.94], [8.33], [0.0019396648607427004]]
[2000.0, 600.0, 0.000288, [0.001764171696], [16.317], [2.7439999999999998], [0.0007889614758655837]]
[2000.0, 200.0, 0.000177, [0.00172813102], [31.653999999999996], [5.390000000000001], [0.0012219731564973102]]
[2000.0, 1800.0, 0.000346, [0.00429871659], [44.099999999999994], [7.3500000000000005], [0.0019224449206674298]]
[2000.0, 2000.0, 0.000398, [0.001749731592], [9.555], [1.6660000000000001], [0.0007825038273644416]]
[2000.0, 400.0, 0.000355, [0.00346213812], [31.653999999999996], [5.390000000000001], [0.0017310695144909694]]
[2000.0, 1100.0, 0.000348, [0.00212914996], [16.317], [2.7439999999999998], [0.0008692221028943061]]
[2000.0, 100.0, 0.000196, [0.00051589258], [3.7729999999999997], [0.784], [0.0002978506666032494]]
[2000.0, 1400.0, 0.000281, [0.001719427836], [16.317], [2.7439999999999998], [0.0007689514904855833]]
[2000.0, 1700.0, 0.000374, [0.0051675008000000005], [51.94], [8.33], [0.002109623285565458]]
[2000.0, 700.0, 0.000333, [0.0008755643400000001], [3.7729999999999997], [0.784], [0.0003915642703311935]]
[2000.0, 1000.0, 0.000298, [0.0060300184], [85.75000000000001], [13.23], [0.0022791321703666072]]
[2000.0, 800.0, 0.000168, [0.001029408464], [16.317], [2.7439999999999998], [0.0005943293686029659]]
[2100.0, 200.0, 0.000176, [0.00046197690000000005], [3.7729999999999997], [0.784], [0.00023098845310534462]]
[2100.0, 100.0, 0.000117, [0.00114468704], [31.653999999999996], [5.390000000000001], [0.0008094157813509693]]
[2100.0, 400.0, 0.000144, [0.00179336521], [44.099999999999994], [7.3500000000000005], [0.0010353999143809121]]
[2100.0, 1400.0, 0.00026, [0.001146246024], [9.555], [1.6660000000000001], [0.0005126168951878196]]
[2100.0, 500.0, 0.000177, [0.00172974998], [31.653999999999996], [5.390000000000001], [0.0009986714510788822]]
[2100.0, 800.0, 0.000233, [0.00289137289], [44.099999999999994], [7.3500000000000005], [0.0012930613518700495]]
[2100.0, 300.0, 0.000218, [0.0005731382999999999], [3.7729999999999997], [0.784], [0.00025631522966066604]]
[2100.0, 600.0, 0.000158, [0.0006969952080000001], [9.555], [1.6660000000000001], [0.0004024103871025199]]
[2100.0, 700.0, 0.000118, [0.00115452232], [31.653999999999996], [5.390000000000001], [0.0008163705876622454]]
[2100.0, 1000.0, 0.000171, [0.0057503999], [186.69], [23.03], [0.001818436147352994]]
[2100.0, 1700.0, 0.000267, [0.001172981208], [9.555], [1.6660000000000001], [0.0005245732297401383]]
[2100.0, 1800.0, 0.000257, [0.0006755692720000001], [3.7729999999999997], [0.784], [0.0002757999985786802]]
[2100.0, 1900.0, 0.00022, [0.000576871022], [3.7729999999999997], [0.784], [0.0002579845672361043]]
[2100.0, 900.0, 0.000185, [0.00229617381], [44.099999999999994], [7.3500000000000005], [0.0011480869396957706]]
[2100.0, 2000.0, 0.000223, [0.0005856568200000001], [3.7729999999999997], [0.784], [0.00026191370434553444]]
[2100.0, 1200.0, 0.000233, [0.00288744113], [44.099999999999994], [7.3500000000000005], [0.0012913028486377625]]
[2100.0, 1500.0, 0.00021, [0.000923574148], [9.555], [1.6660000000000001], [0.00046178702278864436]]
[2100.0, 1100.0, 0.000188, [0.00233702119], [44.099999999999994], [7.3500000000000005], [0.0011685101824117751]]
[2100.0, 1300.0, 0.00037, [0.00459837119], [44.099999999999994], [7.3500000000000005], [0.0016257694928863687]]
[2100.0, 1600.0, 0.000293, [0.0028576197299999997], [31.653999999999996], [5.390000000000001], [0.001277966312427679]]
[2200.0, 1700.0, 0.000141, [0.000618613632], [9.555], [1.6660000000000001], [0.00030930681691808865]]
[2200.0, 1100.0, 0.000188, [0.00233414489], [44.099999999999994], [7.3500000000000005], [0.0009529107996029849]]
[2200.0, 200.0, 0.000156, [0.00151999372], [31.653999999999996], [5.390000000000001], [0.0007599967923616521]]
[2200.0, 1800.0, 0.00015, [0.00091977704], [16.317], [2.7439999999999998], [0.0003754974322575322]]
[2200.0, 900.0, 0.000117, [0.00114689596], [31.653999999999996], [5.390000000000001], [0.0006621606256792985]]
[2200.0, 1000.0, 0.000153, [0.0019038523699999998], [44.099999999999994], [7.3500000000000005], [0.0008514286867964926]]
[2200.0, 1300.0, 0.000209, [0.0009191425879999999], [9.555], [1.6660000000000001], [0.00037523835281591354]]
[2200.0, 1900.0, 0.000197, [0.0019234959800000003], [31.653999999999996], [5.390000000000001], [0.0008602136661318513]]
[2200.0, 1400.0, 0.000178, [0.001086764532], [16.317], [2.7439999999999998], [0.00041075839290755827]]
[2200.0, 1600.0, 9.9e-05, [0.000607070604], [16.317], [2.7439999999999998], [0.0003035352846704976]]
[2200.0, 800.0, 0.000126, [0.0007735957320000001], [16.317], [2.7439999999999998], [0.000345962542041765]]
[2200.0, 400.0, 0.000119, [0.00031151867600000006], [3.7729999999999997], [0.784], [0.00015575930830611696]]
[2200.0, 600.0, 6.4e-05, [6.13978624e-05], [0.5781999999999999], [0.12250000000000001], [3.06989313377518e-05]]
[2200.0, 2000.0, 0.000147, [0.00038531022600000005], [3.7729999999999997], [0.784], [0.00017231599475382427]]
[2200.0, 500.0, 0.000104, [0.000459134508], [9.555], [1.6660000000000001], [0.0002650814316545012]]
[2200.0, 700.0, 0.000139, [0.0019204276], [51.94], [8.33], [0.0008588412710157797]]
[2200.0, 300.0, 9.8e-05, [0.0022918471099999996], [117.11], [15.19], [0.0009356429070965054]]
[2200.0, 1200.0, 0.000194, [0.00267991682], [51.94], [8.33], [0.0010129134411685926]]
[2200.0, 1500.0, 0.000203, [0.00053417203], [3.7729999999999997], [0.784], [0.00020189807686057834]]
[2200.0, 100.0, 0.000149, [0.000391207278], [3.7729999999999997], [0.784], [0.00017495319454071138]]
[2300.0, 700.0, 7.8e-05, [0.00020537771800000003], [3.7729999999999997], [0.784], [0.00010268885002764418]]
[2300.0, 100.0, 5.5e-05, [0.0012756905], [117.11], [15.19], [0.0005705062656097653]]
[2300.0, 1800.0, 0.000124, [0.00154256263], [44.099999999999994], [7.3500000000000005], [0.0006297487549015082]]
[2300.0, 1000.0, 0.0001, [0.000611493932], [16.317], [2.7439999999999998], [0.00024964145370510885]]
[2300.0, 1500.0, 0.000101, [0.0006190136679999999], [16.317], [2.7439999999999998], [0.0002527111997518116]]
[2300.0, 1200.0, 9.3e-05, [0.00040848693199999997], [9.555], [1.6660000000000001], [0.00020424347376599332]]
[2300.0, 500.0, 7.7e-05, [0.00020307452200000003], [3.7729999999999997], [0.784], [0.0001015372698470862]]
[2300.0, 1900.0, 8.7e-05, [0.0020346711], [117.11], [15.19], [0.0007193648930132747]]
[2300.0, 1300.0, 8.3e-05, [0.000505440292], [16.317], [2.7439999999999998], [0.0002260397564323586]]
[2300.0, 1600.0, 0.000102, [0.00126270207], [44.099999999999994], [7.3500000000000005], [0.0005646975231927266]]
[2300.0, 1700.0, 0.000135, [0.000823873848], [16.317], [2.7439999999999998], [0.0002912833674894603]]
[2300.0, 1400.0, 0.000141, [0.0006185609079999999], [9.555], [1.6660000000000001], [0.0002525264334678649]]
[2300.0, 1100.0, 8.2e-05, [0.0010185458500000001], [44.099999999999994], [7.3500000000000005], [0.0005092729142611062]]
[2300.0, 900.0, 9.7e-05, [0.000255345468], [3.7729999999999997], [0.784], [0.0001141939296810474]]
[2300.0, 2000.0, 0.000129, [0.00178761849], [51.94], [8.33], [0.0006756563430472624]]
[2300.0, 300.0, 4.6e-05, [0.000203979552], [9.555], [1.6660000000000001], [0.0001442353732535816]]
[2300.0, 200.0, 5.6e-05, [0.0007748957999999999], [51.94], [8.33], [0.0004473863151460939]]
[2300.0, 400.0, 5.9e-05, [0.000154255136], [3.7729999999999997], [0.784], [8.905924362804795e-05]]
[2300.0, 800.0, 5.3e-05, [0.00051357586], [31.653999999999996], [5.390000000000001], [0.0003631531456562093]]
[2300.0, 600.0, 7.9e-05, [0.00077530397], [31.653999999999996], [5.390000000000001], [0.0004476218256184566]]
[2400.0, 1200.0, 4.6e-05, [0.00020113578800000001], [9.555], [1.6660000000000001], [0.00011612575739085623]]
[2400.0, 1500.0, 6.9e-05, [0.0008552273800000001], [44.099999999999994], [7.3500000000000005], [0.00038246915394577895]]
[2400.0, 1100.0, 9e-05, [0.000236765158], [3.7729999999999997], [0.784], [8.948882221149186e-05]]
[2400.0, 1600.0, 6.5e-05, [0.00017030606599999999], [3.7729999999999997], [0.784], [7.616317644111226e-05]]
[2400.0, 400.0, 7.7e-05, [0.000338672124], [9.555], [1.6660000000000001], [0.00015145877647993863]]
[2400.0, 1300.0, 8.2e-05, [0.0010199653799999998], [44.099999999999994], [7.3500000000000005], [0.0004163991054265127]]
[2400.0, 200.0, 5.2e-05, [0.00051246552], [31.653999999999996], [5.390000000000001], [0.00029587212768356536]]
[2400.0, 1700.0, 0.000109, [0.000480914224], [9.555], [1.6660000000000001], [0.00018176849155780549]]
[2400.0, 2000.0, 5.6e-05, [0.000340811464], [16.317], [2.7439999999999998], [0.00015241555348454437]]
[2400.0, 600.0, 6.2e-05, [0.000273998592], [9.555], [1.6660000000000001], [0.00013699927516888546]]
[2400.0, 1900.0, 9.1e-05, [0.00040103246400000005], [9.555], [1.6660000000000001], [0.000163720807386233]]
[2400.0, 700.0, 7.8e-05, [0.000204511888], [3.7729999999999997], [0.784], [8.349161173914418e-05]]
[2400.0, 100.0, 4.4e-05, [0.00027166540800000003], [16.317], [2.7439999999999998], [0.00013583266658650267]]
[2400.0, 1800.0, 7.7e-05, [0.00047216752799999996], [16.317], [2.7439999999999998], [0.00017846257973255905]]
[2400.0, 500.0, 6.2e-05, [0.00027244921200000004], [9.555], [1.6660000000000001], [0.00013622463905769763]]
[2400.0, 900.0, 6.4e-05, [0.000168842338], [3.7729999999999997], [0.784], [7.550859617023747e-05]]
[2400.0, 1400.0, 6.6e-05, [0.000403847416], [16.317], [2.7439999999999998], [0.00016487006924969735]]
[2400.0, 800.0, 6.8e-05, [0.0006677710200000001], [31.653999999999996], [5.390000000000001], [0.0003338855829172623]]
[2400.0, 300.0, 3.7e-05, [0.0005081236300000001], [51.94], [8.33], [0.0002933653366367608]]
[2400.0, 1000.0, 5.2e-05, [0.0005104403499999999], [31.653999999999996], [5.390000000000001], [0.0002947030036664031]]
[2500.0, 400.0, 3.7e-05, [0.000224435092], [16.317], [2.7439999999999998], [0.0001003704690035869]]
[2500.0, 1300.0, 5.4e-05, [0.0006672545600000001], [44.099999999999994], [7.3500000000000005], [0.00027240549511711395]]
[2500.0, 500.0, 4.3e-05, [0.000113098272], [3.7729999999999997], [0.784], [5.057907126865815e-05]]
[2500.0, 900.0, 3.4e-05, [0.00078550871], [117.11], [15.19], [0.00029689435210188825]]
[2500.0, 1400.0, 5.2e-05, [0.000227512488], [9.555], [1.6660000000000001], [0.00010174663755820141]]
[2500.0, 200.0, 4.2e-05, [0.0001833953576], [9.555], [1.6660000000000001], [9.169767361934544e-05]]
[2500.0, 1900.0, 4.1e-05, [0.00056144102], [51.94], [8.33], [0.0002510840039707827]]
[2500.0, 1000.0, 2.6e-05, [0.000328663923], [44.099999999999994], [7.3500000000000005], [0.00018975423191591802]]
[2500.0, 1800.0, 6e-05, [0.00015711575599999998], [3.7729999999999997], [0.784], [5.938415911672069e-05]]
[2500.0, 1700.0, 4.5e-05, [0.0005556698], [44.099999999999994], [7.3500000000000005], [0.0002485030543474265]]
[2500.0, 800.0, 6.6e-05, [0.000405088096], [16.317], [2.7439999999999998], [0.00013502936321259905]]
[2500.0, 700.0, 2.4e-05, [0.00033493440399999996], [51.94], [8.33], [0.0001933745128500651]]
[2500.0, 1600.0, 5.4e-05, [0.00066889704], [44.099999999999994], [7.3500000000000005], [0.0002730761691177024]]
[2500.0, 1100.0, 6.2e-05, [0.0007666437100000001], [44.099999999999994], [7.3500000000000005], [0.0002897641422260525]]
[2500.0, 600.0, 2.2e-05, [0.0001352912148], [16.317], [2.7439999999999998], [7.811043876973166e-05]]
[2500.0, 300.0, 3.7e-05, [0.00045355943499999997], [44.099999999999994], [7.3500000000000005], [0.00022677976067100872]]
[2500.0, 2000.0, 6.2e-05, [0.00027224380399999996], [9.555], [1.6660000000000001], [0.0001111430611779251]]
[2500.0, 1200.0, 5.8e-05, [0.0005662346899999999], [31.653999999999996], [5.390000000000001], [0.00025322785658374954]]
[2500.0, 100.0, 3e-05, [0.0001336301932], [9.555], [1.6660000000000001], [7.715141106162608e-05]]
[2500.0, 1500.0, 4.4e-05, [0.00026652962], [16.317], [2.7439999999999998], [0.00010881026101613761]]
[2600.0, 800.0, 2.3e-05, [0.00022101058], [31.653999999999996], [5.390000000000001], [0.00012760052545738204]]
[2600.0, 2000.0, 3e-05, [0.000291926516], [31.653999999999996], [5.390000000000001], [0.00014596326901313223]]
[2600.0, 900.0, 2.9e-05, [0.00017672030320000002], [16.317], [2.7439999999999998], [7.214576031340998e-05]]
[2600.0, 1000.0, 3.3e-05, [0.0001442287952], [9.555], [1.6660000000000001], [6.450109560619882e-05]]
[2600.0, 200.0, 1.5e-05, [0.00014550216800000002], [31.653999999999996], [5.390000000000001], [0.00010288556732117484]]
[2600.0, 1100.0, 2.6e-05, [0.000364963025], [51.94], [8.33], [0.00016321641832242246]]
[2600.0, 1500.0, 2.9e-05, [0.00017482668840000003], [16.317], [2.7439999999999998], [7.13726942296562e-05]]
[2600.0, 700.0, 1.8e-05, [0.00036850695], [85.75000000000001], [13.23], [0.0001648012855835779]]
[2600.0, 1800.0, 2.4e-05, [2.3606416400000002e-05], [0.5781999999999999], [0.12250000000000001], [8.34613247246891e-06]]
[2600.0, 1600.0, 2.8e-05, [7.2796654e-05], [3.7729999999999997], [0.784], [3.255565310049854e-05]]
[2600.0, 1400.0, 4e-05, [0.00081010671], [85.75000000000001], [13.23], [0.0002442563744715785]]
[2600.0, 1300.0, 2.7e-05, [0.000369273702], [51.94], [8.33], [0.0001651442486434208]]
[2600.0, 600.0, 1.7e-05, [0.00021669118099999998], [44.099999999999994], [7.3500000000000005], [0.00012510669214314634]]
[2600.0, 1700.0, 3.7e-05, [0.0005093241299999999], [51.94], [8.33], [0.0001925063393501627]]
[2600.0, 400.0, 2.9e-05, [0.00036459135999999996], [44.099999999999994], [7.3500000000000005], [0.00016305017822744016]]
[2600.0, 300.0, 2.9e-05, [0.00017773707280000002], [16.317], [2.7439999999999998], [7.25608306677921e-05]]
[2600.0, 1900.0, 5.5e-05, [0.00014501099200000002], [3.7729999999999997], [0.784], [4.5856502806036135e-05]]
[2600.0, 1200.0, 4.7e-05, [0.00058887318], [44.099999999999994], [7.3500000000000005], [0.0002081980535211605]]
[2600.0, 100.0, 1.4e-05, [8.818224239999999e-05], [16.317], [2.7439999999999998], [5.091205167344958e-05]]
[2600.0, 500.0, 1.7e-05, [4.3569976800000005e-05], [3.7729999999999997], [0.784], [2.515513587480696e-05]]
[2700.0, 1400.0, 2.6e-05, [6.730231339999999e-05], [3.7729999999999997], [0.784], [2.543788172784833e-05]]
[2700.0, 1000.0, 1.7e-05, [0.000237956103], [51.94], [8.33], [0.00010641720456298409]]
[2700.0, 800.0, 1e-05, [9.56761848e-06], [0.5781999999999999], [0.12250000000000001], [4.278768437015492e-06]]
[2700.0, 900.0, 2.4e-05, [0.000238676452], [31.653999999999996], [5.390000000000001], [0.00010673935556766305]]
[2700.0, 600.0, 1.7e-05, [7.63931952e-05], [9.555], [1.6660000000000001], [3.8196593448107385e-05]]
[2700.0, 1100.0, 1.7e-05, [7.63942536e-05], [9.555], [1.6660000000000001], [3.8197126488781845e-05]]
[2700.0, 1300.0, 2.2e-05, [0.000436982098], [85.75000000000001], [13.23], [0.00014566070695970138]]
[2700.0, 400.0, 8e-06, [9.571091600000002e-05], [44.099999999999994], [7.3500000000000005], [6.767785206402461e-05]]
[2700.0, 1700.0, 2.1e-05, [0.000288728139], [51.94], [8.33], [0.00011787276679114647]]
[2700.0, 100.0, 1.7e-05, [7.58559788e-05], [9.555], [1.6660000000000001], [3.792799033537105e-05]]
[2700.0, 2000.0, 1.8e-05, [4.74723858e-05], [3.7729999999999997], [0.784], [2.123029260278812e-05]]
[2700.0, 1200.0, 1.3e-05, [0.00043899178399999997], [186.69], [23.03], [0.0001463305648694079]]
[2700.0, 700.0, 7e-06, [0.000145130748], [85.75000000000001], [13.23], [8.379127513649616e-05]]
[2700.0, 300.0, 1.5e-05, [9.368905840000001e-05], [16.317], [2.7439999999999998], [4.189902411083103e-05]]
[2700.0, 1800.0, 3e-05, [0.0001336673548], [9.555], [1.6660000000000001], [5.052151599942345e-05]]
[2700.0, 200.0, 1.2e-05, [0.000241200197], [85.75000000000001], [13.23], [0.00010786802172099015]]
[2700.0, 1500.0, 2.4e-05, [0.00023724535799999998], [31.653999999999996], [5.390000000000001], [0.00010609935953623847]]
[2700.0, 500.0, 9e-06, [5.6949172e-05], [16.317], [2.7439999999999998], [3.287961778853276e-05]]
[2700.0, 1900.0, 2.2e-05, [0.0001359112216], [16.317], [2.7439999999999998], [5.1369610797046156e-05]]
[2700.0, 1600.0, 2e-05, [1.9055900079999997e-05], [0.5781999999999999], [0.12250000000000001], [6.0260036639882645e-06]]
[2800.0, 1500.0, 2.1e-05, [5.59383412e-05], [3.7729999999999997], [0.784], [1.864611416140103e-05]]
[2800.0, 200.0, 1.4e-05, [6.21356456e-05], [9.555], [1.6660000000000001], [2.778790648033781e-05]]
[2800.0, 400.0, 6e-06, [2.5140136e-05], [9.555], [1.6660000000000001], [1.777675699558274e-05]]
[2800.0, 900.0, 1.2e-05, [0.000154453292], [44.099999999999994], [7.3500000000000005], [6.907362997555579e-05]]
[2800.0, 600.0, 1e-05, [0.000121728789], [44.099999999999994], [7.3500000000000005], [6.0864390968775826e-05]]
[2800.0, 1200.0, 1.2e-05, [7.340200000000001e-05], [16.317], [2.7439999999999998], [2.9966239948315168e-05]]
[2800.0, 1000.0, 1e-05, [9.4532613e-05], [31.653999999999996], [5.390000000000001], [5.4578433946019375e-05]]
[2800.0, 1400.0, 1.4e-05, [3.72777202e-05], [3.7729999999999997], [0.784], [1.5218563853399571e-05]]
[2800.0, 800.0, 1.4e-05, [8.670324599999999e-05], [16.317], [2.7439999999999998], [3.277074868110279e-05]]
[2800.0, 100.0, 6e-06, [2.4270856399999998e-05], [9.555], [1.6660000000000001], [1.716208949889261e-05]]
[2800.0, 1100.0, 1.4e-05, [0.000186526242], [51.94], [8.33], [7.614902696686283e-05]]
[2800.0, 1300.0, 1.8e-05, [0.00021750041600000002], [44.099999999999994], [7.3500000000000005], [8.220741259156623e-05]]
[2800.0, 2000.0, 1.4e-05, [6.20292372e-05], [9.555], [1.6660000000000001], [2.7740322530208618e-05]]
[2800.0, 500.0, 1e-05, [6.21560296e-05], [16.317], [2.7439999999999998], [2.7797022387298966e-05]]
[2800.0, 1900.0, 2.1e-05, [5.57503282e-05], [3.7729999999999997], [0.784], [1.8583441057027087e-05]]
[2800.0, 1800.0, 1.2e-05, [1.1198022920000001e-05], [0.5781999999999999], [0.12250000000000001], [3.732674244988437e-06]]
[2800.0, 300.0, 1e-05, [0.000123220545], [44.099999999999994], [7.3500000000000005], [6.161026647402201e-05]]
[2800.0, 700.0, 1e-05, [0.00012334392700000002], [44.099999999999994], [7.3500000000000005], [6.167194582628312e-05]]
[2800.0, 1600.0, 1.9e-05, [0.00018645773999999998], [31.653999999999996], [5.390000000000001], [7.612103870153113e-05]]
[2800.0, 1700.0, 1.4e-05, [6.18586388e-05], [9.555], [1.6660000000000001], [2.7664016578942403e-05]]
[2900.0, 1300.0, 9e-06, [5.582021199999999e-05], [16.317], [2.7439999999999998], [2.109805945578882e-05]]
[2900.0, 900.0, 7e-06, [4.0493698e-05], [16.317], [2.7439999999999998], [1.810932981686512e-05]]
[2900.0, 1600.0, 1e-05, [0.000120682835], [44.099999999999994], [7.3500000000000005], [4.9268543625725324e-05]]
[2900.0, 2000.0, 1e-05, [0.000121559004], [44.099999999999994], [7.3500000000000005], [4.962626043739343e-05]]
[2900.0, 1200.0, 8e-06, [1.98065644e-05], [3.7729999999999997], [0.784], [8.857767284592658e-06]]
[2900.0, 1700.0, 9e-06, [5.6152138e-05], [16.317], [2.7439999999999998], [2.1223514981265476e-05]]
[2900.0, 1100.0, 5e-06, [3.25488184e-05], [16.317], [2.7439999999999998], [1.6274414783456883e-05]]
[2900.0, 800.0, 8e-06, [1.99528784e-05], [3.7729999999999997], [0.784], [8.923200022413482e-06]]
[2900.0, 600.0, 6e-06, [8.106040599999999e-05], [51.94], [8.33], [4.053019531041024e-05]]
[2900.0, 100.0, 7e-06, [3.24805124e-05], [9.555], [1.6660000000000001], [1.6240255329027314e-05]]
[2900.0, 400.0, 5e-06, [6.0598741e-05], [44.099999999999994], [7.3500000000000005], [3.498670685560446e-05]]
[2900.0, 1000.0, 1.1e-05, [4.73128516e-05], [9.555], [1.6660000000000001], [1.931538681445443e-05]]
[2900.0, 1400.0, 1.1e-05, [4.7775352800000005e-05], [9.555], [1.6660000000000001], [1.950420512156289e-05]]
[2900.0, 200.0, 9e-06, [5.6602879200000006e-05], [16.317], [2.7439999999999998], [2.1393873609049857e-05]]
[2900.0, 500.0, 6e-06, [1.61085932e-05], [3.7729999999999997], [0.784], [8.05429978558037e-06]]
[2900.0, 1500.0, 9e-06, [3.9973082799999995e-05], [9.555], [1.6660000000000001], [1.7876505544428978e-05]]
[2900.0, 1800.0, 7e-06, [0.000100096661], [51.94], [8.33], [4.476457748041413e-05]]
[2900.0, 300.0, 8e-06, [4.82079248e-05], [16.317], [2.7439999999999998], [1.9680810808500748e-05]]
[2900.0, 700.0, 1.3e-05, [5.7323826e-05], [9.555], [1.6660000000000001], [2.1666370509155426e-05]]
[2900.0, 1900.0, 8e-06, [8.1566135e-05], [31.653999999999996], [5.390000000000001], [4.078307119259166e-05]]
[3000.0, 1900.0, 5e-06, [5.1271003e-05], [31.653999999999996], [5.390000000000001], [2.5635496297126762e-05]]
[3000.0, 800.0, 6e-06, [2.546138e-05], [9.555], [1.6660000000000001], [1.1386673938249043e-05]]
[3000.0, 900.0, 4e-06, [3.85536312e-05], [31.653999999999996], [5.390000000000001], [2.2258947773872868e-05]]
[3000.0, 1600.0, 6e-06, [7.7300538e-05], [44.099999999999994], [7.3500000000000005], [3.1557818425867146e-05]]
[3000.0, 700.0, 5e-06, [0.000102907399], [85.75000000000001], [13.23], [3.6383263864035074e-05]]
[3000.0, 600.0, 3e-06, [6.3932407e-05], [117.11], [15.19], [2.8591434918520615e-05]]
[3000.0, 1300.0, 5e-06, [5.1513112000000006e-05], [31.653999999999996], [5.390000000000001], [2.5756545991262105e-05]]
[3000.0, 500.0, 4e-06, [1.544088e-05], [9.555], [1.6660000000000001], [8.914796655448737e-06]]
[3000.0, 1500.0, 5e-06, [3.0780232e-05], [16.317], [2.7439999999999998], [1.2565977154204921e-05]]
[3000.0, 1800.0, 8e-06, [4.6252864e-05], [16.317], [2.7439999999999998], [1.5417623374307728e-05]]
[3000.0, 2000.0, 8e-06, [7.7683522e-05], [31.653999999999996], [5.390000000000001], [3.171415367939053e-05]]
[3000.0, 100.0, 2e-06, [2.5720006900000002e-05], [51.94], [8.33], [1.8186790783423005e-05]]
[3000.0, 1400.0, 5e-06, [1.26924504e-05], [3.7729999999999997], [0.784], [5.676234108632237e-06]]
[3000.0, 1100.0, 4e-06, [1.042965e-05], [3.7729999999999997], [0.784], [5.2148239352829545e-06]]
[3000.0, 1200.0, 7e-06, [9.048349800000001e-05], [51.94], [8.33], [3.419955342252293e-05]]
[3000.0, 1000.0, 3e-06, [3.8870141800000004e-05], [44.099999999999994], [7.3500000000000005], [2.2441689735846543e-05]]
[3000.0, 400.0, 4e-06, [1.03711244e-05], [3.7729999999999997], [0.784], [5.185560520908034e-06]]
[3000.0, 300.0, 2e-06, [3.79895677e-05], [102.41], [13.72], [2.1933288900664213e-05]]
[3000.0, 1700.0, 1.1e-05, [4.6711308e-05], [9.555], [1.6660000000000001], [1.557043540662881e-05]]
[3000.0, 200.0, 4e-06, [1.562812664e-05], [9.555], [1.6660000000000001], [9.022902097219054e-06]]
