[200.0, 1800.0, 0.129936, [1.92512415], [64.841554], [8.396747999999999], [1.1114708057344556]]
[200.0, 700.0, 0.122937, [8.545631599999998], [391.84824], [51.31345999999999], [4.272817161545763]]
[200.0, 2000.0, 0.130207, [1.9292498899999997], [64.841554], [8.396747999999999], [1.1138529799753647]]
[200.0, 1300.0, 0.254561, [6.453905799999999], [110.09069599999998], [15.394037999999998], [6.453906556497389]]
[200.0, 1400.0, 0.137228, [6.466118799999999], [254.23487], [33.120506], [6.466117753335459]]
[200.0, 400.0, 0.228035, [1.61435965], [23.324299999999997], [2.33243], [0.8071799946418393]]
[200.0, 1900.0, 0.139938, [0.9662861199999999], [23.324299999999997], [2.33243], [0.5578854938515608]]
[200.0, 1700.0, 0.287759, [3.2425031999999994], [32.18753399999999], [5.5978319999999995], [3.2425032598287387]]
[200.0, 500.0, 0.284296, [3.1942584], [32.18753399999999], [5.5978319999999995], [3.194259508868996]]
[200.0, 1500.0, 0.139666, [0.9643395149999998], [23.324299999999997], [2.33243], [0.5567615468043747]]
[200.0, 100.0, 0.130312, [1.9308311399999998], [64.841554], [8.396747999999999], [1.1147658924635253]]
[200.0, 600.0, 0.310076, [1.5893391], [9.796206], [1.3994579999999999], [1.5893391095043248]]
[200.0, 1000.0, 0.117402, [0.80748515], [23.324299999999997], [2.33243], [0.5709783005946898]]
[200.0, 1200.0, 0.213815, [3.2230268], [64.841554], [8.396747999999999], [1.611513510027142]]
[200.0, 300.0, 0.313432, [1.6123989], [9.796206], [1.3994579999999999], [1.6123992480152054]]
[200.0, 1600.0, 0.184515, [6.430275599999999], [200.58897999999996], [23.324299999999997], [2.8757068411088085]]
[200.0, 900.0, 0.173307, [1.2083602], [23.324299999999997], [2.33243], [0.697647099542455]]
[200.0, 800.0, 0.184202, [1.28575635], [23.324299999999997], [2.33243], [0.6428781836397934]]
[200.0, 1100.0, 0.087515, [1.2885786799999999], [64.841554], [8.396747999999999], [0.9111629327403524]]
[200.0, 200.0, 0.287851, [3.2437888999999993], [32.18753399999999], [5.5978319999999995], [3.2437885920632987]]
[300.0, 2000.0, 0.190751, [2.8446331], [64.841554], [8.396747999999999], [0.821174730492847]]
[300.0, 400.0, 0.186489, [1.29667215], [23.324299999999997], [2.33243], [0.3909612701406624]]
[300.0, 1000.0, 0.13743, [0.945304945], [23.324299999999997], [2.33243], [0.33421586014879656]]
[300.0, 200.0, 0.205626, [3.0744767], [64.841554], [8.396747999999999], [0.8527065051939031]]
[300.0, 1600.0, 0.144151, [2.1339236699999997], [64.841554], [8.396747999999999], [0.71130778865411]]
[300.0, 1300.0, 0.12329, [4.25117418], [200.58897999999996], [23.324299999999997], [1.4170578304360057]]
[300.0, 800.0, 0.128071, [1.89161177], [64.841554], [8.396747999999999], [0.6687857405776532]]
[300.0, 700.0, 0.153361, [1.05841308], [23.324299999999997], [2.33243], [0.35280435020702333]]
[300.0, 300.0, 0.127623, [1.8848801299999998], [64.841554], [8.396747999999999], [0.6664056610653903]]
[300.0, 900.0, 0.103656, [0.7082843099999999], [23.324299999999997], [2.33243], [0.28915592316257327]]
[300.0, 600.0, 0.136053, [4.697395799999999], [200.58897999999996], [23.324299999999997], [1.4854467691573467]]
[300.0, 1400.0, 0.137563, [0.9462443799999999], [23.324299999999997], [2.33243], [0.3345479071074874]]
[300.0, 500.0, 0.153353, [1.058353395], [23.324299999999997], [2.33243], [0.3527844261726983]]
[300.0, 1200.0, 0.103962, [0.71042078], [23.324299999999997], [2.33243], [0.2900281076464831]]
[300.0, 100.0, 0.153572, [1.059918545], [23.324299999999997], [2.33243], [0.3533060911589269]]
[300.0, 1100.0, 0.143368, [2.1220765999999998], [64.841554], [8.396747999999999], [0.7073588582890583]]
[300.0, 1900.0, 0.174273, [2.5917388999999997], [64.841554], [8.396747999999999], [0.7814386661792466]]
[300.0, 1500.0, 0.14277, [2.1130203499999998], [64.841554], [8.396747999999999], [0.7043401048499226]]
[300.0, 1700.0, 0.169067, [1.1708287999999998], [23.324299999999997], [2.33243], [0.3702485678567845]]
[300.0, 1800.0, 0.149454, [5.167731999999999], [200.58897999999996], [23.324299999999997], [1.558130751894718]]
[400.0, 900.0, 0.236069, [3.5442125999999994], [64.841554], [8.396747999999999], [0.6169679584873108]]
[400.0, 1200.0, 0.215007, [3.2153953999999993], [64.841554], [8.396747999999999], [0.5870479557923697]]
[400.0, 1500.0, 0.161138, [5.5740913999999995], [200.58897999999996], [23.324299999999997], [1.0931695548266973]]
[400.0, 200.0, 0.236003, [3.5431752999999997], [64.841554], [8.396747999999999], [0.6167879171157619]]
[400.0, 1600.0, 0.230527, [3.4573829999999997], [64.841554], [8.396747999999999], [0.6111846999884732]]
[400.0, 500.0, 0.201517, [3.0065646], [64.841554], [8.396747999999999], [0.5681871512098807]]
[400.0, 1700.0, 0.222326, [3.3292753], [64.841554], [8.396747999999999], [0.5979555464246484]]
[400.0, 300.0, 0.21629, [3.2353663], [64.841554], [8.396747999999999], [0.5906944075408197]]
[400.0, 1300.0, 0.222364, [1.5571896999999997], [23.324299999999997], [2.33243], [0.28916280643436837]]
[400.0, 1400.0, 0.209623, [3.1319283999999996], [64.841554], [8.396747999999999], [0.5815842779855727]]
[400.0, 1100.0, 0.264828, [3.9990997], [64.841554], [8.396747999999999], [0.6574477885733588]]
[400.0, 800.0, 0.194293, [1.3514639], [23.324299999999997], [2.33243], [0.27029281575728203]]
[400.0, 100.0, 0.095155, [0.6487170699999999], [23.324299999999997], [2.33243], [0.18726845196134878]]
[400.0, 1000.0, 0.195936, [2.9205653], [64.841554], [8.396747999999999], [0.5620630617644251]]
[400.0, 400.0, 0.210628, [7.3327404], [200.58897999999996], [23.324299999999997], [1.2575551141798915]]
[400.0, 1800.0, 0.204184, [7.1018756], [200.58897999999996], [23.324299999999997], [1.2362776210867847]]
[400.0, 2000.0, 0.195639, [2.9159837], [64.841554], [8.396747999999999], [0.5611811943570454]]
[400.0, 600.0, 0.193806, [1.3479161499999999], [23.324299999999997], [2.33243], [0.2695831069447787]]
[400.0, 700.0, 0.24455, [3.6776424999999997], [64.841554], [8.396747999999999], [0.6307106197774064]]
[400.0, 1900.0, 0.181033, [2.6918624999999996], [64.841554], [8.396747999999999], [0.5383722267167949]]
[500.0, 1700.0, 0.183301, [2.7251596], [64.841554], [8.396747999999999], [0.3893084114169639]]
[500.0, 1100.0, 0.19447, [2.8963992], [64.841554], [8.396747999999999], [0.4016583056529517]]
[500.0, 300.0, 0.16089, [2.3838994], [64.841554], [8.396747999999999], [0.36354124786604336]]
[500.0, 1300.0, 0.16496, [2.4456613], [64.841554], [8.396747999999999], [0.36869746093511413]]
[500.0, 1800.0, 0.137917, [4.7572786], [200.58897999999996], [23.324299999999997], [0.7254784821068092]]
[500.0, 1400.0, 0.189666, [2.8226313], [64.841554], [8.396747999999999], [0.3952473544503492]]
[500.0, 600.0, 0.143198, [2.1165464799999993], [64.841554], [8.396747999999999], [0.3433491737284363]]
[500.0, 1900.0, 0.16513, [1.14058058], [23.324299999999997], [2.33243], [0.17812872648733555]]
[500.0, 1200.0, 0.184386, [1.2789138500000001], [23.324299999999997], [2.33243], [0.18856560204607836]]
[500.0, 800.0, 0.192073, [2.8595876999999996], [64.841554], [8.396747999999999], [0.4004224697741124]]
[500.0, 1000.0, 0.179948, [1.2469058999999998], [23.324299999999997], [2.33243], [0.1858778194809698]]
[500.0, 2000.0, 0.139829, [2.06582918], [64.841554], [8.396747999999999], [0.3396202149460482]]
[500.0, 700.0, 0.137156, [0.9419893799999999], [23.324299999999997], [2.33243], [0.16154986993185724]]
[500.0, 100.0, 0.094348, [0.642939125], [23.324299999999997], [2.33243], [0.1340620854305944]]
[500.0, 200.0, 0.135615, [2.0024683199999997], [64.841554], [8.396747999999999], [0.33374474123197806]]
[500.0, 1500.0, 0.130079, [0.8921742549999999], [23.324299999999997], [2.33243], [0.15771561368488538]]
[500.0, 900.0, 0.211746, [3.1629025], [64.841554], [8.396747999999999], [0.4189367134783009]]
[500.0, 1600.0, 0.190415, [2.8341336], [64.841554], [8.396747999999999], [0.39685805195308804]]
[500.0, 500.0, 0.150408, [2.22529991], [64.841554], [8.396747999999999], [0.3518508397034175]]
[500.0, 400.0, 0.16904, [1.1685552499999998], [23.324299999999997], [2.33243], [0.18031207890765388]]
[600.0, 200.0, 0.097656, [0.6657615649999999], [23.324299999999997], [2.33243], [0.10152769643057998]]
[600.0, 1400.0, 0.122754, [0.8406215949999999], [23.324299999999997], [2.33243], [0.11439411919980849]]
[600.0, 1900.0, 0.127772, [1.8844488799999999], [64.841554], [8.396747999999999], [0.24127898934635814]]
[600.0, 100.0, 0.073554, [1.07840813], [64.841554], [8.396747999999999], [0.18228423604360303]]
[600.0, 800.0, 0.095552, [3.2833686799999997], [200.58897999999996], [23.324299999999997], [0.45100538076612784]]
[600.0, 1200.0, 0.164813, [2.4428897999999997], [64.841554], [8.396747999999999], [0.27484663177852475]]
[600.0, 600.0, 0.130223, [1.9211819499999996], [64.841554], [8.396747999999999], [0.243990326652513]]
[600.0, 1600.0, 0.112897, [1.6620977599999998], [64.841554], [8.396747999999999], [0.22618289342918926]]
[600.0, 400.0, 0.126283, [1.8621499199999998], [64.841554], [8.396747999999999], [0.24040248709195997]]
[600.0, 500.0, 0.077862, [1.14204223], [64.841554], [8.396747999999999], [0.1877505933412728]]
[600.0, 1100.0, 0.110997, [1.63375601], [64.841554], [8.396747999999999], [0.2244136531051531]]
[600.0, 300.0, 0.133073, [1.9639329699999997], [64.841554], [8.396747999999999], [0.24549168275116776]]
[600.0, 1700.0, 0.098892, [1.45363197], [64.841554], [8.396747999999999], [0.2120340049143061]]
[600.0, 1500.0, 0.115126, [0.7872809149999999], [23.324299999999997], [2.33243], [0.11024138371092772]]
[600.0, 1800.0, 0.106124, [0.72455819], [23.324299999999997], [2.33243], [0.10568767162020364]]
[600.0, 1000.0, 0.111331, [0.760812285], [23.324299999999997], [2.33243], [0.10868747282920879]]
[600.0, 2000.0, 0.114823, [0.7851685949999999], [23.324299999999997], [2.33243], [0.10994558746261715]]
[600.0, 700.0, 0.135479, [0.9299928099999998], [23.324299999999997], [2.33243], [0.12006159721159801]]
[600.0, 1300.0, 0.125762, [1.8543347499999996], [64.841554], [8.396747999999999], [0.23939365238034194]]
[600.0, 900.0, 0.091307, [0.6218128199999998], [23.324299999999997], [2.33243], [0.09831723887498062]]
[700.0, 2000.0, 0.071276, [1.0447319899999998], [64.841554], [8.396747999999999], [0.13718004822130658]]
[700.0, 100.0, 0.03584, [0.52377716], [64.841554], [8.396747999999999], [0.09726297260520059]]
[700.0, 1000.0, 0.067664, [0.9914584699999999], [64.841554], [8.396747999999999], [0.13368823946032052]]
[700.0, 600.0, 0.084631, [1.2420809599999998], [64.841554], [8.396747999999999], [0.14952899488059165]]
[700.0, 1400.0, 0.079216, [1.16199335], [64.841554], [8.396747999999999], [0.14524916106470287]]
[700.0, 1900.0, 0.08608, [1.26353191], [64.841554], [8.396747999999999], [0.15102094940768976]]
[700.0, 200.0, 0.044297, [0.6477929299999999], [64.841554], [8.396747999999999], [0.10796548865262454]]
[700.0, 400.0, 0.092511, [0.6300931649999999], [23.324299999999997], [2.33243], [0.07531053143485313]]
[700.0, 1300.0, 0.087289, [1.2814298199999998], [64.841554], [8.396747999999999], [0.15207774968745427]]
[700.0, 1100.0, 0.093159, [1.36842847], [64.841554], [8.396747999999999], [0.15696949843839086]]
[700.0, 800.0, 0.071607, [1.0496261599999999], [64.841554], [8.396747999999999], [0.13782265187551718]]
[700.0, 1500.0, 0.069293, [1.0154872599999998], [64.841554], [8.396747999999999], [0.13570019491511426]]
[700.0, 1600.0, 0.081017, [1.1886218299999998], [64.841554], [8.396747999999999], [0.1463092352860885]]
[700.0, 1800.0, 0.083686, [1.2280914399999998], [64.841554], [8.396747999999999], [0.14892797487376236]]
[700.0, 1200.0, 0.061049, [0.413730325], [23.324299999999997], [2.33243], [0.061001207733945725]]
[700.0, 700.0, 0.090618, [1.33074918], [64.841554], [8.396747999999999], [0.15469646802690745]]
[700.0, 900.0, 0.078756, [0.535204135], [23.324299999999997], [2.33243], [0.06967764494441527]]
[700.0, 300.0, 0.071377, [1.04623021], [64.841554], [8.396747999999999], [0.1373767492700275]]
[700.0, 500.0, 0.078897, [1.15726731], [64.841554], [8.396747999999999], [0.14465838983619306]]
[700.0, 1700.0, 0.089885, [1.3198855899999997], [64.841554], [8.396747999999999], [0.15448091726812085]]
[800.0, 300.0, 0.039497, [0.26683725999999997], [23.324299999999997], [2.33243], [0.03811961188154989]]
[800.0, 100.0, 0.025494, [0.37231088999999995], [64.841554], [8.396747999999999], [0.06385079208592481]]
[800.0, 1800.0, 0.046992, [0.68734189], [64.841554], [8.396747999999999], [0.08659693955331216]]
[800.0, 800.0, 0.043649, [0.6382732299999999], [64.841554], [8.396747999999999], [0.08380939320863742]]
[800.0, 400.0, 0.049357, [0.7220739599999999], [64.841554], [8.396747999999999], [0.08888114833866627]]
[800.0, 200.0, 0.030829, [0.20803097499999998], [23.324299999999997], [2.33243], [0.03374708849293521]]
[800.0, 1700.0, 0.056376, [0.38178953499999996], [23.324299999999997], [2.33243], [0.04563257383711771]]
[800.0, 600.0, 0.055135, [0.80697363], [64.841554], [8.396747999999999], [0.09380876440930239]]
[800.0, 1600.0, 0.056671, [0.82956952], [64.841554], [8.396747999999999], [0.09515814657715858]]
[800.0, 1000.0, 0.061815, [0.9052615999999999], [64.841554], [8.396747999999999], [0.09936537716931386]]
[800.0, 1100.0, 0.056945, [0.8335963599999999], [64.841554], [8.396747999999999], [0.09562007618695981]]
[800.0, 1500.0, 0.052878, [0.7738023399999999], [64.841554], [8.396747999999999], [0.09183344423465778]]
[800.0, 1400.0, 0.054731, [0.370557715], [23.324299999999997], [2.33243], [0.044936726405024205]]
[800.0, 1200.0, 0.05547, [0.37560494999999994], [23.324299999999997], [2.33243], [0.0452175261928381]]
[800.0, 900.0, 0.049954, [0.33798465499999997], [23.324299999999997], [2.33243], [0.042924094690511526]]
[800.0, 1300.0, 0.055369, [0.8104188], [64.841554], [8.396747999999999], [0.09420924657378381]]
[800.0, 2000.0, 0.06185, [0.419201795], [23.324299999999997], [2.33243], [0.04777247277460107]]
[800.0, 500.0, 0.051731, [0.35009426999999993], [23.324299999999997], [2.33243], [0.04376178395586724]]
[800.0, 1900.0, 0.046694, [0.68296522], [64.841554], [8.396747999999999], [0.08604551760550924]]
[800.0, 700.0, 0.056673, [0.38381663999999993], [23.324299999999997], [2.33243], [0.0458748535147525]]
[900.0, 200.0, 0.019134, [0.12891419499999998], [23.324299999999997], [2.33243], [0.02091264802697162]]
[900.0, 1100.0, 0.035381, [0.23889019], [23.324299999999997], [2.33243], [0.028552834929302547]]
[900.0, 300.0, 0.019843, [0.28966913], [64.841554], [8.396747999999999], [0.044174133155049006]]
[900.0, 1000.0, 0.040575, [0.5931729899999999], [64.841554], [8.396747999999999], [0.06359482531621578]]
[900.0, 900.0, 0.034364, [0.23199651500000001], [23.324299999999997], [2.33243], [0.027929094238804093]]
[900.0, 1600.0, 0.037159, [0.250958405], [23.324299999999997], [2.33243], [0.02917332185405015]]
[900.0, 700.0, 0.034701, [0.50709066], [64.841554], [8.396747999999999], [0.05855379914232722]]
[900.0, 1900.0, 0.040957, [0.27675531999999997], [23.324299999999997], [2.33243], [0.030750591433336694]]
[900.0, 500.0, 0.039299, [0.26548647], [23.324299999999997], [2.33243], [0.030060421474922803]]
[900.0, 1400.0, 0.04, [0.5847501599999999], [64.841554], [8.396747999999999], [0.06305523303422167]]
[900.0, 1200.0, 0.043761, [0.29582001999999996], [23.324299999999997], [2.33243], [0.031715229917974735]]
[900.0, 1500.0, 0.037448, [0.54733951], [64.841554], [8.396747999999999], [0.060815505572181176]]
[900.0, 800.0, 0.040282, [0.27216889], [23.324299999999997], [2.33243], [0.030429402019264196]]
[900.0, 400.0, 0.029281, [0.42772501999999996], [64.841554], [8.396747999999999], [0.053888283392589144]]
[900.0, 100.0, 0.015556, [0.1047616535], [23.324299999999997], [2.33243], [0.01881574670987043]]
[900.0, 600.0, 0.040348, [0.27261394], [23.324299999999997], [2.33243], [0.030479163583504054]]
[900.0, 1800.0, 0.035931, [0.52509966], [64.841554], [8.396747999999999], [0.0598406607918061]]
[900.0, 2000.0, 0.043451, [0.63537132], [64.841554], [8.396747999999999], [0.06588494425891245]]
[900.0, 1700.0, 0.043186, [0.29190932999999997], [23.324299999999997], [2.33243], [0.03147739490094439]]
[900.0, 1300.0, 0.036166, [0.5285549499999999], [64.841554], [8.396747999999999], [0.05984705187392274]]
[1000.0, 1600.0, 0.027735, [0.18707532999999998], [23.324299999999997], [2.33243], [0.020056576969911886]]
[1000.0, 1400.0, 0.026522, [0.17886467499999997], [23.324299999999997], [2.33243], [0.019632955470331]]
[1000.0, 1500.0, 0.024835, [0.36265503], [64.841554], [8.396747999999999], [0.03933546716387133]]
[1000.0, 700.0, 0.022335, [0.15054811], [23.324299999999997], [2.33243], [0.017993943098998617]]
[1000.0, 1900.0, 0.022531, [0.15186854], [23.324299999999997], [2.33243], [0.018023479332526224]]
[1000.0, 1800.0, 0.024613, [0.3594097299999999], [64.841554], [8.396747999999999], [0.039214811143240255]]
[1000.0, 500.0, 0.027128, [0.18296695499999996], [23.324299999999997], [2.33243], [0.01984554836732913]]
[1000.0, 1000.0, 0.025826, [0.17415473499999998], [23.324299999999997], [2.33243], [0.01935052959869574]]
[1000.0, 200.0, 0.012986, [0.18948506299999998], [64.841554], [8.396747999999999], [0.028565944444390416]]
[1000.0, 1100.0, 0.024381, [0.16437732], [23.324299999999997], [2.33243], [0.01885536787628393]]
[1000.0, 2000.0, 0.032217, [0.21743234], [23.324299999999997], [2.33243], [0.02163532688105266]]
[1000.0, 1700.0, 0.028764, [0.19404502], [23.324299999999997], [2.33243], [0.02034145212982593]]
[1000.0, 800.0, 0.025292, [0.17054108999999998], [23.324299999999997], [2.33243], [0.019067076296590414]]
[1000.0, 1300.0, 0.021742, [0.31743519], [64.841554], [8.396747999999999], [0.03690108990260314]]
[1000.0, 400.0, 0.016562, [0.11154985049999999], [23.324299999999997], [2.33243], [0.015469184294913547]]
[1000.0, 300.0, 0.013223, [0.19294529799999996], [64.841554], [8.396747999999999], [0.028762582846469122]]
[1000.0, 600.0, 0.023244, [0.15669394], [23.324299999999997], [2.33243], [0.01833963739417985]]
[1000.0, 1200.0, 0.0293, [0.197674305], [23.324299999999997], [2.33243], [0.02060897221479033]]
[1000.0, 100.0, 0.010273, [0.06913797699999999], [23.324299999999997], [2.33243], [0.012221984454252917]]
[1000.0, 900.0, 0.024296, [0.16380335499999998], [23.324299999999997], [2.33243], [0.01878953605068523]]
[1100.0, 1300.0, 0.020635, [0.13905731], [23.324299999999997], [2.33243], [0.013905730383550516]]
[1100.0, 1800.0, 0.017768, [0.11969050499999999], [23.324299999999997], [2.33243], [0.012906561228692945]]
[1100.0, 2000.0, 0.017735, [0.11946694499999999], [23.324299999999997], [2.33243], [0.012882448651168766]]
[1100.0, 700.0, 0.017554, [0.11824483999999999], [23.324299999999997], [2.33243], [0.01282545459233317]]
[1100.0, 900.0, 0.015838, [0.106666134], [23.324299999999997], [2.33243], [0.012155733914494836]]
[1100.0, 200.0, 0.008852, [0.059565043500000005], [23.324299999999997], [2.33243], [0.009083583497166741]]
[1100.0, 1900.0, 0.017934, [0.120815205], [23.324299999999997], [2.33243], [0.0129527476814767]]
[1100.0, 1500.0, 0.017016, [0.11461703849999999], [23.324299999999997], [2.33243], [0.01258085808877916]]
[1100.0, 800.0, 0.016112, [0.23514555999999998], [64.841554], [8.396747999999999], [0.025656476804113225]]
[1100.0, 500.0, 0.019419, [0.13083894999999998], [23.324299999999997], [2.33243], [0.013423795867786428]]
[1100.0, 1700.0, 0.014978, [0.10086181949999999], [23.324299999999997], [2.33243], [0.011804983862758982]]
[1100.0, 400.0, 0.011534, [0.07763587899999999], [23.324299999999997], [2.33243], [0.010374531095427877]]
[1100.0, 600.0, 0.018947, [0.127654715], [23.324299999999997], [2.33243], [0.013308913779869489]]
[1100.0, 1400.0, 0.019995, [0.1347294], [23.324299999999997], [2.33243], [0.01367970317660438]]
[1100.0, 100.0, 0.008243, [0.05546437349999999], [23.324299999999997], [2.33243], [0.008769686917159585]]
[1100.0, 1100.0, 0.016816, [0.113268537], [23.324299999999997], [2.33243], [0.012508416306631307]]
[1100.0, 1000.0, 0.018058, [0.12165068], [23.324299999999997], [2.33243], [0.012968002930289612]]
[1100.0, 300.0, 0.011783, [0.07931343], [23.324299999999997], [2.33243], [0.010505320812569219]]
[1100.0, 1200.0, 0.021366, [0.14399725000000002], [23.324299999999997], [2.33243], [0.014120094130351963]]
[1100.0, 1600.0, 0.01714, [0.11545126], [23.324299999999997], [2.33243], [0.01267242603055942]]
[1200.0, 100.0, 0.00588, [0.039551144999999996], [23.324299999999997], [2.33243], [0.0059625586999206975]]
[1200.0, 1400.0, 0.012312, [0.17964593899999998], [64.841554], [8.396747999999999], [0.01796459461552083]]
[1200.0, 1700.0, 0.011609, [0.0781419365], [23.324299999999997], [2.33243], [0.00837769435465391]]
[1200.0, 1800.0, 0.011232, [0.0755994935], [23.324299999999997], [2.33243], [0.008248581328022413]]
[1200.0, 700.0, 0.01312, [0.08833104], [23.324299999999997], [2.33243], [0.008922781005661856]]
[1200.0, 200.0, 0.007835, [0.052716482999999995], [23.324299999999997], [2.33243], [0.006922014215530043]]
[1200.0, 1900.0, 0.014179, [0.09547377049999999], [23.324299999999997], [2.33243], [0.009273232346382785]]
[1200.0, 1200.0, 0.014199, [0.09560526149999998], [23.324299999999997], [2.33243], [0.009286002550882697]]
[1200.0, 1100.0, 0.012832, [0.08638633249999998], [23.324299999999997], [2.33243], [0.008816768082750049]]
[1200.0, 1300.0, 0.012485, [0.08404554199999999], [23.324299999999997], [2.33243], [0.008715116254244688]]
[1200.0, 2000.0, 0.013765, [0.09267966149999998], [23.324299999999997], [2.33243], [0.009131997143286892]]
[1200.0, 800.0, 0.00987, [0.14399228199999997], [64.841554], [8.396747999999999], [0.01609882695726617]]
[1200.0, 1600.0, 0.01085, [0.07302518399999999], [23.324299999999997], [2.33243], [0.008113909735756247]]
[1200.0, 1000.0, 0.013436, [0.0904608515], [23.324299999999997], [2.33243], [0.009046085232021639]]
[1200.0, 1500.0, 0.012194, [0.0820851255], [23.324299999999997], [2.33243], [0.008604859918964397]]
[1200.0, 300.0, 0.008173, [0.05499115999999999], [23.324299999999997], [2.33243], [0.0070408960136476954]]
[1200.0, 600.0, 0.011545, [0.0777135615], [23.324299999999997], [2.33243], [0.008380069805795176]]
[1200.0, 500.0, 0.010554, [0.0710351895], [23.324299999999997], [2.33243], [0.00799208218332369]]
[1200.0, 900.0, 0.012165, [0.081889361], [23.324299999999997], [2.33243], [0.008584337515207565]]
[1200.0, 400.0, 0.007684, [0.05170015899999999], [23.324299999999997], [2.33243], [0.006847853619930846]]
[1300.0, 1600.0, 0.007564, [0.050891628499999994], [23.324299999999997], [2.33243], [0.0054877850586552675]]
[1300.0, 1700.0, 0.008405, [0.056554446999999994], [23.324299999999997], [2.33243], [0.005802363718778751]]
[1300.0, 900.0, 0.008611, [0.057942727], [23.324299999999997], [2.33243], [0.005853098954827263]]
[1300.0, 200.0, 0.004395, [0.029560473999999996], [23.324299999999997], [2.33243], [0.004180481733604394]]
[1300.0, 1800.0, 0.010413, [0.07008326549999999], [23.324299999999997], [2.33243], [0.006451687564118398]]
[1300.0, 1000.0, 0.009336, [0.06282241849999999], [23.324299999999997], [2.33243], [0.006101852751419032]]
[1300.0, 1400.0, 0.00781, [0.0525452365], [23.324299999999997], [2.33243], [0.005601340594000689]]
[1300.0, 1200.0, 0.007607, [0.051182107], [23.324299999999997], [2.33243], [0.005519108678038511]]
[1300.0, 500.0, 0.006704, [0.045096238000000004], [23.324299999999997], [2.33243], [0.005172893793613009]]
[1300.0, 100.0, 0.004697, [0.031592271], [23.324299999999997], [2.33243], [0.004339532276063861]]
[1300.0, 1100.0, 0.00792, [0.053287849000000005], [23.324299999999997], [2.33243], [0.005617032528390769]]
[1300.0, 2000.0, 0.008939, [0.0601505545], [23.324299999999997], [2.33243], [0.005985203697452577]]
[1300.0, 1300.0, 0.00883, [0.059414048500000004], [23.324299999999997], [2.33243], [0.005941404634007013]]
[1300.0, 1500.0, 0.008978, [0.06041013249999999], [23.324299999999997], [2.33243], [0.005981494813171703]]
[1300.0, 600.0, 0.008098, [0.05448542449999999], [23.324299999999997], [2.33243], [0.005680498307807159]]
[1300.0, 300.0, 0.003963, [0.05779683799999999], [64.841554], [8.396747999999999], [0.008256689269919269]]
[1300.0, 1900.0, 0.007582, [0.051008986], [23.324299999999997], [2.33243], [0.005500440502814297]]
[1300.0, 400.0, 0.005815, [0.039115018999999994], [23.324299999999997], [2.33243], [0.004814726028031085]]
[1300.0, 700.0, 0.008069, [0.054288900999999994], [23.324299999999997], [2.33243], [0.0056600086373608995]]
[1300.0, 800.0, 0.008376, [0.0563554165], [23.324299999999997], [2.33243], [0.005781943371393394]]
[1400.0, 1100.0, 0.005624, [0.037831412], [23.324299999999997], [2.33243], [0.0038611513308856463]]
[1400.0, 400.0, 0.003706, [0.024924984999999997], [23.324299999999997], [2.33243], [0.0031402522541986973]]
[1400.0, 1500.0, 0.005243, [0.035267579], [23.324299999999997], [2.33243], [0.0037175286414498536]]
[1400.0, 1800.0, 0.006445, [0.0433563685], [23.324299999999997], [2.33243], [0.004115203937838318]]
[1400.0, 1600.0, 0.005879, [0.039547258], [23.324299999999997], [2.33243], [0.003935099366598002]]
[1400.0, 1400.0, 0.006334, [0.042610835], [23.324299999999997], [2.33243], [0.004081377380860535]]
[1400.0, 600.0, 0.005552, [0.037345238], [23.324299999999997], [2.33243], [0.003831540447391884]]
[1400.0, 1700.0, 0.005741, [0.038618851499999995], [23.324299999999997], [2.33243], [0.0038813411470779015]]
[1400.0, 900.0, 0.005312, [0.035727946999999996], [23.324299999999997], [2.33243], [0.003745306539523834]]
[1400.0, 100.0, 0.002517, [0.016920939], [23.324299999999997], [2.33243], [0.0025804190890241067]]
[1400.0, 700.0, 0.005417, [0.03643225299999999], [23.324299999999997], [2.33243], [0.0037778488952047826]]
[1400.0, 2000.0, 0.005036, [0.03387414699999999], [23.324299999999997], [2.33243], [0.003631690349892182]]
[1400.0, 800.0, 0.005777, [0.03885574], [23.324299999999997], [2.33243], [0.0039051483870654645]]
[1400.0, 1300.0, 0.005744, [0.038638585499999996], [23.324299999999997], [2.33243], [0.0039030854301436956]]
[1400.0, 300.0, 0.002618, [0.0176020265], [23.324299999999997], [2.33243], [0.0026239552797256284]]
[1400.0, 1200.0, 0.006227, [0.041887496499999996], [23.324299999999997], [2.33243], [0.004049416016538681]]
[1400.0, 500.0, 0.004266, [0.028688566999999998], [23.324299999999997], [2.33243], [0.00335774242162796]]
[1400.0, 1000.0, 0.00521, [0.0350435245], [23.324299999999997], [2.33243], [0.003693912062434621]]
[1400.0, 200.0, 0.002849, [0.041545704999999995], [64.841554], [8.396747999999999], [0.005706742647079856]]
[1400.0, 1900.0, 0.006243, [0.0419938255], [23.324299999999997], [2.33243], [0.004059695462716385]]
[1500.0, 1500.0, 0.003575, [0.052135640999999996], [64.841554], [8.396747999999999], [0.012644750729057493]]
[1500.0, 1100.0, 0.003176, [0.021354902], [23.324299999999997], [2.33243], [0.005707338891725284]]
[1500.0, 1800.0, 0.002713, [0.018244451], [23.324299999999997], [2.33243], [0.005266720025309869]]
[1500.0, 400.0, 0.002071, [0.030197136999999995], [64.841554], [8.396747999999999], [0.009549175110971626]]
[1500.0, 200.0, 0.002035, [0.013681388999999997], [23.324299999999997], [2.33243], [0.004560462712269447]]
[1500.0, 500.0, 0.002067, [0.013898761999999999], [23.324299999999997], [2.33243], [0.004632921691546276]]
[1500.0, 1300.0, 0.002937, [0.019749294999999997], [23.324299999999997], [2.33243], [0.0054774706434630935]]
[1500.0, 600.0, 0.003186, [0.021424603499999997], [23.324299999999997], [2.33243], [0.005725965368389858]]
[1500.0, 1000.0, 0.004361, [0.029327921], [23.324299999999997], [2.33243], [0.006728287261629069]]
[1500.0, 2000.0, 0.003586, [0.052290247], [64.841554], [8.396747999999999], [0.012682248802952888]]
[1500.0, 800.0, 0.004368, [0.029379371999999997], [23.324299999999997], [2.33243], [0.006740091037960837]]
[1500.0, 1700.0, 0.003129, [0.021041446499999998], [23.324299999999997], [2.33243], [0.00562356232071807]]
[1500.0, 1200.0, 0.00273, [0.039811045], [64.841554], [8.396747999999999], [0.011041595509707824]]
[1500.0, 300.0, 0.001695, [0.007284530099999999], [9.796206], [1.3994579999999999], [0.007284529739454702]]
[1500.0, 1400.0, 0.003618, [0.024331884], [23.324299999999997], [2.33243], [0.006082970629141652]]
[1500.0, 100.0, 0.001593, [0.010709857999999997], [23.324299999999997], [2.33243], [0.004047946093391067]]
[1500.0, 900.0, 0.003224, [0.021678442999999995], [23.324299999999997], [2.33243], [0.005793809109730834]]
[1500.0, 700.0, 0.003639, [0.0244690445], [23.324299999999997], [2.33243], [0.006117261750571083]]
[1500.0, 1900.0, 0.003929, [0.026424136499999997], [23.324299999999997], [2.33243], [0.0064087943054836755]]
[1500.0, 1600.0, 0.003673, [0.0247017585], [23.324299999999997], [2.33243], [0.006175437895404664]]
[1600.0, 1500.0, 0.002576, [0.017323346999999996], [23.324299999999997], [2.33243], [0.004201527793553197]]
[1600.0, 100.0, 0.000833, [0.0121444416], [64.841554], [8.396747999999999], [0.004957948094726285]]
[1600.0, 1300.0, 0.002579, [0.0173406775], [23.324299999999997], [2.33243], [0.004205732543208138]]
[1600.0, 900.0, 0.003645, [0.024508823], [23.324299999999997], [2.33243], [0.0050028423446077126]]
[1600.0, 300.0, 0.000823, [0.012001577099999999], [64.841554], [8.396747999999999], [0.004899624631540665]]
[1600.0, 500.0, 0.001688, [0.011351946699999999], [23.324299999999997], [2.33243], [0.0034227402300642095]]
[1600.0, 1000.0, 0.003221, [0.0216564435], [23.324299999999997], [2.33243], [0.004725822822535774]]
[1600.0, 1200.0, 0.002221, [0.032382137], [64.841554], [8.396747999999999], [0.00809553606625281]]
[1600.0, 1800.0, 0.002073, [0.030228578], [64.841554], [8.396747999999999], [0.007804984849440772]]
[1600.0, 1100.0, 0.002572, [0.017294574], [23.324299999999997], [2.33243], [0.004194549922220499]]
[1600.0, 1900.0, 0.002504, [0.03652169999999999], [64.841554], [8.396747999999999], [0.008608245860801141]]
[1600.0, 1700.0, 0.003048, [0.020493770499999998], [23.324299999999997], [2.33243], [0.00458254726653201]]
[1600.0, 800.0, 0.002552, [0.017159472], [23.324299999999997], [2.33243], [0.0041617815205750525]]
[1600.0, 200.0, 0.000881, [0.020573964599999998], [110.09069599999998], [15.394037999999998], [0.020573964751598076]]
[1600.0, 1600.0, 0.003952, [0.026577868499999997], [23.324299999999997], [2.33243], [0.005212348834738519]]
[1600.0, 2000.0, 0.00211, [0.014189849999999999], [23.324299999999997], [2.33243], [0.003792395924742035]]
[1600.0, 1400.0, 0.002125, [0.014288623499999998], [23.324299999999997], [2.33243], [0.003818796603643614]]
[1600.0, 700.0, 0.002436, [0.0163801515], [23.324299999999997], [2.33243], [0.004095038421675674]]
[1600.0, 400.0, 0.001364, [0.009168207099999999], [23.324299999999997], [2.33243], [0.003056069122254927]]
[1600.0, 600.0, 0.001218, [0.005236526149999999], [9.796206], [1.3994579999999999], [0.00523652597864271]]
[1700.0, 900.0, 0.001602, [0.010768136549999998], [23.324299999999997], [2.33243], [0.00269203430977393]]
[1700.0, 1500.0, 0.001895, [0.012743863], [23.324299999999997], [2.33243], [0.0029236435773705386]]
[1700.0, 1800.0, 0.002291, [0.015405284999999998], [23.324299999999997], [2.33243], [0.003212223797854066]]
[1700.0, 700.0, 0.001312, [0.0088213947], [23.324299999999997], [2.33243], [0.0024466146621403215]]
[1700.0, 500.0, 0.001578, [0.023017134999999998], [64.841554], [8.396747999999999], [0.005582473844094569]]
[1700.0, 300.0, 0.0007, [0.0047040635], [23.324299999999997], [2.33243], [0.0017779688052662788]]
[1700.0, 800.0, 0.00102, [0.014874893499999998], [64.841554], [8.396747999999999], [0.00448494928176451]]
[1700.0, 1300.0, 0.001966, [0.028674077], [64.841554], [8.396747999999999], [0.006257196815667539]]
[1700.0, 400.0, 0.001104, [0.0074219481999999995], [23.324299999999997], [2.33243], [0.002237801603695019]]
[1700.0, 1000.0, 0.002008, [0.0135020235], [23.324299999999997], [2.33243], [0.003019144259968377]]
[1700.0, 2000.0, 0.002129, [0.0143120375], [23.324299999999997], [2.33243], [0.003123142128530176]]
[1700.0, 1600.0, 0.001508, [0.0101379009], [23.324299999999997], [2.33243], [0.002617594522648609]]
[1700.0, 1400.0, 0.001721, [0.011568919499999998], [23.324299999999997], [2.33243], [0.0028058762780101333]]
[1700.0, 1200.0, 0.001695, [0.011398176699999998], [23.324299999999997], [2.33243], [0.002764463900560107]]
[1700.0, 100.0, 0.001026, [0.014954873700000001], [64.841554], [8.396747999999999], [0.004509064211119642]]
[1700.0, 1700.0, 0.001621, [0.010900350899999998], [23.324299999999997], [2.33243], [0.0027250875215302714]]
[1700.0, 1900.0, 0.002323, [0.015620404], [23.324299999999997], [2.33243], [0.003257079975606985]]
[1700.0, 1100.0, 0.001813, [0.012191058], [23.324299999999997], [2.33243], [0.0028734583566671014]]
[1700.0, 600.0, 0.00164, [0.0110288588], [23.324299999999997], [2.33243], [0.0027572146361863085]]
[1700.0, 200.0, 0.001297, [0.0189158141], [64.841554], [8.396747999999999], [0.005055464353548544]]
[1800.0, 600.0, 0.001144, [0.00769074345], [23.324299999999997], [2.33243], [0.0018652790843463611]]
[1800.0, 1800.0, 0.000664, [0.00446201035], [23.324299999999997], [2.33243], [0.0014110115724188799]]
[1800.0, 400.0, 0.000617, [0.009002609399999998], [64.841554], [8.396747999999999], [0.0028468751131723357]]
[1800.0, 1300.0, 0.001091, [0.007334007699999999], [23.324299999999997], [2.33243], [0.0018335021673016915]]
[1800.0, 1200.0, 0.001544, [0.0103818803], [23.324299999999997], [2.33243], [0.0021647713753419778]]
[1800.0, 1700.0, 0.001435, [0.020926745499999996], [64.841554], [8.396747999999999], [0.00436352857673695]]
[1800.0, 500.0, 0.000611, [0.0041093249], [23.324299999999997], [2.33243], [0.0013697745535306166]]
[1800.0, 1600.0, 0.001341, [0.00901495005], [23.324299999999997], [2.33243], [0.0020158040306537733]]
[1800.0, 1000.0, 0.001129, [0.007592018249999998], [23.324299999999997], [2.33243], [0.0018413349532336585]]
[1800.0, 700.0, 0.00089, [0.005985380849999999], [23.324299999999997], [2.33243], [0.0016600460121635183]]
[1800.0, 200.0, 0.000622, [0.009075530899999998], [64.841554], [8.396747999999999], [0.0028699355393457878]]
[1800.0, 800.0, 0.000805, [0.011731228199999999], [64.841554], [8.396747999999999], [0.0032536570993268476]]
[1800.0, 2000.0, 0.001301, [0.00874785335], [23.324299999999997], [2.33243], [0.0020068953099252585]]
[1800.0, 1100.0, 0.001356, [0.0091132256], [23.324299999999997], [2.33243], [0.00203777923239982]]
[1800.0, 900.0, 0.001507, [0.0101310446], [23.324299999999997], [2.33243], [0.0021599455398227056]]
[1800.0, 1500.0, 0.001548, [0.010409612549999999], [23.324299999999997], [2.33243], [0.002170553637899787]]
[1800.0, 1400.0, 0.001407, [0.009459650449999999], [23.324299999999997], [2.33243], [0.0020642650556554018]]
[1800.0, 1900.0, 0.000743, [0.00499577135], [23.324299999999997], [2.33243], [0.0015062813963532843]]
[1800.0, 100.0, 0.000406, [0.0027260957], [23.324299999999997], [2.33243], [0.001112923930127302]]
[1800.0, 300.0, 0.000819, [0.0055063978], [23.324299999999997], [2.33243], [0.0015895604345227015]]
[1900.0, 300.0, 0.000338, [0.0049241918999999995], [64.841554], [8.396747999999999], [0.001740965093848811]]
[1900.0, 1600.0, 0.001219, [0.00819840635], [23.324299999999997], [2.33243], [0.001577783655163153]]
[1900.0, 600.0, 0.000404, [0.0027176661999999997], [23.324299999999997], [2.33243], [0.0009058885854507717]]
[1900.0, 1500.0, 0.000904, [0.0060766781999999995], [23.324299999999997], [2.33243], [0.0013587866839574194]]
[1900.0, 500.0, 0.00054, [0.0036308835], [23.324299999999997], [2.33243], [0.0010481457965140154]]
[1900.0, 1700.0, 0.000533, [0.0035844741], [23.324299999999997], [2.33243], [0.0010347483749685235]]
[1900.0, 1800.0, 0.001167, [0.007844630699999999], [23.324299999999997], [2.33243], [0.0015384588936659957]]
[1900.0, 800.0, 0.000448, [0.0030093096499999995], [23.324299999999997], [2.33243], [0.0009516271193329873]]
[1900.0, 1300.0, 0.00091, [0.0061199101499999995], [23.324299999999997], [2.33243], [0.0013684536126591942]]
[1900.0, 1000.0, 0.000734, [0.004935790799999999], [23.324299999999997], [2.33243], [0.001233947856475305]]
[1900.0, 1900.0, 0.000537, [0.0078279948], [64.841554], [8.396747999999999], [0.002171094865039296]]
[1900.0, 1200.0, 0.001033, [0.006943447], [23.324299999999997], [2.33243], [0.0014478088953656832]]
[1900.0, 100.0, 0.000135, [0.0009093220199999999], [23.324299999999997], [2.33243], [0.0005249972311831748]]
[1900.0, 2000.0, 0.001032, [0.00694055935], [23.324299999999997], [2.33243], [0.0014472063501795452]]
[1900.0, 1100.0, 0.000961, [0.00645745355], [23.324299999999997], [2.33243], [0.0014091315605719713]]
[1900.0, 900.0, 0.000912, [0.006128051], [23.324299999999997], [2.33243], [0.0013702741021416117]]
[1900.0, 200.0, 0.000359, [0.0024164835], [23.324299999999997], [2.33243], [0.0008543558898374845]]
[1900.0, 400.0, 0.000364, [0.002445797], [23.324299999999997], [2.33243], [0.0008647198633083432]]
[1900.0, 700.0, 0.000544, [0.00365824775], [23.324299999999997], [2.33243], [0.0010560452567243508]]
[1900.0, 1400.0, 0.000955, [0.006418243149999999], [23.324299999999997], [2.33243], [0.0014005753639129883]]
[2000.0, 1500.0, 0.000543, [0.0036506634999999995], [23.324299999999997], [2.33243], [0.000860469777214749]]
[2000.0, 1200.0, 0.000572, [0.0038483185999999996], [23.324299999999997], [2.33243], [0.0008828648941089457]]
[2000.0, 1300.0, 0.000589, [0.008589879], [64.841554], [8.396747999999999], [0.001874465005808324]]
[2000.0, 300.0, 0.000328, [0.00220427285], [23.324299999999997], [2.33243], [0.0006646133464278309]]
[2000.0, 900.0, 0.000298, [0.0020009689499999998], [23.324299999999997], [2.33243], [0.0006327619366712887]]
[2000.0, 1900.0, 0.000474, [0.0069084064999999995], [64.841554], [8.396747999999999], [0.001675534608714484]]
[2000.0, 1600.0, 0.00066, [0.00443552815], [23.324299999999997], [2.33243], [0.0009456577334056967]]
[2000.0, 500.0, 0.000273, [0.0018322559], [23.324299999999997], [2.33243], [0.0006107517805950303]]
[2000.0, 600.0, 0.000312, [0.004554443899999999], [64.841554], [8.396747999999999], [0.0013732161508662791]]
[2000.0, 200.0, 0.000332, [0.0022306998499999997], [23.324299999999997], [2.33243], [0.0006725813121846309]]
[2000.0, 1800.0, 0.0006, [0.00403553055], [23.324299999999997], [2.33243], [0.0009023720323403201]]
[2000.0, 2000.0, 0.000458, [0.0030798839999999993], [23.324299999999997], [2.33243], [0.0007952227133011229]]
[2000.0, 400.0, 0.000363, [0.00243762855], [23.324299999999997], [2.33243], [0.0007036826413590148]]
[2000.0, 1100.0, 0.000619, [0.004164154599999999], [23.324299999999997], [2.33243], [0.0009311334186087404]]
[2000.0, 100.0, 0.000138, [0.00201794663], [64.841554], [8.396747999999999], [0.0009024532951903937]]
[2000.0, 1400.0, 0.00054, [0.0036318518], [23.324299999999997], [2.33243], [0.0008560357761215356]]
[2000.0, 1700.0, 0.000361, [0.0024255616], [23.324299999999997], [2.33243], [0.0007001991996924875]]
[2000.0, 700.0, 0.000459, [0.0030823438499999996], [23.324299999999997], [2.33243], [0.0007958578302686982]]
[2000.0, 1000.0, 0.000782, [0.005256486699999999], [23.324299999999997], [2.33243], [0.0010308818990311158]]
[2000.0, 800.0, 0.000419, [0.00281861895], [23.324299999999997], [2.33243], [0.000753307585585065]]
[2100.0, 200.0, 0.000202, [0.0013552888], [23.324299999999997], [2.33243], [0.00042858017569645003]]
[2100.0, 100.0, 0.00016, [0.001074603815], [23.324299999999997], [2.33243], [0.0003799297869343755]]
[2100.0, 400.0, 0.000209, [0.0014029723999999999], [23.324299999999997], [2.33243], [0.0004436589112144599]]
[2100.0, 1400.0, 0.000221, [0.0032282041], [64.841554], [8.396747999999999], [0.0009319022711636666]]
[2100.0, 500.0, 0.000262, [0.0017591676499999999], [23.324299999999997], [2.33243], [0.0004879051698332372]]
[2100.0, 800.0, 0.000202, [0.0013571747999999997], [23.324299999999997], [2.33243], [0.0004291763946793905]]
[2100.0, 300.0, 0.00028, [0.0018831686999999995], [23.324299999999997], [2.33243], [0.0005032979959725649]]
[2100.0, 600.0, 0.000284, [0.0019084388], [23.324299999999997], [2.33243], [0.0005100519017707903]]
[2100.0, 700.0, 0.000343, [0.00230315445], [23.324299999999997], [2.33243], [0.0005585969188511516]]
[2100.0, 1000.0, 0.000462, [0.0031040420499999994], [23.324299999999997], [2.33243], [0.0006472375317454945]]
[2100.0, 1700.0, 0.000307, [0.0020646869999999995], [23.324299999999997], [2.33243], [0.0005330998625961181]]
[2100.0, 1800.0, 0.000334, [0.00224615355], [23.324299999999997], [2.33243], [0.0005447721271320697]]
[2100.0, 1900.0, 0.000282, [0.0018954334500000001], [23.324299999999997], [2.33243], [0.0005065758484669397]]
[2100.0, 900.0, 0.000501, [0.0033681119499999997], [23.324299999999997], [2.33243], [0.0006736224513776243]]
[2100.0, 2000.0, 0.000348, [0.00233665165], [23.324299999999997], [2.33243], [0.0005667212368087152]]
[2100.0, 1200.0, 0.000504, [0.0033883231999999996], [23.324299999999997], [2.33243], [0.0006776647613311466]]
[2100.0, 1500.0, 0.000322, [0.0021675717499999997], [23.324299999999997], [2.33243], [0.0005418930081206067]]
[2100.0, 1100.0, 0.00053, [0.0035651483499999997], [23.324299999999997], [2.33243], [0.0006991830713411188]]
[2100.0, 1300.0, 0.000381, [0.0025631222999999994], [23.324299999999997], [2.33243], [0.0005880206512104825]]
[2100.0, 1600.0, 0.000279, [0.0018778649000000002], [23.324299999999997], [2.33243], [0.0005018803433090401]]
[2200.0, 1700.0, 0.000202, [0.0013611078], [23.324299999999997], [2.33243], [0.0003514365003097999]]
[2200.0, 1100.0, 0.000244, [0.00164342935], [23.324299999999997], [2.33243], [0.00038735987918213724]]
[2200.0, 200.0, 0.000146, [0.00098101647], [23.324299999999997], [2.33243], [0.00029578755627984076]]
[2200.0, 1800.0, 0.000268, [0.0017988840499999997], [23.324299999999997], [2.33243], [0.00040224264629698325]]
[2200.0, 900.0, 0.000174, [0.0011664012999999997], [23.324299999999997], [2.33243], [0.0003235013979104263]]
[2200.0, 1000.0, 0.000226, [0.00151919715], [23.324299999999997], [2.33243], [0.0003684593539320179]]
[2200.0, 1300.0, 0.000281, [0.0018875248999999997], [23.324299999999997], [2.33243], [0.00041189172909880087]]
[2200.0, 1900.0, 0.000228, [0.0015348716499999997], [23.324299999999997], [2.33243], [0.00037226105725686644]]
[2200.0, 1400.0, 0.000217, [0.0014574686], [23.324299999999997], [2.33243], [0.0003643671150090249]]
[2200.0, 1600.0, 0.000212, [0.0014247579999999997], [23.324299999999997], [2.33243], [0.00035618940179348404]]
[2200.0, 800.0, 0.000176, [0.0011801277], [23.324299999999997], [2.33243], [0.0003273086677740142]]
[2200.0, 400.0, 0.000122, [0.0008225046099999999], [23.324299999999997], [2.33243], [0.00027416820038071515]]
[2200.0, 600.0, 0.000121, [0.0008105457599999999], [23.324299999999997], [2.33243], [0.0002701818722638512]]
[2200.0, 2000.0, 0.000336, [0.0022607493499999997], [23.324299999999997], [2.33243], [0.0004521498158796484]]
[2200.0, 500.0, 0.000107, [0.00071837372], [23.324299999999997], [2.33243], [0.0002539834295776006]]
[2200.0, 700.0, 0.000124, [0.0018028503999999999], [64.841554], [8.396747999999999], [0.0005701113140431436]]
[2200.0, 300.0, 8e-05, [0.0005378825999999999], [23.324299999999997], [2.33243], [0.00021958966186958801]]
[2200.0, 1200.0, 0.000234, [0.0034143545999999994], [64.841554], [8.396747999999999], [0.0007833068638790291]]
[2200.0, 1500.0, 0.000226, [0.0015223124999999998], [23.324299999999997], [2.33243], [0.00036921501763877374]]
[2200.0, 100.0, 0.00015, [0.0010099532299999998], [23.324299999999997], [2.33243], [0.00030451239982962926]]
[2300.0, 700.0, 9.9e-05, [0.00066276225], [23.324299999999997], [2.33243], [0.0001998303283413206]]
[2300.0, 100.0, 8.9e-05, [0.0005987935000000001], [23.324299999999997], [2.33243], [0.00018935513915655942]]
[2300.0, 1800.0, 0.000144, [0.0009654135], [23.324299999999997], [2.33243], [0.0002413533852569713]]
[2300.0, 1000.0, 0.000115, [0.0016743289299999999], [64.841554], [8.396747999999999], [0.00044748325007758666]]
[2300.0, 1500.0, 0.000141, [0.00205811475], [64.841554], [8.396747999999999], [0.0004991661338672726]]
[2300.0, 1200.0, 0.000196, [0.0013182035999999998], [23.324299999999997], [2.33243], [0.00028104202479344617]]
[2300.0, 500.0, 8e-05, [0.000536178875], [23.324299999999997], [2.33243], [0.00017872631682267723]]
[2300.0, 1900.0, 0.000107, [0.00071628739], [23.324299999999997], [2.33243], [0.00020677434923123322]]
[2300.0, 1300.0, 0.000141, [0.0009489901199999999], [23.324299999999997], [2.33243], [0.0002372475084695306]]
[2300.0, 1600.0, 0.000212, [0.0014224729499999998], [23.324299999999997], [2.33243], [0.0002903609947117552]]
[2300.0, 1700.0, 0.000126, [0.0008459417249999999], [23.324299999999997], [2.33243], [0.00022608745547906894]]
[2300.0, 1400.0, 0.000216, [0.0014517243499999998], [23.324299999999997], [2.33243], [0.0002963320169590184]]
[2300.0, 1100.0, 0.000142, [0.00095618613], [23.324299999999997], [2.33243], [0.00023904649762127868]]
[2300.0, 900.0, 0.000132, [0.0019176962999999997], [64.841554], [8.396747999999999], [0.00047942411777047674]]
[2300.0, 2000.0, 0.000214, [0.0014384337999999999], [23.324299999999997], [2.33243], [0.0002936190530687679]]
[2300.0, 300.0, 0.000107, [0.0007180915099999999], [23.324299999999997], [2.33243], [0.000207295179816126]]
[2300.0, 200.0, 7.2e-05, [0.000484968915], [23.324299999999997], [2.33243], [0.00017146237757887295]]
[2300.0, 400.0, 9.1e-05, [0.0013274335], [64.841554], [8.396747999999999], [0.0004002362828380255]]
[2300.0, 800.0, 0.000108, [0.000723199005], [23.324299999999997], [2.33243], [0.0002087695696216285]]
[2300.0, 600.0, 0.000117, [0.0007884893349999999], [23.324299999999997], [2.33243], [0.0002186875510860186]]
[2400.0, 1200.0, 0.000146, [0.000983444235], [23.324299999999997], [2.33243], [0.00019668883388489547]]
[2400.0, 1500.0, 9.6e-05, [0.00064229294], [23.324299999999997], [2.33243], [0.00016057323617278192]]
[2400.0, 1100.0, 0.000106, [0.00071443727], [23.324299999999997], [2.33243], [0.0001683944807587232]]
[2400.0, 1600.0, 6.5e-05, [0.00043966765499999996], [23.324299999999997], [2.33243], [0.00013256477539301304]]
[2400.0, 400.0, 5.3e-05, [0.00035767920999999994], [23.324299999999997], [2.33243], [0.00011922638518801111]]
[2400.0, 1300.0, 0.00016, [0.001077208335], [23.324299999999997], [2.33243], [0.00020730883212010043]]
[2400.0, 200.0, 4.8e-05, [0.00032072671999999996], [23.324299999999997], [2.33243], [0.00011339403542514923]]
[2400.0, 1700.0, 0.000186, [0.0012496061], [23.324299999999997], [2.33243], [0.00022443583966247458]]
[2400.0, 2000.0, 0.000149, [0.00099982978], [23.324299999999997], [2.33243], [0.0001999659536646176]]
[2400.0, 600.0, 7.2e-05, [0.00048229344], [23.324299999999997], [2.33243], [0.00013922610728595407]]
[2400.0, 1900.0, 0.000111, [0.0007451154749999999], [23.324299999999997], [2.33243], [0.00017094122381684294]]
[2400.0, 700.0, 6e-05, [0.0003999806949999999], [23.324299999999997], [2.33243], [0.0001264849968375696]]
[2400.0, 100.0, 3.3e-05, [0.00047818655999999995], [64.841554], [8.396747999999999], [0.00019521879187209412]]
[2400.0, 1800.0, 0.000118, [0.0007915345349999999], [23.324299999999997], [2.33243], [0.0001769925095872704]]
[2400.0, 500.0, 7.7e-05, [0.0005195302100000001], [23.324299999999997], [2.33243], [0.0001440917417827961]]
[2400.0, 900.0, 5.9e-05, [0.00039626262999999996], [23.324299999999997], [2.33243], [0.00012530926861170326]]
[2400.0, 1400.0, 0.000135, [0.0009083135849999999], [23.324299999999997], [2.33243], [0.00018939648128991202]]
[2400.0, 800.0, 7e-05, [0.00047016542499999996], [23.324299999999997], [2.33243], [0.00013572509301894032]]
[2400.0, 300.0, 5.2e-05, [0.00035036233499999997], [23.324299999999997], [2.33243], [0.0001324245348302194]]
[2400.0, 1000.0, 8.3e-05, [0.000559053985], [23.324299999999997], [2.33243], [0.00014941345956773772]]
[2500.0, 400.0, 3.1e-05, [0.00021069426], [23.324299999999997], [2.33243], [7.449167054107459e-05]]
[2500.0, 1300.0, 9.3e-05, [0.0006264021249999999], [23.324299999999997], [2.33243], [0.0001278638141735182]]
[2500.0, 500.0, 3.2e-05, [0.00021234772999999997], [23.324299999999997], [2.33243], [7.507625952989399e-05]]
[2500.0, 900.0, 6.7e-05, [0.00044771696499999996], [23.324299999999997], [2.33243], [0.00010858732124424103]]
[2500.0, 1400.0, 5.2e-05, [0.000347072415], [23.324299999999997], [2.33243], [9.626058496342103e-05]]
[2500.0, 200.0, 3.2e-05, [0.00013629754], [9.796206], [1.3994579999999999], [0.0001362976099386926]]
[2500.0, 1900.0, 7.1e-05, [0.00047436039499999994], [23.324299999999997], [2.33243], [0.00011180780004096315]]
[2500.0, 1000.0, 3.8e-05, [0.000257118035], [23.324299999999997], [2.33243], [8.130785461749682e-05]]
[2500.0, 1800.0, 5.9e-05, [0.00039507962499999995], [23.324299999999997], [2.33243], [0.000102009122802816]]
[2500.0, 1700.0, 7.8e-05, [0.0005216492], [23.324299999999997], [2.33243], [0.00011664430215402721]]
[2500.0, 800.0, 5.5e-05, [0.00036972327499999996], [23.324299999999997], [2.33243], [9.881270187835165e-05]]
[2500.0, 700.0, 3.6e-05, [0.0005240469499999999], [64.841554], [8.396747999999999], [0.0001657182320989456]]
[2500.0, 1600.0, 3.2e-05, [0.00047095811999999995], [64.841554], [8.396747999999999], [0.00015698607836365619]]
[2500.0, 1100.0, 4.6e-05, [0.00030844563999999996], [23.324299999999997], [2.33243], [8.904057969544e-05]]
[2500.0, 600.0, 7.5e-05, [0.00050274044], [23.324299999999997], [2.33243], [0.00011533657247378215]]
[2500.0, 300.0, 3.2e-05, [0.00021289524499999997], [23.324299999999997], [2.33243], [7.526984125464858e-05]]
[2500.0, 2000.0, 5.1e-05, [0.00034609227], [23.324299999999997], [2.33243], [9.598871649834682e-05]]
[2500.0, 1200.0, 6.6e-05, [0.0009568211599999999], [64.841554], [8.396747999999999], [0.00022552488122156277]]
[2500.0, 100.0, 1.9e-05, [0.000130675765], [23.324299999999997], [2.33243], [5.843997443959057e-05]]
[2500.0, 1500.0, 0.000101, [0.0006776560149999999], [23.324299999999997], [2.33243], [0.00013289930605537412]]
[2600.0, 800.0, 3.9e-05, [0.00025934914999999997], [23.324299999999997], [2.33243], [6.696367151299278e-05]]
[2600.0, 2000.0, 3.8e-05, [0.00025692517999999996], [23.324299999999997], [2.33243], [6.633777766099796e-05]]
[2600.0, 900.0, 3.1e-05, [0.000207375935], [23.324299999999997], [2.33243], [5.986426594805953e-05]]
[2600.0, 1000.0, 3.3e-05, [0.000220022485], [23.324299999999997], [2.33243], [6.1023263043695056e-05]]
[2600.0, 200.0, 1.9e-05, [0.00027318778999999997], [64.841554], [8.396747999999999], [9.658644547761347e-05]]
[2600.0, 1100.0, 3.3e-05, [0.00022270198499999998], [23.324299999999997], [2.33243], [6.176640257858636e-05]]
[2600.0, 1500.0, 6.6e-05, [0.0004444997249999999], [23.324299999999997], [2.33243], [8.717357281596297e-05]]
[2600.0, 700.0, 2.3e-05, [0.000155675385], [23.324299999999997], [2.33243], [5.189179241460059e-05]]
[2600.0, 1800.0, 4.4e-05, [0.00029432755], [23.324299999999997], [2.33243], [7.138491959090518e-05]]
[2600.0, 1600.0, 5.3e-05, [0.0003587834399999999], [23.324299999999997], [2.33243], [7.829297634526356e-05]]
[2600.0, 1400.0, 3.6e-05, [0.000241979895], [23.324299999999997], [2.33243], [6.467185299649298e-05]]
[2600.0, 1300.0, 4.1e-05, [0.000277332045], [23.324299999999997], [2.33243], [6.93330221827954e-05]]
[2600.0, 600.0, 2.1e-05, [0.00030513662999999994], [64.841554], [8.396747999999999], [0.00010171217891678459]]
[2600.0, 1700.0, 4.6e-05, [0.00030737637], [23.324299999999997], [2.33243], [7.244928809174042e-05]]
[2600.0, 400.0, 2.8e-05, [0.00041072318999999994], [64.841554], [8.396747999999999], [0.00011856559117214402]]
[2600.0, 300.0, 2e-05, [8.6159288e-05], [9.796206], [1.3994579999999999], [8.615928629579053e-05]]
[2600.0, 1900.0, 3.3e-05, [0.00022121583999999995], [23.324299999999997], [2.33243], [6.135421904808177e-05]]
[2600.0, 1200.0, 4.4e-05, [0.00029368539], [23.324299999999997], [2.33243], [7.122916562055181e-05]]
[2600.0, 100.0, 3.3e-05, [0.00022420491999999997], [23.324299999999997], [2.33243], [6.218324466847962e-05]]
[2600.0, 500.0, 2.6e-05, [0.00037493887], [64.841554], [8.396747999999999], [0.00011304833413191012]]
[2700.0, 1400.0, 4.4e-05, [0.00029334383999999995], [23.324299999999997], [2.33243], [5.75294669495555e-05]]
[2700.0, 1000.0, 2.7e-05, [0.000178709885], [23.324299999999997], [2.33243], [4.4677477799222285e-05]]
[2700.0, 800.0, 2e-05, [0.00013472767499999997], [23.324299999999997], [2.33243], [3.889253414859978e-05]]
[2700.0, 900.0, 2.3e-05, [0.00015684447499999998], [23.324299999999997], [2.33243], [4.191847015338226e-05]]
[2700.0, 600.0, 2.2e-05, [0.00014567326], [23.324299999999997], [2.33243], [4.040248046221915e-05]]
[2700.0, 1100.0, 3.7e-05, [0.00024652733999999996], [23.324299999999997], [2.33243], [5.2559818706879115e-05]]
[2700.0, 1300.0, 4.9e-05, [0.000330461585], [23.324299999999997], [2.33243], [6.136516809233068e-05]]
[2700.0, 400.0, 1.5e-05, [0.00010108247], [23.324299999999997], [2.33243], [3.369415417027114e-05]]
[2700.0, 1700.0, 3.5e-05, [0.00023716955999999998], [23.324299999999997], [2.33243], [5.1754625348851674e-05]]
[2700.0, 100.0, 1.3e-05, [8.9014669e-05], [23.324299999999997], [2.33243], [3.1471438813629094e-05]]
[2700.0, 2000.0, 3.1e-05, [0.00021168808999999996], [23.324299999999997], [2.33243], [4.856456944110592e-05]]
[2700.0, 1200.0, 3.4e-05, [0.00022895258], [23.324299999999997], [2.33243], [5.1195359994827656e-05]]
[2700.0, 700.0, 2.7e-05, [0.00018166021], [23.324299999999997], [2.33243], [4.541505650662563e-05]]
[2700.0, 300.0, 2.6e-05, [0.000175905955], [23.324299999999997], [2.33243], [4.397650221993559e-05]]
[2700.0, 1800.0, 2.5e-05, [0.00016805846999999997], [23.324299999999997], [2.33243], [4.339250367286958e-05]]
[2700.0, 200.0, 1.4e-05, [0.000203789568], [64.841554], [8.396747999999999], [6.7929860459153e-05]]
[2700.0, 1500.0, 3.3e-05, [0.00022272015499999999], [23.324299999999997], [2.33243], [4.980173222388955e-05]]
[2700.0, 500.0, 9e-06, [0.00013365622], [64.841554], [8.396747999999999], [5.456492486020667e-05]]
[2700.0, 1900.0, 3.7e-05, [0.00025062341], [23.324299999999997], [2.33243], [5.3433101327735036e-05]]
[2700.0, 1600.0, 3.5e-05, [0.000234795845], [23.324299999999997], [2.33243], [5.1236662288833756e-05]]
[2800.0, 1500.0, 2.6e-05, [0.00017504518000000001], [23.324299999999997], [2.33243], [3.5730944155591523e-05]]
[2800.0, 200.0, 1.1e-05, [7.291427799999999e-05], [23.324299999999997], [2.33243], [2.3057520074804226e-05]]
[2800.0, 400.0, 5e-06, [3.68135125e-05], [23.324299999999997], [2.33243], [1.8406758602480776e-05]]
[2800.0, 900.0, 1.2e-05, [7.974833699999999e-05], [23.324299999999997], [2.33243], [2.4045031519006163e-05]]
[2800.0, 600.0, 1.9e-05, [0.00012856045499999997], [23.324299999999997], [2.33243], [3.030199809831028e-05]]
[2800.0, 1200.0, 1.7e-05, [0.0001148466705], [23.324299999999997], [2.33243], [2.871166334000871e-05]]
[2800.0, 1000.0, 1.7e-05, [0.000110931139], [23.324299999999997], [2.33243], [2.8642298567852405e-05]]
[2800.0, 1400.0, 2e-05, [0.000131232825], [23.324299999999997], [2.33243], [3.0931861922619526e-05]]
[2800.0, 800.0, 9e-06, [5.8139204499999996e-05], [23.324299999999997], [2.33243], [2.0555313090536958e-05]]
[2800.0, 100.0, 1.4e-05, [9.256362649999999e-05], [23.324299999999997], [2.33243], [2.5672528498377403e-05]]
[2800.0, 1100.0, 1.7e-05, [0.00024806719], [64.841554], [8.396747999999999], [6.0165142516244395e-05]]
[2800.0, 1300.0, 1.8e-05, [0.00012396884999999998], [23.324299999999997], [2.33243], [3.0066870409971166e-05]]
[2800.0, 2000.0, 2.8e-05, [0.000189252395], [23.324299999999997], [2.33243], [3.711545496824739e-05]]
[2800.0, 500.0, 7e-06, [0.00010211349099999999], [64.841554], [8.396747999999999], [3.859527471077256e-05]]
[2800.0, 1900.0, 2.7e-05, [0.00018172587499999999], [23.324299999999997], [2.33243], [3.634516553477229e-05]]
[2800.0, 1800.0, 2.2e-05, [0.000146005955], [23.324299999999997], [2.33243], [3.264792479239683e-05]]
[2800.0, 300.0, 8e-06, [5.0608440999999994e-05], [23.324299999999997], [2.33243], [1.912819236755005e-05]]
[2800.0, 700.0, 9e-06, [5.789611749999999e-05], [23.324299999999997], [2.33243], [2.046937007457728e-05]]
[2800.0, 1600.0, 2e-05, [0.00013128147], [23.324299999999997], [2.33243], [3.094333744524013e-05]]
[2800.0, 1700.0, 2.3e-05, [0.00015243733000000001], [23.324299999999997], [2.33243], [3.32645545926892e-05]]
[2900.0, 1300.0, 1.3e-05, [8.88973575e-05], [23.324299999999997], [2.33243], [2.0394451598412736e-05]]
[2900.0, 900.0, 1.3e-05, [8.5532584e-05], [23.324299999999997], [2.33243], [2.0160224887138537e-05]]
[2900.0, 1600.0, 1.9e-05, [0.00012745587999999999], [23.324299999999997], [2.33243], [2.4528888060815148e-05]]
[2900.0, 2000.0, 1.6e-05, [0.00010936174549999999], [23.324299999999997], [2.33243], [2.28035053993898e-05]]
[2900.0, 1200.0, 1e-05, [6.507873e-05], [23.324299999999997], [2.33243], [1.7393022918687826e-05]]
[2900.0, 1700.0, 1.4e-05, [9.413258299999999e-05], [23.324299999999997], [2.33243], [2.1048691616107638e-05]]
[2900.0, 1100.0, 5e-06, [6.684133499999998e-05], [64.841554], [8.396747999999999], [2.526365480289817e-05]]
[2900.0, 800.0, 7e-06, [4.68281955e-05], [23.324299999999997], [2.33243], [1.4808374556311032e-05]]
[2900.0, 600.0, 6e-06, [4.28048515e-05], [23.324299999999997], [2.33243], [1.4268284085691592e-05]]
[2900.0, 100.0, 6e-06, [4.2879245e-05], [23.324299999999997], [2.33243], [1.4293079776591187e-05]]
[2900.0, 400.0, 8e-06, [5.21479115e-05], [23.324299999999997], [2.33243], [1.572318338473478e-05]]
[2900.0, 1000.0, 7e-06, [0.000101786983], [64.841554], [8.396747999999999], [3.068993000969536e-05]]
[2900.0, 1400.0, 1.3e-05, [8.8766292e-05], [23.324299999999997], [2.33243], [2.036438300685783e-05]]
[2900.0, 200.0, 7e-06, [9.4888202e-05], [64.841554], [8.396747999999999], [3.000628340864626e-05]]
[2900.0, 500.0, 6e-06, [3.7805905e-05], [23.324299999999997], [2.33243], [1.3366404041476524e-05]]
[2900.0, 1500.0, 1.3e-05, [8.91236545e-05], [23.324299999999997], [2.33243], [2.0446369365977915e-05]]
[2900.0, 1800.0, 1.3e-05, [8.45714485e-05], [23.324299999999997], [2.33243], [1.9933680173264544e-05]]
[2900.0, 300.0, 6e-06, [4.24279045e-05], [23.324299999999997], [2.33243], [1.4142634355027353e-05]]
[2900.0, 700.0, 1e-05, [6.7267755e-05], [23.324299999999997], [2.33243], [1.7978060747755858e-05]]
[2900.0, 1900.0, 2e-05, [0.00013400144999999998], [23.324299999999997], [2.33243], [2.532390609187295e-05]]
[3000.0, 1900.0, 9e-06, [6.016494099999999e-05], [23.324299999999997], [2.33243], [1.3453289634881127e-05]]
[3000.0, 800.0, 5e-06, [3.2865953499999996e-05], [23.324299999999997], [2.33243], [9.909459982763945e-06]]
[3000.0, 900.0, 7e-06, [4.52414945e-05], [23.324299999999997], [2.33243], [1.1681305791734072e-05]]
[3000.0, 1600.0, 7e-06, [9.6757136e-05], [64.841554], [8.396747999999999], [2.418928709160317e-05]]
[3000.0, 700.0, 3e-06, [4.8303472999999995e-05], [64.841554], [8.396747999999999], [1.7077856999635522e-05]]
[3000.0, 600.0, 5e-06, [3.300999099999999e-05], [23.324299999999997], [2.33243], [9.952886922898301e-06]]
[3000.0, 1300.0, 5e-06, [3.32469715e-05], [23.324299999999997], [2.33243], [1.0024338322303372e-05]]
[3000.0, 500.0, 6e-06, [4.22786e-05], [23.324299999999997], [2.33243], [1.129943207864891e-05]]
[3000.0, 1500.0, 9e-06, [6.0199429499999996e-05], [23.324299999999997], [2.33243], [1.346100421588226e-05]]
[3000.0, 1800.0, 8e-06, [5.4276319999999995e-05], [23.324299999999997], [2.33243], [1.2793050935957381e-05]]
[3000.0, 2000.0, 9e-06, [6.0772796499999996e-05], [23.324299999999997], [2.33243], [1.3589209920006386e-05]]
[3000.0, 100.0, 5e-06, [3.6217961999999994e-05], [23.324299999999997], [2.33243], [1.0455226755073273e-05]]
[3000.0, 1400.0, 1e-05, [6.851329699999999e-05], [23.324299999999997], [2.33243], [1.4286013570972132e-05]]
[3000.0, 1100.0, 5e-06, [3.36569005e-05], [23.324299999999997], [2.33243], [1.014793714875097e-05]]
[3000.0, 1200.0, 1e-05, [6.977518049999999e-05], [23.324299999999997], [2.33243], [1.4549131726670149e-05]]
[3000.0, 1000.0, 6e-06, [3.9531203999999996e-05], [23.324299999999997], [2.33243], [1.096398444453475e-05]]
[3000.0, 400.0, 5e-06, [3.0425480999999997e-05], [23.324299999999997], [2.33243], [9.621382064183918e-06]]
[3000.0, 300.0, 3e-06, [1.7831842499999997e-05], [23.324299999999997], [2.33243], [7.279818831880363e-06]]
[3000.0, 1700.0, 1.1e-05, [7.61309545e-05], [23.324299999999997], [2.33243], [1.5226191086414225e-05]]
[3000.0, 200.0, 2e-06, [7.679082449999999e-06], [9.796206], [1.3994579999999999], [7.679082267758304e-06]]
