[200.0, 1800.0, 0.308498, [4.288144839999999], [60.643179999999994], [6.530804], [3.032176804871378]]
[200.0, 700.0, 0.193582, [2.55992484], [60.643179999999994], [6.530804], [1.810140622161715]]
[200.0, 2000.0, 0.368506, [5.1446676], [60.643179999999994], [6.530804], [2.5723334084056826]]
[200.0, 1300.0, 0.162183, [2.1472818399999998], [60.643179999999994], [6.530804], [2.1472817737781877]]
[200.0, 1400.0, 0.28387, [3.8498209599999993], [60.643179999999994], [6.530804], [2.2226955338057435]]
[200.0, 400.0, 0.421495, [3.2138520999999995], [15.114146399999997], [2.1924842], [3.213851486923439]]
[200.0, 1900.0, 0.100843, [7.7302880400000005], [559.7832], [55.97832], [4.463083950812487]]
[200.0, 1700.0, 0.400078, [1.6164986499999998], [4.711508599999999], [0.7463776], [1.6164991679552452]]
[200.0, 500.0, 0.194422, [2.57176984], [60.643179999999994], [6.530804], [1.8185162028423063]]
[200.0, 1500.0, 0.399542, [1.6127945], [4.711508599999999], [0.7463776], [1.61279412898857]]
[200.0, 100.0, 0.239291, [3.21863794], [60.643179999999994], [6.530804], [2.275920370311756]]
[200.0, 600.0, 0.39815, [3.2067474], [23.0444084], [2.8455645999999994], [1.8514161409580505]]
[200.0, 1000.0, 0.399323, [1.6112765], [4.711508599999999], [0.7463776], [1.6112759943597497]]
[200.0, 1200.0, 0.287327, [9.042031399999999], [198.25654999999998], [19.592412], [3.4175662773383046]]
[200.0, 300.0, 0.65231, [6.4495956], [15.114146399999997], [2.1924842], [4.560553189033103]]
[200.0, 1600.0, 0.308908, [4.29479368], [60.643179999999994], [6.530804], [3.036877358076878]]
[200.0, 900.0, 0.247792, [7.732581599999999], [198.25654999999998], [19.592412], [3.156813469307301]]
[200.0, 800.0, 0.21633, [1.60142031], [23.0444084], [2.8455645999999994], [1.132375516778776]]
[200.0, 1100.0, 0.123749, [1.61469752], [60.643179999999994], [6.530804], [1.6146976323757953]]
[200.0, 200.0, 0.234426, [3.22399602], [60.643179999999994], [6.530804], [3.223996562653254]]
[300.0, 2000.0, 0.10001, [0.7111583899999999], [23.0444084], [2.8455645999999994], [0.4105874296663257]]
[300.0, 400.0, 0.185917, [0.5853925499999999], [4.711508599999999], [0.7463776], [0.5853925868594511]]
[300.0, 1000.0, 0.10986, [1.41795782], [60.643179999999994], [6.530804], [0.8186582405375273]]
[300.0, 200.0, 0.10164, [0.354747285], [6.530804], [0.8863233999999999], [0.2048134503029525]]
[300.0, 1600.0, 0.110214, [1.4226153199999998], [60.643179999999994], [6.530804], [0.8213476153249608]]
[300.0, 1300.0, 0.109792, [1.4170576], [60.643179999999994], [6.530804], [0.8181388060714392]]
[300.0, 800.0, 0.109917, [1.4187089999999998], [60.643179999999994], [6.530804], [0.8190918412485867]]
[300.0, 700.0, 0.185329, [0.583290695], [4.711508599999999], [0.7463776], [0.5832907244676535]]
[300.0, 300.0, 0.124046, [0.8870439899999999], [23.0444084], [2.8455645999999994], [0.5121349630712592]]
[300.0, 900.0, 0.073541, [0.9443790799999999], [60.643179999999994], [6.530804], [0.667776947490702]]
[300.0, 600.0, 0.099109, [0.70460914], [23.0444084], [2.8455645999999994], [0.40680635172032403]]
[300.0, 1400.0, 0.109967, [1.4193663399999998], [60.643179999999994], [6.530804], [0.8194716346524752]]
[300.0, 500.0, 0.213586, [2.3903508999999996], [43.38319799999999], [5.131346], [2.3903509508019942]]
[300.0, 1200.0, 0.166014, [0.5920174699999999], [6.530804], [0.8863233999999999], [0.2647582239515895]]
[300.0, 100.0, 0.083118, [0.58948195], [23.0444084], [2.8455645999999994], [0.4168266972016067]]
[300.0, 1100.0, 0.133716, [0.471572565], [6.530804], [0.8863233999999999], [0.23578626428399085]]
[300.0, 1900.0, 0.101272, [0.353418805], [6.530804], [0.8863233999999999], [0.20404649335384323]]
[300.0, 1500.0, 0.225396, [0.8217299699999999], [6.530804], [0.8863233999999999], [0.3105847902747331]]
[300.0, 1700.0, 0.129215, [0.389503965], [4.711508599999999], [0.7463776], [0.2754209185501348]]
[300.0, 1800.0, 0.131307, [0.93958795], [23.0444084], [2.8455645999999994], [0.4697940161389883]]
[400.0, 900.0, 0.076035, [0.53779129], [23.0444084], [2.8455645999999994], [0.2688956745654344]]
[400.0, 1200.0, 0.074158, [2.1433055999999997], [160.004698], [19.125925999999996], [1.515546077161628]]
[400.0, 1500.0, 0.100867, [1.07515432], [43.38319799999999], [5.131346], [1.0751541336943276]]
[400.0, 200.0, 0.135195, [0.9663210799999999], [23.0444084], [2.8455645999999994], [0.32210701436013467]]
[400.0, 1600.0, 0.07639, [0.54021595], [23.0444084], [2.8455645999999994], [0.241591982482863]]
[400.0, 500.0, 0.067021, [0.8590182599999999], [60.643179999999994], [6.530804], [0.429509096760476]]
[400.0, 1700.0, 0.062338, [0.21479193999999996], [6.530804], [0.8863233999999999], [0.10739599962289097]]
[400.0, 300.0, 0.09127, [0.64707326], [23.0444084], [2.8455645999999994], [0.2641665898632906]]
[400.0, 1300.0, 0.051145, [0.5387501599999999], [43.38319799999999], [5.131346], [0.5387503425520953]]
[400.0, 1400.0, 0.252769, [0.8086407849999999], [4.711508599999999], [0.7463776], [0.46686898295988777]]
[400.0, 1100.0, 0.078074, [0.27020940499999996], [6.530804], [0.8863233999999999], [0.12084130833452607]]
[400.0, 800.0, 0.063215, [0.81007426], [60.643179999999994], [6.530804], [0.4676967290884126]]
[400.0, 100.0, 0.047263, [0.16217921], [6.530804], [0.8863233999999999], [0.09363423304272855]]
[400.0, 1000.0, 0.062779, [0.21633811499999997], [6.530804], [0.8863233999999999], [0.10816909414199602]]
[400.0, 400.0, 0.076147, [0.5386011199999999], [23.0444084], [2.8455645999999994], [0.26930063460749587]]
[400.0, 1800.0, 0.05046, [0.64562472], [60.643179999999994], [6.530804], [0.3727517690903693]]
[400.0, 2000.0, 0.100745, [1.0738138799999999], [43.38319799999999], [5.131346], [1.0738139147915713]]
[400.0, 600.0, 0.091325, [0.27179882], [4.711508599999999], [0.7463776], [0.2717988446443435]]
[400.0, 700.0, 0.10651, [0.75716184], [23.0444084], [2.8455645999999994], [0.28618026696472276]]
[400.0, 1900.0, 0.106035, [0.75372104], [23.0444084], [2.8455645999999994], [0.28487986064304366]]
[500.0, 1700.0, 0.047415, [0.3336929699999999], [23.0444084], [2.8455645999999994], [0.1362295649996725]]
[500.0, 1100.0, 0.060904, [0.7797998199999999], [60.643179999999994], [6.530804], [0.29473664970614016]]
[500.0, 300.0, 0.062877, [0.44351613], [23.0444084], [2.8455645999999994], [0.15680663901761302]]
[500.0, 1300.0, 0.043518, [0.5562982399999999], [60.643179999999994], [6.530804], [0.2781492616563992]]
[500.0, 1800.0, 0.049066, [0.27707272], [15.114146399999997], [2.1924842], [0.27707278177403133]]
[500.0, 1400.0, 0.060519, [0.7748396399999999], [60.643179999999994], [6.530804], [0.29286191811159057]]
[500.0, 600.0, 0.056685, [0.194945125], [6.530804], [0.8863233999999999], [0.07368230476172687]]
[500.0, 1900.0, 0.055277, [0.38946658999999995], [23.0444084], [2.8455645999999994], [0.14720449211895675]]
[500.0, 1200.0, 0.055244, [0.38923474999999996], [23.0444084], [2.8455645999999994], [0.147116889037255]]
[500.0, 800.0, 0.035119, [0.44856288199999994], [60.643179999999994], [6.530804], [0.22428144292384064]]
[500.0, 1000.0, 0.05506, [0.38792650999999995], [23.0444084], [2.8455645999999994], [0.14662239331016255]]
[500.0, 2000.0, 0.069708, [0.8933315], [60.643179999999994], [6.530804], [0.3158403681608796]]
[500.0, 700.0, 0.048443, [0.16623342], [6.530804], [0.8863233999999999], [0.06786450988919024]]
[500.0, 100.0, 0.039763, [0.27953878], [23.0444084], [2.8455645999999994], [0.12501351626924187]]
[500.0, 200.0, 0.047423, [0.33374471999999994], [23.0444084], [2.8455645999999994], [0.13625070711743112]]
[500.0, 1500.0, 0.047538, [0.3345653599999999], [23.0444084], [2.8455645999999994], [0.1365857280245634]]
[500.0, 900.0, 0.056476, [0.194213265], [6.530804], [0.8863233999999999], [0.07340574403614475]]
[500.0, 1600.0, 0.080272, [0.27785621499999996], [6.530804], [0.8863233999999999], [0.0878658551713918]]
[500.0, 500.0, 0.070895, [0.50069252], [23.0444084], [2.8455645999999994], [0.16689751543986506]]
[500.0, 400.0, 0.063108, [0.44516408], [23.0444084], [2.8455645999999994], [0.15738927056823154]]
[600.0, 200.0, 0.058057, [0.61155068], [43.38319799999999], [5.131346], [0.43243175840819087]]
[600.0, 1400.0, 0.024399, [0.31134134], [60.643179999999994], [6.530804], [0.13923608841101504]]
[600.0, 1900.0, 0.043509, [0.5560668599999999], [60.643179999999994], [6.530804], [0.1853556286709416]]
[600.0, 100.0, 0.024147, [0.30811660199999996], [60.643179999999994], [6.530804], [0.13779393481572402]]
[600.0, 800.0, 0.026486, [0.18585106299999998], [23.0444084], [2.8455645999999994], [0.07587337108630404]]
[600.0, 1200.0, 0.035215, [0.24738132999999998], [23.0444084], [2.8455645999999994], [0.08746250133628697]]
[600.0, 600.0, 0.039675, [0.27888120999999993], [23.0444084], [2.8455645999999994], [0.09296041200425048]]
[600.0, 1600.0, 0.030689, [0.215457146], [23.0444084], [2.8455645999999994], [0.08143513701099789]]
[600.0, 400.0, 0.027653, [0.155345634], [15.114146399999997], [2.1924842], [0.07767280824072219]]
[600.0, 500.0, 0.053899, [0.185196], [6.530804], [0.8863233999999999], [0.05346149506888112]]
[600.0, 1100.0, 0.036052, [0.12330231], [6.530804], [0.8863233999999999], [0.043593965436743654]]
[600.0, 300.0, 0.028848, [0.36823735999999996], [60.643179999999994], [6.530804], [0.15033226493338014]]
[600.0, 1700.0, 0.043974, [0.3092833], [23.0444084], [2.8455645999999994], [0.09780399449920234]]
[600.0, 1500.0, 0.036108, [0.12349505000000001], [6.530804], [0.8863233999999999], [0.04366209408628954]]
[600.0, 1800.0, 0.027106, [0.09249678849999998], [6.530804], [0.8863233999999999], [0.03776166448926742]]
[600.0, 1000.0, 0.026553, [0.186321367], [23.0444084], [2.8455645999999994], [0.07606538496583054]]
[600.0, 2000.0, 0.036012, [0.12316373499999998], [6.530804], [0.8863233999999999], [0.04354494399468209]]
[600.0, 700.0, 0.027252, [0.09299929249999998], [6.530804], [0.8863233999999999], [0.037966810670637056]]
[600.0, 1300.0, 0.033882, [0.43267820799999995], [60.643179999999994], [6.530804], [0.1635369548450747]]
[600.0, 900.0, 0.024365, [0.3109064099999999], [60.643179999999994], [6.530804], [0.1390415726320729]]
[700.0, 2000.0, 0.031637, [0.1080757235], [6.530804], [0.8863233999999999], [0.031198775148232976]]
[700.0, 100.0, 0.017357, [0.18190884], [43.38319799999999], [5.131346], [0.12862897180651023]]
[700.0, 1000.0, 0.019786, [0.252371318], [60.643179999999994], [6.530804], [0.09538737511851345]]
[700.0, 600.0, 0.015414, [0.108007057], [23.0444084], [2.8455645999999994], [0.04409369344929045]]
[700.0, 1400.0, 0.019928, [0.25418601799999996], [60.643179999999994], [6.530804], [0.09607329887122644]]
[700.0, 1900.0, 0.018027, [0.12635319099999998], [23.0444084], [2.8455645999999994], [0.0477570229913884]]
[700.0, 200.0, 0.015409, [0.107965496], [23.0444084], [2.8455645999999994], [0.044076726171529565]]
[700.0, 400.0, 0.01694, [0.216031962], [60.643179999999994], [6.530804], [0.08819466888650355]]
[700.0, 1300.0, 0.02316, [0.162434786], [23.0444084], [2.8455645999999994], [0.05414492621659022]]
[700.0, 1100.0, 0.025398, [0.324101418], [60.643179999999994], [6.530804], [0.10803381803861233]]
[700.0, 800.0, 0.016168, [0.09066119299999999], [15.114146399999997], [2.1924842], [0.06410713964138472]]
[700.0, 1500.0, 0.015528, [0.10880223599999998], [23.0444084], [2.8455645999999994], [0.04441831791051975]]
[700.0, 1600.0, 0.017986, [0.12606596699999997], [23.0444084], [2.8455645999999994], [0.047648451139570114]]
[700.0, 1800.0, 0.025742, [0.18060170399999997], [23.0444084], [2.8455645999999994], [0.05711126938704829]]
[700.0, 1200.0, 0.02564, [0.17988274699999998], [23.0444084], [2.8455645999999994], [0.056883919722536695]]
[700.0, 700.0, 0.016922, [0.21579717799999998], [60.643179999999994], [6.530804], [0.08809882723396492]]
[700.0, 900.0, 0.03101, [0.21771018], [23.0444084], [2.8455645999999994], [0.06284751157364943]]
[700.0, 300.0, 0.015903, [0.0541153545], [6.530804], [0.8863233999999999], [0.022092499717098556]]
[700.0, 500.0, 0.0265, [0.09041150499999999], [6.530804], [0.8863233999999999], [0.02859062595939445]]
[700.0, 1700.0, 0.023863, [0.08136279899999999], [6.530804], [0.8863233999999999], [0.02712093546506093]]
[800.0, 300.0, 0.013668, [0.174261064], [60.643179999999994], [6.530804], [0.06161059074542297]]
[800.0, 100.0, 0.009757, [0.05466156999999999], [15.114146399999997], [2.1924842], [0.05466156986402786]]
[800.0, 1800.0, 0.01603, [0.05455094], [6.530804], [0.8863233999999999], [0.017250521325455646]]
[800.0, 800.0, 0.016169, [0.055023566999999995], [6.530804], [0.8863233999999999], [0.01739997884337794]]
[800.0, 400.0, 0.0103, [0.131286162], [60.643179999999994], [6.530804], [0.053597343702836614]]
[800.0, 200.0, 0.008591, [0.10949002799999999], [60.643179999999994], [6.530804], [0.04896541730650317]]
[800.0, 1700.0, 0.011232, [0.038178953499999994], [6.530804], [0.8863233999999999], [0.01443028688211014]]
[800.0, 600.0, 0.015563, [0.109050475], [23.0444084], [2.8455645999999994], [0.034484793648795406]]
[800.0, 1600.0, 0.010276, [0.130984678], [60.643179999999994], [6.530804], [0.053474263005674046]]
[800.0, 1000.0, 0.012457, [0.08725415699999998], [23.0444084], [2.8455645999999994], [0.030848993824758694]]
[800.0, 1100.0, 0.01451, [0.049357677999999995], [6.530804], [0.8863233999999999], [0.01645255770389516]]
[800.0, 1500.0, 0.018658, [0.130783497], [23.0444084], [2.8455645999999994], [0.03775394478726692]]
[800.0, 1400.0, 0.018658, [0.13078508399999997], [23.0444084], [2.8455645999999994], [0.0377544001673977]]
[800.0, 1200.0, 0.013987, [0.09798388699999999], [23.0444084], [2.8455645999999994], [0.03266129574894419]]
[800.0, 900.0, 0.021767, [0.15263821199999997], [23.0444084], [2.8455645999999994], [0.04079427858168348]]
[800.0, 1300.0, 0.010947, [0.076661231], [23.0444084], [2.8455645999999994], [0.02897521706562351]]
[800.0, 2000.0, 0.018859, [0.05454200449999999], [4.711508599999999], [0.7463776], [0.027270995833485797]]
[800.0, 500.0, 0.016075, [0.0547022225], [6.530804], [0.8863233999999999], [0.017298362538113253]]
[800.0, 1900.0, 0.018559, [0.130088621], [23.0444084], [2.8455645999999994], [0.03755334464465183]]
[800.0, 700.0, 0.01548, [0.19739138199999998], [60.643179999999994], [6.530804], [0.06579712714093222]]
[900.0, 200.0, 0.00426, [0.054279678], [60.643179999999994], [6.530804], [0.02713983627069257]]
[900.0, 1100.0, 0.008038, [0.027301735999999997], [6.530804], [0.8863233999999999], [0.009652619382841114]]
[900.0, 300.0, 0.009513, [0.12125687399999999], [60.643179999999994], [6.530804], [0.04041895431106549]]
[900.0, 1000.0, 0.011767, [0.14999776599999998], [60.643179999999994], [6.530804], [0.045226031738369435]]
[900.0, 900.0, 0.008908, [0.030260409999999995], [6.530804], [0.8863233999999999], [0.010086802680978744]]
[900.0, 1600.0, 0.00998, [0.033913293], [6.530804], [0.8863233999999999], [0.010724326217763053]]
[900.0, 700.0, 0.007963, [0.0270448375], [6.530804], [0.8863233999999999], [0.009561795313904184]]
[900.0, 1900.0, 0.018064, [0.06150119499999999], [6.530804], [0.8863233999999999], [0.014495967818672887]]
[900.0, 500.0, 0.007478, [0.095302846], [60.643179999999994], [6.530804], [0.03602108415914213]]
[900.0, 1400.0, 0.009007, [0.030597394499999993], [6.530804], [0.8863233999999999], [0.01019913144708901]]
[900.0, 1200.0, 0.009008, [0.030602063499999995], [6.530804], [0.8863233999999999], [0.010200688639743886]]
[900.0, 1500.0, 0.009651, [0.067572781], [23.0444084], [2.8455645999999994], [0.02136839010548057]]
[900.0, 800.0, 0.007475, [0.09525909999999999], [60.643179999999994], [6.530804], [0.03600455585616909]]
[900.0, 400.0, 0.010986, [0.037341074999999994], [6.530804], [0.8863233999999999], [0.011258756074718023]]
[900.0, 100.0, 0.006049, [0.033865545], [15.114146399999997], [2.1924842], [0.023946556892380164]]
[900.0, 600.0, 0.008026, [0.027261393999999998], [6.530804], [0.8863233999999999], [0.009638357810073248]]
[900.0, 1800.0, 0.009033, [0.030687646499999995], [6.530804], [0.8863233999999999], [0.01022921412303995]]
[900.0, 2000.0, 0.012057, [0.04099170399999999], [6.530804], [0.8863233999999999], [0.011833287656015127]]
[900.0, 1700.0, 0.012976, [0.044125833499999996], [6.530804], [0.8863233999999999], [0.012238301945122942]]
[900.0, 1300.0, 0.009678, [0.067763428], [23.0444084], [2.8455645999999994], [0.021428682924995647]]
[1000.0, 1600.0, 0.008862, [0.030104067499999998], [6.530804], [0.8863233999999999], [0.008045651003803235]]
[1000.0, 1400.0, 0.006981, [0.0237049615], [6.530804], [0.8863233999999999], [0.007147315224963847]]
[1000.0, 1500.0, 0.0044, [0.014932853499999997], [6.530804], [0.8863233999999999], [0.0056440894039694305]]
[1000.0, 700.0, 0.005532, [0.038712381], [23.0444084], [2.8455645999999994], [0.012904125351994995]]
[1000.0, 1900.0, 0.005671, [0.0192509425], [6.530804], [0.8863233999999999], [0.006416979390647908]]
[1000.0, 1800.0, 0.005672, [0.019254093499999996], [6.530804], [0.8863233999999999], [0.006418029352924463]]
[1000.0, 500.0, 0.006757, [0.08610206399999999], [60.643179999999994], [6.530804], [0.027227865902416958]]
[1000.0, 1000.0, 0.007985, [0.055901522999999995], [23.0444084], [2.8455645999999994], [0.015504294711466238]]
[1000.0, 200.0, 0.004732, [0.060290682], [60.643179999999994], [6.530804], [0.022787742582362124]]
[1000.0, 1100.0, 0.005734, [0.019465727999999998], [6.530804], [0.8863233999999999], [0.006488576793103398]]
[1000.0, 2000.0, 0.007433, [0.094723016], [60.643179999999994], [6.530804], [0.028560058641396376]]
[1000.0, 1700.0, 0.006702, [0.046911996], [23.0444084], [2.8455645999999994], [0.014144500722895805]]
[1000.0, 800.0, 0.005025, [0.017054108999999998], [6.530804], [0.8863233999999999], [0.00602953894174339]]
[1000.0, 1300.0, 0.005687, [0.019303485999999995], [6.530804], [0.8863233999999999], [0.006434496130234286]]
[1000.0, 400.0, 0.005688, [0.019306705999999996], [6.530804], [0.8863233999999999], [0.006435569949507192]]
[1000.0, 300.0, 0.004902, [0.034301395], [23.0444084], [2.8455645999999994], [0.012127372423571396]]
[1000.0, 600.0, 0.006322, [0.021464922499999997], [6.530804], [0.8863233999999999], [0.006787804251007832]]
[1000.0, 1200.0, 0.006753, [0.047269944999999994], [23.0444084], [2.8455645999999994], [0.01425242653726024]]
[1000.0, 100.0, 0.002583, [0.0144569904], [15.114146399999997], [2.1924842], [0.01022263714019039]]
[1000.0, 900.0, 0.005714, [0.019397763], [6.530804], [0.8863233999999999], [0.006465922426460126]]
[1100.0, 1300.0, 0.005735, [0.019468028], [6.530804], [0.8863233999999999], [0.005203049151699415]]
[1100.0, 1800.0, 0.003183, [0.022268002], [23.0444084], [2.8455645999999994], [0.007872927212924047]]
[1100.0, 2000.0, 0.003971, [0.027783011], [23.0444084], [2.8455645999999994], [0.00878575915900271]]
[1100.0, 700.0, 0.003494, [0.04451570419999999], [60.643179999999994], [6.530804], [0.01573867665339116]]
[1100.0, 900.0, 0.003564, [0.024934943999999997], [23.0444084], [2.8455645999999994], [0.008311647574338075]]
[1100.0, 200.0, 0.00245, [0.008311399599999998], [6.530804], [0.8863233999999999], [0.0033931152916604527]]
[1100.0, 1900.0, 0.004092, [0.013886801999999998], [6.530804], [0.8863233999999999], [0.004391392114125087]]
[1100.0, 1500.0, 0.004342, [0.030380424], [23.0444084], [2.8455645999999994], [0.009160042729157982]]
[1100.0, 800.0, 0.003713, [0.012597077], [6.530804], [0.8863233999999999], [0.00419902780414705]]
[1100.0, 500.0, 0.003653, [0.012395274999999999], [6.530804], [0.8863233999999999], [0.0041317581154999864]]
[1100.0, 1700.0, 0.005133, [0.035923378], [23.0444084], [2.8455645999999994], [0.009963354706121828]]
[1100.0, 400.0, 0.002861, [0.0097044866], [6.530804], [0.8863233999999999], [0.003667950193909399]]
[1100.0, 600.0, 0.004089, [0.013875509], [6.530804], [0.8863233999999999], [0.004387818934277028]]
[1100.0, 1400.0, 0.004796, [0.06111440399999999], [60.643179999999994], [6.530804], [0.018426683651704665]]
[1100.0, 100.0, 0.00327, [0.01109287355], [6.530804], [0.8863233999999999], [0.0039219232176318794]]
[1100.0, 1100.0, 0.004477, [0.015194559], [6.530804], [0.8863233999999999], [0.004581332120682804]]
[1100.0, 1000.0, 0.005295, [0.017971119], [6.530804], [0.8863233999999999], [0.004984291574536946]]
[1100.0, 300.0, 0.002784, [0.019480493999999998], [23.0444084], [2.8455645999999994], [0.007362935508341763]]
[1100.0, 1200.0, 0.003166, [0.0221534298], [23.0444084], [2.8455645999999994], [0.00783242028366711]]
[1100.0, 1600.0, 0.005962, [0.041729382999999995], [23.0444084], [2.8455645999999994], [0.010774480047779566]]
[1200.0, 100.0, 0.001071, [0.0059919968], [15.114146399999997], [2.1924842], [0.004236980818932273]]
[1200.0, 1400.0, 0.003338, [0.023353969999999998], [23.0444084], [2.8455645999999994], [0.006477226743753842]]
[1200.0, 1700.0, 0.003706, [0.01257456], [6.530804], [0.8863233999999999], [0.003360693543005669]]
[1200.0, 1800.0, 0.002653, [0.008999939099999998], [6.530804], [0.8863233999999999], [0.002846030678418629]]
[1200.0, 700.0, 0.002657, [0.009013369949999999], [6.530804], [0.8863233999999999], [0.0028502779579367343]]
[1200.0, 200.0, 0.001608, [0.00545342995], [6.530804], [0.8863233999999999], [0.002226353369862924]]
[1200.0, 1900.0, 0.004512, [0.015311824499999998], [6.530804], [0.8863233999999999], [0.0037136649990272413]]
[1200.0, 1200.0, 0.003987, [0.013529048499999998], [6.530804], [0.8863233999999999], [0.003493184392499199]]
[1200.0, 1100.0, 0.002653, [0.008998576349999999], [6.530804], [0.8863233999999999], [0.00284559965297299]]
[1200.0, 1300.0, 0.002583, [0.0180743085], [23.0444084], [2.8455645999999994], [0.00571559810780989]]
[1200.0, 2000.0, 0.003183, [0.010797629449999999], [6.530804], [0.8863233999999999], [0.003117006849928309]]
[1200.0, 800.0, 0.002653, [0.00899951705], [6.530804], [0.8863233999999999], [0.002845897776185926]]
[1200.0, 1600.0, 0.003608, [0.025243282], [23.0444084], [2.8455645999999994], [0.00674654887775965]]
[1200.0, 1000.0, 0.0032, [0.0108553031], [6.530804], [0.8863233999999999], [0.0031336558884950978]]
[1200.0, 1500.0, 0.002128, [0.00721627415], [6.530804], [0.8863233999999999], [0.002551338434528042]]
[1200.0, 300.0, 0.003189, [0.0108179327], [6.530804], [0.8863233999999999], [0.0031228679314854154]]
[1200.0, 600.0, 0.003729, [0.012651046499999999], [6.530804], [0.8863233999999999], [0.0033811343595752]]
[1200.0, 500.0, 0.002386, [0.008092615549999998], [6.530804], [0.8863233999999999], [0.0026975387012979067]]
[1200.0, 900.0, 0.003448, [0.011698478499999998], [6.530804], [0.8863233999999999], [0.0032445747506414453]]
[1200.0, 400.0, 0.002074, [0.014512323799999999], [23.0444084], [2.8455645999999994], [0.005130881941732824]]
[1300.0, 1600.0, 0.001745, [0.0059176309], [6.530804], [0.8863233999999999], [0.0018713192799466368]]
[1300.0, 1700.0, 0.002282, [0.0077390285], [6.530804], [0.8863233999999999], [0.002146420395099711]]
[1300.0, 900.0, 0.001743, [0.0059125249], [6.530804], [0.8863233999999999], [0.001869704079527025]]
[1300.0, 200.0, 0.001183, [0.008276931799999998], [23.0444084], [2.8455645999999994], [0.003128386409956417]]
[1300.0, 1800.0, 0.002207, [0.0154420735], [23.0444084], [2.8455645999999994], [0.004282861243374574]]
[1300.0, 1000.0, 0.00297, [0.010075294899999998], [6.530804], [0.8863233999999999], [0.0024436179493734283]]
[1300.0, 1400.0, 0.002113, [0.007165258999999999], [6.530804], [0.8863233999999999], [0.0020684318921588883]]
[1300.0, 1200.0, 0.002281, [0.007736829699999999], [6.530804], [0.8863233999999999], [0.0021458106358670137]]
[1300.0, 500.0, 0.001696, [0.0118674296], [23.0444084], [2.8455645999999994], [0.003752811406132741]]
[1300.0, 100.0, 0.00123, [0.0041725634], [6.530804], [0.8863233999999999], [0.0015770806669286133]]
[1300.0, 1100.0, 0.002539, [0.017762614799999996], [23.0444084], [2.8455645999999994], [0.004586287662151165]]
[1300.0, 2000.0, 0.00158, [0.005359949899999999], [6.530804], [0.8863233999999999], [0.0017866500076959672]]
[1300.0, 1300.0, 0.001927, [0.00653554545], [6.530804], [0.8863233999999999], [0.0019705410234247852]]
[1300.0, 1500.0, 0.001746, [0.005922562099999999], [6.530804], [0.8863233999999999], [0.001872878362975022]]
[1300.0, 600.0, 0.002095, [0.00710679415], [6.530804], [0.8863233999999999], [0.0020515548761853774]]
[1300.0, 300.0, 0.00107, [0.005988988399999999], [15.114146399999997], [2.1924842], [0.0059889875730377]]
[1300.0, 1900.0, 0.001749, [0.00593127565], [6.530804], [0.8863233999999999], [0.0018756344879800005]]
[1300.0, 400.0, 0.000872, [0.0029579943499999997], [6.530804], [0.8863233999999999], [0.001478997022478409]]
[1300.0, 700.0, 0.002262, [0.007671257849999999], [6.530804], [0.8863233999999999], [0.002127624009899305]]
[1300.0, 800.0, 0.002205, [0.015423588399999997], [23.0444084], [2.8455645999999994], [0.00427773413152337]]
[1400.0, 1100.0, 0.001127, [0.0078815434], [23.0444084], [2.8455645999999994], [0.0024923628206984633]]
[1400.0, 400.0, 0.001167, [0.00395634615], [6.530804], [0.8863233999999999], [0.0012511064533044338]]
[1400.0, 1500.0, 0.001502, [0.005094205599999999], [6.530804], [0.8863233999999999], [0.001412878318362908]]
[1400.0, 1800.0, 0.001452, [0.0101555442], [23.0444084], [2.8455645999999994], [0.002816640889428398]]
[1400.0, 1600.0, 0.00127, [0.0043071272], [6.530804], [0.8863233999999999], [0.0012986479064781183]]
[1400.0, 1400.0, 0.000614, [0.0078185004], [60.643179999999994], [6.530804], [0.003496540760809174]]
[1400.0, 600.0, 0.001507, [0.005110402199999999], [6.530804], [0.8863233999999999], [0.0014173706845776088]]
[1400.0, 1700.0, 0.002415, [0.008191878949999998], [6.530804], [0.8863233999999999], [0.001787614613808021]]
[1400.0, 900.0, 0.001274, [0.004318762899999999], [6.530804], [0.8863233999999999], [0.0013021560246376006]]
[1400.0, 100.0, 0.001013, [0.007083183499999999], [23.0444084], [2.8455645999999994], [0.0023610617484513194]]
[1400.0, 700.0, 0.001502, [0.005092680699999999], [6.530804], [0.8863233999999999], [0.001412455636471461]]
[1400.0, 2000.0, 0.001148, [0.0038935802999999995], [6.530804], [0.8863233999999999], [0.0012312585512393407]]
[1400.0, 800.0, 0.001852, [0.0062797153], [6.530804], [0.8863233999999999], [0.0015699290190960861]]
[1400.0, 1300.0, 0.001127, [0.0078854258], [23.0444084], [2.8455645999999994], [0.002493590375342349]]
[1400.0, 300.0, 0.001038, [0.0035204052999999996], [6.530804], [0.8863233999999999], [0.001173468362377103]]
[1400.0, 1200.0, 0.001847, [0.0062635508999999995], [6.530804], [0.8863233999999999], [0.001565887482388182]]
[1400.0, 500.0, 0.001043, [0.0035369469], [6.530804], [0.8863233999999999], [0.0011789822210279508]]
[1400.0, 1000.0, 0.001559, [0.010902430099999999], [23.0444084], [2.8455645999999994], [0.0029137968271655454]]
[1400.0, 200.0, 0.000897, [0.0062710512], [23.0444084], [2.8455645999999994], [0.0022171513272665894]]
[1400.0, 1900.0, 0.001273, [0.0043171207], [6.530804], [0.8863233999999999], [0.0013016613221187758]]
[1500.0, 1500.0, 0.001389, [0.0005091051022222222], [0.08396748], [0.03265402], [0.00020784124532743554]]
[1500.0, 1100.0, 0.002227, [0.00755267215], [6.530804], [0.8863233999999999], [0.004360537056946083]]
[1500.0, 1800.0, 0.001493, [0.0003415920133333333], [0.03265402], [0.01865944], [0.00034159200203144667]]
[1500.0, 400.0, 0.001505, [0.005104463599999999], [6.530804], [0.8863233999999999], [0.0036094006330691527]]
[1500.0, 200.0, 0.001064, [0.007440437899999999], [23.0444084], [2.8455645999999994], [0.0074404377895389995]]
[1500.0, 500.0, 0.002922, [0.0305845674], [43.38319799999999], [5.131346], [0.03058456598351528]]
[1500.0, 1300.0, 0.00107, [0.030761193599999997], [160.004698], [19.125925999999996], [0.030761194346123816]]
[1500.0, 600.0, 0.001514, [0.00513272255], [6.530804], [0.8863233999999999], [0.003629382873850594]]
[1500.0, 1000.0, 0.003185, [0.010805025099999999], [6.530804], [0.8863233999999999], [0.0040839153884477085]]
[1500.0, 2000.0, 0.002905, [0.0203277979], [23.0444084], [2.8455645999999994], [0.010163897520144523]]
[1500.0, 800.0, 0.001488, [0.0003404607711111111], [0.03265402], [0.01865944], [0.0003404607753553345]]
[1500.0, 1700.0, 0.002216, [0.00751606305], [6.530804], [0.8863233999999999], [0.004339402752683829]]
[1500.0, 1200.0, 0.002738, [0.00788343975], [4.711508599999999], [0.7463776], [0.007883439986769734]]
[1500.0, 300.0, 0.001078, [0.007540409699999999], [23.0444084], [2.8455645999999994], [0.005331874267084699]]
[1500.0, 1400.0, 0.002179, [0.015241589399999998], [23.0444084], [2.8455645999999994], [0.008799735075557672]]
[1500.0, 100.0, 0.001089, [0.0076150815], [23.0444084], [2.8455645999999994], [0.00761508430682156]]
[1500.0, 900.0, 0.001654, [0.011569434699999999], [23.0444084], [2.8455645999999994], [0.00667961816872791]]
[1500.0, 700.0, 0.002897, [0.030326226799999995], [43.38319799999999], [5.131346], [0.03032622697270466]]
[1500.0, 1900.0, 0.002833, [0.0158560666], [15.114146399999997], [2.1924842], [0.01585606554918338]]
[1500.0, 1600.0, 0.001138, [0.0038575507999999994], [6.530804], [0.8863233999999999], [0.0027277001246471355]]
[1600.0, 1500.0, 0.001462, [0.0102277182], [23.0444084], [2.8455645999999994], [0.005113859536592689]]
[1600.0, 100.0, 0.001442, [0.010089363999999998], [23.0444084], [2.8455645999999994], [0.007134257809330974]]
[1600.0, 1300.0, 0.001922, [0.024480960799999996], [60.643179999999994], [6.530804], [0.009994309598966805]]
[1600.0, 900.0, 0.000744, [0.00027232025555555555], [0.08396748], [0.03265402], [0.00011117429194792947]]
[1600.0, 300.0, 0.001069, [0.0074757313999999995], [23.0444084], [2.8455645999999994], [0.004316115311249225]]
[1600.0, 500.0, 0.001938, [0.0202797118], [43.38319799999999], [5.131346], [0.020279709228684713]]
[1600.0, 1000.0, 0.001014, [0.00023169601999999996], [0.03265402], [0.01865944], [0.00023169603064637068]]
[1600.0, 1200.0, 0.001943, [0.0203407722], [43.38319799999999], [5.131346], [0.020340771411133846]]
[1600.0, 1800.0, 0.000487, [0.00011098752222222223], [0.03265402], [0.01865944], [0.0001109875159257023]]
[1600.0, 1100.0, 0.001495, [0.005071590849999999], [6.530804], [0.8863233999999999], [0.003586156208951305]]
[1600.0, 1900.0, 0.001454, [0.0101732082], [23.0444084], [2.8455645999999994], [0.005086604310343]]
[1600.0, 1700.0, 0.001866, [0.010441926399999999], [15.114146399999997], [2.1924842], [0.010441926541591833]]
[1600.0, 800.0, 0.004762, [0.06068182], [60.643179999999994], [6.530804], [0.035034658177296375]]
[1600.0, 200.0, 0.000489, [0.0034177585999999992], [23.0444084], [2.8455645999999994], [0.0034177589836031446]]
[1600.0, 1600.0, 0.001848, [0.010339935199999999], [15.114146399999997], [2.1924842], [0.010339933882767336]]
[1600.0, 2000.0, 0.001491, [0.00505476635], [6.530804], [0.8863233999999999], [0.0025273826575134993]]
[1600.0, 1400.0, 0.001964, [0.0205539638], [43.38319799999999], [5.131346], [0.020553966439595058]]
[1600.0, 700.0, 0.001128, [0.00382428705], [6.530804], [0.8863233999999999], [0.002207952981270208]]
[1600.0, 400.0, 0.001776, [0.0051116671999999995], [4.711508599999999], [0.7463776], [0.0036144944556604315]]
[1600.0, 600.0, 0.001758, [0.005060328899999999], [4.711508599999999], [0.7463776], [0.005060328000732759]]
[1700.0, 900.0, 0.001298, [0.0135796186], [43.38319799999999], [5.131346], [0.01357961838786348]]
[1700.0, 1500.0, 0.000478, [0.0033416562], [23.0444084], [2.8455645999999994], [0.002362908332965966]]
[1700.0, 1800.0, 0.000959, [0.0067070553], [23.0444084], [2.8455645999999994], [0.003353526986621697]]
[1700.0, 700.0, 0.000993, [0.00336807285], [6.530804], [0.8863233999999999], [0.0019445578482009736]]
[1700.0, 500.0, 0.000402, [0.0282034096], [494.47515999999996], [51.31345999999999], [0.02820340541991339]]
[1700.0, 300.0, 0.000488, [0.0016548408], [6.530804], [0.8863233999999999], [0.0016548404099791616]]
[1700.0, 800.0, 0.000994, [0.0033718091999999996], [6.530804], [0.8863233999999999], [0.0016859043144555979]]
[1700.0, 1300.0, 0.001072, [0.0136543226], [60.643179999999994], [6.530804], [0.0061063990763788115]]
[1700.0, 400.0, 0.001217, [0.006807211099999999], [15.114146399999997], [2.1924842], [0.0068072116604377736]]
[1700.0, 1000.0, 0.000328, [0.00012001798666666666], [0.08396748], [0.03265402], [6.0008993770378554e-05]]
[1700.0, 2000.0, 0.000804, [0.0027261025999999995], [6.530804], [0.8863233999999999], [0.0013630508106816854]]
[1700.0, 1600.0, 0.001176, [0.0033831884499999996], [4.711508599999999], [0.7463776], [0.0033831885943588773]]
[1700.0, 1400.0, 0.000427, [0.005444201199999999], [60.643179999999994], [6.530804], [0.00384963059110871]]
[1700.0, 1200.0, 0.001193, [0.0034317771], [4.711508599999999], [0.7463776], [0.0034317770815570172]]
[1700.0, 100.0, 0.000645, [0.00014719023777777775], [0.03265402], [0.01865944], [0.0001471902211257994]]
[1700.0, 1700.0, 0.000471, [0.013528250399999999], [160.004698], [19.125925999999996], [0.013528248856374573]]
[1700.0, 1900.0, 0.000485, [0.0033938500999999995], [23.0444084], [2.8455645999999994], [0.0023998138719492387]]
[1700.0, 1100.0, 0.000746, [0.0025310913499999995], [6.530804], [0.8863233999999999], [0.0014613264984253177]]
[1700.0, 600.0, 0.000541, [0.0068859194], [60.643179999999994], [6.530804], [0.004869079900761538]]
[1700.0, 200.0, 0.000499, [0.0016904378999999998], [6.530804], [0.8863233999999999], [0.0016904378049783432]]
[1800.0, 600.0, 0.00079, [0.0044222652], [15.114146399999997], [2.1924842], [0.0044222642548812025]]
[1800.0, 1800.0, 0.000857, [0.0059930363999999995], [23.0444084], [2.8455645999999994], [0.0029965178190693277]]
[1800.0, 400.0, 0.000164, [0.00055737211], [6.530804], [0.8863233999999999], [0.0005573720317256688]]
[1800.0, 1300.0, 0.000393, [0.0027502525999999997], [23.0444084], [2.8455645999999994], [0.001587859267378567]]
[1800.0, 1200.0, 0.000644, [0.0045032252000000005], [23.0444084], [2.8455645999999994], [0.002599938149264324]]
[1800.0, 1700.0, 0.000671, [0.0022746471], [6.530804], [0.8863233999999999], [0.0010172529096788073]]
[1800.0, 500.0, 0.000339, [0.00114924905], [6.530804], [0.8863233999999999], [0.0008126417857826411]]
[1800.0, 1600.0, 0.000804, [0.0023132525999999994], [4.711508599999999], [0.7463776], [0.0023132523705812987]]
[1800.0, 1000.0, 0.000527, [0.0017863571], [6.530804], [0.8863233999999999], [0.0008931785778891027]]
[1800.0, 700.0, 0.000684, [0.0023193820999999996], [6.530804], [0.8863233999999999], [0.0011596910418296762]]
[1800.0, 200.0, 0.000862, [0.0090206874], [43.38319799999999], [5.131346], [0.009020687964894917]]
[1800.0, 800.0, 0.000356, [0.004531263119999999], [60.643179999999994], [6.530804], [0.0032040870656085485]]
[1800.0, 2000.0, 0.000684, [0.00231943155], [6.530804], [0.8863233999999999], [0.00115971555995425]]
[1800.0, 1100.0, 0.000391, [0.0027339685999999996], [23.0444084], [2.8455645999999994], [0.001578457006066367]]
[1800.0, 900.0, 0.000451, [0.00010294166222222222], [0.03265402], [0.01865944], [0.00010294168590175845]]
[1800.0, 1500.0, 0.000284, [0.0036207345199999992], [60.643179999999994], [6.530804], [0.002560245699928036]]
[1800.0, 1400.0, 0.000352, [0.0044784312], [60.643179999999994], [6.530804], [0.003166729005140793]]
[1800.0, 1900.0, 0.000268, [0.00090832198], [6.530804], [0.8863233999999999], [0.0006422806109871292]]
[1800.0, 100.0, 0.00067, [0.0022717467999999997], [6.530804], [0.8863233999999999], [0.0010159559130444589]]
[1800.0, 300.0, 0.000226, [0.000764652135], [6.530804], [0.8863233999999999], [0.0007646522005134098]]
[1900.0, 300.0, 0.000603, [0.0063080214], [43.38319799999999], [5.131346], [0.0063080207735865925]]
[1900.0, 1600.0, 0.000238, [0.0030362244799999995], [60.643179999999994], [6.530804], [0.0021469353665166543]]
[1900.0, 600.0, 0.000234, [0.0029826018199999994], [60.643179999999994], [6.530804], [0.0029826021866819585]]
[1900.0, 1500.0, 0.000225, [0.0007616146399999999], [6.530804], [0.8863233999999999], [0.000761614708366376]]
[1900.0, 500.0, 0.000185, [6.768618888888888e-05], [0.08396748], [0.03265402], [3.9078627710088587e-05]]
[1900.0, 1700.0, 0.000513, [0.0014753867499999998], [4.711508599999999], [0.7463776], [0.0014753868069086152]]
[1900.0, 1800.0, 0.000345, [0.0024137327], [23.0444084], [2.8455645999999994], [0.0012068663480269883]]
[1900.0, 800.0, 0.000266, [0.0009027926649999999], [6.530804], [0.8863233999999999], [0.0005212276522787332]]
[1900.0, 1300.0, 0.000453, [0.00153672775], [6.530804], [0.8863233999999999], [0.0008872305524777648]]
[1900.0, 1000.0, 0.000313, [0.00011437935777777778], [0.08396748], [0.03265402], [5.115200919264505e-05]]
[1900.0, 1900.0, 0.000228, [8.351729333333331e-05], [0.08396748], [0.03265402], [3.7350064749476986e-05]]
[1900.0, 1200.0, 0.000267, [0.0009056670899999999], [6.530804], [0.8863233999999999], [0.0005228871819044715]]
[1900.0, 100.0, 0.000446, [0.0015104398999999998], [6.530804], [0.8863233999999999], [0.001068042339984703]]
[1900.0, 2000.0, 0.000669, [0.0022667707499999996], [6.530804], [0.8863233999999999], [0.0009254053644214518]]
[1900.0, 1100.0, 0.000272, [0.00092249343], [6.530804], [0.8863233999999999], [0.0005326017386377929]]
[1900.0, 900.0, 0.000454, [0.0015389000999999998], [6.530804], [0.8863233999999999], [0.00076945021021506]]
[1900.0, 200.0, 0.000224, [0.0007584554750000001], [6.530804], [0.8863233999999999], [0.0007584556457038209]]
[1900.0, 400.0, 0.000339, [0.0011481384949999997], [6.530804], [0.8863233999999999], [0.0006628780956933183]]
[1900.0, 700.0, 0.000185, [6.771956444444444e-05], [0.08396748], [0.03265402], [3.385977833855092e-05]]
[1900.0, 1400.0, 0.000262, [0.0018337837899999997], [23.0444084], [2.8455645999999994], [0.0010587354943516344]]
[2000.0, 1500.0, 0.000446, [0.00151119775], [6.530804], [0.8863233999999999], [0.0006169436501820892]]
[2000.0, 1200.0, 0.000123, [4.500957399999999e-05], [0.08396748], [0.03265402], [2.0128896236597368e-05]]
[2000.0, 1300.0, 0.000366, [0.0020460408999999997], [15.114146399999997], [2.1924842], [0.0020460408820451264]]
[2000.0, 300.0, 0.000148, [0.0005033783449999999], [6.530804], [0.8863233999999999], [0.00035594224029328125]]
[2000.0, 900.0, 0.000351, [0.00196456018], [15.114146399999997], [2.1924842], [0.0019645600489677072]]
[2000.0, 1900.0, 0.00018, [0.000609565205], [6.530804], [0.8863233999999999], [0.00035193265698141735]]
[2000.0, 1600.0, 0.000115, [0.0008064595799999999], [23.0444084], [2.8455645999999994], [0.0005702530778522812]]
[2000.0, 500.0, 0.000203, [4.6342965777777776e-05], [0.03265402], [0.01865944], [4.634296333177638e-05]]
[2000.0, 600.0, 0.00013, [0.0016561609999999997], [60.643179999999994], [6.530804], [0.0011710827586468857]]
[2000.0, 200.0, 0.000149, [0.00050516901], [6.530804], [0.8863233999999999], [0.000357208382495428]]
[2000.0, 1800.0, 0.000288, [0.0020177649299999998], [23.0444084], [2.8455645999999994], [0.0009023721056194057]]
[2000.0, 2000.0, 0.000242, [0.0008213025149999999], [6.530804], [0.8863233999999999], [0.0004106512970270518]]
[2000.0, 400.0, 0.00018, [0.0010087599899999999], [15.114146399999997], [2.1924842], [0.0010087599154407355]]
[2000.0, 1100.0, 0.000299, [0.00209244892], [23.0444084], [2.8455645999999994], [0.0014795848336611186]]
[2000.0, 100.0, 0.000156, [0.00198428406], [60.643179999999994], [6.530804], [0.001984284527984835]]
[2000.0, 1400.0, 0.000172, [6.277277555555556e-05], [0.08396748], [0.03265402], [2.3725874670681563e-05]]
[2000.0, 1700.0, 0.000218, [0.00152804939], [23.0444084], [2.8455645999999994], [0.0008822195599735929]]
[2000.0, 700.0, 0.000198, [4.507443911111111e-05], [0.03265402], [0.01865944], [4.507443944037682e-05]]
[2000.0, 1000.0, 0.000289, [0.00202172576], [23.0444084], [2.8455645999999994], [0.0009041431352391057]]
[2000.0, 800.0, 0.000237, [0.0030227073799999997], [60.643179999999994], [6.530804], [0.0017451608258266626]]
[2100.0, 200.0, 9.4e-05, [0.0006576997199999999], [23.0444084], [2.8455645999999994], [0.0006576997895696789]]
[2100.0, 100.0, 0.000241, [0.0013457164299999999], [15.114146399999997], [2.1924842], [0.000951565344051579]]
[2100.0, 400.0, 0.000201, [0.00140564132], [23.0444084], [2.8455645999999994], [0.0008115471046094613]]
[2100.0, 1400.0, 0.000257, [0.0026881153399999995], [43.38319799999999], [5.131346], [0.0026881153941004836]]
[2100.0, 500.0, 8e-05, [0.000270641115], [6.530804], [0.8863233999999999], [0.0001913721630749885]]
[2100.0, 800.0, 0.000133, [3.036130844444444e-05], [0.03265402], [0.01865944], [3.0361307865581843e-05]]
[2100.0, 300.0, 0.000133, [0.000451941375], [6.530804], [0.8863233999999999], [0.00031957080573012295]]
[2100.0, 600.0, 0.000202, [0.0006839455949999999], [6.530804], [0.8863233999999999], [0.00034197270223659663]]
[2100.0, 700.0, 9.9e-05, [0.00033730489], [6.530804], [0.8863233999999999], [0.00023851055448344418]]
[2100.0, 1000.0, 0.000239, [0.0006886170099999999], [4.711508599999999], [0.7463776], [0.000688616984796338]]
[2100.0, 1700.0, 0.000204, [0.0006917619149999999], [6.530804], [0.8863233999999999], [0.00034588094443753335]]
[2100.0, 1800.0, 0.000234, [0.0007927599749999999], [6.530804], [0.8863233999999999], [0.0003236428759064534]]
[2100.0, 1900.0, 0.000134, [0.00045582285499999993], [6.530804], [0.8863233999999999], [0.00032231547938316586]]
[2100.0, 900.0, 0.000119, [0.00040417336499999997], [6.530804], [0.8863233999999999], [0.0002333496508461069]]
[2100.0, 2000.0, 0.000164, [0.0020899203], [60.643179999999994], [6.530804], [0.0012066159506653306]]
[2100.0, 1200.0, 7.8e-05, [0.00054213162], [23.0444084], [2.8455645999999994], [0.0003833450094888415]]
[2100.0, 1500.0, 0.000155, [0.00108378599], [23.0444084], [2.8455645999999994], [0.0005418929837154195]]
[2100.0, 1100.0, 0.0001, [3.656562488888889e-05], [0.08396748], [0.03265402], [1.4927853796275033e-05]]
[2100.0, 1300.0, 0.000127, [0.0016188140599999999], [60.643179999999994], [6.530804], [0.0009346228788126257]]
[2100.0, 1600.0, 0.000158, [0.0005365326149999999], [6.530804], [0.8863233999999999], [0.000268266310081978]]
[2200.0, 1700.0, 0.000134, [0.00045271141500000003], [6.530804], [0.8863233999999999], [0.00026137309191077794]]
[2200.0, 1100.0, 0.000108, [0.00036520642000000003], [6.530804], [0.8863233999999999], [0.00018260319821952734]]
[2200.0, 200.0, 0.000133, [0.00045239033499999996], [6.530804], [0.8863233999999999], [0.00031988830875010106]]
[2200.0, 1800.0, 0.000156, [0.00044735896999999994], [4.711508599999999], [0.7463776], [0.00044735901661864373]]
[2200.0, 900.0, 4.5e-05, [0.0013530955199999998], [198.25654999999998], [19.592412], [0.0007812100245132547]]
[2200.0, 1000.0, 0.000153, [0.00044031751999999995], [4.711508599999999], [0.7463776], [0.00044031756494602845]]
[2200.0, 1300.0, 0.000133, [0.000449410685], [6.530804], [0.8863233999999999], [0.0002009825623033003]]
[2200.0, 1900.0, 0.000107, [0.00036114622999999996], [6.530804], [0.8863233999999999], [0.00018057310839380262]]
[2200.0, 1400.0, 6.6e-05, [2.4291143333333333e-05], [0.08396748], [0.03265402], [9.916817445476827e-06]]
[2200.0, 1600.0, 0.000104, [0.0013276966199999999], [60.643179999999994], [6.530804], [0.0007665459378276033]]
[2200.0, 800.0, 0.000104, [0.00072623282], [23.0444084], [2.8455645999999994], [0.0003631163924969513]]
[2200.0, 400.0, 8.7e-05, [0.0006093831599999998], [23.0444084], [2.8455645999999994], [0.00043089903051643085]]
[2200.0, 600.0, 9.2e-05, [2.092564533333333e-05], [0.03265402], [0.01865944], [2.0925646677913896e-05]]
[2200.0, 2000.0, 0.000158, [0.0008849109699999998], [15.114146399999997], [2.1924842], [0.0008849110638928637]]
[2200.0, 500.0, 8.6e-05, [1.956283911111111e-05], [0.03265402], [0.01865944], [1.9562840372931278e-05]]
[2200.0, 700.0, 0.000156, [0.00044946473499999994], [4.711508599999999], [0.7463776], [0.00044946466768812875]]
[2200.0, 300.0, 6.8e-05, [2.4931110666666666e-05], [0.08396748], [0.03265402], [1.1149532464316136e-05]]
[2200.0, 1200.0, 0.000176, [0.00059552842], [6.530804], [0.8863233999999999], [0.0002977642260665306]]
[2200.0, 1500.0, 0.000132, [0.0004469314], [6.530804], [0.8863233999999999], [0.00022346571442841067]]
[2200.0, 100.0, 0.000159, [0.000457002295], [4.711508599999999], [0.7463776], [0.0004570022445240286]]
[2300.0, 700.0, 5.3e-05, [0.0002969507], [15.114146399999997], [2.1924842], [0.0002969505763590972]]
[2300.0, 100.0, 3.6e-05, [0.000199769191], [15.114146399999997], [2.1924842], [0.00019976918746393297]]
[2300.0, 1800.0, 0.000109, [0.00031337166499999995], [4.711508599999999], [0.7463776], [0.00031337168713845226]]
[2300.0, 1000.0, 3.4e-05, [0.00023918988], [23.0444084], [2.8455645999999994], [0.0001691327640937734]]
[2300.0, 1500.0, 6.9e-05, [0.00048426223999999997], [23.0444084], [2.8455645999999994], [0.00024213112769736977]]
[2300.0, 1200.0, 0.000106, [0.00035951023999999997], [6.530804], [0.8863233999999999], [0.00014676942299062158]]
[2300.0, 500.0, 0.000105, [0.00058986996], [15.114146399999997], [2.1924842], [0.0005898700550121187]]
[2300.0, 1900.0, 0.000119, [0.000403717735], [6.530804], [0.8863233999999999], [0.00020185887465008813]]
[2300.0, 1300.0, 9.4e-05, [0.00119552942], [60.643179999999994], [6.530804], [0.0005977646459937221]]
[2300.0, 1600.0, 8.5e-05, [0.0005926968899999999], [23.0444084], [2.8455645999999994], [0.00026506210272311657]]
[2300.0, 1700.0, 7.3e-05, [2.6855295777777775e-05], [0.08396748], [0.03265402], [8.492390656448182e-06]]
[2300.0, 1400.0, 0.000214, [0.000616554215], [4.711508599999999], [0.7463776], [0.0004359696867329195]]
[2300.0, 1100.0, 8.8e-05, [0.00029880818], [6.530804], [0.8863233999999999], [0.0001336310391525861]]
[2300.0, 900.0, 4.4e-05, [1.5980803777777778e-05], [0.08396748], [0.03265402], [6.524134631608856e-06]]
[2300.0, 2000.0, 3.6e-05, [1.3320465333333331e-05], [0.08396748], [0.03265402], [7.690573245181803e-06]]
[2300.0, 300.0, 0.000117, [0.00122501036], [43.38319799999999], [5.131346], [0.001225010487791839]]
[2300.0, 200.0, 3.7e-05, [0.0025703603999999995], [494.47515999999996], [51.31345999999999], [0.0025703601403694386]]
[2300.0, 400.0, 0.000106, [0.00030370878999999996], [4.711508599999999], [0.7463776], [0.0003037087949006416]]
[2300.0, 800.0, 4.7e-05, [0.0006025443399999998], [60.643179999999994], [6.530804], [0.00042606316461294796]]
[2300.0, 600.0, 0.000122, [0.0004121257299999999], [6.530804], [0.8863233999999999], [0.00020606283271128734]]
[2400.0, 1200.0, 4.2e-05, [0.00029329070999999996], [23.0444084], [2.8455645999999994], [0.00016933149216846817]]
[2400.0, 1500.0, 7.3e-05, [0.00041016337], [15.114146399999997], [2.1924842], [0.0004101633277122663]]
[2400.0, 1100.0, 8.2e-05, [0.00027783666499999995], [6.530804], [0.8863233999999999], [0.00010501239970832016]]
[2400.0, 1600.0, 5.9e-05, [0.00019984895499999998], [6.530804], [0.8863233999999999], [8.937515602783582e-05]]
[2400.0, 400.0, 3.2e-05, [0.00040152328199999994], [60.643179999999994], [6.530804], [0.00040152329954810847]]
[2400.0, 1300.0, 5.9e-05, [0.00019880441], [6.530804], [0.8863233999999999], [9.940221759347222e-05]]
[2400.0, 200.0, 2.7e-05, [0.0007708785799999999], [160.004698], [19.125925999999996], [0.0007708786174230025]]
[2400.0, 1700.0, 3.9e-05, [8.776401333333332e-06], [0.03265402], [0.01865944], [8.776402876850521e-06]]
[2400.0, 2000.0, 5.9e-05, [0.00020065568], [6.530804], [0.8863233999999999], [0.00010032784810310644]]
[2400.0, 600.0, 8.9e-05, [0.000301554265], [6.530804], [0.8863233999999999], [0.0001231090442453356]]
[2400.0, 1900.0, 2.3e-05, [7.843321999999999e-05], [6.530804], [0.8863233999999999], [5.5460650239606816e-05]]
[2400.0, 700.0, 7.1e-05, [0.00039877745], [15.114146399999997], [2.1924842], [0.0003987774198722891]]
[2400.0, 100.0, 3.1e-05, [0.00039641148599999995], [60.643179999999994], [6.530804], [0.00028030518118650607]]
[2400.0, 1800.0, 7.5e-05, [0.0007863396399999999], [43.38319799999999], [5.131346], [0.0007863396937710826]]
[2400.0, 500.0, 3e-05, [0.00010090765849999999], [6.530804], [0.8863233999999999], [0.0001009076672631966]]
[2400.0, 900.0, 3.9e-05, [0.00013178632], [6.530804], [0.8863233999999999], [9.318704818803951e-05]]
[2400.0, 1400.0, 5.6e-05, [0.00039491897], [23.0444084], [2.8455645999999994], [0.00017661311969952853]]
[2400.0, 800.0, 5.7e-05, [0.00019385457999999996], [6.530804], [0.8863233999999999], [0.0001119219856976278]]
[2400.0, 300.0, 3.1e-05, [0.000397638076], [60.643179999999994], [6.530804], [0.0002811726435484078]]
[2400.0, 1000.0, 7e-05, [0.00039413811999999994], [15.114146399999997], [2.1924842], [0.00039413806908239653]]
[2500.0, 400.0, 5.9e-05, [0.00019849448499999997], [6.530804], [0.8863233999999999], [8.103504192631729e-05]]
[2500.0, 1300.0, 4.6e-05, [0.00015660056], [6.530804], [0.8863233999999999], [6.393190191524103e-05]]
[2500.0, 500.0, 4.8e-05, [0.00026839183], [15.114146399999997], [2.1924842], [0.0002683919659751387]]
[2500.0, 900.0, 2.8e-05, [0.000196434237], [23.0444084], [2.8455645999999994], [0.00011341136512713351]]
[2500.0, 1400.0, 4.7e-05, [0.00016018729500000002], [6.530804], [0.8863233999999999], [6.539618356601553e-05]]
[2500.0, 200.0, 4.6e-05, [0.00013333997], [4.711508599999999], [0.7463776], [0.00013333995847081997]]
[2500.0, 1900.0, 2.6e-05, [5.820988222222221e-06], [0.03265402], [0.01865944], [3.360748917124071e-06]]
[2500.0, 1000.0, 2.9e-05, [9.67767895e-05], [6.530804], [0.8863233999999999], [5.587410833740436e-05]]
[2500.0, 1800.0, 4.8e-05, [0.000164071765], [6.530804], [0.8863233999999999], [7.337516400322386e-05]]
[2500.0, 1700.0, 3.7e-05, [0.0002608246], [23.0444084], [2.8455645999999994], [0.00011664431349191438]]
[2500.0, 800.0, 3.1e-05, [0.0001056352165], [6.530804], [0.8863233999999999], [5.2817610841460813e-05]]
[2500.0, 700.0, 1.8e-05, [0.00052431858], [160.004698], [19.125925999999996], [0.0005243186866782453]]
[2500.0, 1600.0, 3.1e-05, [0.000104657383], [6.530804], [0.8863233999999999], [5.2328689979780685e-05]]
[2500.0, 1100.0, 2.4e-05, [0.00030844550199999996], [60.643179999999994], [6.530804], [0.00017808114453810093]]
[2500.0, 600.0, 2.7e-05, [0.00078676192], [160.004698], [19.125925999999996], [0.00045423720133868387]]
[2500.0, 300.0, 1.9e-05, [0.000134625946], [23.0444084], [2.8455645999999994], [0.00013462591789844926]]
[2500.0, 2000.0, 3.1e-05, [8.793615299999999e-05], [4.711508599999999], [0.7463776], [6.218025647261355e-05]]
[2500.0, 1200.0, 2.4e-05, [7.9735066e-05], [6.530804], [0.8863233999999999], [4.6035076001892295e-05]]
[2500.0, 100.0, 3.8e-05, [0.00026311126], [23.0444084], [2.8455645999999994], [0.00015190733023787888]]
[2500.0, 1500.0, 3.7e-05, [0.00026063691999999997], [23.0444084], [2.8455645999999994], [0.000116560382935198]]
[2600.0, 800.0, 2.5e-05, [0.00017289944099999999], [23.0444084], [2.8455645999999994], [7.732297614551577e-05]]
[2600.0, 2000.0, 4.4e-05, [0.00014997081], [6.530804], [0.8863233999999999], [5.6683615489839745e-05]]
[2600.0, 900.0, 1.5e-05, [4.3076826499999996e-05], [4.711508599999999], [0.7463776], [4.3076826426745965e-05]]
[2600.0, 1000.0, 3.1e-05, [0.00010589718649999999], [6.530804], [0.8863233999999999], [4.735865599338731e-05]]
[2600.0, 200.0, 1.6e-05, [0.00011453804499999999], [23.0444084], [2.8455645999999994], [8.099063908872432e-05]]
[2600.0, 1100.0, 3.1e-05, [0.000174072165], [15.114146399999997], [2.1924842], [0.0001740721689415054]]
[2600.0, 1500.0, 2e-05, [6.83845775e-05], [6.530804], [0.8863233999999999], [3.419228881999566e-05]]
[2600.0, 700.0, 1.5e-05, [0.00010378358999999999], [23.0444084], [2.8455645999999994], [5.991947622434629e-05]]
[2600.0, 1800.0, 4.5e-05, [0.00015133977], [6.530804], [0.8863233999999999], [5.7201039304369285e-05]]
[2600.0, 1600.0, 1.5e-05, [5.315310222222222e-06], [0.08396748], [0.03265402], [2.0089989264356895e-06]]
[2600.0, 1400.0, 3.2e-05, [0.000107374925], [6.530804], [0.8863233999999999], [4.801953032360895e-05]]
[2600.0, 1300.0, 3.8e-05, [0.00013042103999999998], [6.530804], [0.8863233999999999], [5.324418033926336e-05]]
[2600.0, 600.0, 1.5e-05, [5.08560935e-05], [6.530804], [0.8863233999999999], [2.9361776938734477e-05]]
[2600.0, 1700.0, 3e-05, [0.00017008060699999998], [15.114146399999997], [2.1924842], [0.00017008062232364978]]
[2600.0, 400.0, 3.3e-05, [0.000344527304], [43.38319799999999], [5.131346], [0.00034452728681484717]]
[2600.0, 300.0, 2.6e-05, [8.653475149999999e-05], [6.530804], [0.8863233999999999], [4.326738029393506e-05]]
[2600.0, 1900.0, 1.5e-05, [0.00010209955299999999], [23.0444084], [2.8455645999999994], [5.8947223149186585e-05]]
[2600.0, 1200.0, 3.6e-05, [0.00012092928500000001], [6.530804], [0.8863233999999999], [4.5706966646234566e-05]]
[2600.0, 100.0, 3.4e-05, [0.000115546135], [6.530804], [0.8863233999999999], [5.777308601329861e-05]]
[2600.0, 500.0, 3e-05, [0.000212231097], [23.0444084], [2.8455645999999994], [9.491264283539891e-05]]
[2700.0, 1400.0, 1.7e-05, [5.633020849999999e-05], [6.530804], [0.8863233999999999], [2.8165105915831385e-05]]
[2700.0, 1000.0, 1.2e-05, [4.1977552999999994e-05], [6.530804], [0.8863233999999999], [2.4235747296091366e-05]]
[2700.0, 800.0, 1.3e-05, [4.4909225e-05], [6.530804], [0.8863233999999999], [2.2454612115331674e-05]]
[2700.0, 900.0, 1.2e-05, [4.1601560499999993e-05], [6.530804], [0.8863233999999999], [2.401866885362301e-05]]
[2700.0, 600.0, 1.1e-05, [3.7652541e-05], [6.530804], [0.8863233999999999], [2.662437023668353e-05]]
[2700.0, 1100.0, 2.9e-05, [9.76873135e-05], [6.530804], [0.8863233999999999], [3.6922343506337724e-05]]
[2700.0, 1300.0, 1.3e-05, [4.55809055e-05], [6.530804], [0.8863233999999999], [2.279044978165196e-05]]
[2700.0, 400.0, 2.2e-05, [0.00022529539599999994], [43.38319799999999], [5.131346], [0.00022529539613582876]]
[2700.0, 1700.0, 1e-05, [6.7762715e-05], [23.0444084], [2.8455645999999994], [3.912282422065155e-05]]
[2700.0, 100.0, 1.1e-05, [2.485666222222222e-06], [0.03265402], [0.01865944], [2.4856663363779275e-06]]
[2700.0, 2000.0, 1.9e-05, [5.4644112999999996e-05], [4.711508599999999], [0.7463776], [5.464411086750337e-05]]
[2700.0, 1200.0, 1.6e-05, [0.00011465957699999999], [23.0444084], [2.8455645999999994], [6.619873888526881e-05]]
[2700.0, 700.0, 1.3e-05, [4.541506399999999e-05], [6.530804], [0.8863233999999999], [2.2707529709327696e-05]]
[2700.0, 300.0, 2.1e-05, [7.25295685e-05], [6.530804], [0.8863233999999999], [3.626478640499623e-05]]
[2700.0, 1800.0, 1.3e-05, [8.963118399999999e-05], [23.0444084], [2.8455645999999994], [4.481559295602369e-05]]
[2700.0, 200.0, 2e-05, [0.000111575185], [15.114146399999997], [2.1924842], [0.00011157517860169438]]
[2700.0, 1500.0, 1.9e-05, [0.000133632093], [23.0444084], [2.8455645999999994], [5.45550739803366e-05]]
[2700.0, 500.0, 1.1e-05, [2.4669682444444444e-06], [0.03265402], [0.01865944], [1.7444095679457676e-06]]
[2700.0, 1900.0, 2e-05, [0.00011342364899999998], [15.114146399999997], [2.1924842], [0.000113423655248806]]
[2700.0, 1600.0, 1e-05, [2.80449695e-05], [4.711508599999999], [0.7463776], [2.8044965849506752e-05]]
[2800.0, 1500.0, 1.3e-05, [3.6072797499999994e-05], [4.711508599999999], [0.7463776], [3.607280177987288e-05]]
[2800.0, 200.0, 7e-06, [7.290332999999999e-05], [43.38319799999999], [5.131346], [7.290335364028187e-05]]
[2800.0, 400.0, 1.2e-05, [0.000146833104], [60.643179999999994], [6.530804], [0.0001468331240558478]]
[2800.0, 900.0, 1.3e-05, [7.342837399999999e-05], [15.114146399999997], [2.1924842], [7.342837802920611e-05]]
[2800.0, 600.0, 5e-06, [0.00014300663999999998], [160.004698], [19.125925999999996], [0.00014300663892281363]]
[2800.0, 1200.0, 1.1e-05, [3.604456499999999e-05], [6.530804], [0.8863233999999999], [1.802228325573649e-05]]
[2800.0, 1000.0, 1.3e-05, [3.71688855e-05], [4.711508599999999], [0.7463776], [3.716888241526774e-05]]
[2800.0, 1400.0, 1.3e-05, [3.6752228999999996e-05], [4.711508599999999], [0.7463776], [2.5987753332098563e-05]]
[2800.0, 800.0, 8e-06, [2.7299367e-05], [6.530804], [0.8863233999999999], [1.576129436309087e-05]]
[2800.0, 100.0, 5e-06, [4.782619999999999e-05], [43.38319799999999], [5.131346], [4.782619800904103e-05]]
[2800.0, 1100.0, 1.3e-05, [9.1049295e-05], [23.0444084], [2.8455645999999994], [4.0718484426609e-05]]
[2800.0, 1300.0, 8e-06, [2.7490876499999997e-05], [6.530804], [0.8863233999999999], [1.5871866556898718e-05]]
[2800.0, 2000.0, 1.3e-05, [3.6899808499999995e-05], [4.711508599999999], [0.7463776], [3.6899806842312865e-05]]
[2800.0, 500.0, 1e-05, [7.342186499999999e-05], [23.0444084], [2.8455645999999994], [5.19170986670095e-05]]
[2800.0, 1900.0, 1.7e-05, [5.81522685e-05], [6.530804], [0.8863233999999999], [2.0559932082815838e-05]]
[2800.0, 1800.0, 6e-06, [2.020887333333333e-06], [0.08396748], [0.03265402], [9.037683110178183e-07]]
[2800.0, 300.0, 1e-05, [3.5538174e-05], [6.530804], [0.8863233999999999], [2.0517975661599757e-05]]
[2800.0, 700.0, 4e-06, [1.20098065e-05], [6.530804], [0.8863233999999999], [1.2009810697925259e-05]]
[2800.0, 1600.0, 1.9e-05, [0.00024454165799999995], [60.643179999999994], [6.530804], [0.00010936238556286157]]
[2800.0, 1700.0, 1.3e-05, [4.5417548e-05], [6.530804], [0.8863233999999999], [2.031134089000527e-05]]
[2900.0, 1300.0, 5e-06, [1.74949615e-05], [6.530804], [0.8863233999999999], [1.0100719132814258e-05]]
[2900.0, 900.0, 9e-06, [3.1617594e-05], [6.530804], [0.8863233999999999], [1.5808798657709572e-05]]
[2900.0, 1600.0, 8e-06, [2.83235225e-05], [6.530804], [0.8863233999999999], [1.1563031263470665e-05]]
[2900.0, 2000.0, 5e-06, [3.5595489999999994e-05], [23.0444084], [2.8455645999999994], [2.0551063086857573e-05]]
[2900.0, 1200.0, 8e-06, [2.3778687999999997e-05], [4.711508599999999], [0.7463776], [2.3778691017379404e-05]]
[2900.0, 1700.0, 6e-06, [2.3010191555555556e-06], [0.08396748], [0.03265402], [6.937833970161787e-07]]
[2900.0, 1100.0, 1.2e-05, [3.9635762e-05], [6.530804], [0.8863233999999999], [1.772565249856828e-05]]
[2900.0, 800.0, 3e-06, [9.365639099999999e-06], [6.530804], [0.8863233999999999], [6.622505430348849e-06]]
[2900.0, 600.0, 2e-06, [1.1847237899999998e-05], [23.0444084], [2.8455645999999994], [1.184723503185448e-05]]
[2900.0, 100.0, 3e-06, [0.000187581744], [494.47515999999996], [51.31345999999999], [0.00018758175075417118]]
[2900.0, 400.0, 4e-06, [1.0193671555555555e-06], [0.03265402], [0.01865944], [1.0193672576289303e-06]]
[2900.0, 1000.0, 4e-06, [3.0609665e-05], [23.0444084], [2.8455645999999994], [2.1644295391626867e-05]]
[2900.0, 1400.0, 8e-06, [2.3604221499999996e-05], [4.711508599999999], [0.7463776], [2.3604222741916325e-05]]
[2900.0, 200.0, 7e-06, [4.6571228e-05], [23.0444084], [2.8455645999999994], [4.6571234662611207e-05]]
[2900.0, 500.0, 6e-06, [1.89029525e-05], [6.530804], [0.8863233999999999], [9.451474238181047e-06]]
[2900.0, 1500.0, 3e-06, [2.3522859e-05], [23.0444084], [2.8455645999999994], [2.3522861369314745e-05]]
[2900.0, 1800.0, 7e-06, [2.3208288e-05], [6.530804], [0.8863233999999999], [1.3399311250956146e-05]]
[2900.0, 300.0, 3e-06, [1.0404765555555556e-06], [0.08396748], [0.03265402], [5.202383053188102e-07]]
[2900.0, 700.0, 7e-06, [4.8026322999999994e-05], [23.0444084], [2.8455645999999994], [2.7728014371750456e-05]]
[2900.0, 1900.0, 6e-06, [1.9143072499999998e-05], [6.530804], [0.8863233999999999], [9.571537116628655e-06]]
[3000.0, 1900.0, 3e-06, [6.707249777777777e-07], [0.03265402], [0.01865944], [4.742742358749996e-07]]
[3000.0, 800.0, 3e-06, [8.96344385e-06], [6.530804], [0.8863233999999999], [5.175047277561819e-06]]
[3000.0, 900.0, 4e-06, [3.0331939999999996e-05], [23.0444084], [2.8455645999999994], [1.5165972230622076e-05]]
[3000.0, 1600.0, 6e-06, [5.972442199999999e-05], [43.38319799999999], [5.131346], [5.972440606653195e-05]]
[3000.0, 700.0, 2e-06, [6.037933549999999e-06], [6.530804], [0.8863233999999999], [4.2694638627115694e-06]]
[3000.0, 600.0, 3e-06, [6.65459e-07], [0.03265402], [0.01865944], [6.65459011732726e-07]]
[3000.0, 1300.0, 6e-06, [1.8759949999999996e-05], [6.530804], [0.8863233999999999], [8.389707544068504e-06]]
[3000.0, 500.0, 2e-06, [7.509015849999999e-06], [6.530804], [0.8863233999999999], [5.309675908188747e-06]]
[3000.0, 1500.0, 2e-06, [3.0047296599999998e-05], [60.643179999999994], [6.530804], [2.124664759438533e-05]]
[3000.0, 1800.0, 4e-06, [3.0323475999999996e-05], [23.0444084], [2.8455645999999994], [1.516173363108586e-05]]
[3000.0, 2000.0, 6e-06, [3.0988705e-05], [15.114146399999997], [2.1924842], [3.0988708395155804e-05]]
[3000.0, 100.0, 6e-06, [2.02756615e-05], [6.530804], [0.8863233999999999], [1.0137832810813167e-05]]
[3000.0, 1400.0, 5e-06, [3.7542785e-05], [23.0444084], [2.8455645999999994], [1.6789642393451982e-05]]
[3000.0, 1100.0, 2e-06, [1.52876952e-05], [23.0444084], [2.8455645999999994], [1.528769532336382e-05]]
[3000.0, 1200.0, 4e-06, [1.21348115e-05], [6.530804], [0.8863233999999999], [6.067406974977036e-06]]
[3000.0, 1000.0, 6e-06, [1.9068173e-05], [6.530804], [0.8863233999999999], [8.527548157295859e-06]]
[3000.0, 400.0, 3e-06, [1.141159605e-05], [6.530804], [0.8863233999999999], [6.588487400382578e-06]]
[3000.0, 300.0, 6e-06, [6.103210999999999e-05], [43.38319799999999], [5.131346], [6.1032102437979304e-05]]
[3000.0, 1700.0, 7e-06, [2.2818645e-05], [6.530804], [0.8863233999999999], [9.31567080917955e-06]]
[3000.0, 200.0, 2e-06, [6.051327599999999e-05], [160.004698], [19.125925999999996], [6.051327536995498e-05]]
