[200.0, 1800.0, 0.083248, [0.12834161, 0.256683128], [3.8824, 8.096], [0.428071952, 0.98766186], [0.12834160751681428, 0.25668321503362856]]
[200.0, 700.0, 0.060475, [0.767977452, 0.51198506], [103.5, 86.94], [6.6977012, 7.5865132], [0.4433919932520207, 0.36202812443234295]]
[200.0, 2000.0, 0.057717, [3.3440334800000002, 0.25723337999999996], [786.6, 25.392], [50.808656000000006, 2.93968428], [0.9274681484557838, 0.2572333655185501]]
[200.0, 1300.0, 0.111294, [0.12894076, 0.25788152], [1.1500000000000001, 8.096], [0.18400000000000002, 0.98766186], [0.12894075701654617, 0.25788151403309234]]
[200.0, 1400.0, 0.049891, [1.0266187999999998, 0.513309584], [259.90000000000003, 86.94], [15.5177596, 7.5865132], [0.5133094634623445, 0.3629646607591434]]
[200.0, 400.0, 0.055716, [6.721908239999999, 1.5512092400000002], [1968.8, 314.64], [126.311676, 26.476988199999997], [1.8643213783036443, 0.6332785768048687]]
[200.0, 1900.0, 0.058177, [9.791697999999998, 7.73028896], [4057.2, 1996.4], [209.489474, 126.311676], [2.246369484123215, 1.9959522447192968]]
[200.0, 1700.0, 0.086072, [0.7737964520000001, 0.515864332], [103.5, 25.392], [6.6977012, 2.93968428], [0.44675165897845304, 0.3647711247344011]]
[200.0, 500.0, 0.087263, [0.128588492, 0.128588492], [3.8824, 1.8078], [0.428071952, 0.304713108], [0.1285885138727406, 0.1285885056449448]]
[200.0, 1500.0, 0.064547, [1.5429430400000002, 0.514314316], [259.90000000000003, 86.94], [15.5177596, 7.5865132], [0.6299037843988556, 0.36367519706463347]]
[200.0, 100.0, 0.074226, [56.12283359999999, 0.257444152], [25530.0, 8.096], [1383.06314, 0.98766186], [5.375591411854142, 0.257444177156913]]
[200.0, 600.0, 0.062708, [1.0290936, 5.14546984], [259.90000000000003, 874.0], [15.5177596, 74.882572], [0.5145468788749962, 1.6271402042110568]]
[200.0, 1000.0, 0.082736, [1.807938, 8.78141288], [259.90000000000003, 1996.4], [15.5177596, 126.311676], [0.68333621639717, 2.129805365004042]]
[200.0, 1200.0, 0.06131, [0.25834372800000005, 5.683561279999999], [14.352, 1996.4], [1.25133524, 126.311676], [0.18267659324609706, 1.7136585907817228]]
[200.0, 300.0, 0.094523, [0.129515944, 3.10838376], [1.1500000000000001, 874.0], [0.18400000000000002, 74.882572], [0.12951596329410517, 1.2689919877446034]]
[200.0, 1600.0, 0.083415, [0.128605512, 0.257211116], [3.8824, 8.096], [0.428071952, 0.98766186], [0.12860551960160962, 0.2572110721100474]]
[200.0, 900.0, 0.120314, [0.25775276599999997, 0.5155055319999999], [3.8824, 25.392], [0.428071952, 2.93968428], [0.1822587106286007, 0.3645174212572014]]
[200.0, 800.0, 0.05766, [28.800931199999997, 4.11442032], [9476.0, 874.0], [553.91314, 74.882572], [3.8486875834756966, 1.4546672740114832]]
[200.0, 1100.0, 0.059521, [0.128857914, 1.2885786799999999], [3.8824, 314.64], [0.428071952, 26.476988199999997], [0.12885789770130504, 0.5762700373956641]]
[200.0, 200.0, 0.142339, [0.515066048, 0.515065956], [43.37799999999999, 8.096], [3.22984216, 0.98766186], [0.36420672481435595, 0.36420672481435595]]
[300.0, 2000.0, 0.023684, [4.55141296, 1.7067799520000002], [4057.2, 874.0], [209.489474, 74.882572], [0.9290531527528444, 0.5689266015506745]]
[300.0, 400.0, 0.032864, [0.188606808, 0.188606808], [43.37799999999999, 25.392], [3.22984216, 2.93968428], [0.13336519408001474, 0.13336519408001474]]
[300.0, 1000.0, 0.042682, [0.094530506, 3.5921602399999997], [3.8824, 1996.4], [0.428071952, 126.311676], [0.06684316015868788, 0.8240979790291929]]
[300.0, 200.0, 0.033318, [1.4189896000000002, 0.047299638000000005], [786.6, 1.8078], [50.808656000000006, 0.304713108], [0.36638138031291934, 0.04729963281041408]]
[300.0, 1600.0, 0.063734, [0.047420526, 0.094841052], [0.35742, 8.096], [0.090960262, 0.98766186], [0.04742051180660116, 0.09484106823523236]]
[300.0, 1300.0, 0.032901, [0.094470522, 0.047235283999999995], [14.352, 1.8078], [1.25133524, 0.304713108], [0.06680075906754354, 0.04723525852580887]]
[300.0, 800.0, 0.071349, [0.09458059999999999, 0.18916119999999997], [1.1500000000000001, 25.392], [0.18400000000000002, 2.93968428], [0.06687857405776532, 0.13375714811553063]]
[300.0, 700.0, 0.024775, [0.047040566000000006, 0.658568016], [3.8824, 314.64], [0.428071952, 26.476988199999997], [0.04704059502174691, 0.24891536389704833]]
[300.0, 300.0, 0.045359, [6.5970808000000005, 0.282732008], [4057.2, 25.392], [209.489474, 2.93968428], [1.1151099846024157, 0.1632353798905127]]
[300.0, 900.0, 0.041138, [0.188875816, 2.8331381600000003], [14.352, 1996.4], [1.25133524, 126.311676], [0.09443792157814572, 0.7315130528978959]]
[300.0, 600.0, 0.034664, [1.5971144800000001, 0.046973957999999996], [786.6, 1.8078], [50.808656000000006, 0.304713108], [0.3873571478622797, 0.04697395133475574]]
[300.0, 1400.0, 0.037929, [5.86671488, 0.473122144], [4057.2, 86.94], [209.489474, 7.5865132], [1.0536931539684598, 0.21158667958073354]]
[300.0, 500.0, 0.027277, [5.64455144, 3.01042768], [4057.2, 1996.4], [209.489474, 126.311676], [1.03054916063233, 0.7526067858317514]]
[300.0, 1200.0, 0.045227, [6.44115, 0.28416831200000003], [4057.2, 25.392], [209.489474, 2.93968428], [1.1046479498555184, 0.1640646604238707]]
[300.0, 100.0, 0.028519, [0.56528986, 3.39173824], [259.90000000000003, 1996.4], [15.5177596, 126.311676], [0.23077858458704525, 0.7994405099568073]]
[300.0, 1100.0, 0.030132, [1.60334656, 2.07492016], [786.6, 874.0], [50.808656000000006, 74.882572], [0.3888686663643652, 0.6256116351859194]]
[300.0, 1900.0, 0.042487, [0.047122538, 0.18849006], [1.1500000000000001, 25.392], [0.18400000000000002, 2.93968428], [0.04712252663005243, 0.13328260075493725]]
[300.0, 1500.0, 0.022828, [0.046956017999999995, 2.25388776], [3.8824, 1996.4], [0.428071952, 126.311676], [0.04695599697589222, 0.6506415359627757]]
[300.0, 1700.0, 0.038452, [0.046833152, 0.280998912], [1.1500000000000001, 86.94], [0.18400000000000002, 7.5865132], [0.046833150993713844, 0.16223482008496204]]
[300.0, 1800.0, 0.032593, [3.3825161599999998, 0.18791763600000003], [1968.8, 25.392], [126.311676, 2.93968428], [0.7972667131142501, 0.1328778138290964]]
[400.0, 900.0, 0.01807, [0.21480068, 0.042960136], [103.5, 8.096], [6.6977012, 0.98766186], [0.09606179019776803, 0.04296012873351289]]
[400.0, 1200.0, 0.035665, [0.0107179816, 0.0428719264], [0.09706000000000001, 1.8078], [0.0328924104, 0.304713108], [0.010717980257492547, 0.03031502957280431]]
[400.0, 1500.0, 0.0246, [1.629350176, 0.08575527919999999], [1968.8, 8.096], [126.311676, 0.98766186], [0.3737985700133161, 0.06063813450956419]]
[400.0, 200.0, 0.029909, [0.021473802800000004, 0.08589521120000002], [0.35742, 25.392], [0.090960262, 2.93968428], [0.021473798220156583, 0.060737073357217335]]
[400.0, 1600.0, 0.019657, [2.67947056, 0.172869104], [1968.8, 86.94], [126.311676, 7.5865132], [0.48124731291925155, 0.08643457530409922]]
[400.0, 500.0, 0.01718, [0.064426358, 0.171803652], [14.352, 86.94], [1.25133524, 7.5865132], [0.037196582450542415, 0.08590182427864963]]
[400.0, 1700.0, 0.028323, [0.010739597, 0.042958388], [0.09706000000000001, 8.096], [0.0328924104, 0.98766186], [0.010739598730865134, 0.042958394923460534]]
[400.0, 300.0, 0.015983, [0.301967552, 1.9843572], [259.90000000000003, 1996.4], [15.5177596, 126.311676], [0.11413299897926103, 0.41376723589960573]]
[400.0, 1300.0, 0.013858, [644.3541999999999], [791200.0], [37086.3868], [83.18578875024266]]
[400.0, 1400.0, 0.014865, [691.18404], [786600.0], [37086.3868], [86.39799303224584]]
[400.0, 1100.0, 0.014412, [670.11926], [786600.0], [37086.3868], [85.1052214614356]]
[400.0, 800.0, 0.018785, [0.021623427, 1.72987416], [1.1500000000000001, 1996.4], [0.18400000000000002, 126.311676], [0.02162342526058256, 0.3868115903123897]]
[400.0, 100.0, 0.030365, [0.0216239054, 0.0216239008], [0.35742, 1.8078], [0.090960262, 0.304713108], [0.021623899861033392, 0.021623899861033392]]
[400.0, 1000.0, 0.018494, [0.021633823, 0.389408676], [1.1500000000000001, 314.64], [0.18400000000000002, 26.476988199999997], [0.021633815160530517, 0.12980290400449443]]
[400.0, 400.0, 0.01797, [0.0431337814, 0.0431337768], [3.8824, 25.392], [0.428071952, 2.93968428], [0.03050019237972115, 0.043133785718390175]]
[400.0, 1800.0, 0.020982, [0.04304165720000001, 0.0215208332], [3.8824, 1.8078], [0.428071952, 0.304713108], [0.03043505102344992, 0.021520828506356348]]
[400.0, 2000.0, 0.01904, [0.2591985, 0.34559799999999996], [103.5, 314.64], [6.6977012, 26.476988199999997], [0.10581735857599167, 0.12218736091756792]]
[400.0, 600.0, 0.02213, [0.172533212, 0.0862665784], [43.37799999999999, 25.392], [3.22984216, 2.93968428], [0.08626660010919637, 0.06099969098938125]]
[400.0, 700.0, 0.016767, [0.8653278040000001, 0.0865327804], [786.6, 25.392], [50.808656000000006, 2.93968428], [0.19349316994664179, 0.061187919788141185]]
[400.0, 1900.0, 0.027764, [0.0107674477, 0.38762801599999996], [0.09706000000000001, 314.64], [0.0328924104, 26.476988199999997], [0.010767444534335898, 0.12920934096264095]]
[500.0, 1700.0, 0.014981, [0.0055615495, 0.022246198], [0.09706000000000001, 8.096], [0.0328924104, 0.98766186], [0.005561548385117224, 0.02224619924751192]]
[500.0, 1100.0, 0.015004, [0.005569997399999999, 0.0222799988], [0.09706000000000001, 8.096], [0.0328924104, 0.98766186], [0.005569998852782647, 0.022279995411130588]]
[500.0, 300.0, 0.016311, [0.15523067999999998, 0.0221758042], [103.5, 1.8078], [6.6977012, 0.304713108], [0.058671675524055056, 0.015680663901761302]]
[500.0, 1300.0, 0.017581, [2.3567290400000003, 0.011116645199999999], [4057.2, 0.31418], [209.489474, 0.093860286], [0.32372163291321765, 0.011116648795387934]]
[500.0, 1800.0, 0.011407, [0.0221268878, 0.11063441599999999], [3.8824, 86.94], [0.428071952, 7.5865132], [0.015646066764525835, 0.0494772202291115]]
[500.0, 1400.0, 0.008029, [1.726786088, 0.199244492], [4057.2, 314.64], [209.489474, 26.476988199999997], [0.27650706754077736, 0.06641484396729394]]
[500.0, 600.0, 0.017091, [2.04970848, 0.0111397234], [4057.2, 0.31418], [209.489474, 0.093860286], [0.30221298439345723, 0.011139716581672982]]
[500.0, 1900.0, 0.010144, [0.600891192, 0.022255232399999998], [786.6, 8.096], [50.808656000000006, 0.98766186], [0.1156415481044767, 0.022255225957064556]]
[500.0, 1200.0, 0.013857, [0.5338075520000001, 0.044483968799999996], [786.6, 8.096], [50.808656000000006, 0.98766186], [0.10896303828363084, 0.031454919742386886]]
[500.0, 800.0, 0.015943, [0.0112140778, 0.0112140686], [0.35742, 1.8078], [0.090960262, 0.304713108], [0.011214073561378131, 0.011214072617920753]]
[500.0, 1000.0, 0.012157, [2.2167216, 0.0665016756], [4057.2, 25.392], [209.489474, 2.93968428], [0.31349188656805776, 0.03839475362077481]]
[500.0, 2000.0, 0.009304, [1.20599764, 0.022333294400000002], [1968.8, 8.096], [126.311676, 0.98766186], [0.2320943208266846, 0.022333289452295197]]
[500.0, 700.0, 0.014608, [0.005541114, 0.199480104], [0.09706000000000001, 314.64], [0.0328924104, 26.476988199999997], [0.005541114347313183, 0.06649337153130379]]
[500.0, 100.0, 0.016461, [0.0055907733, 0.13417859599999998], [0.09706000000000001, 86.94], [0.0328924104, 7.5865132], [0.005590774409686014, 0.054778178282962275]]
[500.0, 200.0, 0.010597, [2.31396376, 0.011124824000000002], [4057.2, 1.8078], [209.489474, 0.304713108], [0.32088903662169577, 0.01112482491907176]]
[500.0, 1500.0, 0.009594, [446.08707], [791200.0], [37086.3868], [49.87405618154593]]
[500.0, 900.0, 0.01434, [2.2639728, 0.04439161], [4057.2, 8.096], [209.489474, 0.98766186], [0.3170195586647612, 0.03138961265132146]]
[500.0, 1600.0, 0.011509, [0.22228497200000003, 0.333427504], [259.90000000000003, 314.64], [15.5177596, 26.476988199999997], [0.07029269015765438, 0.08609060930902976]]
[500.0, 500.0, 0.01047, [2.2698055999999998, 0.0111264984], [4057.2, 1.8078], [209.489474, 0.304713108], [0.3178364998548782, 0.011126500501056026]]
[500.0, 400.0, 0.013298, [0.0890328252, 0.06677461200000001], [43.37799999999999, 25.392], [3.22984216, 2.93968428], [0.04451641295522361, 0.03855234724890302]]
[600.0, 200.0, 0.007888, [0.061931318, 0.061931318], [43.37799999999999, 86.94], [3.22984216, 7.5865132], [0.027696524746617577, 0.027696524746617577]]
[600.0, 1400.0, 0.008477, [0.0031134134, 0.049814605199999994], [0.09706000000000001, 86.94], [0.0328924104, 7.5865132], [0.0031134134161720315, 0.024907307329376252]]
[600.0, 1900.0, 0.009064, [0.0061785222, 0.061785212799999996], [0.35742, 86.94], [0.090960262, 7.5865132], [0.006178520955698054, 0.027631187246298337]]
[600.0, 100.0, 0.005454, [1.133869088, 0.006162330200000001], [4057.2, 1.8078], [209.489474, 0.304713108], [0.1671798827897663, 0.006162331415949649]]
[600.0, 800.0, 0.011035, [0.842524776, 0.037170208], [1968.8, 8.096], [126.311676, 0.98766186], [0.14449181541942088, 0.021460232054663343]]
[600.0, 1200.0, 0.012582, [0.18553594, 0.0494762476], [103.5, 86.94], [6.6977012, 7.5865132], [0.04790517829212203, 0.024738127696331425]]
[600.0, 600.0, 0.008497, [0.0030986796, 0.347052152], [0.09706000000000001, 874.0], [0.0328924104, 74.882572], [0.0030986804949849215, 0.09275359515619866]]
[600.0, 1600.0, 0.005907, [0.0246236666, 0.0492473424], [14.352, 86.94], [1.25133524, 7.5865132], [0.012311837053827506, 0.02462367410765501]]
[600.0, 400.0, 0.008569, [0.0031035831999999997, 0.006207166399999999], [0.09706000000000001, 1.8078], [0.0328924104, 0.304713108], [0.003103583047060285, 0.00620716609412057]]
[600.0, 500.0, 0.01131, [0.0864248184, 0.037039209200000006], [103.5, 8.096], [6.6977012, 0.98766186], [0.03266550657804039, 0.02138459604855794]]
[600.0, 1100.0, 0.006208, [0.147962772, 0.0493209424], [259.90000000000003, 86.94], [15.5177596, 7.5865132], [0.04271318351984549, 0.024660467431093024]]
[600.0, 300.0, 0.008301, [0.110471208, 0.0613728964], [103.5, 86.94], [6.6977012, 7.5865132], [0.03682373984266129, 0.027446799612340964]]
[600.0, 1700.0, 0.009625, [0.197941404, 0.024742673200000002], [259.90000000000003, 8.096], [15.5177596, 0.98766186], [0.049485336769592665, 0.017495710413698556]]
[600.0, 1500.0, 0.006906, [321.08712999999995], [791200.0], [37086.3868], [31.485177083827875]]
[600.0, 1800.0, 0.008396, [0.0030832259, 0.0493316236], [0.09706000000000001, 86.94], [0.0328924104, 7.5865132], [0.0030832261366951345, 0.024665810809296338]]
[600.0, 1000.0, 0.008695, [0.08694998200000001, 0.024842852000000002], [103.5, 8.096], [6.6977012, 0.98766186], [0.032864004552093165, 0.017566548997455363]]
[600.0, 2000.0, 0.009664, [0.012316371199999999, 0.006158185599999999], [1.1500000000000001, 1.8078], [0.18400000000000002, 0.304713108], [0.008708988191518002, 0.006158185466515279]]
[600.0, 700.0, 0.009847, [0.0185998608, 0.024799814400000002], [3.8824, 8.096], [0.428071952, 0.98766186], [0.01073863374363797, 0.017536114666595905]]
[600.0, 1300.0, 0.009908, [0.358504772, 0.0061811166], [786.6, 0.31418], [50.808656000000006, 0.093860286], [0.06657266466050461, 0.00618111638460238]]
[600.0, 900.0, 0.007369, [0.08705380399999998, 0.1865438], [103.5, 314.64], [6.6977012, 26.476988199999997], [0.032903244046750164, 0.04816541363260571]]
[700.0, 2000.0, 0.005279, [0.0036025240399999996, 0.09366566], [0.35742, 314.64], [0.090960262, 26.476988199999997], [0.003602524588673893, 0.02597817245920121]]
[700.0, 100.0, 0.00539, [0.0018061281299999999, 0.043347069599999996], [0.09706000000000001, 86.94], [0.0328924104, 7.5865132], [0.0018061280691025207, 0.017696369195967853]]
[700.0, 1000.0, 0.007311, [0.0018026516799999998, 0.0216318312], [0.09706000000000001, 8.096], [0.0328924104, 0.98766186], [0.0018026521999542785, 0.01248913808395119]]
[700.0, 600.0, 0.004291, [0.25921690000000003, 0.0360023508], [786.6, 86.94], [50.808656000000006, 7.5865132], [0.04320281209365891, 0.016100738611628973]]
[700.0, 1400.0, 0.005142, [0.043574742, 0.07988704079999999], [43.37799999999999, 314.64], [3.22984216, 26.476988199999997], [0.017789315170629812, 0.024086849241858097]]
[700.0, 1900.0, 0.004309, [200.36006099999997], [791200.0], [37086.3868], [19.017336890321943]]
[700.0, 200.0, 0.003525, [0.007197698200000001, 0.0035988491000000004], [3.8824, 1.8078], [0.428071952, 0.304713108], [0.0050895419440260044, 0.0035988490337884415]]
[700.0, 400.0, 0.009478, [0.0036005327000000003, 0.021603191600000002], [0.09706000000000001, 25.392], [0.0328924104, 2.93968428], [0.0025459607911356374, 0.01247260799031221]]
[700.0, 1300.0, 0.006065, [0.0433159368, 0.014438645599999998], [43.37799999999999, 8.096], [3.22984216, 0.98766186], [0.01768365885217197, 0.010209666580256183]]
[700.0, 1100.0, 0.006493, [0.11523607200000001, 0.00360112748], [259.90000000000003, 0.31418], [15.5177596, 0.093860286], [0.02880901961261438, 0.0036011272679537442]]
[700.0, 800.0, 0.006643, [0.144775984, 0.0072387992], [259.90000000000003, 1.8078], [15.5177596, 0.304713108], [0.03237290321240899, 0.005118605431169705]]
[700.0, 1500.0, 0.005134, [0.00362674028, 0.00725348056], [0.35742, 8.096], [0.090960262, 0.98766186], [0.003626739887005959, 0.0072534803574559985]]
[700.0, 1600.0, 0.005357, [0.28815071600000003, 0.144075404], [786.6, 314.64], [50.808656000000006, 26.476988199999997], [0.045560634920949035, 0.032216227339649815]]
[700.0, 1800.0, 0.005436, [0.00180601681, 0.0216722008], [0.09706000000000001, 25.392], [0.0328924104, 2.93968428], [0.001806016913265211, 0.012512453227085408]]
[700.0, 1200.0, 0.010709, [0.280617112, 0.007195310800000001], [786.6, 0.31418], [50.808656000000006, 0.093860286], [0.04493469684775897, 0.005087853700726859]]
[700.0, 700.0, 0.004291, [0.093512112, 0.10789861199999999], [259.90000000000003, 314.64], [15.5177596, 26.476988199999997], [0.0259355946667895, 0.02785929836302415]]
[700.0, 900.0, 0.005071, [0.0018142515, 0.087084072], [0.09706000000000001, 314.64], [0.0328924104, 26.476988199999997], [0.0018142514591423097, 0.025139002946019957]]
[700.0, 300.0, 0.00386, [0.562799696, 0.007215380600000001], [1968.8, 8.096], [126.311676, 0.98766186], [0.09012007442518011, 0.007215381757329269]]
[700.0, 500.0, 0.005667, [0.0018082298700000002, 0.0506304428], [0.09706000000000001, 86.94], [0.0328924104, 7.5865132], [0.0018082298089568151, 0.019136506435606267]]
[700.0, 1700.0, 0.005019, [0.0018080621999999999, 0.00361612532], [0.09706000000000001, 1.8078], [0.0328924104, 0.304713108], [0.0018080624618635277, 0.003616125216305431]]
[800.0, 300.0, 0.00388, [0.0827740008, 0.004356525680000001], [259.90000000000003, 1.8078], [15.5177596, 0.304713108], [0.018989658023250446, 0.0030805290220999376]]
[800.0, 100.0, 0.003117, [0.08322242719999999, 0.09636282399999999], [259.90000000000003, 874.0], [15.5177596, 74.882572], [0.01909253592794839, 0.029054485610314977]]
[800.0, 1800.0, 0.003978, [0.09600963600000001, 0.0305485264], [259.90000000000003, 86.94], [15.5177596, 7.5865132], [0.020469328078859844, 0.011546260236111086]]
[800.0, 800.0, 0.003321, [0.00110047134, 0.0132056524], [0.09706000000000001, 25.392], [0.0328924104, 2.93968428], [0.00110047128767633, 0.007624287619968177]]
[800.0, 400.0, 0.003823, [0.043762054, 0.0043762053999999995], [103.5, 1.8078], [6.6977012, 0.304713108], [0.01383877565682745, 0.0030944443094035475]]
[800.0, 200.0, 0.002697, [0.0218980056, 0.0021898000999999996], [43.37799999999999, 1.8078], [3.22984216, 0.304713108], [0.009793083461300632, 0.002189800032879715]]
[800.0, 1700.0, 0.003275, [0.6370431440000001, 0.00872661768], [4057.2, 8.096], [209.489474, 0.98766186], [0.07456024197385629, 0.006170650621125782]]
[800.0, 600.0, 0.002979, [138.49410899999998], [791200.0], [37086.3868], [12.289365113788426]]
[800.0, 1600.0, 0.003522, [163.73081299999998], [791200.0], [37086.3868], [13.36856674067942]]
[800.0, 1000.0, 0.002639, [0.0218135312, 0.00436270716], [43.37799999999999, 8.096], [3.22984216, 0.98766186], [0.009755310570145885, 0.004362707515293685]]
[800.0, 1100.0, 0.003278, [0.01535572, 0.193043416], [14.352, 1996.4], [1.25133524, 126.311676], [0.005803918638299473, 0.04115698328303473]]
[800.0, 1500.0, 0.003188, [148.22129199999998], [791200.0], [37086.3868], [12.709871588651083]]
[800.0, 1400.0, 0.003835, [0.09590908000000001, 0.026157016800000002], [259.90000000000003, 86.94], [15.5177596, 7.5865132], [0.020447881173363658, 0.010678556951198978]]
[800.0, 1200.0, 0.003545, [0.513871152, 0.0130645152], [1968.8, 25.392], [126.311676, 2.93968428], [0.0669003099783551, 0.00754280390518009]]
[800.0, 900.0, 0.003142, [146.096575], [791200.0], [37086.3868], [12.620823261578463]]
[800.0, 1300.0, 0.003345, [155.51277499999998], [786600.0], [37086.3868], [13.050342685155819]]
[800.0, 2000.0, 0.003142, [0.19163507999999999, 0.287452712], [786.6, 1996.4], [50.808656000000006, 126.311676], [0.028890078715019103, 0.05003908332333837]]
[800.0, 500.0, 0.003273, [0.00109404468, 0.026257066800000003], [0.09706000000000001, 86.94], [0.0328924104, 7.5865132], [0.0010940445082353826, 0.010719401625090833]]
[800.0, 1900.0, 0.006571, [0.0065044276, 0.0043362866], [3.8824, 0.31418], [0.428071952, 0.093860286], [0.003755333901000016, 0.003066217290408493]]
[800.0, 700.0, 0.004703, [0.0482512308, 0.013159422399999999], [103.5, 8.096], [6.6977012, 0.98766186], [0.014548292523866845, 0.007597599298725881]]
[900.0, 200.0, 0.002609, [0.00135699218, 0.00135699172], [0.35742, 0.31418], [0.090960262, 0.093860286], [0.0013569915796348923, 0.0013569918135346284]]
[900.0, 1100.0, 0.002566, [0.0354922476, 0.0163810416], [103.5, 86.94], [6.6977012, 7.5865132], [0.009843780745221829, 0.006687531195291727]]
[900.0, 300.0, 0.002549, [0.05658654119999999, 0.0026945976600000004], [259.90000000000003, 1.8078], [15.5177596, 0.304713108], [0.012348192567335513, 0.0019053675320000604]]
[900.0, 1000.0, 0.002369, [0.065453584, 0.016363396], [259.90000000000003, 314.64], [15.5177596, 26.476988199999997], [0.013360655456975156, 0.006680327728487578]]
[900.0, 900.0, 0.00614, [0.00403472118, 0.0053796263999999995], [0.35742, 1.8078], [0.090960262, 0.304713108], [0.002329447448645279, 0.0026898139608530548]]
[900.0, 1600.0, 0.003428, [0.040695951599999995, 0.00813919124], [103.5, 8.096], [6.6977012, 0.98766186], [0.010507652639862053, 0.00469916421675174]]
[900.0, 700.0, 0.00282, [0.0067612088, 0.0135224176], [3.8824, 86.94], [0.428071952, 7.5865132], [0.0030237049525375322, 0.006047410604878753]]
[900.0, 1900.0, 0.002741, [0.0355340156, 0.005466771560000001], [103.5, 8.096], [6.6977012, 0.98766186], [0.00985536446814627, 0.003865592148170834]]
[900.0, 500.0, 0.002313, [107.55605], [791200.0], [37086.3868], [8.556701718536178]]
[900.0, 1400.0, 0.003578, [0.046236062800000005, 0.00135988374], [103.5, 0.31418], [6.6977012, 0.093860286], [0.011213890529160697, 0.0013598841756561474]]
[900.0, 1200.0, 0.002223, [103.36696799999999], [786600.0], [37086.3868], [8.384170412151699]]
[900.0, 1500.0, 0.002195, [102.03489999999998], [791200.0], [37086.3868], [8.303481010997736]]
[900.0, 800.0, 0.003795, [0.00272168798, 0.019051819999999997], [0.35742, 86.94], [0.090960262, 7.5865132], [0.0019245242269194743, 0.007200910583530391]]
[900.0, 400.0, 0.002107, [0.00135785744, 0.00814714372], [0.35742, 25.392], [0.090960262, 2.93968428], [0.0013578572783617578, 0.004703754961304851]]
[900.0, 100.0, 0.002196, [0.043256421999999996, 0.00270352626], [259.90000000000003, 1.8078], [15.5177596, 0.304713108], [0.010814105943627517, 0.0019116816345824952]]
[900.0, 600.0, 0.002233, [0.057248931999999995, 0.013630701600000001], [259.90000000000003, 86.94], [15.5177596, 7.5865132], [0.012492739587456388, 0.006095832803481407]]
[900.0, 1800.0, 0.002621, [0.6001139759999999, 0.00545558068], [4057.2, 8.096], [209.489474, 0.98766186], [0.057218615823873276, 0.003857678591070023]]
[900.0, 2000.0, 0.002336, [108.628011], [786600.0], [37086.3868], [8.614760455172274]]
[900.0, 1700.0, 0.002395, [111.33287999999999], [791200.0], [37086.3868], [8.693637955424645]]
[900.0, 1300.0, 0.002821, [0.151790156, 0.0013552685600000001], [786.6, 0.31418], [50.808656000000006, 0.093860286], [0.020283807319140063, 0.0013552689060109069]]
[1000.0, 1600.0, 0.00201, [0.116975792, 0.0008601162799999999], [786.6, 0.31418], [50.808656000000006, 0.093860286], [0.014185400613306627, 0.0008601162365634077]]
[1000.0, 1400.0, 0.001797, [0.0482719216, 0.0206879664], [259.90000000000003, 314.64], [15.5177596, 26.476988199999997], [0.009122536480606696, 0.0059721018919640005]]
[1000.0, 1500.0, 0.001777, [0.41982654399999997, 0.0034132239199999997], [4057.2, 8.096], [209.489474, 0.98766186], [0.03785448416238161, 0.002413513874167704]]
[1000.0, 700.0, 0.001902, [0.129041316, 0.0103233016], [786.6, 86.94], [50.808656000000006, 7.5865132], [0.014900401911357962, 0.004214470696066114]]
[1000.0, 1900.0, 0.001703, [0.10951643200000001, 0.011978363199999998], [786.6, 86.94], [50.808656000000006, 7.5865132], [0.013689556720361694, 0.0045273956222093075]]
[1000.0, 1800.0, 0.001847, [0.04792128200000001, 0.005134423399999999], [259.90000000000003, 25.392], [15.5177596, 2.93968428], [0.00905627177330716, 0.0029643607796622866]]
[1000.0, 500.0, 0.002257, [0.032718788, 0.005166123839999999], [103.5, 25.392], [6.6977012, 2.93968428], [0.007506204958565946, 0.002982663553269124]]
[1000.0, 1000.0, 0.001735, [0.0447212184, 0.010320284], [259.90000000000003, 86.94], [15.5177596, 7.5865132], [0.008770553542394003, 0.004213237407979759]]
[1000.0, 200.0, 0.001906, [0.041342187200000005, 0.00086129572], [259.90000000000003, 0.31418], [15.5177596, 0.093860286], [0.008438939399711317, 0.0008612956765246184]]
[1000.0, 1100.0, 0.001925, [0.050178327200000004, 0.0051908608], [259.90000000000003, 25.392], [15.5177596, 2.93968428], [0.009317878814408351, 0.002996945717226123]]
[1000.0, 2000.0, 0.002254, [0.05338932959999999, 0.00086111816], [259.90000000000003, 0.31418], [15.5177596, 0.093860286], [0.009589004252788712, 0.0008611181570493099]]
[1000.0, 1700.0, 0.002569, [0.0665297448, 0.00170589068], [259.90000000000003, 1.8078], [15.5177596, 0.304713108], [0.010653286178452168, 0.001206246923146335]]
[1000.0, 800.0, 0.001777, [0.0460461012, 0.01023247], [259.90000000000003, 86.94], [15.5177596, 7.5865132], [0.008861576871866544, 0.00417738762386255]]
[1000.0, 1300.0, 0.00225, [0.05662357120000001, 0.0017158657799999997], [259.90000000000003, 1.8078], [15.5177596, 0.304713108], [0.009856897345513952, 0.001213300293744298]]
[1000.0, 400.0, 0.002872, [0.024026121999999997, 0.0017161518999999998], [103.5, 0.31418], [6.6977012, 0.093860286], [0.006421252024955881, 0.0012135025812910329]]
[1000.0, 300.0, 0.001311, [0.0343013904, 0.018865759200000002], [259.90000000000003, 314.64], [15.5177596, 26.476988199999997], [0.007670022950682743, 0.005688241037086948]]
[1000.0, 600.0, 0.001979, [0.053233003200000004, 0.022323524], [259.90000000000003, 314.64], [15.5177596, 26.476988199999997], [0.009560929310480233, 0.006191429804495888]]
[1000.0, 1200.0, 0.002249, [0.018907978, 0.0034378146], [43.37799999999999, 8.096], [3.22984216, 0.98766186], [0.005700970614904098, 0.002430901674029618]]
[1000.0, 100.0, 0.001387, [0.0362974316, 0.0008642245399999999], [259.90000000000003, 1.8078], [15.5177596, 0.304713108], [0.007920750138212921, 0.0008642246862940215]]
[1000.0, 900.0, 0.001727, [0.046554649600000005, 0.0189667108], [259.90000000000003, 314.64], [15.5177596, 26.476988199999997], [0.00895944634539434, 0.005718677374358516]]
[1100.0, 1300.0, 0.00148, [0.037823591999999996, 0.00444983392], [259.90000000000003, 25.392], [15.5177596, 2.93968428], [0.006486692246746411, 0.002224917241786759]]
[1100.0, 1800.0, 0.001371, [63.742154], [791200.0], [37086.3868], [4.212200559090225]]
[1100.0, 2000.0, 0.001991, [0.0533433756, 0.0022226408799999996], [259.90000000000003, 8.096], [15.5177596, 0.98766186], [0.007699452462610571, 0.0015716441078055807]]
[1100.0, 700.0, 0.00155, [0.0422899252, 0.0600962032], [259.90000000000003, 1996.4], [15.5177596, 126.311676], [0.006860331491699216, 0.011565520486688007]]
[1100.0, 900.0, 0.001313, [0.093090476, 0.00443287832], [786.6, 86.94], [50.808656000000006, 7.5865132], [0.010156999998030915, 0.0022164392470807766]]
[1100.0, 200.0, 0.00089, [0.023271924399999998, 0.0005540934600000001], [259.90000000000003, 1.8078], [15.5177596, 0.304713108], [0.005078349999753857, 0.0005540934386906236]]
[1100.0, 1900.0, 0.001487, [0.0222188832, 0.0022218883200000004], [103.5, 25.392], [6.6977012, 2.93968428], [0.0049682938801967015, 0.0015711124746497307]]
[1100.0, 1500.0, 0.001488, [0.0132569148, 0.00552371404], [43.37799999999999, 86.94], [3.22984216, 7.5865132], [0.003826941241252601, 0.002470279834836531]]
[1100.0, 800.0, 0.001353, [0.036951441200000004, 0.012317143999999999], [259.90000000000003, 314.64], [15.5177596, 26.476988199999997], [0.006432419996237808, 0.0037137597962173053]]
[1100.0, 500.0, 0.001716, [0.0429702836, 0.00055090106], [259.90000000000003, 0.31418], [15.5177596, 0.093860286], [0.006880751284561884, 0.0005509010393891084]]
[1100.0, 1700.0, 0.002036, [0.0287387116, 0.0005526674600000001], [103.5, 0.31418], [6.6977012, 0.093860286], [0.0056361245408525175, 0.0005526675546836453]]
[1100.0, 400.0, 0.001001, [0.0144180928, 0.013309005199999998], [103.5, 314.64], [6.6977012, 26.476988199999997], [0.003998859135303468, 0.003841979922904335]]
[1100.0, 600.0, 0.001642, [0.03885141599999999, 0.0033301212399999996], [259.90000000000003, 8.096], [15.5177596, 0.98766186], [0.006567087339757253, 0.0019226463670680577]]
[1100.0, 1400.0, 0.001502, [0.0222234096, 0.00555585332], [103.5, 86.94], [6.6977012, 7.5865132], [0.004969306568928908, 0.002484653284464454]]
[1100.0, 100.0, 0.000965, [0.025513614799999997, 0.00055464362], [259.90000000000003, 1.8078], [15.5177596, 0.304713108], [0.0053199559832765525, 0.0005546436528078186]]
[1100.0, 1100.0, 0.001485, [0.0011050589200000001, 0.0044202356800000005], [0.35742, 86.94], [0.090960262, 7.5865132], [0.0007813945950670505, 0.0022101176678177114]]
[1100.0, 1000.0, 0.001292, [0.0353892812, 0.0110591544], [259.90000000000003, 314.64], [15.5177596, 26.476988199999997], [0.006256000676470552, 0.003497210316809671]]
[1100.0, 300.0, 0.001329, [0.033395126000000004, 0.00222634204], [259.90000000000003, 8.096], [15.5177596, 0.98766186], [0.006097088562912631, 0.0015742614080259986]]
[1100.0, 1200.0, 0.001478, [0.0005538358600000001, 0.00332301424], [0.09706000000000001, 25.392], [0.0328924104, 2.93968428], [0.0003916209804134605, 0.0019185432594549436]]
[1100.0, 1600.0, 0.001113, [0.0155789672, 0.006676702200000001], [103.5, 86.94], [6.6977012, 7.5865132], [0.004163654114356763, 0.002725751649141939]]
[1200.0, 100.0, 0.000753, [0.0201351292, 0.0230115736], [259.90000000000003, 874.0], [15.5177596, 74.882572], [0.003805181614588192, 0.005752893812612919]]
[1200.0, 1400.0, 0.00125, [0.033054854800000005, 0.0007185839399999999], [259.90000000000003, 1.8078], [15.5177596, 0.304713108], [0.004873672538856093, 0.0005081155502442334]]
[1200.0, 1700.0, 0.00113, [0.029460405599999996, 0.00071854668], [259.90000000000003, 1.8078], [15.5177596, 0.304713108], [0.00460094198355076, 0.0005080891055710602]]
[1200.0, 1800.0, 0.001379, [0.035999756400000006, 0.00035999761], [259.90000000000003, 0.31418], [15.5177596, 0.093860286], [0.00509113486601956, 0.0003599975987697696]]
[1200.0, 700.0, 0.001415, [0.0382166896, 0.00144213956], [259.90000000000003, 8.096], [15.5177596, 0.98766186], [0.0052494663088736935, 0.0010197464429945319]]
[1200.0, 200.0, 0.000655, [0.1599672816, 0.00218137244], [4057.2, 25.392], [209.489474, 2.93968428], [0.015252281535298251, 0.0012594154841036377]]
[1200.0, 1900.0, 0.001244, [0.018013922, 0.00288222752], [103.5, 25.392], [6.6977012, 2.93968428], [0.003602783901374047, 0.0014411135605496188]]
[1200.0, 1200.0, 0.001311, [0.036077450399999995, 0.0101016828], [259.90000000000003, 314.64], [15.5177596, 26.476988199999997], [0.0051021220949718565, 0.0026997893384484647]]
[1200.0, 1100.0, 0.001423, [0.038153964000000005, 0.0007198862], [259.90000000000003, 1.8078], [15.5177596, 0.304713108], [0.005240850071505576, 0.0005090365071387317]]
[1200.0, 1300.0, 0.001295, [0.034702676, 0.00144594468], [259.90000000000003, 8.096], [15.5177596, 0.98766186], [0.005008899424025201, 0.0010224375204382907]]
[1200.0, 2000.0, 0.001061, [0.0151166764, 0.0014396840800000002], [103.5, 8.096], [6.6977012, 0.98766186], [0.0032987305291581484, 0.0010180102435633936]]
[1200.0, 800.0, 0.001076, [0.0158391524, 0.004319768], [103.5, 86.94], [6.6977012, 7.5865132], [0.003376918870212905, 0.001763538254759448]]
[1200.0, 1600.0, 0.001114, [0.030291929199999998, 0.0108185468], [259.90000000000003, 314.64], [15.5177596, 26.476988199999997], [0.004674145991729398, 0.0027933366582637334]]
[1200.0, 1000.0, 0.001017, [0.015197424799999998, 0.0347369736], [103.5, 1996.4], [6.6977012, 126.311676], [0.00331634925543134, 0.007090654329185706]]
[1200.0, 1500.0, 0.001183, [0.0281434716, 0.00108244118], [259.90000000000003, 1.8078], [15.5177596, 0.304713108], [0.004506562505502392, 0.0006249477114127229]]
[1200.0, 300.0, 0.000838, [0.018751081200000002, 0.000360597772], [259.90000000000003, 0.31418], [15.5177596, 0.093860286], [0.0036773897242473497, 0.0003605978113078337]]
[1200.0, 600.0, 0.001595, [0.0187958392, 0.00072291714], [103.5, 0.31418], [6.6977012, 0.093860286], [0.0036861668828201467, 0.0005111794369886176]]
[1200.0, 500.0, 0.001212, [0.014386877200000002, 0.00287737452], [103.5, 8.096], [6.6977012, 0.98766186], [0.003217002032949311, 0.0014386873400429989]]
[1200.0, 900.0, 0.001308, [0.0338356036, 0.000359953266], [259.90000000000003, 0.31418], [15.5177596, 0.093860286], [0.004935430871565319, 0.0003599532773013742]]
[1200.0, 400.0, 0.001083, [0.0007256164200000001, 0.000362808118], [0.35742, 0.31418], [0.090960262, 0.093860286], [0.0005130880910720888, 0.00036280812686597855]]
[1300.0, 1600.0, 0.000736, [0.0194098288, 0.0037872839600000003], [259.90000000000003, 86.94], [15.5177596, 7.5865132], [0.0030313057648478814, 0.0013390071408323407]]
[1300.0, 1700.0, 0.000911, [0.007619967160000001, 0.00142874344], [43.37799999999999, 8.096], [3.22984216, 0.98766186], [0.0019049919080143098, 0.0008248856675200509]]
[1300.0, 900.0, 0.000861, [0.0118250452, 0.00141900524], [103.5, 8.096], [6.6977012, 0.98766186], [0.0023650093767255973, 0.0008192632801731077]]
[1300.0, 200.0, 0.000658, [0.0151349568, 0.0014189022000000002], [259.90000000000003, 8.096], [15.5177596, 0.98766186], [0.0026755085309525736, 0.000819203821768429]]
[1300.0, 1800.0, 0.000955, [0.025182460799999997, 0.00237570404], [259.90000000000003, 25.392], [15.5177596, 2.93968428], [0.0034590764339632626, 0.0010624470539278652]]
[1300.0, 1000.0, 0.000788, [0.0109050268, 0.000237065692], [103.5, 0.31418], [6.6977012, 0.093860286], [0.0022738547731990274, 0.000237065765305748]]
[1300.0, 1400.0, 0.000798, [0.011942096800000001, 0.0023884193600000004], [103.5, 86.94], [6.6977012, 7.5865132], [0.002388419581899294, 0.001068133471060616]]
[1300.0, 1200.0, 0.001021, [0.0271384176, 0.00238056348], [259.90000000000003, 25.392], [15.5177596, 2.93968428], [0.0035945719811960927, 0.0010646200884822717]]
[1300.0, 500.0, 0.000843, [0.00759515476, 0.028481838399999997], [43.37799999999999, 1996.4], [3.22984216, 126.311676], [0.0018987890675901842, 0.005200047695781261]]
[1300.0, 100.0, 0.000588, [0.0052455088000000006, 0.0143059356], [43.37799999999999, 874.0], [3.22984216, 74.882572], [0.0015815803458566373, 0.0036937760547169074]]
[1300.0, 1100.0, 0.000845, [0.021788810800000002, 0.000236834864], [259.90000000000003, 0.31418], [15.5177596, 0.093860286], [0.0032125841461353197, 0.00023683487648570677]]
[1300.0, 2000.0, 0.001055, [0.009528798800000002, 0.0014293202800000002], [43.37799999999999, 25.392], [3.22984216, 2.93968428], [0.002130704507715699, 0.0008252184099739899]]
[1300.0, 1300.0, 0.000888, [0.008080309400000001, 0.001901249], [43.37799999999999, 86.94], [3.22984216, 7.5865132], [0.001959763260804733, 0.0009506249195134745]]
[1300.0, 1500.0, 0.001042, [0.0151617564, 0.00473804968], [103.5, 86.94], [6.6977012, 7.5865132], [0.0026802456490404012, 0.0014983026903800179]]
[1300.0, 600.0, 0.000961, [0.00852815344, 0.0009475724000000001], [43.37799999999999, 8.096], [3.22984216, 0.98766186], [0.002010105050389158, 0.0006700349957427597]]
[1300.0, 300.0, 0.000571, [0.013210703199999998, 0.0023590548], [259.90000000000003, 25.392], [15.5177596, 2.93968428], [0.0024965884575556298, 0.0010550009493834592]]
[1300.0, 1900.0, 0.000825, [0.021827101199999997, 0.00047450242], [259.90000000000003, 1.8078], [15.5177596, 0.304713108], [0.0032182304852200997, 0.00033552369728530356]]
[1300.0, 400.0, 0.00069, [0.0180166176, 0.00094824308], [259.90000000000003, 8.096], [15.5177596, 0.98766186], [0.0029226808707075768, 0.00067050903993906]]
[1300.0, 700.0, 0.001012, [0.0269084084, 0.00236038696], [259.90000000000003, 25.392], [15.5177596, 2.93968428], [0.0035641065977324526, 0.0010555972716902976]]
[1300.0, 800.0, 0.001066, [0.028474312800000002, 0.0023728594], [259.90000000000003, 25.392], [15.5177596, 2.93968428], [0.003676018846524049, 0.0010611752352933986]]
[1400.0, 1100.0, 0.000682, [0.0186004404, 0.00630523564], [259.90000000000003, 314.64], [15.5177596, 26.476988199999997], [0.0024215714250048455, 0.0014098933213544916]]
[1400.0, 400.0, 0.000469, [0.00379809212, 0.00015825384600000003], [43.37799999999999, 0.31418], [3.22984216, 0.093860286], [0.0010964146077100578, 0.0001582538395110842]]
[1400.0, 1500.0, 0.000844, [0.007210260800000001, 0.00470234356], [43.37799999999999, 86.94], [3.22984216, 7.5865132], [0.0015034432714272927, 0.0012141400024708847]]
[1400.0, 1800.0, 0.000826, [0.012186651199999999, 0.0015623918400000001], [103.5, 25.392], [6.6977012, 2.93968428], [0.0019514262677334238, 0.0006987227081468012]]
[1400.0, 1600.0, 0.000822, [0.0225536804, 0.00125298204], [259.90000000000003, 25.392], [15.5177596, 2.93968428], [0.00265797696604015, 0.0006264911564579345]]
[1400.0, 1400.0, 0.000765, [0.0209535888, 0.00250192068], [259.90000000000003, 86.94], [15.5177596, 7.5865132], [0.002559888055677435, 0.0008845625614505737]]
[1400.0, 600.0, 0.00062, [0.00534626628, 0.0015724318], [43.37799999999999, 25.392], [3.22984216, 2.93968428], [0.0012966599585087833, 0.0007032126987476833]]
[1400.0, 1700.0, 0.000735, [0.0199725836, 0.00031207154399999997], [259.90000000000003, 1.8078], [15.5177596, 0.304713108], [0.0024965726929532814, 0.00022066795009697263]]
[1400.0, 900.0, 0.000714, [0.019787783200000002, 0.00439728536], [259.90000000000003, 314.64], [15.5177596, 26.476988199999997], [0.002493026687703122, 0.001175223931002088]]
[1400.0, 100.0, 0.000487, [0.0044073142800000005, 0.0034628901199999997], [43.37799999999999, 314.64], [3.22984216, 26.476988199999997], [0.0011779043512951295, 0.0010441007001242744]]
[1400.0, 700.0, 0.000826, [0.0119090412, 0.00047009378], [103.5, 1.8078], [6.6977012, 0.304713108], [0.0019319012069979147, 0.00027140865409931204]]
[1400.0, 2000.0, 0.000753, [0.0205581084, 0.00124594588], [259.90000000000003, 25.392], [15.5177596, 2.93968428], [0.0025305280248991515, 0.0006229728898114266]]
[1400.0, 800.0, 0.000714, [0.0194671172, 0.000627971484], [259.90000000000003, 8.096], [15.5177596, 0.98766186], [0.0024723262208697296, 0.00044404293450070795]]
[1400.0, 1300.0, 0.000738, [0.00094625082, 0.0009462512800000001], [1.1500000000000001, 8.096], [0.18400000000000002, 0.98766186], [0.0003863053050632362, 0.0005463182791011115]]
[1400.0, 300.0, 0.000428, [0.00531972428, 0.00093877444], [103.5, 8.096], [6.6977012, 0.98766186], [0.0012902225110421846, 0.0005420018199231438]]
[1400.0, 1200.0, 0.000654, [0.018164296, 0.01503252032], [259.90000000000003, 1996.4], [15.5177596, 126.311676], [0.002385088954651377, 0.0030685005370050043]]
[1400.0, 500.0, 0.000561, [0.0144621792, 0.00015719764], [259.90000000000003, 0.31418], [15.5177596, 0.093860286], [0.0021323321707463873, 0.00015719762199219173]]
[1400.0, 1000.0, 0.000687, [0.009967942399999999, 0.00155749008], [103.5, 25.392], [6.6977012, 2.93968428], [0.0017620987945061427, 0.000696530718001726]]
[1400.0, 200.0, 0.000487, [0.00109743396, 0.000156776326], [3.8824, 0.31418], [0.428071952, 0.093860286], [0.0004147910320631342, 0.000156776273842696]]
[1400.0, 1900.0, 0.000685, [0.00973314, 0.00094191716], [103.5, 8.096], [6.6977012, 0.98766186], [0.0017481246797640038, 0.0005438162723567584]]
[1500.0, 1500.0, 0.000559, [0.00490688348, 0.0012267206399999998], [43.37799999999999, 25.392], [3.22984216, 2.93968428], [0.0024534421592529955, 0.001226721252118834]]
[1500.0, 1100.0, 0.00099, [0.0048811198, 0.00122028064], [14.352, 25.392], [1.25133524, 2.93968428], [0.0017257370691968112, 0.0012202803841740632]]
[1500.0, 1800.0, 0.000817, [0.00060814852, 0.026758531199999998], [0.35742, 1996.4], [0.090960262, 126.311676], [0.0006081483578864619, 0.008068000309370346]]
[1500.0, 400.0, 0.000784, [0.00030197137000000004, 0.0024157709600000003], [0.09706000000000001, 86.94], [0.0328924104, 7.5865132], [0.00030197143126461484, 0.0017082081264295636]]
[1500.0, 200.0, 0.000428, [0.0012161236199999999, 0.00060806158], [14.352, 1.8078], [1.25133524, 0.304713108], [0.0008599292461592407, 0.0006080618882975646]]
[1500.0, 500.0, 0.000415, [0.006177228680000001, 0.00370633776], [103.5, 314.64], [6.6977012, 26.476988199999997], [0.0027625404841196445, 0.002139854538981564]]
[1500.0, 1300.0, 0.000714, [0.0097227348, 0.00121534116], [103.5, 8.096], [6.6977012, 0.98766186], [0.0034375046251605246, 0.0012153415895130061]]
[1500.0, 600.0, 0.00056, [0.0006121316599999999, 0.00244852572], [1.1500000000000001, 25.392], [0.18400000000000002, 2.93968428], [0.0006121314215101198, 0.001731369360939485]]
[1500.0, 1000.0, 0.000735, [0.011113738000000001, 0.00987888088], [103.5, 874.0], [6.6977012, 74.882572], [0.0037045796630657034, 0.004939439817307221]]
[1500.0, 2000.0, 0.000811, [0.00369107634, 0.00246071756], [14.352, 25.392], [1.25133524, 2.93968428], [0.0015068760294065335, 0.0017399899949137637]]
[1500.0, 800.0, 0.000694, [0.00618513148, 0.00123702648], [43.37799999999999, 25.392], [3.22984216, 2.93968428], [0.0027660749742550363, 0.0012370261293925848]]
[1500.0, 1700.0, 0.000623, [0.0030059206000000002, 0.00120236824], [14.352, 25.392], [1.25133524, 2.93968428], [0.0013442883570127357, 0.0012023681998456213]]
[1500.0, 1200.0, 0.000504, [0.0355236932, 0.00489982064], [786.6, 314.64], [50.808656000000006, 26.476988199999997], [0.006596584767286781, 0.0024499100783498154]]
[1500.0, 300.0, 0.000784, [0.00030173286, 0.00241386288], [0.09706000000000001, 86.94], [0.0328924104, 7.5865132], [0.0003017328265204169, 0.0017068586219133677]]
[1500.0, 1400.0, 0.000791, [0.0018248913, 0.0012165942000000002], [3.8824, 8.096], [0.428071952, 0.98766186], [0.001053601356301329, 0.0012165941693103744]]
[1500.0, 100.0, 0.000779, [0.00030599591000000004, 0.0012239836400000001], [0.09706000000000001, 314.64], [0.0328924104, 26.476988199999997], [0.00030599596239166293, 0.001223983503810407]]
[1500.0, 900.0, 0.000845, [0.0006193844800000001, 0.008671379960000001], [0.35742, 314.64], [0.090960262, 26.476988199999997], [0.0006193843204344133, 0.0032774733683128532]]
[1500.0, 700.0, 0.000584, [0.00856416684, 0.00244690468], [103.5, 86.94], [6.6977012, 7.5865132], [0.003236950414201614, 0.0017302230898933232]]
[1500.0, 1900.0, 0.000795, [0.00031087214, 0.01492186272], [0.09706000000000001, 1996.4], [0.0328924104, 126.311676], [0.0003108722065415305, 0.006091825694157704]]
[1500.0, 1600.0, 0.00079, [0.019761397599999998, 0.00061754402], [259.90000000000003, 1.8078], [15.5177596, 0.304713108], [0.004940350316323733, 0.0006175437895404667]]
[1600.0, 1500.0, 0.000381, [0.0228260556, 0.000815216232], [786.6, 8.096], [50.808656000000006, 0.98766186], [0.004313719011711356, 0.0008152161478282923]]
[1600.0, 100.0, 0.000384, [0.00485777756, 0.000809629532], [103.5, 8.096], [6.6977012, 0.98766186], [0.001983179237890514, 0.0008096295858230479]]
[1600.0, 1300.0, 0.000648, [0.0016320639, 0.009792384319999998], [3.8824, 1996.4], [0.428071952, 126.311676], [0.0008160319616289548, 0.003997723416145744]]
[1600.0, 900.0, 0.000545, [0.0049017646000000005, 0.00081696092], [43.37799999999999, 25.392], [3.22984216, 2.93968428], [0.0020011372550627305, 0.0008169608288284084]]
[1600.0, 300.0, 0.000449, [0.00400052708, 0.000800105324], [43.37799999999999, 25.392], [3.22984216, 2.93968428], [0.0017890899165776996, 0.0008001052813723955]]
[1600.0, 500.0, 0.000682, [0.00330238416, 0.00041279802], [43.37799999999999, 0.31418], [3.22984216, 0.093860286], [0.0016511918977514394, 0.00041279801288281415]]
[1600.0, 1000.0, 0.000589, [0.00041250362, 0.00165001448], [0.35742, 25.392], [0.090960262, 2.93968428], [0.000412503650262637, 0.0011667366585481063]]
[1600.0, 1200.0, 0.000535, [0.000404776816, 0.0016191070800000002], [0.35742, 314.64], [0.090960262, 26.476988199999997], [0.0004047767902437095, 0.0011448818747801016]]
[1600.0, 1800.0, 0.000456, [0.0112853364, 0.000806095352], [259.90000000000003, 8.096], [15.5177596, 0.98766186], [0.0030161326920412506, 0.0008060953690476084]]
[1600.0, 1100.0, 0.000607, [0.0008138619000000001, 0.000813861992], [1.1500000000000001, 25.392], [0.18400000000000002, 2.93968428], [0.000575487393432732, 0.0008138620767673107]]
[1600.0, 1900.0, 0.000899, [0.00121738954, 0.00162318636], [1.1500000000000001, 86.94], [0.18400000000000002, 7.5865132], [0.0007028602811370124, 0.0011477659099311146]]
[1600.0, 1700.0, 0.000607, [0.0008197508200000001, 0.0032790032800000006], [1.1500000000000001, 314.64], [0.18400000000000002, 26.476988199999997], [0.0005796514739047939, 0.0016395016935642367]]
[1600.0, 800.0, 0.001048, [0.00040375212, 0.000807504424], [0.09706000000000001, 8.096], [0.0328924104, 0.98766186], [0.00028549587877936176, 0.000807504444767953]]
[1600.0, 200.0, 0.000282, [0.013114204400000001, 0.00081963766], [786.6, 8.096], [50.808656000000006, 0.98766186], [0.003278550084412315, 0.000819637650184519]]
[1600.0, 1600.0, 0.000466, [0.0020444516, 0.0016355612800000002], [14.352, 25.392], [1.25133524, 2.93968428], [0.0009143064422828923, 0.0011565161152357541]]
[1600.0, 2000.0, 0.00049, [0.0129735732, 0.00243254532], [259.90000000000003, 86.94], [15.5177596, 7.5865132], [0.0032433934229445555, 0.0014044305493686757]]
[1600.0, 1400.0, 0.000577, [0.008164931, 0.0008164931], [103.5, 8.096], [6.6977012, 0.98766186], [0.002581977664349558, 0.0008164929768712037]]
[1600.0, 700.0, 0.000545, [0.0139231236, 0.00163801492], [259.90000000000003, 25.392], [15.5177596, 2.93968428], [0.003376854955724335, 0.001158251500840815]]
[1600.0, 400.0, 0.00067, [0.009779416, 0.00040747591199999996], [259.90000000000003, 0.31418], [15.5177596, 0.093860286], [0.0028230757286335766, 0.000407475934896774]]
[1600.0, 600.0, 0.000699, [0.010529280399999999, 0.0008099443559999999], [103.5, 25.392], [6.6977012, 2.93968428], [0.002920296513712264, 0.0008099445607694393]]
[1700.0, 900.0, 0.00047, [0.00430725416, 0.001615221], [43.37799999999999, 314.64], [3.22984216, 26.476988199999997], [0.0015228445725023942, 0.0009325478698704963]]
[1700.0, 1500.0, 0.000349, [0.000134145959, 0.00107316804], [0.09706000000000001, 86.94], [0.0328924104, 7.5865132], [0.0001341459694511915, 0.0007588441973422477]]
[1700.0, 1800.0, 0.000357, [0.00321501544, 0.0005358359680000001], [43.37799999999999, 25.392], [3.22984216, 2.93968428], [0.0013125246993485494, 0.0005358359120477089]]
[1700.0, 700.0, 0.000274, [0.00135713754, 0.000542855016], [14.352, 86.94], [1.25133524, 7.5865132], [0.0006069303871120641, 0.000542855041277135]]
[1700.0, 500.0, 0.00032, [0.00433263604, 0.00108315924], [103.5, 25.392], [6.6977012, 2.93968428], [0.0015318182341257072, 0.0007659090894355543]]
[1700.0, 300.0, 0.000198, [0.00026880362200000003, 0.00322564328], [1.1500000000000001, 1996.4], [0.18400000000000002, 126.311676], [0.0002688036282493226, 0.0018623263473408736]]
[1700.0, 800.0, 0.000278, [0.0021636210400000004, 0.0010818105200000002], [43.37799999999999, 25.392], [3.22984216, 2.93968428], [0.0010818104706463143, 0.0007649555197526193]]
[1700.0, 1300.0, 0.000299, [0.00273086452, 0.000546172812], [43.37799999999999, 86.94], [3.22984216, 7.5865132], [0.001221279815275762, 0.0005461729373009981]]
[1700.0, 400.0, 0.000282, [0.00215911212, 0.000269889038], [43.37799999999999, 1.8078], [3.22984216, 0.304713108], [0.0010795560057727436, 0.0002698890210438357]]
[1700.0, 1000.0, 0.000404, [0.00054008094, 0.00324048564], [1.1500000000000001, 314.64], [0.18400000000000002, 26.476988199999997], [0.00038189489784494376, 0.0013229228923864005]]
[1700.0, 2000.0, 0.000275, [0.0013630508399999999, 0.000545220428], [14.352, 86.94], [1.25133524, 7.5865132], [0.0006095749840667676, 0.0005452204407026574]]
[1700.0, 1600.0, 0.000303, [0.00270344024, 0.0010813762800000002], [43.37799999999999, 86.94], [3.22984216, 7.5865132], [0.0012090151218243717, 0.0007646483021101923]]
[1700.0, 1400.0, 0.000363, [0.0032665197999999997, 0.00108884024], [43.37799999999999, 86.94], [3.22984216, 7.5865132], [0.001333551027895071, 0.0007699261182217421]]
[1700.0, 1200.0, 0.00037, [0.000134096187, 0.0005363848400000001], [0.09706000000000001, 8.096], [0.0328924104, 0.98766186], [0.0001340961936819983, 0.0005363847747279932]]
[1700.0, 100.0, 0.000386, [0.000271906828, 0.000543813656], [0.35742, 8.096], [0.090960262, 0.98766186], [0.0002719067743179636, 0.0005438135486359272]]
[1700.0, 1700.0, 0.000364, [0.00545017476, 0.00109003532], [103.5, 86.94], [6.6977012, 7.5865132], [0.0017234966782677592, 0.0007707711463203589]]
[1700.0, 1900.0, 0.000391, [0.000271659256, 0.000271659256], [0.35742, 1.8078], [0.090960262, 0.304713108], [0.0002716592304340127, 0.0002716592693798612]]
[1700.0, 1100.0, 0.000414, [0.00379277176, 0.00541824616], [43.37799999999999, 1996.4], [3.22984216, 126.311676], [0.0014335330062471526, 0.0024231130390470848]]
[1700.0, 600.0, 0.000353, [0.000137860735, 0.00661731528], [0.09706000000000001, 1996.4], [0.0328924104, 126.311676], [0.00013786074140232962, 0.00270150790130253]]
[1700.0, 200.0, 0.000346, [0.00013511294799999998, 0.0016213555599999998], [0.09706000000000001, 314.64], [0.0328924104, 26.476988199999997], [0.00013511297095393913, 0.0009360899409778955]]
[1800.0, 600.0, 0.00014, [0.009771770800000001, 0.0065145108000000005], [786.6, 1996.4], [50.808656000000006, 126.311676], [0.0018805776686965097, 0.0021715040465078578]]
[1800.0, 1800.0, 0.000238, [0.0021417646, 0.00035696082799999997], [43.37799999999999, 25.392], [3.22984216, 2.93968428], [0.000874371746204096, 0.0003569608298959425]]
[1800.0, 400.0, 0.000257, [0.00216062644, 0.00018005218800000002], [43.37799999999999, 1.8078], [3.22984216, 0.304713108], [0.0008820720881197863, 0.00018005219143348407]]
[1800.0, 1300.0, 0.000385, [0.00586720616, 0.000366700316], [103.5, 86.94], [6.6977012, 7.5865132], [0.0014668017338413534, 0.0003667003901825031]]
[1800.0, 1200.0, 0.000267, [0.000361108832, 0.0014444349600000001], [1.1500000000000001, 314.64], [0.18400000000000002, 26.476988199999997], [0.00025534251537885345, 0.0007222176965984702]]
[1800.0, 1700.0, 0.000603, [0.00545915212, 0.00018197176799999998], [43.37799999999999, 1.8078], [3.22984216, 0.304713108], [0.0014095468888972794, 0.00018197172087992133]]
[1800.0, 500.0, 0.000179, [0.000365273212, 0.000182636606], [3.8824, 1.8078], [0.428071952, 0.304713108], [0.00025828719410764446, 0.00018263662644716147]]
[1800.0, 1600.0, 0.00044, [0.0100967424, 0.000180298978], [259.90000000000003, 0.31418], [15.5177596, 0.093860286], [0.001908105062516213, 0.0001802989936743963]]
[1800.0, 1000.0, 0.000257, [0.007145428399999999, 0.00142908568], [259.90000000000003, 314.64], [15.5177596, 26.476988199999997], [0.0015977664129652996, 0.0007145428623112823]]
[1800.0, 700.0, 0.000245, [0.0001841656, 0.0029466496], [0.35742, 874.0], [0.090960262, 74.882572], [0.00018416558299530348, 0.0014733246639624278]]
[1800.0, 200.0, 0.000158, [0.0043562552, 0.0010890638], [259.90000000000003, 314.64], [15.5177596, 26.476988199999997], [0.0012575427467883546, 0.0006287713060883106]]
[1800.0, 800.0, 0.000231, [9.0240201e-05, 0.00433152928], [0.09706000000000001, 1996.4], [0.0328924104, 126.311676], [9.024020029897984e-05, 0.0017683397516088362]]
[1800.0, 2000.0, 0.000224, [0.00552496064, 0.000184165324], [259.90000000000003, 1.8078], [15.5177596, 0.304713108], [0.0014265388401301943, 0.00018416535320195273]]
[1800.0, 1100.0, 0.000361, [0.0012758514, 0.00018226455799999998], [14.352, 0.31418], [1.25133524, 0.093860286], [0.00048222658076883313, 0.00018226451547133357]]
[1800.0, 900.0, 0.000324, [0.0029472126400000003, 0.00036840158000000004], [43.37799999999999, 25.392], [3.22984216, 2.93968428], [0.0010419969712048111, 0.0003684015908760438]]
[1800.0, 1500.0, 0.000266, [0.0039828078800000005, 0.00036207345199999996], [103.5, 25.392], [6.6977012, 2.93968428], [0.0012008615194101277, 0.000362073360743372]]
[1800.0, 1400.0, 0.000218, [0.00324330912, 0.0007207352679999999], [103.5, 86.94], [6.6977012, 7.5865132], [0.0010811029567992124, 0.0005096368212757003]]
[1800.0, 1900.0, 0.000293, [0.0025433013600000003, 0.000363328792], [43.37799999999999, 8.096], [3.22984216, 0.98766186], [0.0009612776190050407, 0.0003633288386021677]]
[1800.0, 100.0, 0.000157, [0.0032713148399999997, 0.000181739698], [259.90000000000003, 1.8078], [15.5177596, 0.304713108], [0.0010904383199429484, 0.00018173970705379712]]
[1800.0, 300.0, 0.000161, [0.00146837336, 0.00361339752], [43.37799999999999, 1996.4], [3.22984216, 126.311676], [0.0007341864581698577, 0.002086195700120197]]
[1900.0, 300.0, 0.000187, [0.000246209664, 0.0007386288080000001], [1.1500000000000001, 86.94], [0.18400000000000002, 7.5865132], [0.00017409647899943294, 0.0004264476388022332]]
[1900.0, 1600.0, 0.000209, [0.0031579045999999998, 0.000485831484], [103.5, 86.94], [6.6977012, 7.5865132], [0.0008758450735147169, 0.00034353470159504995]]
[1900.0, 600.0, 0.000161, [6.0392595e-05, 0.0007247108640000001], [0.09706000000000001, 86.94], [0.0328924104, 7.5865132], [6.039256068424322e-05, 0.0004184120149326499]]
[1900.0, 1500.0, 0.000257, [0.00388907368, 0.00534747608], [103.5, 1996.4], [6.6977012, 126.311676], [0.0009722685184659637, 0.0016123247125067583]]
[1900.0, 500.0, 0.00011, [0.0009682356, 0.00024205899199999999], [43.37799999999999, 25.392], [3.22984216, 2.93968428], [0.0004841177770749594, 0.00024205887105413016]]
[1900.0, 1700.0, 0.000169, [0.0023896494, 0.00023896484799999998], [103.5, 8.096], [6.6977012, 0.98766186], [0.0007556733497484214, 0.0002389649306488297]]
[1900.0, 1800.0, 0.000172, [0.000120686612, 0.000482746448], [0.35742, 25.392], [0.090960262, 2.93968428], [0.00012068665233570779, 0.00034135335147029094]]
[1900.0, 800.0, 0.00013, [0.0019259574399999998, 0.00048148945199999997], [103.5, 86.94], [6.6977012, 7.5865132], [0.0006809289121193196, 0.00034046451821004786]]
[1900.0, 1300.0, 0.000247, [0.0012239822600000002, 0.00024479645199999996], [14.352, 25.392], [1.25133524, 2.93968428], [0.0003870571317002181, 0.000244796458732556]]
[1900.0, 1000.0, 0.000259, [0.00394863264, 0.0024678944800000002], [103.5, 1996.4], [6.6977012, 126.311676], [0.000987158285180244, 0.0011036762658678495]]
[1900.0, 1900.0, 0.000178, [0.00024086129, 0.00096344516], [1.1500000000000001, 314.64], [0.18400000000000002, 26.476988199999997], [0.00017031471269388323, 0.00048172266527536363]]
[1900.0, 1200.0, 0.000161, [0.00144906716, 0.000241511224], [43.37799999999999, 25.392], [3.22984216, 2.93968428], [0.0005915792438549547, 0.00024151123250068513]]
[1900.0, 100.0, 0.00011, [0.00012124288999999998, 0.00024248577999999997], [1.1500000000000001, 8.096], [0.18400000000000002, 0.98766186], [0.00012124292000772663, 0.00024248584001545327]]
[1900.0, 2000.0, 0.000202, [0.00289692912, 0.000120705334], [103.5, 1.8078], [6.6977012, 0.304713108], [0.0008362712958842961, 0.00012070536737030379]]
[1900.0, 1100.0, 0.000189, [0.0027059803599999996, 0.000245998156], [103.5, 8.096], [6.6977012, 0.98766186], [0.000815883782116056, 0.0002459982114731731]]
[1900.0, 900.0, 0.000178, [0.0026963424399999996, 0.000735366212], [103.5, 314.64], [6.6977012, 26.476988199999997], [0.000812978029912248, 0.00042456390218670266]]
[1900.0, 200.0, 0.000123, [0.0009665934, 0.000241648304], [43.37799999999999, 8.096], [3.22984216, 0.98766186], [0.00048329667460060175, 0.00024164831103072083]]
[1900.0, 400.0, 0.000183, [0.00085602918, 0.0002445797], [14.352, 8.096], [1.25133524, 0.98766186], [0.00032354854640378154, 0.0002445797289719653]]
[1900.0, 700.0, 0.000163, [0.00146329956, 0.00024388326], [43.37799999999999, 25.392], [3.22984216, 2.93968428], [0.0005973893743949585, 0.00024388318505382862]]
[1900.0, 1400.0, 0.000222, [0.00195603592, 0.000244504536], [43.37799999999999, 8.096], [3.22984216, 0.98766186], [0.0006915632105888803, 0.00024450451791326885]]
[2000.0, 1500.0, 0.000155, [0.00227152416, 0.000649006916], [103.5, 86.94], [6.6977012, 7.5865132], [0.0006070904264769787, 0.00032450344540543787]]
[2000.0, 1200.0, 0.000171, [0.0025925517199999995, 0.000162034448], [103.5, 25.392], [6.6977012, 2.93968428], [0.0006481378779241342, 0.00016203446295155855]]
[2000.0, 1300.0, 0.000236, [0.00212701792, 0.00032723341999999996], [43.37799999999999, 25.392], [3.22984216, 2.93968428], [0.0005899285060411981, 0.00023138899863217352]]
[2000.0, 300.0, 8.3e-05, [0.000400776978, 0.000160310736], [14.352, 25.392], [1.25133524, 2.93968428], [0.00017923290680006278, 0.00016031075896520483]]
[2000.0, 900.0, 0.000411, [0.000160077539, 0.00080038758], [0.09706000000000001, 86.94], [0.0328924104, 7.5865132], [8.003877728951136e-05, 0.00035794420503760084]]
[2000.0, 1900.0, 0.00013, [0.00341356524, 0.000325101412], [259.90000000000003, 25.392], [15.5177596, 2.93968428], [0.0007449010536171902, 0.00022988145505020626]]
[2000.0, 1600.0, 0.000131, [0.00064516794, 0.000161291916], [14.352, 25.392], [1.25133524, 2.93968428], [0.00022810119403457755, 0.00016129192733673934]]
[2000.0, 500.0, 0.000104, [0.00260587424, 8.143357e-05], [259.90000000000003, 1.8078], [15.5177596, 0.304713108], [0.0006514685587501518, 8.143356497169947e-05]]
[2000.0, 600.0, 0.000122, [0.0001656161, 0.0009936966], [1.1500000000000001, 874.0], [0.18400000000000002, 74.882572], [0.00011710827586468857, 0.0005737109967919389]]
[2000.0, 200.0, 0.000108, [0.0016223270800000001, 0.00032446541600000004], [103.5, 86.94], [6.6977012, 7.5865132], [0.000513024865518232, 0.00022943169468929092]]
[2000.0, 1800.0, 0.000175, [0.002582739, 0.000161421176], [103.5, 8.096], [6.6977012, 0.98766186], [0.0006456848132641808, 0.0001614212033160452]]
[2000.0, 2000.0, 0.000179, [0.0016426047999999998, 0.00016426048], [43.37799999999999, 86.94], [3.22984216, 7.5865132], [0.000519437328346741, 0.00016426050592884464]]
[2000.0, 400.0, 0.000107, [0.00024376278600000002, 8.125426200000002e-05], [3.8824, 1.8078], [0.428071952, 0.304713108], [0.0001407365169954124, 8.125427031239652e-05]]
[2000.0, 1100.0, 0.000166, [0.00041641545999999995, 0.000166566184], [3.8824, 25.392], [0.428071952, 2.93968428], [0.0001862266695186272, 0.0001665661969068154]]
[2000.0, 100.0, 0.000104, [0.00145292196, 0.0006457430319999999], [103.5, 86.94], [6.6977012, 7.5865132], [0.0004843072594954571, 0.0003228715063303047]]
[2000.0, 1400.0, 0.000147, [0.0012913248800000001, 0.000161415656], [43.37799999999999, 8.096], [3.22984216, 0.98766186], [0.000456552444829726, 0.0001614156714077044]]
[2000.0, 1700.0, 0.000131, [0.0006468165800000001, 0.000161704076], [14.352, 25.392], [1.25133524, 2.93968428], [0.00022868413185002585, 0.00016170407420965004]]
[2000.0, 700.0, 0.0001, [0.000246587554, 0.000821958452], [3.8824, 314.64], [0.428071952, 26.476988199999997], [0.00014236739157545876, 0.0003675909476578551]]
[2000.0, 1000.0, 0.000126, [0.000161738024, 0.000161738024], [1.1500000000000001, 8.096], [0.18400000000000002, 0.98766186], [0.00011436609327943312, 0.00016173806710851962]]
[2000.0, 800.0, 0.000214, [0.00016106394, 0.00032212788], [0.35742, 86.94], [0.090960262, 7.5865132], [0.0001138893952042946, 0.0002277787904085892]]
[2100.0, 200.0, 8e-05, [0.00119265488, 0.00010842310399999999], [103.5, 25.392], [6.6977012, 2.93968428], [0.00035959892079927047, 0.00010842316121567383]]
[2100.0, 100.0, 5.7e-05, [0.000859683052, 0.00085968296], [103.5, 874.0], [6.6977012, 74.882572], [0.0003039438295475004, 0.00042984156470960317]]
[2100.0, 400.0, 5.8e-05, [0.000280594526, 0.000112237792], [14.352, 25.392], [1.25133524, 2.93968428], [0.00012548569829267398, 0.00011223781309344905]]
[2100.0, 1400.0, 0.000145, [0.000107606788, 0.000430427152], [0.35742, 86.94], [0.090960262, 7.5865132], [7.608949254660594e-05, 0.00021521358462699326]]
[2100.0, 500.0, 7.2e-05, [5.4128245999999994e-05, 0.00010825649199999999], [0.35742, 86.94], [0.090960262, 7.5865132], [5.412822169626488e-05, 0.00010825644339252977]]
[2100.0, 800.0, 8e-05, [0.00010857398400000002, 0.000651444088], [1.1500000000000001, 874.0], [0.18400000000000002, 74.882572], [7.677342120812385e-05, 0.00037611139303137306]]
[2100.0, 300.0, 6.1e-05, [0.00026902405400000003, 0.00010760964000000001], [14.352, 8.096], [1.25133524, 0.98766186], [0.0001203112390427428, 0.00010760964358271985]]
[2100.0, 600.0, 0.0001, [0.00218107344, 0.000109053626], [259.90000000000003, 1.8078], [15.5177596, 0.304713108], [0.0004877029249861026, 7.711258950391953e-05]]
[2100.0, 700.0, 9.5e-05, [0.000867069732, 0.000216767456], [43.37799999999999, 86.94], [3.22984216, 7.5865132], [0.00030655554119930696, 0.0001532777429896461]]
[2100.0, 1000.0, 0.000141, [0.00129560012, 0.0008637335359999999], [43.37799999999999, 874.0], [3.22984216, 74.882572], [0.0003740075537205098, 0.0004318667367047386]]
[2100.0, 1700.0, 9.4e-05, [0.0014315163199999999, 0.001101166032], [103.5, 874.0], [6.6977012, 74.882572], [0.00039703122033411933, 0.0004924565357633099]]
[2100.0, 1800.0, 0.000117, [0.0032767409999999997, 0.000422805228], [259.90000000000003, 314.64], [15.5177596, 26.476988199999997], [0.0005885200521987335, 0.00021140264796827877]]
[2100.0, 1900.0, 9.6e-05, [0.0021662099200000003, 0.00021662089999999998], [259.90000000000003, 8.096], [15.5177596, 0.98766186], [0.0004843791699897922, 0.00015317414283096218]]
[2100.0, 900.0, 0.00011, [0.000269449002, 0.000107779564], [3.8824, 8.096], [0.428071952, 0.98766186], [0.0001205012473960332, 0.00010777960007348331]]
[2100.0, 2000.0, 0.000116, [0.00318884144, 0.000329880168], [259.90000000000003, 86.94], [15.5177596, 7.5865132], [0.0005921530526477087, 0.00019045639929390665]]
[2100.0, 1200.0, 9.7e-05, [0.00140954212, 0.000108426324], [103.5, 8.096], [6.6977012, 0.98766186], [0.00039093678547816394, 0.00010842636181298347]]
[2100.0, 1500.0, 8.5e-05, [0.00238432904, 0.000325135728], [259.90000000000003, 314.64], [15.5177596, 26.476988199999997], [0.0005083406698661834, 0.00018771722473976652]]
[2100.0, 1100.0, 9e-05, [0.00021939373399999999, 0.000329090624], [3.8824, 86.94], [0.428071952, 7.5865132], [0.00010969687426722787, 0.0001900005596623336]]
[2100.0, 1300.0, 0.000114, [0.0031297075199999995, 0.000323762812], [259.90000000000003, 86.94], [15.5177596, 7.5865132], [0.0005811720901763951, 0.00018692457576252513]]
[2100.0, 1600.0, 0.000116, [0.00171690492, 0.000214613092], [103.5, 25.392], [6.6977012, 2.93968428], [0.0004292260961311649, 0.00015175435556187507]]
[2200.0, 1700.0, 0.000107, [0.000145184832, 0.000145184832], [1.1500000000000001, 86.94], [0.18400000000000002, 7.5865132], [7.259241621546979e-05, 0.00010266120014883911]]
[2200.0, 1100.0, 0.000113, [0.00102257816, 7.304127480000001e-05], [43.37799999999999, 8.096], [3.22984216, 0.98766186], [0.0002732954421866563, 7.304127349382677e-05]]
[2200.0, 200.0, 6.1e-05, [0.0009275062799999999, 0.00035673321999999996], [103.5, 314.64], [6.6977012, 26.476988199999997], [0.0002572439768313342, 0.00015953593175206644]]
[2200.0, 1800.0, 7.1e-05, [0.00064759812, 7.195534360000001e-05], [43.37799999999999, 25.392], [3.22984216, 2.93968428], [0.00021586603653191947, 7.195534028270591e-05]]
[2200.0, 900.0, 6.5e-05, [0.00057422812, 0.00014355707600000002], [43.37799999999999, 25.392], [3.22984216, 2.93968428], [0.0002030203003839764, 0.0001015101501919882]]
[2200.0, 1000.0, 5.9e-05, [0.0008578993560000001, 7.14916084e-05], [103.5, 8.096], [6.6977012, 0.98766186], [0.0002476541743964757, 7.149160114027381e-05]]
[2200.0, 1300.0, 0.000121, [0.00107858592, 0.00021571709200000002], [43.37799999999999, 25.392], [3.22984216, 2.93968428], [0.0002784896074757548, 0.00012454435226055013]]
[2200.0, 1900.0, 7.3e-05, [0.000180573138, 0.00021668778400000003], [3.8824, 86.94], [0.428071952, 7.5865132], [8.075475233074522e-05, 0.00012510471083056784]]
[2200.0, 1400.0, 9.7e-05, [7.287343e-05, 0.00021862033599999998], [0.35742, 86.94], [0.090960262, 7.5865132], [5.152930183885669e-05, 0.000126220479542743]]
[2200.0, 1600.0, 8.6e-05, [0.000427427216, 7.12378724e-05], [14.352, 25.392], [1.25133524, 2.93968428], [0.000123387623917474, 7.12378818438617e-05]]
[2200.0, 800.0, 9.3e-05, [3.6311641e-05, 0.00036311636400000003], [0.09706000000000001, 314.64], [0.0328924104, 26.476988199999997], [2.5676211500141527e-05, 0.0001623905809583795]]
[2200.0, 400.0, 5.8e-05, [7.311152600000001e-05, 3.6555758400000005e-05], [1.1500000000000001, 1.8078], [0.18400000000000002, 0.304713108], [5.169765619445431e-05, 3.655576037234077e-05]]
[2200.0, 600.0, 8.2e-05, [0.000108072768, 3.6024256e-05], [1.1500000000000001, 1.8078], [0.18400000000000002, 0.304713108], [6.239584197684972e-05, 3.602425028782695e-05]]
[2200.0, 2000.0, 7.8e-05, [0.00115750352, 0.00014468794], [103.5, 25.392], [6.6977012, 2.93968428], [0.0002893758909377213, 0.00010230983256754945]]
[2200.0, 500.0, 5.1e-05, [3.5918686e-05, 7.183736280000001e-05], [0.35742, 8.096], [0.090960262, 0.98766186], [3.5918675181582075e-05, 7.183736214533493e-05]]
[2200.0, 700.0, 5e-05, [0.00137016612, 0.00043268400400000006], [259.90000000000003, 314.64], [15.5177596, 26.476988199999997], [0.00031433776126962534, 0.0001766425156070871]]
[2200.0, 300.0, 3.7e-05, [0.0010040475200000002, 7.17176708e-05], [259.90000000000003, 25.392], [15.5177596, 2.93968428], [0.00026834299403561855, 7.171769111732474e-05]]
[2200.0, 1200.0, 6.7e-05, [0.0010063364799999999, 7.18811548e-05], [103.5, 25.392], [6.6977012, 2.93968428], [0.0002689546636591379, 7.188114901697106e-05]]
[2200.0, 1500.0, 6.4e-05, [0.000573105904, 0.00021491466799999998], [43.37799999999999, 86.94], [3.22984216, 7.5865132], [0.0002026235411002384, 0.00012408105860283432]]
[2200.0, 100.0, 6.4e-05, [3.6725571999999996e-05, 7.345114399999999e-05], [0.35742, 1.8078], [0.090960262, 0.304713108], [3.672558012611917e-05, 5.193780942627442e-05]]
[2300.0, 700.0, 7.1e-05, [9.6401786e-05, 0.000144602656], [1.1500000000000001, 314.64], [0.18400000000000002, 26.476988199999997], [4.8200888788486045e-05, 8.348638328254495e-05]]
[2300.0, 100.0, 3.7e-05, [0.0006706488119999999, 4.790348e-05], [259.90000000000003, 1.8078], [15.5177596, 0.304713108], [0.00017923843186102697, 3.387288016688277e-05]]
[2300.0, 1800.0, 6.4e-05, [4.8270698000000006e-05, 0.00014481204800000002], [0.35742, 86.94], [0.090960262, 7.5865132], [3.413252695011021e-05, 8.360726453604376e-05]]
[2300.0, 1000.0, 3.8e-05, [0.000574055528, 4.78379668e-05], [103.5, 25.392], [6.6977012, 2.93968428], [0.00016571559854159778, 4.783796534134787e-05]]
[2300.0, 1500.0, 5.7e-05, [0.0008716721239999999, 0.00048426224], [103.5, 874.0], [6.6977012, 74.882572], [0.00020545507479738725, 0.00021656870348228988]]
[2300.0, 1200.0, 5.5e-05, [7.1902048e-05, 2.3967347799999995e-05], [1.1500000000000001, 1.8078], [0.18400000000000002, 0.304713108], [4.1512659158382037e-05, 2.3967346411315543e-05]]
[2300.0, 500.0, 4.4e-05, [0.000381282868, 2.38301666e-05], [43.37799999999999, 1.8078], [3.22984216, 0.304713108], [0.000134803798581494, 2.3830171136607473e-05]]
[2300.0, 1900.0, 8.2e-05, [0.00124156484, 4.7752498799999995e-05], [103.5, 25.392], [6.6977012, 2.93968428], [0.00024349089234712657, 4.7752493430186446e-05]]
[2300.0, 1300.0, 7.2e-05, [0.000664293084, 0.00018979802400000001], [43.37799999999999, 874.0], [3.22984216, 74.882572], [0.0001775397874505881, 0.00013420746080006134]]
[2300.0, 1600.0, 6.4e-05, [0.000568989088, 0.00011802928399999998], [43.37799999999999, 25.392], [3.22984216, 2.93968428], [0.00016425298268220274, 8.345931502235086e-05]]
[2300.0, 1700.0, 7e-05, [0.0010634694, 9.667902799999998e-05], [103.5, 86.94], [6.6977012, 7.5865132], [0.00022673250212530184, 6.83624198869525e-05]]
[2300.0, 1400.0, 5.9e-05, [0.00014517245799999998, 2.41954066e-05], [3.8824, 1.8078], [0.428071952, 0.304713108], [5.926640785470298e-05, 2.4195405315885904e-05]]
[2300.0, 1100.0, 5.9e-05, [0.00052590236, 0.00019123718], [43.37799999999999, 86.94], [3.22984216, 7.5865132], [0.00015856551635207448, 9.56185879837179e-05]]
[2300.0, 900.0, 3.9e-05, [0.00019176963000000003, 4.79424052e-05], [14.352, 25.392], [1.25133524, 2.93968428], [6.780081675024276e-05, 4.794240846682611e-05]]
[2300.0, 2000.0, 4.8e-05, [0.0013425376, 0.000479477872], [259.90000000000003, 874.0], [15.5177596, 74.882572], [0.00025371585126672715, 0.00021442900863455951]]
[2300.0, 300.0, 3.3e-05, [1.1968194900000001e-05, 9.5745504e-05], [0.09706000000000001, 25.392], [0.0328924104, 2.93968428], [1.1968193155192642e-05, 6.770232430869711e-05]]
[2300.0, 200.0, 4.1e-05, [0.00019398756599999997, 2.4248440000000003e-05], [14.352, 1.8078], [1.25133524, 0.304713108], [6.858495103154919e-05, 2.4248440890086107e-05]]
[2300.0, 400.0, 3.2e-05, [0.000289621888, 4.82703208e-05], [43.37799999999999, 25.392], [3.22984216, 2.93968428], [0.00011823764693193113, 4.8270314305999715e-05]]
[2300.0, 800.0, 5.4e-05, [0.00043391938, 9.642658e-05], [43.37799999999999, 8.096], [3.22984216, 0.98766186], [0.00014463980066357945, 6.818385591912501e-05]]
[2300.0, 600.0, 3.7e-05, [0.000339656916, 0.00019408964], [43.37799999999999, 314.64], [3.22984216, 26.476988199999997], [0.0001283782122324501, 9.704482535405996e-05]]
[2400.0, 1200.0, 3.1e-05, [0.00047205319600000003, 0.000314702192], [103.5, 874.0], [6.6977012, 74.882572], [0.00012188361248338515, 0.00014073907295417286]]
[2400.0, 1500.0, 4.1e-05, [1.60573258e-05, 0.001027668704], [0.09706000000000001, 13938.0], [0.0328924104, 875.2098], [1.1354242999865735e-05, 0.0002569171778764511]]
[2400.0, 1100.0, 4.2e-05, [0.00038103318, 3.1752760399999996e-05], [43.37799999999999, 25.392], [3.22984216, 2.93968428], [0.00010999480140443002, 3.175275743616608e-05]]
[2400.0, 1600.0, 4.5e-05, [0.000671492452, 3.1975842e-05], [103.5, 8.096], [6.6977012, 0.98766186], [0.0001465316552284864, 3.197583054746194e-05]]
[2400.0, 400.0, 2.5e-05, [3.17937096e-05, 1.58968548e-05], [1.1500000000000001, 1.8078], [0.18400000000000002, 0.304713108], [2.24815464503668e-05, 1.5896850618911908e-05]]
[2400.0, 1300.0, 3.8e-05, [0.000191503704, 3.1917284e-05], [14.352, 86.94], [1.25133524, 7.5865132], [5.5282355232026795e-05, 3.191727825488884e-05]]
[2400.0, 200.0, 2.1e-05, [1.6036336e-05, 0.000256581376], [0.35742, 874.0], [0.090960262, 74.882572], [1.6036334980287737e-05, 0.00012829070623236898]]
[2400.0, 1700.0, 5.2e-05, [0.000451470496, 6.44957812e-05], [43.37799999999999, 8.096], [3.22984216, 0.98766186], [0.00012066055163142592, 4.560540313603203e-05]]
[2400.0, 2000.0, 3.5e-05, [4.79918e-05, 3.19945548e-05], [1.1500000000000001, 25.392], [0.18400000000000002, 2.93968428], [2.7708095322486534e-05, 3.199455258633882e-05]]
[2400.0, 600.0, 2.3e-05, [0.00032152896, 3.2152886799999996e-05], [103.5, 8.096], [6.6977012, 0.98766186], [0.00010167635886478233, 3.2152887820536435e-05]]
[2400.0, 1900.0, 3.8e-05, [0.00034510616800000006, 6.2746576e-05], [43.37799999999999, 314.64], [3.22984216, 26.476988199999997], [0.00010405342350927238, 4.4368520191685455e-05]]
[2400.0, 700.0, 3.3e-05, [0.000159992278, 3.19984556e-05], [14.352, 8.096], [1.25133524, 0.98766186], [5.0593998735027854e-05, 3.1998454387673166e-05]]
[2400.0, 100.0, 3.1e-05, [0.000191274532, 1.5939552e-05], [43.37799999999999, 0.31418], [3.22984216, 0.093860286], [7.808751674883765e-05, 1.5939547609640618e-05]]
[2400.0, 1800.0, 5.1e-05, [0.00025329108799999997, 1.5830692999999998e-05], [14.352, 1.8078], [1.25133524, 0.304713108], [6.332277195448727e-05, 1.583069131781679e-05]]
[2400.0, 500.0, 2.7e-05, [6.394216200000001e-05, 1.59855474e-05], [3.8824, 1.8078], [0.428071952, 0.304713108], [3.197108875843924e-05, 1.5985546033839444e-05]]
[2400.0, 900.0, 4.7e-05, [3.17010104e-05, 1.58505052e-05], [0.35742, 0.31418], [0.090960262, 0.093860286], [2.2416003426123934e-05, 1.5850508029713115e-05]]
[2400.0, 1400.0, 6.3e-05, [4.7390258000000004e-05, 1.57967588e-05], [0.35742, 1.8078], [0.090960262, 0.304713108], [2.7360786852720444e-05, 1.579675765465812e-05]]
[2400.0, 800.0, 3.5e-05, [0.0005328541560000001, 3.13443724e-05], [103.5, 25.392], [6.6977012, 2.93968428], [0.00012923609743411475, 3.134436084529401e-05]]
[2400.0, 300.0, 4.2e-05, [3.18009362e-05, 3.1800931600000004e-05], [0.35742, 25.392], [0.090960262, 2.93968428], [2.248665667457037e-05, 3.180094149549664e-05]]
[2400.0, 1000.0, 3.5e-05, [0.00051113498, 6.38918748e-05], [103.5, 25.392], [6.6977012, 2.93968428], [0.00012778376090881032, 4.517837959024205e-05]]
[2500.0, 400.0, 2.3e-05, [0.00011588181999999999, 2.64390612e-05], [14.352, 25.392], [1.25133524, 2.93968428], [3.4939690548143094e-05, 2.643905693628273e-05]]
[2500.0, 1300.0, 3.1e-05, [0.00045936152, 1.0440035799999999e-05], [103.5, 1.8078], [6.6977012, 0.304713108], [9.793623623562423e-05, 1.0440037216408762e-05]]
[2500.0, 500.0, 3.4e-05, [2.1234768399999998e-05, 2.1234768399999998e-05], [1.1500000000000001, 0.31418], [0.18400000000000002, 0.093860286], [1.5015255429062805e-05, 1.501524838289397e-05]]
[2500.0, 900.0, 1.9e-05, [0.00016855228, 4.2138079199999995e-05], [43.37799999999999, 86.94], [3.22984216, 7.5865132], [5.959223569560048e-05, 2.979611429700188e-05]]
[2500.0, 1400.0, 4.9e-05, [6.4074918e-05, 1.0679153e-05], [1.1500000000000001, 0.31418], [0.18400000000000002, 0.093860286], [2.615847747098443e-05, 1.0679154369143654e-05]]
[2500.0, 200.0, 1.6e-05, [0.000236729708, 2.15208792e-05], [103.5, 25.392], [6.6977012, 2.93968428], [7.137669268886027e-05, 2.1520878651207528e-05]]
[2500.0, 1900.0, 2.8e-05, [0.000421653664, 1.05413416e-05], [103.5, 1.8078], [6.6977012, 0.304713108], [9.428460557270207e-05, 1.0541339364615866e-05]]
[2500.0, 1000.0, 2.7e-05, [0.00013370139200000002, 2.05694428e-05], [14.352, 8.096], [1.25133524, 0.98766186], [3.7082089078152e-05, 2.0569443037671195e-05]]
[2500.0, 1800.0, 4.2e-05, [3.16063654e-05, 2.10709072e-05], [0.35742, 25.392], [0.090960262, 2.93968428], [1.824794547339508e-05, 2.107091647935609e-05]]
[2500.0, 1700.0, 2.5e-05, [6.2597904e-05, 4.17319452e-05], [3.8824, 86.94], [0.428071952, 7.5865132], [2.5555486197683657e-05, 2.9508933671008854e-05]]
[2500.0, 800.0, 2e-05, [0.00029577862, 4.2254082e-05], [103.5, 25.392], [6.6977012, 2.93968428], [7.905016150268133e-05, 2.9878152633655244e-05]]
[2500.0, 700.0, 1.4e-05, [3.14428216e-05, 2.0961878e-05], [3.8824, 8.096], [0.428071952, 0.98766186], [1.815352569612856e-05, 2.0961884548866304e-05]]
[2500.0, 1600.0, 4.2e-05, [3.13972172e-05, 2.0931481200000002e-05], [0.35742, 25.392], [0.090960262, 2.93968428], [1.812719286596797e-05, 2.0931473970076735e-05]]
[2500.0, 1100.0, 2.3e-05, [0.000205630396, 0.00010281515199999999], [43.37799999999999, 86.94], [3.22984216, 7.5865132], [6.502604646139884e-05, 4.598035380464139e-05]]
[2500.0, 600.0, 1.4e-05, [0.000359856344, 4.23360356e-05], [259.90000000000003, 25.392], [15.5177596, 2.93968428], [8.727797123214997e-05, 2.9936098823995085e-05]]
[2500.0, 300.0, 1.8e-05, [8.5158098e-05, 2.1289536e-05], [14.352, 8.096], [1.25133524, 0.98766186], [3.010793650185944e-05, 2.1289527558872695e-05]]
[2500.0, 2000.0, 3e-05, [7.454295399999999e-05, 1.06489954e-05], [3.8824, 1.8078], [0.428071952, 0.304713108], [2.8174585058169004e-05, 1.0648993045354101e-05]]
[2500.0, 1200.0, 4.2e-05, [3.1894031e-05, 4.25253716e-05], [0.35742, 86.94], [0.090960262, 7.5865132], [1.8414030400756917e-05, 3.0069985726634455e-05]]
[2500.0, 100.0, 2.8e-05, [2.09081224e-05, 1.0454065800000001e-05], [0.35742, 1.8078], [0.090960262, 0.304713108], [1.4784274050490273e-05, 1.0454060436021978e-05]]
[2500.0, 1500.0, 3.8e-05, [0.00018765861, 4.1701916400000005e-05], [14.352, 86.94], [1.25133524, 7.5865132], [4.423155588038928e-05, 2.948770073098274e-05]]
[2600.0, 800.0, 2e-05, [0.000179815472, 5.5327824799999994e-05], [43.37799999999999, 874.0], [3.22984216, 74.882572], [4.987182447835651e-05, 3.91226838670355e-05]]
[2600.0, 2000.0, 2.7e-05, [2.0554014399999998e-05, 6.8513366000000006e-06], [0.35742, 1.8078], [0.090960262, 0.304713108], [1.1866864209217194e-05, 6.8513367308869e-06]]
[2600.0, 900.0, 1.9e-05, [6.9125304e-06, 1.38250608e-05], [0.09706000000000001, 1.8078], [0.0328924104, 0.304713108], [4.887896666256356e-06, 9.775793332512712e-06]]
[2600.0, 1000.0, 1.4e-05, [6.7699212e-05, 2.7079693999999998e-05], [14.352, 86.94], [1.25133524, 7.5865132], [2.140837726685514e-05, 1.9148234742659698e-05]]
[2600.0, 200.0, 1.1e-05, [9.561569199999998e-05, 2.7318774400000002e-05], [43.37799999999999, 25.392], [3.22984216, 2.93968428], [3.613934018213393e-05, 1.9317290190914462e-05]]
[2600.0, 1100.0, 2e-05, [0.00030150414799999997, 6.85236792e-05], [103.5, 86.94], [6.6977012, 7.5865132], [6.42809075978241e-05, 3.0644715276862994e-05]]
[2600.0, 1500.0, 2.6e-05, [1.0257687200000001e-05, 0.00019147684], [0.09706000000000001, 1996.4], [0.0328924104, 126.311676], [5.922278034675508e-06, 7.237143613332542e-05]]
[2600.0, 700.0, 1.8e-05, [1.3837812000000001e-05, 6.918905080000001e-05], [0.35742, 314.64], [0.090960262, 26.476988199999997], [9.784809854054396e-06, 3.094228219120238e-05]]
[2600.0, 1800.0, 2.6e-05, [0.00023546204, 1.38507104e-05], [43.37799999999999, 8.096], [3.22984216, 0.98766186], [5.710793567272415e-05, 1.3850709232382292e-05]]
[2600.0, 1600.0, 1.9e-05, [4.7837791999999996e-05, 6.8339716e-05], [3.8824, 314.64], [0.428071952, 26.476988199999997], [1.8080984486470864e-05, 3.0562449849447606e-05]]
[2600.0, 1400.0, 2.1e-05, [2.76548504e-05, 6.9137126e-06], [1.1500000000000001, 1.8078], [0.18400000000000002, 0.304713108], [1.3827424782655663e-05, 6.913712773900866e-06]]
[2600.0, 1300.0, 2.6e-05, [3.4666510800000004e-05, 1.3866607999999999e-05], [1.1500000000000001, 8.096], [0.18400000000000002, 0.98766186], [1.550333762774971e-05, 1.3866603673574867e-05]]
[2600.0, 600.0, 1.3e-05, [0.00018986269999999997, 1.3561628e-05], [103.5, 25.392], [6.6977012, 2.93968428], [5.074295007584798e-05, 1.356162385557128e-05]]
[2600.0, 1700.0, 3.6e-05, [2.7322339399999997e-05, 1.3661172e-05], [0.35742, 25.392], [0.090960262, 2.93968428], [1.3661169806425804e-05, 1.3661169806425804e-05]]
[2600.0, 400.0, 1.1e-05, [0.00016428927600000003, 0.00010952618399999999], [103.5, 1996.4], [6.6977012, 126.311676], [4.7426236468857614e-05, 5.4763104905401414e-05]]
[2600.0, 300.0, 1.6e-05, [7.6475322e-05, 2.78091988e-05], [14.352, 25.392], [1.25133524, 2.93968428], [2.3058171636103325e-05, 1.966407406007209e-05]]
[2600.0, 1900.0, 1.8e-05, [0.00016335934, 2.7226553599999996e-05], [43.37799999999999, 25.392], [3.22984216, 2.93968428], [4.715777672452339e-05, 1.9252083195332393e-05]]
[2600.0, 1200.0, 2e-05, [2.76409768e-05, 2.76409768e-05], [1.1500000000000001, 86.94], [0.18400000000000002, 7.5865132], [1.3820488523927076e-05, 1.954512230915939e-05]]
[2600.0, 100.0, 1.1e-05, [9.658058800000001e-05, 6.8986108000000005e-06], [43.37799999999999, 1.8078], [3.22984216, 0.304713108], [3.650401871575238e-05, 6.898612193767671e-06]]
[2600.0, 500.0, 1.4e-05, [3.4085356e-05, 6.8170712e-06], [3.8824, 1.8078], [0.428071952, 0.304713108], [1.5243431109825635e-05, 6.817071186367354e-06]]
[2700.0, 1400.0, 1.4e-05, [6.769475e-05, 2.7077899999999997e-05], [14.352, 86.94], [1.25133524, 7.5865132], [1.7478704688849226e-05, 1.5633431444183966e-05]]
[2700.0, 1000.0, 1.3e-05, [1.78709908e-05, 5.36129632e-05], [1.1500000000000001, 874.0], [0.18400000000000002, 74.882572], [8.935494967823552e-06, 3.095345981566519e-05]]
[2700.0, 800.0, 1.3e-05, [3.1436455199999996e-05, 8.981844999999999e-06], [3.8824, 8.096], [0.428071952, 0.98766186], [1.1881864111325293e-05, 8.981844610546322e-06]]
[2700.0, 900.0, 9e-06, [2.24063562e-05, 8.96254432e-05], [3.8824, 1996.4], [0.428071952, 126.311676], [1.0020429298188777e-05, 4.008171296938293e-05]]
[2700.0, 600.0, 1e-05, [4.9304778e-05, 1.7929015199999998e-05], [14.352, 86.94], [1.25133524, 7.5865132], [1.4865951742152266e-05, 1.2677726849873364e-05]]
[2700.0, 1100.0, 1.3e-05, [1.79292636e-05, 0.0001613633448], [1.1500000000000001, 874.0], [0.18400000000000002, 74.882572], [8.964631726959005e-06, 5.378779193534532e-05]]
[2700.0, 1300.0, 1.7e-05, [2.2790447000000003e-05, 9.11617972e-06], [1.1500000000000001, 8.096], [0.18400000000000002, 0.98766186], [1.0192198730401601e-05, 9.116179680546013e-06]]
[2700.0, 400.0, 6e-06, [0.00017071703999999997, 6.2895754e-05], [259.90000000000003, 314.64], [15.5177596, 26.476988199999997], [3.9165179085509106e-05, 2.3772360290051136e-05]]
[2700.0, 1700.0, 1.4e-05, [0.000216840688, 5.42101904e-05], [103.5, 874.0], [6.6977012, 74.882572], [4.426242288894723e-05, 3.129825937652125e-05]]
[2700.0, 100.0, 6e-06, [8.901467360000001e-05, 3.5605867600000003e-05], [103.5, 314.64], [6.6977012, 26.476988199999997], [2.8148910614799998e-05, 1.780293423905172e-05]]
[2700.0, 2000.0, 1.2e-05, [0.000338700852, 8.9131808e-06], [259.90000000000003, 8.096], [15.5177596, 0.98766186], [5.494454590584948e-05, 8.913182020356144e-06]]
[2700.0, 1200.0, 1.4e-05, [0.00010989722000000001, 4.57905252e-06], [43.37799999999999, 0.31418], [3.22984216, 0.093860286], [3.172460960201086e-05, 4.579052434292493e-06]]
[2700.0, 700.0, 1.5e-05, [0.00023615829600000002, 0.00023615829600000002], [103.5, 13938.0], [6.6977012, 875.2098], [4.631445757860065e-05, 6.549852111918253e-05]]
[2700.0, 300.0, 1e-05, [4.8374152e-05, 8.795299360000001e-05], [14.352, 874.0], [1.25133524, 74.882572], [1.4585351665283906e-05, 3.933377773669852e-05]]
[2700.0, 1800.0, 2.1e-05, [0.00018822546799999998, 1.79262368e-05], [43.37799999999999, 25.392], [3.22984216, 2.93968428], [4.107417249805527e-05, 1.2675763872840168e-05]]
[2700.0, 200.0, 1.7e-05, [6.7929856e-06, 5.43438664e-05], [0.09706000000000001, 874.0], [0.0328924104, 74.882572], [3.921932322210571e-06, 3.137545857768457e-05]]
[2700.0, 1500.0, 1.8e-05, [4.4544031000000004e-05, 1.78176124e-05], [3.8824, 86.94], [0.428071952, 7.5865132], [1.4086059281431411e-05, 1.2598955778952475e-05]]
[2700.0, 500.0, 1.8e-05, [1.3365622e-05, 3.56416556e-05], [0.35742, 86.94], [0.090960262, 7.5865132], [7.716646362248305e-06, 1.782082746002553e-05]]
[2700.0, 1900.0, 1.6e-05, [7.7465426e-05, 0.000109362976], [14.352, 874.0], [1.25133524, 74.882572], [1.8788125483932666e-05, 4.464724265259838e-05]]
[2700.0, 1600.0, 1.7e-05, [2.23615108e-05, 8.944605239999999e-06], [1.1500000000000001, 8.096], [0.18400000000000002, 0.98766186], [1.0000372493062446e-05, 8.944604604788297e-06]]
[2800.0, 1500.0, 1.5e-05, [2.04219346e-05, 2.3339351199999998e-05], [1.1500000000000001, 86.94], [0.18400000000000002, 7.5865132], [7.718765732939431e-06, 1.1669676890128536e-05]]
[2800.0, 200.0, 7e-06, [1.74994258e-05, 0.00010499656399999999], [3.8824, 13938.0], [0.428071952, 875.2098], [7.1441110041767966e-06, 3.499885083370595e-05]]
[2800.0, 400.0, 4e-06, [1.7700708e-05, 2.95011754e-06], [14.352, 1.8078], [1.25133524, 0.304713108], [7.226282297281224e-06, 2.9501177529041106e-06]]
[2800.0, 900.0, 6e-06, [5.2198914e-05, 1.7399638000000003e-05], [43.37799999999999, 86.94], [3.22984216, 7.5865132], [1.7399639702016823e-05, 1.0045688070012926e-05]]
[2800.0, 600.0, 7e-06, [2.856899e-06, 5.71379984e-06], [0.09706000000000001, 25.392], [0.0328924104, 2.93968428], [2.0201332211020146e-06, 5.713799968497322e-06]]
[2800.0, 1200.0, 7e-06, [2.8711658999999997e-06, 1.1484663599999999e-05], [0.09706000000000001, 25.392], [0.0328924104, 2.93968428], [2.0302212172568783e-06, 8.120884869027513e-06]]
[2800.0, 1000.0, 8e-06, [2.9581634e-06, 0.00010649386400000002], [0.09706000000000001, 13938.0], [0.0328924104, 875.2098], [2.0917379051879325e-06, 3.54979636508913e-05]]
[2800.0, 1400.0, 8e-06, [0.000122483924, 2.33302708e-05], [103.5, 314.64], [6.6977012, 26.476988199999997], [2.672818510860773e-05, 1.1665135637445456e-05]]
[2800.0, 800.0, 1.3e-05, [1.74417648e-05, 5.813920679999999e-06], [1.1500000000000001, 25.392], [0.18400000000000002, 2.93968428], [7.120569699118183e-06, 5.813920328315482e-06]]
[2800.0, 100.0, 5e-06, [1.13924474e-05, 0.00012531688000000003], [3.8824, 13938.0], [0.428071952, 875.2098], [5.6962229240085046e-06, 3.7784466082240723e-05]]
[2800.0, 1100.0, 9e-06, [1.1673751199999999e-05, 9.3390028e-05], [1.1500000000000001, 874.0], [0.18400000000000002, 74.882572], [5.836876178230955e-06, 3.301835781258662e-05]]
[2800.0, 1300.0, 1.1e-05, [4.375372800000001e-06, 5.83382948e-06], [0.09706000000000001, 8.096], [0.0328924104, 0.98766186], [2.526122574223191e-06, 5.833829467511028e-06]]
[2800.0, 2000.0, 1.3e-05, [3.20273436e-05, 3.4938922800000005e-05], [3.8824, 314.64], [0.428071952, 26.476988199999997], [9.656607451895307e-06, 1.4263753699500003e-05]]
[2800.0, 500.0, 9e-06, [8.1690802e-05, 2.33402252e-05], [43.37799999999999, 314.64], [3.22984216, 26.476988199999997], [2.1832784375795957e-05, 1.1670112061158625e-05]]
[2800.0, 1900.0, 1.1e-05, [0.00010467410399999999, 0.0001511958912], [43.37799999999999, 13938.0], [3.22984216, 875.2098], [2.467191635524083e-05, 4.193419745076803e-05]]
[2800.0, 1800.0, 1.2e-05, [2.9201191e-05, 5.840239120000001e-06], [3.8824, 8.096], [0.428071952, 0.98766186], [9.234228177817571e-06, 5.840238695121973e-06]]
[2800.0, 300.0, 5e-06, [2.3135286e-05, 4.6270572e-05], [14.352, 314.64], [1.25133524, 26.476988199999997], [8.179558007618748e-06, 1.6359116015237497e-05]]
[2800.0, 700.0, 7e-06, [1.73688364e-05, 2.31584516e-05], [3.8824, 314.64], [0.428071952, 26.476988199999997], [7.090798166638224e-06, 1.1579222481669484e-05]]
[2800.0, 1600.0, 1.5e-05, [0.000134198836, 1.1669463999999999e-05], [43.37799999999999, 25.392], [3.22984216, 2.93968428], [2.7982389456227648e-05, 8.251556367134625e-06]]
[2800.0, 1700.0, 1.2e-05, [0.00017421405200000002, 1.16142732e-05], [103.5, 25.392], [6.6977012, 2.93968428], [3.180699596000855e-05, 8.212531386606689e-06]]
[2900.0, 1300.0, 6e-06, [5.6145695599999996e-05, 1.12291428e-05], [43.37799999999999, 86.94], [3.22984216, 7.5865132], [1.449675677384428e-05, 6.48314737268867e-06]]
[2900.0, 900.0, 7e-06, [2.8510869e-06, 3.8014492e-06], [0.09706000000000001, 25.392], [0.0328924104, 2.93968428], [1.6460756297934795e-06, 3.8014484607843887e-06]]
[2900.0, 1600.0, 9e-06, [2.2658818e-05, 1.1329404400000001e-05], [3.8824, 86.94], [0.428071952, 7.5865132], [6.541036636497307e-06, 6.541036959993423e-06]]
[2900.0, 2000.0, 6e-06, [7.6077744e-06, 1.14116616e-05], [1.1500000000000001, 86.94], [0.18400000000000002, 7.5865132], [3.8038873873972663e-06, 6.588525900078104e-06]]
[2900.0, 1200.0, 6e-06, [3.1609659e-05, 3.71878444e-06], [14.352, 25.392], [1.25133524, 2.93968428], [7.666469630801391e-06, 3.7187840743985124e-06]]
[2900.0, 1700.0, 8e-06, [4.14183494e-05, 3.7653033200000004e-06], [14.352, 25.392], [1.25133524, 2.93968428], [8.830421004686017e-06, 3.765303861310532e-06]]
[2900.0, 1100.0, 4e-06, [0.000106946136, 7.63901208e-05], [259.90000000000003, 13938.0], [15.5177596, 875.2098], [2.021092384231854e-05, 2.415667039308191e-05]]
[2900.0, 800.0, 4e-06, [3.3716298e-05, 3.74625472e-05], [43.37799999999999, 13938.0], [3.22984216, 875.2098], [1.1238766843386333e-05, 1.675376330738858e-05]]
[2900.0, 600.0, 1e-05, [1.33170644e-05, 7.60975056e-06], [1.1500000000000001, 25.392], [0.18400000000000002, 2.93968428], [5.03337751018141e-06, 5.3809068975406e-06]]
[2900.0, 100.0, 8e-06, [5.7172342000000005e-06, 7.622976479999999e-06], [0.35742, 86.94], [0.090960262, 7.5865132], [3.300845703149422e-06, 5.390258723289634e-06]]
[2900.0, 400.0, 3e-06, [1.8962874399999997e-06, 2.6548026e-05], [0.35742, 314.64], [0.090960262, 26.476988199999997], [1.8962877218397e-06, 1.0034210187154742e-05]]
[2900.0, 1000.0, 6e-06, [2.77600846e-05, 3.7013449200000004e-06], [14.352, 25.392], [1.25133524, 2.93968428], [7.1676222249780985e-06, 3.7013442012328436e-06]]
[2900.0, 1400.0, 9e-06, [2.2425165600000004e-05, 0.00010465077280000001], [3.8824, 13938.0], [0.428071952, 875.2098], [6.47358769771446e-06, 2.796909550486036e-05]]
[2900.0, 200.0, 5e-06, [3.7955280799999997e-06, 7.591057079999999e-06], [0.35742, 86.94], [0.090960262, 7.5865132], [2.6838435781542857e-06, 5.3676871563085714e-06]]
[2900.0, 500.0, 4e-06, [1.89029502e-05, 0.0001209788592], [14.352, 13938.0], [1.25133524, 875.2098], [5.977637610293886e-06, 3.0244719800983443e-05]]
[2900.0, 1500.0, 1.2e-05, [3.0020593600000002e-05, 3.37731724e-05], [3.8824, 314.64], [0.428071952, 26.476988199999997], [7.505150578103014e-06, 1.1257725397254989e-05]]
[2900.0, 1800.0, 6e-06, [5.6380958e-05, 0.000150349252], [43.37799999999999, 13938.0], [3.22984216, 875.2098], [1.4557502197836001e-05, 3.361911125059673e-05]]
[2900.0, 300.0, 5e-06, [1.8856848999999999e-06, 8.297010799999999e-05], [0.09706000000000001, 13938.0], [0.0328924104, 875.2098], [1.3333804423344448e-06, 2.501643591561356e-05]]
[2900.0, 700.0, 6e-06, [7.6877408e-06, 6.9189704e-05], [1.1500000000000001, 13938.0], [0.18400000000000002, 875.2098], [3.8438715852640035e-06, 2.3063231163043916e-05]]
[2900.0, 1900.0, 1.2e-05, [5.934354199999999e-05, 1.14858412e-05], [14.352, 86.94], [1.25133524, 7.5865132], [1.0658412427749266e-05, 6.631355277467797e-06]]
[3000.0, 1900.0, 8e-06, [6.0164918e-06, 5.7758336e-05], [0.35742, 13938.0], [0.090960262, 875.2098], [2.6906579269762258e-06, 1.667339734643183e-05]]
[3000.0, 800.0, 4e-06, [1.0756133999999998e-05, 4.7805030799999995e-06], [3.8824, 25.392], [0.428071952, 2.93968428], [3.5853776314357738e-06, 3.380325891981423e-06]]
[3000.0, 900.0, 3e-06, [2.8954562e-05, 2.41288032e-06], [43.37799999999999, 8.096], [3.22984216, 0.98766186], [8.358461514896148e-06, 2.412879915122176e-06]]
[3000.0, 1600.0, 8e-06, [3.0236605e-06, 4.837857720000001e-06], [0.09706000000000001, 25.392], [0.0328924104, 2.93968428], [1.3522222077010866e-06, 3.420882405462076e-06]]
[3000.0, 700.0, 2e-06, [2.4151738799999998e-05, 5.7964176800000004e-05], [103.5, 13938.0], [6.6977012, 875.2098], [7.637450247824858e-06, 1.673281472556246e-05]]
[3000.0, 600.0, 2e-06, [3.1209445200000006e-05, 2.88087144e-05], [103.5, 13938.0], [6.6977012, 875.2098], [8.655943096855477e-06, 1.1761111025069018e-05]]
[3000.0, 1300.0, 6e-06, [8.4628638e-06, 2.90155304e-05], [1.1500000000000001, 13938.0], [0.18400000000000002, 875.2098], [3.1986621866023927e-06, 1.1845543591410233e-05]]
[3000.0, 500.0, 3e-06, [3.865472e-05, 4.348656e-05], [103.5, 13938.0], [6.6977012, 875.2098], [9.663679299314523e-06, 1.4495520700685436e-05]]
[3000.0, 1500.0, 5e-06, [1.8059830000000001e-06, 4.81595528e-05], [0.09706000000000001, 13938.0], [0.0328924104, 875.2098], [1.0426846493547318e-06, 1.5229385557139197e-05]]
[3000.0, 1800.0, 8e-06, [1.0855264e-05, 2.41228232e-06], [1.1500000000000001, 8.096], [0.18400000000000002, 0.98766186], [3.618421812337528e-06, 2.412281052282258e-06]]
[3000.0, 2000.0, 5e-06, [7.77891832e-05, 7.2927342e-06], [103.5, 25.392], [6.6977012, 2.93968428], [1.3751316661323742e-05, 4.2104631992216725e-06]]
[3000.0, 100.0, 3e-06, [2.4145308e-06, 4.3461554400000005e-05], [0.35742, 13938.0], [0.090960262, 875.2098], [1.7073313796682823e-06, 1.4487184818590532e-05]]
[3000.0, 1400.0, 5e-06, [3.57460664e-06, 6.195984720000001e-05], [0.35742, 13938.0], [0.090960262, 875.2098], [2.063800137610229e-06, 1.718457161805321e-05]]
[3000.0, 1100.0, 4e-06, [1.95821954e-05, 2.4477749999999996e-06], [14.352, 8.096], [1.25133524, 0.98766186], [4.895549864928352e-06, 2.447774586680726e-06]]
[3000.0, 1200.0, 5e-06, [3.6404446e-06, 5.33931936e-05], [0.35742, 13938.0], [0.090960262, 875.2098], [2.101811430171603e-06, 1.6098650960623998e-05]]
[3000.0, 1000.0, 5e-06, [3.64903418e-06, 4.8653795199999994e-05], [0.35742, 13938.0], [0.090960262, 875.2098], [2.106771375351393e-06, 1.5385681276823593e-05]]
[3000.0, 400.0, 3e-06, [4.1378656e-05, 2.43403848e-06], [103.5, 8.096], [6.6977012, 0.98766186], [1.0035800085693218e-05, 2.4340383510536555e-06]]
[3000.0, 300.0, 3e-06, [1.18878927e-06, 4.75515892e-06], [0.09706000000000001, 25.392], [0.0328924104, 2.93968428], [8.406010724475671e-07, 3.3624042897902686e-06]]
[3000.0, 1700.0, 5e-06, [7.06495324e-05, 4.87238072e-06], [103.5, 25.392], [6.6977012, 2.93968428], [1.3119290322269723e-05, 3.4452937500306125e-06]]
[3000.0, 200.0, 3e-06, [2.44521694e-06, 6.35756432e-05], [0.35742, 13938.0], [0.090960262, 875.2098], [1.7290291877235618e-06, 1.763270857559893e-05]]
