[200.0, 1800.0, 0.999997, [550.5855], [1401.1599999999999], [108.248672], [18.79667876248355]]
[200.0, 700.0, 0.999998, [565.74342], [1401.1599999999999], [108.248672], [19.028011343805744]]
[200.0, 2000.0, 0.999998, [564.6272299999999], [1401.1599999999999], [108.248672], [19.055243902926037]]
[200.0, 1300.0, 0.999999, [575.0756700000001], [1401.1599999999999], [108.248672], [19.25496070367322]]
[200.0, 1400.0, 0.999995, [542.18314], [1401.1599999999999], [108.248672], [18.651668448157658]]
[200.0, 400.0, 0.999996, [548.74044], [1401.1599999999999], [108.248672], [18.8327196602084]]
[200.0, 1900.0, 0.999999, [576.55066], [1401.1599999999999], [108.248672], [19.271963376885083]]
[200.0, 1700.0, 0.999999, [580.99219], [1401.1599999999999], [108.248672], [19.355658164991446]]
[200.0, 500.0, 0.999999, [576.7194800000001], [1401.1599999999999], [108.248672], [19.256102191253557]]
[200.0, 1500.0, 0.999999, [577.31771], [1401.1599999999999], [108.248672], [19.265344237775768]]
[200.0, 100.0, 0.999999, [581.1801], [1401.1599999999999], [108.248672], [19.340464637645084]]
[200.0, 600.0, 0.999997, [556.99698], [1401.1599999999999], [108.248672], [18.927529955068092]]
[200.0, 1000.0, 0.999999, [581.7686699999999], [1401.1599999999999], [108.248672], [19.381520146778993]]
[200.0, 1200.0, 0.999999, [573.5231699999999], [1401.1599999999999], [108.248672], [19.246174066551514]]
[200.0, 300.0, 0.999998, [558.86136], [1401.1599999999999], [108.248672], [19.023861574349198]]
[200.0, 1600.0, 0.999996, [547.21646], [1401.1599999999999], [108.248672], [18.758339486745623]]
[200.0, 900.0, 0.999999, [596.05328], [1401.1599999999999], [108.248672], [19.598110919167695]]
[200.0, 800.0, 0.999999, [573.44727], [1401.1599999999999], [108.248672], [19.20043664347246]]
[200.0, 1100.0, 0.999999, [582.4377400000001], [1401.1599999999999], [108.248672], [19.37158939529743]]
[200.0, 200.0, 0.999999, [583.9562], [1401.1599999999999], [108.248672], [19.389943986510122]]
[300.0, 2000.0, 0.999969, [233.73405000000002], [541.42], [48.124464], [7.443608083449853]]
[300.0, 400.0, 0.999879, [116.22898199999999], [314.548], [21.3532184], [5.234689849456221]]
[300.0, 1000.0, 0.999951, [227.582194], [541.42], [48.124464], [7.333733128496018]]
[300.0, 200.0, 0.999932, [223.01782099999997], [541.42], [48.124464], [7.262458599537762]]
[300.0, 1600.0, 0.999894, [216.71179600000002], [541.42], [48.124464], [7.168189018155144]]
[300.0, 1300.0, 0.999962, [125.40961600000001], [314.548], [21.3532184], [5.44231373314696]]
[300.0, 800.0, 0.9999, [217.53535699999998], [541.42], [48.124464], [7.171927770829821]]
[300.0, 700.0, 0.999963, [231.20451], [541.42], [48.124464], [7.3742784935205705]]
[300.0, 300.0, 0.999954, [228.306073], [541.42], [48.124464], [7.3342488572450275]]
[300.0, 900.0, 0.999869, [213.66581399999998], [541.42], [48.124464], [7.102491612103459]]
[300.0, 600.0, 0.999908, [218.663737], [541.42], [48.124464], [7.166414318890585]]
[300.0, 1400.0, 0.999964, [231.59321], [541.42], [48.124464], [7.401752353328231]]
[300.0, 500.0, 0.999924, [221.313429], [541.42], [48.124464], [7.214611682550905]]
[300.0, 1200.0, 0.999951, [227.571453], [541.42], [48.124464], [7.3410148889646045]]
[300.0, 100.0, 0.976056, [123.89267400000001], [541.42], [48.124464], [5.401977346305703]]
[300.0, 1100.0, 0.999927, [221.87488199999999], [541.42], [48.124464], [7.232914920694146]]
[300.0, 1900.0, 0.999915, [219.826571], [541.42], [48.124464], [7.196798497248619]]
[300.0, 1500.0, 0.999963, [231.25833], [541.42], [48.124464], [7.368501496233816]]
[300.0, 1700.0, 0.999923, [221.286657], [541.42], [48.124464], [7.198455474613982]]
[300.0, 1800.0, 0.999943, [225.266255], [541.42], [48.124464], [7.27422407545987]]
[400.0, 900.0, 0.996942, [44.141531], [110.4], [7.9261634], [2.177341377919411]]
[400.0, 1200.0, 0.998352, [47.266288], [110.4], [7.9261634], [2.250775933983656]]
[400.0, 1500.0, 0.996334, [43.199221], [110.4], [7.9261634], [2.151906352981003]]
[400.0, 200.0, 0.996563, [95.343671], [252.034], [26.540643], [3.1995240396033906]]
[400.0, 1600.0, 0.997384, [44.945979], [110.4], [7.9261634], [2.203657954629075]]
[400.0, 500.0, 0.998449, [47.56814], [110.4], [7.9261634], [2.260030371919811]]
[400.0, 1700.0, 0.997907, [46.072886999999994], [110.4], [7.9261634], [2.2244196461099692]]
[400.0, 300.0, 0.997941, [46.157895], [110.4], [7.9261634], [2.2311260222138958]]
[400.0, 1300.0, 0.996672, [95.686601], [252.034], [26.540643], [3.2056216479803097]]
[400.0, 1400.0, 0.998252, [46.978903], [110.4], [7.9261634], [2.252466223054188]]
[400.0, 1100.0, 0.996503, [43.449668], [110.4], [7.9261634], [2.167072522782752]]
[400.0, 800.0, 0.997612, [45.409199], [110.4], [7.9261634], [2.2157418597390803]]
[400.0, 100.0, 0.855999, [46.383272], [252.034], [26.540643], [2.2394051310560132]]
[400.0, 1000.0, 0.994547, [41.104243], [110.4], [7.9261634], [2.108603572983789]]
[400.0, 400.0, 0.998068, [46.476652], [110.4], [7.9261634], [2.2387015471026945]]
[400.0, 1800.0, 0.998778, [48.744682], [110.4], [7.9261634], [2.2902249278182265]]
[400.0, 2000.0, 0.998214, [46.871722999999996], [110.4], [7.9261634], [2.2499149717267093]]
[400.0, 600.0, 0.997569, [98.990919], [252.034], [26.540643], [3.2671870378048453]]
[400.0, 700.0, 0.996525, [43.482719], [110.4], [7.9261634], [2.168721090181953]]
[400.0, 1900.0, 0.998456, [47.592106], [110.4], [7.9261634], [2.263725619857672]]
[500.0, 1700.0, 0.97836, [21.0226532], [45.8252], [3.97160136], [1.0812886848571015]]
[500.0, 1100.0, 0.976665, [20.7203941], [45.8252], [3.97160136], [1.0743024006302881]]
[500.0, 300.0, 0.979188, [21.177898600000002], [45.8252], [3.97160136], [1.0835553626834211]]
[500.0, 1300.0, 0.968599, [19.5097155], [45.8252], [3.97160136], [1.0413517652551416]]
[500.0, 1800.0, 0.968736, [19.526977], [45.8252], [3.97160136], [1.0393160231613865]]
[500.0, 1400.0, 0.980138, [21.3634419], [45.8252], [3.97160136], [1.087370579425432]]
[500.0, 600.0, 0.964913, [19.0489197], [45.8252], [3.97160136], [1.030047495506882]]
[500.0, 1900.0, 0.977487, [20.864275199999998], [45.8252], [3.97160136], [1.0774266471551555]]
[500.0, 1200.0, 0.977417, [20.851859800000003], [45.8252], [3.97160136], [1.0767854758492983]]
[500.0, 800.0, 0.96408, [18.951781500000003], [45.8252], [3.97160136], [1.0308409101311415]]
[500.0, 1000.0, 0.967296, [19.3409024], [45.8252], [3.97160136], [1.035294613624547]]
[500.0, 2000.0, 0.976626, [20.714124299999998], [45.8252], [3.97160136], [1.075423531451679]]
[500.0, 700.0, 0.964311, [22.718572], [70.518], [4.742462], [1.121990119831721]]
[500.0, 100.0, 0.719781, [9.1129634], [45.8252], [3.97160136], [0.7137823127536854]]
[500.0, 200.0, 0.883389, [13.6835349], [45.8252], [3.97160136], [0.8724303536672712]]
[500.0, 1500.0, 0.976795, [20.7430537], [45.8252], [3.97160136], [1.075477147130519]]
[500.0, 900.0, 0.972722, [20.087206400000003], [45.8252], [3.97160136], [1.0557601290065846]]
[500.0, 1600.0, 0.968142, [19.4499362], [45.8252], [3.97160136], [1.0396429968984544]]
[500.0, 500.0, 0.971939, [19.972070700000003], [45.8252], [3.97160136], [1.0540855083910412]]
[500.0, 400.0, 0.96618, [22.981593099999998], [70.518], [4.742462], [1.1308503817923925]]
[600.0, 200.0, 0.718448, [5.181587199999999], [15.7366], [1.45902708], [0.32705884981826194]]
[600.0, 1400.0, 0.892799, [8.2609238], [15.7366], [1.45902708], [0.4140827065534936]]
[600.0, 1900.0, 0.889001, [10.462296733333334], [26.703000000000003], [2.3905399600000004], [0.46418933555656405]]
[600.0, 100.0, 0.556642, [3.553611933333333], [15.7366], [1.45902708], [0.2701760745226054]]
[600.0, 800.0, 0.896404, [8.363298333333333], [15.7366], [1.45902708], [0.41557562515410146]]
[600.0, 1200.0, 0.906177, [8.6583454], [15.7366], [1.45902708], [0.4224839776054629]]
[600.0, 600.0, 0.898817, [10.804064466666665], [26.703000000000003], [2.3905399600000004], [0.47242878386294607]]
[600.0, 1600.0, 0.891646, [8.228411], [15.7366], [1.45902708], [0.41090724295284836]]
[600.0, 400.0, 0.897677, [8.400365133333333], [15.7366], [1.45902708], [0.4169031260243666]]
[600.0, 500.0, 0.884092, [8.025161533333332], [15.7366], [1.45902708], [0.40636987131320546]]
[600.0, 1100.0, 0.900098, [10.850605733333335], [26.703000000000003], [2.3905399600000004], [0.47221200116520173]]
[600.0, 300.0, 0.899322, [10.822088800000001], [26.703000000000003], [2.3905399600000004], [0.47052561323599706]]
[600.0, 1700.0, 0.883127, [8.000129866666667], [15.7366], [1.45902708], [0.406145094762943]]
[600.0, 1500.0, 0.897591, [8.3976634], [15.7366], [1.45902708], [0.4157462763112457]]
[600.0, 1800.0, 0.904557, [11.017395599999999], [26.703000000000003], [2.3905399600000004], [0.4758790104404456]]
[600.0, 1000.0, 0.894975, [8.322355266666667], [15.7366], [1.45902708], [0.41508134827873067]]
[600.0, 2000.0, 0.894599, [10.6536598], [26.703000000000003], [2.3905399600000004], [0.46764376665244767]]
[600.0, 700.0, 0.8838, [10.291921933333334], [26.703000000000003], [2.3905399600000004], [0.4611920532224678]]
[600.0, 1300.0, 0.893961, [10.631519999999998], [26.703000000000003], [2.3905399600000004], [0.46802661011717894]]
[600.0, 900.0, 0.890373, [10.508637133333336], [26.703000000000003], [2.3905399600000004], [0.46670493133599233]]
[700.0, 2000.0, 0.76397, [4.959474666666668], [10.948], [1.244944], [0.24403981496651095]]
[700.0, 100.0, 0.424274, [2.1432718666666664], [10.948], [1.244944], [0.1606450436348549]]
[700.0, 1000.0, 0.730285, [4.566717466666667], [10.948], [1.244944], [0.23426769275055126]]
[700.0, 600.0, 0.749301, [5.568362866666666], [15.7366], [1.45902708], [0.2585047662573705]]
[700.0, 1400.0, 0.76811, [5.0110958666666665], [10.948], [1.244944], [0.24628192652594977]]
[700.0, 1900.0, 0.747797, [4.765320933333333], [10.948], [1.244944], [0.23946636664791895]]
[700.0, 200.0, 0.449725, [1.7154519333333333], [6.0214], [0.6997897200000001], [0.1434532615484531]]
[700.0, 400.0, 0.697706, [4.224624666666667], [10.948], [1.244944], [0.22517322378806745]]
[700.0, 1300.0, 0.779863, [5.1618164], [10.948], [1.244944], [0.24921483226770877]]
[700.0, 1100.0, 0.740527, [4.681466], [10.948], [1.244944], [0.23705521775878854]]
[700.0, 800.0, 0.748846, [4.777609066666667], [10.948], [1.244944], [0.24008386701317522]]
[700.0, 1500.0, 0.745525, [4.738941466666667], [10.948], [1.244944], [0.23935264573892268]]
[700.0, 1600.0, 0.711961, [4.370286733333333], [10.948], [1.244944], [0.22906522040676536]]
[700.0, 1800.0, 0.742817, [4.707684466666667], [10.948], [1.244944], [0.2380778378784739]]
[700.0, 1200.0, 0.770152, [5.036716333333334], [10.948], [1.244944], [0.24576664442334545]]
[700.0, 700.0, 0.781182, [5.1791323333333334], [10.948], [1.244944], [0.2491811503482735]]
[700.0, 900.0, 0.758983, [4.898478666666667], [10.948], [1.244944], [0.24340738197515702]]
[700.0, 300.0, 0.672494, [3.980484266666666], [10.948], [1.244944], [0.21878727080583704]]
[700.0, 500.0, 0.758639, [4.8942758], [10.948], [1.244944], [0.24289882713224906]]
[700.0, 1700.0, 0.756605, [4.8697148666666665], [10.948], [1.244944], [0.24227734153697128]]
[800.0, 300.0, 0.537036, [2.163741866666667], [6.0214], [0.6997897200000001], [0.12534216428108566]]
[800.0, 100.0, 0.373118, [1.3651400066666666], [6.0214], [0.6997897200000001], [0.09982891460449278]]
[800.0, 1800.0, 0.649081, [2.858469133333333], [6.0214], [0.6997897200000001], [0.14419070772957443]]
[800.0, 800.0, 0.610016, [2.5971124666666667], [6.0214], [0.6997897200000001], [0.1380349555728548]]
[800.0, 400.0, 0.634339, [2.7570084666666665], [6.0214], [0.6997897200000001], [0.14180524983229642]]
[800.0, 200.0, 0.356086, [1.2919820666666666], [6.0214], [0.6997897200000001], [0.09711132766057727]]
[800.0, 1700.0, 0.57689, [2.3925473999999998], [6.0214], [0.6997897200000001], [0.13190541329974967]]
[800.0, 600.0, 0.630855, [2.7335316], [6.0214], [0.6997897200000001], [0.14097115933567564]]
[800.0, 1600.0, 0.616912, [2.641523933333333], [6.0214], [0.6997897200000001], [0.13864404748211234]]
[800.0, 1000.0, 0.615469, [2.632166], [6.0214], [0.6997897200000001], [0.13834360962633743]]
[800.0, 1100.0, 0.639668, [2.7932794666666667], [6.0214], [0.6997897200000001], [0.14291659514867014]]
[800.0, 1500.0, 0.62516, [2.6955938666666666], [6.0214], [0.6997897200000001], [0.1399482245689455]]
[800.0, 1400.0, 0.615171, [2.630234], [6.0214], [0.6997897200000001], [0.13824200336125533]]
[800.0, 1200.0, 0.610221, [2.5983882], [6.0214], [0.6997897200000001], [0.13732906046750953]]
[800.0, 900.0, 0.61644, [2.638460333333333], [6.0214], [0.6997897200000001], [0.13848326973160172]]
[800.0, 1300.0, 0.610342, [2.5991809333333333], [6.0214], [0.6997897200000001], [0.13775630000515807]]
[800.0, 2000.0, 0.605708, [2.5696519999999996], [6.0214], [0.6997897200000001], [0.13657548994359614]]
[800.0, 500.0, 0.598378, [2.5235952666666663], [6.0214], [0.6997897200000001], [0.13566935586196316]]
[800.0, 1900.0, 0.626273, [2.702952333333333], [6.0214], [0.6997897200000001], [0.139766323427514]]
[800.0, 700.0, 0.636371, [2.7707900666666667], [6.0214], [0.6997897200000001], [0.1423259377157469]]
[900.0, 200.0, 0.255054, [0.6762341933333333], [3.4610399999999997], [0.42700167], [0.03910763585570243]]
[900.0, 1100.0, 0.491891, [1.5015948666666665], [3.4610399999999997], [0.42700167], [0.058449517258723174]]
[900.0, 300.0, 0.313247, [0.8555348333333334], [3.4610399999999997], [0.42700167], [0.0438303608244331]]
[900.0, 1000.0, 0.46913, [1.4090697], [3.4610399999999997], [0.42700167], [0.056589613681899846]]
[900.0, 900.0, 0.462559, [1.3830130000000003], [3.4610399999999997], [0.42700167], [0.05567799686091845]]
[900.0, 1600.0, 0.469562, [1.4107931666666664], [3.4610399999999997], [0.42700167], [0.05647692553404247]]
[900.0, 700.0, 0.486283, [1.4784515], [3.4610399999999997], [0.42700167], [0.05772382459223882]]
[900.0, 1900.0, 0.477299, [1.4418608000000002], [3.4610399999999997], [0.42700167], [0.057308833331152165]]
[900.0, 500.0, 0.488734, [1.4885393], [3.4610399999999997], [0.42700167], [0.05811770256222377]]
[900.0, 1400.0, 0.456662, [1.3598841999999998], [3.4610399999999997], [0.42700167], [0.05551703793531416]]
[900.0, 1200.0, 0.496019, [1.5187689666666666], [3.4610399999999997], [0.42700167], [0.05867517433577282]]
[900.0, 1500.0, 0.467672, [1.4032614333333333], [3.4610399999999997], [0.42700167], [0.05622048267510892]]
[900.0, 800.0, 0.477456, [1.4424948333333334], [3.4610399999999997], [0.42700167], [0.057198641174613776]]
[900.0, 400.0, 0.416026, [1.2062296333333333], [3.4610399999999997], [0.42700167], [0.05224761053547488]]
[900.0, 100.0, 0.213202, [0.5542228733333333], [3.4610399999999997], [0.42700167], [0.03533596524788873]]
[900.0, 600.0, 0.471264, [1.4175927333333334], [3.4610399999999997], [0.42700167], [0.05674911514728665]]
[900.0, 1800.0, 0.45885, [1.3684417333333332], [3.4610399999999997], [0.42700167], [0.05577351143488975]]
[900.0, 2000.0, 0.47722, [1.4415418666666666], [3.4610399999999997], [0.42700167], [0.057296134599115846]]
[900.0, 1700.0, 0.456687, [1.3599807999999998], [3.4610399999999997], [0.42700167], [0.05547477306548145]]
[900.0, 1300.0, 0.484886, [1.4727252666666668], [3.4610399999999997], [0.42700167], [0.05767638479770844]]
[1000.0, 1600.0, 0.330804, [0.4535679733333333], [0.6578], [0.12390491000000001], [0.016127019486287947]]
[1000.0, 1400.0, 0.330718, [0.4534112666666667], [0.6578], [0.12390491000000001], [0.016141871266987604]]
[1000.0, 1500.0, 0.308723, [0.41413799999999995], [0.6578], [0.12390491000000001], [0.015348968428602039]]
[1000.0, 700.0, 0.321334, [0.43644615999999997], [0.6578], [0.12390491000000001], [0.015821164862297593]]
[1000.0, 1900.0, 0.316161, [0.42722806666666663], [0.6578], [0.12390491000000001], [0.015610580434792007]]
[1000.0, 1800.0, 0.318769, [0.43186210666666663], [0.6578], [0.12390491000000001], [0.015696295285477044]]
[1000.0, 500.0, 0.318332, [0.4310844], [0.6578], [0.12390491000000001], [0.015730493495119596]]
[1000.0, 1000.0, 0.311529, [0.8499903000000001], [3.4610399999999997], [0.42700167], [0.034904902855234156]]
[1000.0, 200.0, 0.184415, [0.22049167733333333], [0.6578], [0.12390491000000001], [0.011251921372715764]]
[1000.0, 1100.0, 0.327824, [0.4481442666666667], [0.6578], [0.12390491000000001], [0.01607708884095625]]
[1000.0, 2000.0, 0.32029, [0.43457764], [0.6578], [0.12390491000000001], [0.01579499162815015]]
[1000.0, 1700.0, 0.324329, [0.44182570666666665], [0.6578], [0.12390491000000001], [0.015850407164766742]]
[1000.0, 800.0, 0.309532, [0.41555204], [0.6578], [0.12390491000000001], [0.015369740511074927]]
[1000.0, 1300.0, 0.326077, [0.444981], [0.6578], [0.12390491000000001], [0.01595334706225903]]
[1000.0, 400.0, 0.240268, [0.30204268533333334], [0.6578], [0.12390491000000001], [0.013144722127995794]]
[1000.0, 300.0, 0.197563, [0.23896632], [0.6578], [0.12390491000000001], [0.011688224957908137]]
[1000.0, 600.0, 0.333494, [0.4584905866666667], [0.6578], [0.12390491000000001], [0.016199972532212656]]
[1000.0, 1200.0, 0.339946, [0.4704076533333333], [0.6578], [0.12390491000000001], [0.016417336343701502]]
[1000.0, 100.0, 0.169839, [0.2005001386666667], [0.6578], [0.12390491000000001], [0.010747933878967933]]
[1000.0, 900.0, 0.331069, [0.4540515866666667], [0.6578], [0.12390491000000001], [0.01615442749355249]]
[1100.0, 1300.0, 0.313211, [0.4219926533333333], [0.6578], [0.12390491000000001], [0.012509320137845666]]
[1100.0, 1800.0, 0.317606, [0.42977248], [0.6578], [0.12390491000000001], [0.012629447789458835]]
[1100.0, 2000.0, 0.302127, [0.40266836], [0.6578], [0.12390491000000001], [0.012213290203708418]]
[1100.0, 700.0, 0.306312, [0.40991550666666665], [0.6578], [0.12390491000000001], [0.012331420918396495]]
[1100.0, 900.0, 0.304895, [0.4074554266666666], [0.6578], [0.12390491000000001], [0.01226852569246471]]
[1100.0, 200.0, 0.160555, [0.18802236266666666], [0.6578], [0.12390491000000001], [0.008333944693307673]]
[1100.0, 1900.0, 0.308874, [0.41438210666666664], [0.6578], [0.12390491000000001], [0.012387568356129374]]
[1100.0, 1500.0, 0.291889, [0.38518682666666665], [0.6578], [0.12390491000000001], [0.011909833419863137]]
[1100.0, 800.0, 0.31562, [0.4262479599999999], [0.6578], [0.12390491000000001], [0.012613315940791391]]
[1100.0, 500.0, 0.270884, [0.35037310666666666], [0.6578], [0.12390491000000001], [0.011343744668808053]]
[1100.0, 1700.0, 0.307676, [0.4122900266666667], [0.6578], [0.12390491000000001], [0.012325020701357417]]
[1100.0, 400.0, 0.214129, [0.262852924], [0.6578], [0.12390491000000001], [0.009857756950183389]]
[1100.0, 600.0, 0.310795, [0.41774501333333336], [0.6578], [0.12390491000000001], [0.012432672876113344]]
[1100.0, 1400.0, 0.304238, [0.406318], [0.6578], [0.12390491000000001], [0.01226769012397109]]
[1100.0, 100.0, 0.14095, [0.16232572000000003], [0.6578], [0.12390491000000001], [0.007747384524398469]]
[1100.0, 1100.0, 0.309515, [0.41550205333333334], [0.6578], [0.12390491000000001], [0.012371394769116913]]
[1100.0, 1000.0, 0.307165, [0.4114003866666667], [0.6578], [0.12390491000000001], [0.012314948314954471]]
[1100.0, 300.0, 0.176016, [0.20890507466666666], [0.6578], [0.12390491000000001], [0.008804299593064996]]
[1100.0, 1200.0, 0.291401, [0.3843618933333333], [0.6578], [0.12390491000000001], [0.011912833662343594]]
[1100.0, 1600.0, 0.313912, [0.42322882666666667], [0.6578], [0.12390491000000001], [0.012529455797351208]]
[1200.0, 100.0, 0.091518, [0.10115504266666667], [0.6578], [0.12390491000000001], [0.004924150973405353]]
[1200.0, 1400.0, 0.226852, [0.281684864], [0.6578], [0.12390491000000001], [0.008214096863860865]]
[1200.0, 1700.0, 0.224598, [0.2783169893333333], [0.6578], [0.12390491000000001], [0.008164632999576758]]
[1200.0, 1800.0, 0.227861, [0.2831981106666666], [0.6578], [0.12390491000000001], [0.008244215884822251]]
[1200.0, 700.0, 0.21682, [0.266795768], [0.6578], [0.12390491000000001], [0.008007877630322669]]
[1200.0, 200.0, 0.112509, [0.12651956533333333], [0.6578], [0.12390491000000001], [0.005537611202595494]]
[1200.0, 1900.0, 0.224315, [0.27789474], [0.6578], [0.12390491000000001], [0.008169841162606665]]
[1200.0, 1200.0, 0.219225, [0.2703403746666667], [0.6578], [0.12390491000000001], [0.008063577679637963]]
[1200.0, 1100.0, 0.224303, [0.2778760333333333], [0.6578], [0.12390491000000001], [0.008165763463523924]]
[1200.0, 1300.0, 0.228481, [0.2841281386666667], [0.6578], [0.12390491000000001], [0.008274796957831253]]
[1200.0, 2000.0, 0.220253, [0.27186030666666666], [0.6578], [0.12390491000000001], [0.008076641755361224]]
[1200.0, 800.0, 0.217682, [0.268065644], [0.6578], [0.12390491000000001], [0.008020742234426382]]
[1200.0, 1600.0, 0.227706, [0.2829651053333333], [0.6578], [0.12390491000000001], [0.008247923572229154]]
[1200.0, 1000.0, 0.233622, [0.29188698933333335], [0.6578], [0.12390491000000001], [0.008391161588242714]]
[1200.0, 1500.0, 0.230846, [0.28768884533333333], [0.6578], [0.12390491000000001], [0.00831873736038776]]
[1200.0, 300.0, 0.122537, [0.13895032933333334], [0.6578], [0.12390491000000001], [0.0057795716734796955]]
[1200.0, 600.0, 0.220549, [0.27229871733333333], [0.6578], [0.12390491000000001], [0.008100397845922274]]
[1200.0, 500.0, 0.182771, [0.218200908], [0.6578], [0.12390491000000001], [0.007233289661312096]]
[1200.0, 900.0, 0.21718, [0.2673252893333333], [0.6578], [0.12390491000000001], [0.008009353126883039]]
[1200.0, 400.0, 0.138673, [0.15939371066666666], [0.6578], [0.12390491000000001], [0.006209097350035851]]
[1300.0, 1600.0, 0.146357, [0.169323148], [0.6578], [0.12390491000000001], [0.005169118425590362]]
[1300.0, 1700.0, 0.147655, [0.215264084], [1.08146], [0.202068846], [0.005845769737358993]]
[1300.0, 900.0, 0.149509, [0.17343401466666666], [0.6578], [0.12390491000000001], [0.005229232305670371]]
[1300.0, 200.0, 0.069136, [0.07504418533333333], [0.6578], [0.12390491000000001], [0.0034396450230284583]]
[1300.0, 1800.0, 0.149503, [0.17342637866666666], [0.6578], [0.12390491000000001], [0.005240927052853658]]
[1300.0, 1000.0, 0.146677, [0.16973908000000001], [0.6578], [0.12390491000000001], [0.005179402996056162]]
[1300.0, 1400.0, 0.15009, [0.17419540666666666], [0.6578], [0.12390491000000001], [0.005266572122358147]]
[1300.0, 1200.0, 0.145269, [0.16790907733333332], [0.6578], [0.12390491000000001], [0.005162157447338381]]
[1300.0, 500.0, 0.104922, [0.11725019733333333], [0.6578], [0.12390491000000001], [0.004307294633267822]]
[1300.0, 100.0, 0.059754, [0.06437669333333333], [0.6578], [0.12390491000000001], [0.0031989037816796623]]
[1300.0, 1100.0, 0.152034, [0.22230901466666667], [1.08146], [0.202068846], [0.005924554756829129]]
[1300.0, 2000.0, 0.151804, [0.17644161733333333], [0.6578], [0.12390491000000001], [0.005293513499872588]]
[1300.0, 1300.0, 0.144074, [0.16635933733333333], [0.6578], [0.12390491000000001], [0.005133960879390406]]
[1300.0, 1500.0, 0.147314, [0.17056977866666667], [0.6578], [0.12390491000000001], [0.005190273313291571]]
[1300.0, 600.0, 0.130093, [0.14845304], [0.6578], [0.12390491000000001], [0.004842004468307635]]
[1300.0, 300.0, 0.072125, [0.07847787066666666], [0.6578], [0.12390491000000001], [0.003513152774613962]]
[1300.0, 1900.0, 0.147507, [0.1708207853333333], [0.6578], [0.12390491000000001], [0.0051979113463433025]]
[1300.0, 400.0, 0.090313, [0.09972355333333334], [0.6578], [0.12390491000000001], [0.003969932365502801]]
[1300.0, 700.0, 0.144779, [0.167272744], [0.6578], [0.12390491000000001], [0.0051304865907414446]]
[1300.0, 800.0, 0.149223, [0.173060556], [0.6578], [0.12390491000000001], [0.005232261794333732]]
[1400.0, 1100.0, 0.128525, [0.08995468666666667], [0.214406], [0.069147154], [0.003074588368473991]]
[1400.0, 400.0, 0.073252, [0.04747614], [0.214406], [0.069147154], [0.0022380471562900048]]
[1400.0, 1500.0, 0.126898, [0.08861305066666668], [0.214406], [0.069147154], [0.0030429847397287785]]
[1400.0, 1800.0, 0.12731, [0.08895216266666667], [0.214406], [0.069147154], [0.0030438799354332844]]
[1400.0, 1600.0, 0.12183, [0.08447188533333333], [0.214406], [0.069147154], [0.0029698737469611215]]
[1400.0, 1400.0, 0.126894, [0.088609708], [0.214406], [0.069147154], [0.0030392874524576754]]
[1400.0, 600.0, 0.104682, [0.07086422666666667], [0.214406], [0.069147154], [0.0027255476817207463]]
[1400.0, 1700.0, 0.127169, [0.08883636533333333], [0.214406], [0.069147154], [0.003039918313229997]]
[1400.0, 900.0, 0.125192, [0.08721284133333335], [0.214406], [0.069147154], [0.0030217457226650365]]
[1400.0, 100.0, 0.058642, [0.03725230266666667], [0.214406], [0.069147154], [0.0019771468547716262]]
[1400.0, 700.0, 0.129144, [0.090466912], [0.214406], [0.069147154], [0.0030741907032583384]]
[1400.0, 2000.0, 0.120219, [0.083166896], [0.214406], [0.069147154], [0.0029385575457659117]]
[1400.0, 800.0, 0.132747, [0.09346307599999999], [0.214406], [0.069147154], [0.0031276226569783715]]
[1400.0, 1300.0, 0.121904, [0.08453174666666666], [0.214406], [0.069147154], [0.0029812050753568317]]
[1400.0, 300.0, 0.061498, [0.03921990666666667], [0.214406], [0.069147154], [0.0020226130197236337]]
[1400.0, 1200.0, 0.126409, [0.08821168533333333], [0.214406], [0.069147154], [0.0030345736649486695]]
[1400.0, 500.0, 0.087516, [0.057848710666666664], [0.214406], [0.069147154], [0.00246220506736904]]
[1400.0, 1000.0, 0.123675, [0.08597344800000001], [0.214406], [0.069147154], [0.002987783787209361]]
[1400.0, 200.0, 0.059794, [0.03804436133333333], [0.214406], [0.069147154], [0.001994067075211976]]
[1400.0, 1900.0, 0.126554, [0.08833091733333333], [0.214406], [0.069147154], [0.0030404755832672695]]
[1500.0, 1500.0, 0.088356, [0.05847369733333333], [0.214406], [0.069147154], [0.004889817069061877]]
[1500.0, 1100.0, 0.086294, [0.05694640533333334], [0.214406], [0.069147154], [0.004812850740350139]]
[1500.0, 1800.0, 0.090953, [0.060409408000000005], [0.214406], [0.069147154], [0.004948932090416634]]
[1500.0, 400.0, 0.049421, [0.031002405333333337], [0.214406], [0.069147154], [0.003533051553544046]]
[1500.0, 200.0, 0.0467, [0.029186969333333333], [0.214406], [0.069147154], [0.0034397174767704392]]
[1500.0, 500.0, 0.066091, [0.042416968000000006], [0.214406], [0.069147154], [0.0041794684085153435]]
[1500.0, 1300.0, 0.102098, [0.06886935999999999], [0.214406], [0.069147154], [0.0052820375630790225]]
[1500.0, 600.0, 0.074199, [0.048154333333333334], [0.214406], [0.069147154], [0.0044329661121094875]]
[1500.0, 1000.0, 0.09817, [0.06585918133333334], [0.214406], [0.069147154], [0.005206626548714414]]
[1500.0, 2000.0, 0.103201, [0.06972032933333333], [0.214406], [0.069147154], [0.005347305609370013]]
[1500.0, 800.0, 0.096696, [0.06473770133333333], [0.214406], [0.069147154], [0.005166631683322424]]
[1500.0, 1700.0, 0.093768, [0.06252313866666667], [0.214406], [0.069147154], [0.005005857813047074]]
[1500.0, 1200.0, 0.096939, [0.06492262133333333], [0.214406], [0.069147154], [0.005148698624787519]]
[1500.0, 300.0, 0.046973, [0.029368666266666666], [0.214406], [0.069147154], [0.003437342112737689]]
[1500.0, 1400.0, 0.095285, [0.06366841599999999], [0.214406], [0.069147154], [0.005081293620066974]]
[1500.0, 100.0, 0.032606, [0.019991731866666668], [0.214406], [0.069147154], [0.0028559618217180553]]
[1500.0, 900.0, 0.088573, [0.058635065333333326], [0.214406], [0.069147154], [0.0049205428788114645]]
[1500.0, 700.0, 0.082054, [0.05383189866666667], [0.214406], [0.069147154], [0.004685466256888896]]
[1500.0, 1900.0, 0.091649, [0.060930956], [0.214406], [0.069147154], [0.005025499473684183]]
[1500.0, 1600.0, 0.092198, [0.06134268666666667], [0.214406], [0.069147154], [0.005025388127409774]]
[1600.0, 1500.0, 0.068379, [0.052173844000000004], [0.30981], [0.08789661600000001], [0.003765322219058196]]
[1600.0, 100.0, 0.030646, [0.022399752133333332], [0.30981], [0.08789661600000001], [0.0024586920392761676]]
[1600.0, 1300.0, 0.060776, [0.045969793333333335], [0.30981], [0.08789661600000001], [0.0035361379485409094]]
[1600.0, 900.0, 0.067521, [0.05146854133333334], [0.30981], [0.08789661600000001], [0.003743784606814637]]
[1600.0, 300.0, 0.034863, [0.025603370000000004], [0.30981], [0.08789661600000001], [0.00261313292088677]]
[1600.0, 500.0, 0.042711, [0.03164784666666667], [0.30981], [0.08789661600000001], [0.0029511769948803667]]
[1600.0, 1000.0, 0.063632, [0.040700370666666666], [0.214406], [0.069147154], [0.003345549215832216]]
[1600.0, 1200.0, 0.075101, [0.05774815466666667], [0.30981], [0.08789661600000001], [0.00394758267297849]]
[1600.0, 1800.0, 0.065377, [0.041916947999999996], [0.214406], [0.069147154], [0.0033560418034742456]]
[1600.0, 1100.0, 0.074819, [0.05751294133333334], [0.30981], [0.08789661600000001], [0.003950003569056053]]
[1600.0, 1900.0, 0.068426, [0.052212484], [0.30981], [0.08789661600000001], [0.003758337315592864]]
[1600.0, 1700.0, 0.070056, [0.053557063999999995], [0.30981], [0.08789661600000001], [0.0038255041114429174]]
[1600.0, 800.0, 0.06876, [0.052487778666666665], [0.30981], [0.08789661600000001], [0.0037587276523372163]]
[1600.0, 200.0, 0.028841, [0.021037364], [0.30981], [0.08789661600000001], [0.002397430289103546]]
[1600.0, 1600.0, 0.071219, [0.05451870933333333], [0.30981], [0.08789661600000001], [0.0038550549372076254]]
[1600.0, 2000.0, 0.069193, [0.04459666266666667], [0.214406], [0.069147154], [0.003471844561292711]]
[1600.0, 1400.0, 0.075042, [0.05769884266666667], [0.30981], [0.08789661600000001], [0.003962772961786565]]
[1600.0, 700.0, 0.069336, [0.05296249866666666], [0.30981], [0.08789661600000001], [0.0038024848881283465]]
[1600.0, 400.0, 0.032964, [0.015280349000000002], [0.058741999999999996], [0.250363096], [0.003945368271784017]]
[1600.0, 600.0, 0.046786, [0.034827612], [0.30981], [0.08789661600000001], [0.003066400161753192]]
[1700.0, 900.0, 0.050647, [0.037867936], [0.30981], [0.08789661600000001], [0.002606937060485606]]
[1700.0, 1500.0, 0.050485, [0.037739718666666665], [0.30981], [0.08789661600000001], [0.0025981103334710193]]
[1700.0, 1800.0, 0.047699, [0.03554380133333333], [0.30981], [0.08789661600000001], [0.00251963219502812]]
[1700.0, 700.0, 0.035457, [0.026057040400000002], [0.30981], [0.08789661600000001], [0.0021714200265161862]]
[1700.0, 500.0, 0.029432, [0.021482653199999997], [0.30981], [0.08789661600000001], [0.0019693117611095617]]
[1700.0, 300.0, 0.021792, [0.015769815066666668], [0.30981], [0.08789661600000001], [0.0016810676766071417]]
[1700.0, 800.0, 0.047668, [0.035519452], [0.30981], [0.08789661600000001], [0.002530655624141696]]
[1700.0, 1300.0, 0.043358, [0.020481476999999998], [0.058741999999999996], [0.250363096], [0.0037393908293998903]]
[1700.0, 400.0, 0.026464, [0.019252082533333333], [0.30981], [0.08789661600000001], [0.0018611690701157582]]
[1700.0, 1000.0, 0.047599, [0.03546532533333333], [0.30981], [0.08789661600000001], [0.0025267991631047113]]
[1700.0, 2000.0, 0.049413, [0.03689325733333333], [0.30981], [0.08789661600000001], [0.0025893984334418507]]
[1700.0, 1600.0, 0.04581, [0.03406333733333334], [0.30981], [0.08789661600000001], [0.002477743693318132]]
[1700.0, 1400.0, 0.046574, [0.03466139866666667], [0.30981], [0.08789661600000001], [0.0025080112333613395]]
[1700.0, 1200.0, 0.052948, [0.03969248], [0.30981], [0.08789661600000001], [0.0026639844033577477]]
[1700.0, 100.0, 0.020568, [0.014864237599999998], [0.30981], [0.08789661600000001], [0.0016414804212458137]]
[1700.0, 1700.0, 0.043599, [0.032337693333333334], [0.30981], [0.08789661600000001], [0.0024238136778409534]]
[1700.0, 1900.0, 0.050855, [0.03803230933333333], [0.30981], [0.08789661600000001], [0.0026244778077849228]]
[1700.0, 1100.0, 0.044365, [0.0209956995], [0.058741999999999996], [0.250363096], [0.003770939256339195]]
[1700.0, 600.0, 0.033104, [0.024263491199999997], [0.30981], [0.08789661600000001], [0.00211186573899847]]
[1700.0, 200.0, 0.022288, [0.010133472250000001], [0.058741999999999996], [0.250363096], [0.002616451684533846]]
[1800.0, 600.0, 0.022815, [0.009289209333333335], [0.092598], [0.060114686], [0.001058603827690038]]
[1800.0, 1800.0, 0.039807, [0.0167771568], [0.092598], [0.060114686], [0.001412891578760852]]
[1800.0, 400.0, 0.019586, [0.007922297866666667], [0.092598], [0.060114686], [0.0009751672111888185]]
[1800.0, 1300.0, 0.036226, [0.015156950933333333], [0.092598], [0.060114686], [0.0013611343948666088]]
[1800.0, 1200.0, 0.038912, [0.0163702684], [0.092598], [0.060114686], [0.0014037389893503075]]
[1800.0, 1700.0, 0.041321, [0.017469285066666666], [0.092598], [0.060114686], [0.0014557738316403716]]
[1800.0, 500.0, 0.020434, [0.008279527733333333], [0.092598], [0.060114686], [0.0010040399673319784]]
[1800.0, 1600.0, 0.042802, [0.0181501004], [0.092598], [0.060114686], [0.0014770341417854901]]
[1800.0, 1000.0, 0.041662, [0.017625390666666668], [0.092598], [0.060114686], [0.0014487982998947016]]
[1800.0, 700.0, 0.026915, [0.011049936], [0.092598], [0.060114686], [0.001164765458126418]]
[1800.0, 200.0, 0.016264, [0.0065343827999999994], [0.092598], [0.060114686], [0.0008892168981250362]]
[1800.0, 800.0, 0.033812, [0.014077471999999999], [0.092598], [0.060114686], [0.001301462767470169]]
[1800.0, 2000.0, 0.036102, [0.015101557733333333], [0.092598], [0.060114686], [0.0013616618154136347]]
[1800.0, 1100.0, 0.042176, [0.01786192266666667], [0.092598], [0.060114686], [0.0014732264751595768]]
[1800.0, 900.0, 0.035835, [0.014981663333333334], [0.092598], [0.060114686], [0.0013563763011134567]]
[1800.0, 1500.0, 0.036606, [0.015327773466666667], [0.092598], [0.060114686], [0.0013601200816267822]]
[1800.0, 1400.0, 0.035642, [0.014895198666666666], [0.092598], [0.060114686], [0.0013376281848439381]]
[1800.0, 1900.0, 0.039134, [0.016470904133333335], [0.092598], [0.060114686], [0.0014123683070172124]]
[1800.0, 100.0, 0.014526, [0.005815672666666667], [0.092598], [0.060114686], [0.0008394197727266404]]
[1800.0, 300.0, 0.017909, [0.0072195006666666665], [0.092598], [0.060114686], [0.0009398988639682936]]
[1900.0, 300.0, 0.016339, [0.006565589199999999], [0.092598], [0.060114686], [0.0007340553364548056]]
[1900.0, 1600.0, 0.036372, [0.015222718666666668], [0.092598], [0.060114686], [0.0011102307507901228]]
[1900.0, 600.0, 0.023314, [0.009501763066666667], [0.092598], [0.060114686], [0.0008747082744168671]]
[1900.0, 1500.0, 0.031112, [0.0128825576], [0.092598], [0.060114686], [0.0010216529926219242]]
[1900.0, 500.0, 0.014511, [0.0058094136000000005], [0.092598], [0.060114686], [0.0006846459535977539]]
[1900.0, 1700.0, 0.035998, [0.015054788000000001], [0.092598], [0.060114686], [0.0010950748487863486]]
[1900.0, 1800.0, 0.032367, [0.0134364436], [0.092598], [0.060114686], [0.0010397433726111885]]
[1900.0, 800.0, 0.024551, [0.010031029866666666], [0.092598], [0.060114686], [0.0008972026392193807]]
[1900.0, 1300.0, 0.034449, [0.014361390133333332], [0.092598], [0.060114686], [0.0010825307270979014]]
[1900.0, 1000.0, 0.036729, [0.015383212666666667], [0.092598], [0.060114686], [0.00112493175299166]]
[1900.0, 1900.0, 0.033028, [0.0137290956], [0.092598], [0.060114686], [0.0010498902520422473]]
[1900.0, 1200.0, 0.036713, [0.015376214533333335], [0.092598], [0.060114686], [0.0011125839617754697]]
[1900.0, 100.0, 0.01571, [0.0063046312], [0.092598], [0.060114686], [0.000713859006558329]]
[1900.0, 2000.0, 0.038125, [0.01601357826666667], [0.092598], [0.060114686], [0.0011351725538926278]]
[1900.0, 1100.0, 0.034423, [0.014349896266666669], [0.092598], [0.060114686], [0.0010847502700826789]]
[1900.0, 900.0, 0.036316, [0.015197568933333332], [0.092598], [0.060114686], [0.0011143399122350414]]
[1900.0, 200.0, 0.013312, [0.005316262933333334], [0.092598], [0.060114686], [0.0006543868591454311]]
[1900.0, 400.0, 0.017411, [0.007011286266666666], [0.092598], [0.060114686], [0.0007560462877070131]]
[1900.0, 700.0, 0.023717, [0.009674036133333334], [0.092598], [0.060114686], [0.0008868172223055761]]
[1900.0, 1400.0, 0.03441, [0.014344265866666666], [0.092598], [0.060114686], [0.0010812394344763175]]
[2000.0, 1500.0, 0.024113, [0.0098432732], [0.092598], [0.060114686], [0.0007296318613900818]]
[2000.0, 1200.0, 0.024208, [0.009884102799999999], [0.092598], [0.060114686], [0.0007306539115675005]]
[2000.0, 1300.0, 0.022262, [0.009053459333333333], [0.092598], [0.060114686], [0.000702684693633401]]
[2000.0, 300.0, 0.011286, [0.004488701466666667], [0.092598], [0.060114686], [0.00048975751605599]]
[2000.0, 900.0, 0.020792, [0.0084307512], [0.092598], [0.060114686], [0.0006707144237469642]]
[2000.0, 1900.0, 0.023522, [0.009590494], [0.092598], [0.060114686], [0.0007208656462892374]]
[2000.0, 1600.0, 0.023725, [0.009677513733333332], [0.092598], [0.060114686], [0.0007213194405316475]]
[2000.0, 500.0, 0.011195, [0.004451702133333334], [0.092598], [0.060114686], [0.0004916082839913186]]
[2000.0, 600.0, 0.013406, [0.005354921333333334], [0.092598], [0.060114686], [0.0005437098814625315]]
[2000.0, 200.0, 0.009015, [0.003569118533333333], [0.092598], [0.060114686], [0.00043932833765495554]]
[2000.0, 1800.0, 0.024372, [0.009954307999999999], [0.092598], [0.060114686], [0.0007318552936506263]]
[2000.0, 2000.0, 0.024397, [0.0099651364], [0.092598], [0.060114686], [0.0007386650914543974]]
[2000.0, 400.0, 0.011171, [0.004441901066666666], [0.092598], [0.060114686], [0.0004905258672984422]]
[2000.0, 1100.0, 0.026399, [0.010826802266666666], [0.092598], [0.060114686], [0.0007753235068451534]]
[2000.0, 100.0, 0.008169, [0.003228715466666667], [0.092598], [0.060114686], [0.0004168253223273909]]
[2000.0, 1400.0, 0.026371, [0.010814848399999999], [0.092598], [0.060114686], [0.0007628206813021145]]
[2000.0, 1700.0, 0.025667, [0.010510763866666667], [0.092598], [0.060114686], [0.0007526915152674138]]
[2000.0, 700.0, 0.016099, [0.006466072799999999], [0.092598], [0.060114686], [0.0005952502695318817]]
[2000.0, 1000.0, 0.022271, [0.009057332533333334], [0.092598], [0.060114686], [0.0006987882998448099]]
[2000.0, 800.0, 0.018875, [0.007623693466666667], [0.092598], [0.060114686], [0.0006397660566870431]]
[2100.0, 200.0, 0.005698, [0.0022407449466666663], [0.092598], [0.060114686], [0.0002845749185793513]]
[2100.0, 100.0, 0.006816, [0.0026865097866666664], [0.092598], [0.060114686], [0.00031021148571042095]]
[2100.0, 400.0, 0.005896, [0.002319581586666667], [0.092598], [0.060114686], [0.0002945871509304731]]
[2100.0, 1400.0, 0.014949, [0.0059901108], [0.092598], [0.060114686], [0.000463528771634872]]
[2100.0, 500.0, 0.008575, [0.0033920369333333335], [0.092598], [0.060114686], [0.0003498617791833417]]
[2100.0, 800.0, 0.011283, [0.004487726266666666], [0.092598], [0.060114686], [0.0004030095910631519]]
[2100.0, 300.0, 0.006106, [0.00240328196], [0.092598], [0.060114686], [0.0002936076218508111]]
[2100.0, 600.0, 0.008998, [0.0035624209333333335], [0.092598], [0.060114686], [0.00035985879675228173]]
[2100.0, 700.0, 0.010285, [0.004082454], [0.092598], [0.060114686], [0.00038404499805795323]]
[2100.0, 1000.0, 0.012369, [0.004930479333333333], [0.092598], [0.060114686], [0.00042123923548396003]]
[2100.0, 1700.0, 0.014932, [0.005983002266666666], [0.092598], [0.060114686], [0.0004686249984321745]]
[2100.0, 1800.0, 0.015885, [0.006377314266666666], [0.092598], [0.060114686], [0.00047402195879750367]]
[2100.0, 1900.0, 0.015481, [0.006209800666666667], [0.092598], [0.060114686], [0.00047349283678730443]]
[2100.0, 900.0, 0.013314, [0.005317127733333333], [0.092598], [0.060114686], [0.0004370650945670323]]
[2100.0, 2000.0, 0.016593, [0.006670910799999999], [0.092598], [0.060114686], [0.0004944807675846565]]
[2100.0, 1200.0, 0.01392, [0.005565886533333333], [0.092598], [0.060114686], [0.0004485119257673709]]
[2100.0, 1500.0, 0.015578, [0.0062498298666666665], [0.092598], [0.060114686], [0.00047516592320764943]]
[2100.0, 1100.0, 0.016994, [0.0068377711999999995], [0.092598], [0.060114686], [0.0005000273116096315]]
[2100.0, 1300.0, 0.015601, [0.0062594132], [0.092598], [0.060114686], [0.0004745250245596467]]
[2100.0, 1600.0, 0.01378, [0.005508401866666667], [0.092598], [0.060114686], [0.0004438796345357101]]
[2200.0, 1700.0, 0.009105, [0.0036054217333333334], [0.092598], [0.060114686], [0.00029536776353104844]]
[2200.0, 1100.0, 0.009462, [0.0037494538666666666], [0.092598], [0.060114686], [0.0003021394795491351]]
[2200.0, 200.0, 0.004306, [0.0016885373333333333], [0.092598], [0.060114686], [0.0002003925060031493]]
[2200.0, 1800.0, 0.007894, [0.003118064], [0.092598], [0.060114686], [0.0002734723792999944]]
[2200.0, 900.0, 0.007218, [0.0028472147733333334], [0.092598], [0.060114686], [0.0002610037279597533]]
[2200.0, 1000.0, 0.008792, [0.0034792590666666663], [0.092598], [0.060114686], [0.00028794545011164875]]
[2200.0, 1300.0, 0.009199, [0.0036432214666666666], [0.092598], [0.060114686], [0.0002955043564409086]]
[2200.0, 1900.0, 0.008821, [0.0034910810666666666], [0.092598], [0.060114686], [0.0002899184237754552]]
[2200.0, 1400.0, 0.009981, [0.003959456133333333], [0.092598], [0.060114686], [0.00031012855972250533]]
[2200.0, 1600.0, 0.01029, [0.004084303199999999], [0.092598], [0.060114686], [0.00031142539795092004]]
[2200.0, 800.0, 0.006332, [0.0024933990266666666], [0.092598], [0.060114686], [0.00024568191901996645]]
[2200.0, 400.0, 0.004411, [0.0017303059466666666], [0.092598], [0.060114686], [0.00020534952780293625]]
[2200.0, 600.0, 0.004954, [0.0019453096400000001], [0.092598], [0.060114686], [0.00021614551086401648]]
[2200.0, 2000.0, 0.009612, [0.0038101156], [0.092598], [0.060114686], [0.00030311655313133634]]
[2200.0, 500.0, 0.00506, [0.0019875002266666665], [0.092598], [0.060114686], [0.000218156489276238]]
[2200.0, 700.0, 0.005564, [0.0021874582399999997], [0.092598], [0.060114686], [0.00022930793657825667]]
[2200.0, 300.0, 0.003662, [0.0014343536], [0.092598], [0.060114686], [0.0001851742619024337]]
[2200.0, 1200.0, 0.007706, [0.0030429689999999995], [0.092598], [0.060114686], [0.0002700198345636442]]
[2200.0, 1500.0, 0.007919, [0.0031282024], [0.092598], [0.060114686], [0.00027331237200926953]]
[2200.0, 100.0, 0.003316, [0.001297637], [0.092598], [0.060114686], [0.00017824415345250457]]
[2300.0, 700.0, 0.003611, [0.0014138928], [0.092598], [0.060114686], [0.0001507214722740076]]
[2300.0, 100.0, 0.00233, [0.0009101661200000001], [0.092598], [0.060114686], [0.0001205544463072368]]
[2300.0, 1800.0, 0.006051, [0.00238135376], [0.092598], [0.060114686], [0.00019574605639847653]]
[2300.0, 1000.0, 0.004391, [0.0017221670133333335], [0.092598], [0.060114686], [0.00016571558435397011]]
[2300.0, 1500.0, 0.006111, [0.0024051691866666665], [0.092598], [0.060114686], [0.00019703914440198593]]
[2300.0, 1200.0, 0.005528, [0.0021730393866666664], [0.092598], [0.060114686], [0.0001863365818679258]]
[2300.0, 500.0, 0.002804, [0.0010961879733333334], [0.092598], [0.060114686], [0.00013196551179085473]]
[2300.0, 1900.0, 0.005987, [0.00235578972], [0.092598], [0.060114686], [0.0001936447146250633]]
[2300.0, 1300.0, 0.00587, [0.0023092095066666665], [0.092598], [0.060114686], [0.00019111150746212128]]
[2300.0, 1600.0, 0.004472, [0.0017543829600000001], [0.092598], [0.060114686], [0.00016651864456170264]]
[2300.0, 1700.0, 0.005371, [0.002110826226666667], [0.092598], [0.060114686], [0.00018442373431252763]]
[2300.0, 1400.0, 0.006955, [0.0027421464800000002], [0.092598], [0.060114686], [0.00021031299717854394]]
[2300.0, 1100.0, 0.004911, [0.0019283083466666664], [0.092598], [0.060114686], [0.00017530076341343564]]
[2300.0, 900.0, 0.003672, [0.0014382721866666665], [0.092598], [0.060114686], [0.0001516072041677293]]
[2300.0, 2000.0, 0.005529, [0.0021736334], [0.092598], [0.060114686], [0.00018638749934239452]]
[2300.0, 300.0, 0.002613, [0.0010212858666666666], [0.092598], [0.060114686], [0.00012766073288212004]]
[2300.0, 200.0, 0.00207, [0.00080828164], [0.092598], [0.060114686], [0.000114308246577207]]
[2300.0, 400.0, 0.002886, [0.0012670952999999999], [0.058741999999999996], [0.250363096], [0.00027650295423376577]]
[2300.0, 800.0, 0.003367, [0.0013178294666666669], [0.092598], [0.060114686], [0.000145529893683585]]
[2300.0, 600.0, 0.00269, [0.00105131896], [0.092598], [0.060114686], [0.0001304000613496788]]
[2400.0, 1200.0, 0.003457, [0.0013532191066666667], [0.092598], [0.060114686], [0.00011914432167193981]]
[2400.0, 1500.0, 0.004232, [0.0016592568], [0.092598], [0.060114686], [0.00013327470130857129]]
[2400.0, 1100.0, 0.002815, [0.00110076252], [0.092598], [0.060114686], [0.00010793865121756278]]
[2400.0, 1600.0, 0.003674, [0.0014389122], [0.092598], [0.060114686], [0.0001238418572929919]]
[2400.0, 400.0, 0.001684, [0.0006570701333333334], [0.092598], [0.060114686], [8.344796707463214e-05]]
[2400.0, 1300.0, 0.003613, [0.00141499956], [0.092598], [0.060114686], [0.00012269602648641706]]
[2400.0, 200.0, 0.001465, [0.000641453555], [0.058741999999999996], [0.250363096], [0.00016036336629667012]]
[2400.0, 1700.0, 0.003923, [0.0015371494933333332], [0.092598], [0.060114686], [0.00012854291008582828]]
[2400.0, 2000.0, 0.003379, [0.0013224414266666668], [0.092598], [0.060114686], [0.00011875874045962073]]
[2400.0, 600.0, 0.001922, [0.0007502342399999999], [0.092598], [0.060114686], [8.967013041141404e-05]]
[2400.0, 1900.0, 0.003526, [0.0013804244266666667], [0.092598], [0.060114686], [0.00012015053631914332]]
[2400.0, 700.0, 0.002158, [0.0008426258533333333], [0.092598], [0.060114686], [9.480282441174653e-05]]
[2400.0, 100.0, 0.001499, [0.00058445024], [0.092598], [0.060114686], [7.880722959503426e-05]]
[2400.0, 1800.0, 0.003879, [0.0015197464666666667], [0.092598], [0.060114686], [0.0001266455364831746]]
[2400.0, 500.0, 0.001612, [0.0006287648], [0.092598], [0.060114686], [8.18581973469297e-05]]
[2400.0, 900.0, 0.002784, [0.0010884014], [0.092598], [0.060114686], [0.00010724339851219022]]
[2400.0, 1400.0, 0.003497, [0.0013690523066666666], [0.092598], [0.060114686], [0.00012007384424224583]]
[2400.0, 800.0, 0.002274, [0.0008880901066666666], [0.092598], [0.060114686], [9.632690943287284e-05]]
[2400.0, 300.0, 0.001712, [0.00066781972], [0.092598], [0.060114686], [8.41373686829395e-05]]
[2400.0, 1000.0, 0.002914, [0.00113940528], [0.092598], [0.060114686], [0.00011015046614114308]]
[2500.0, 400.0, 0.001136, [0.00044245805333333337], [0.092598], [0.060114686], [5.574445933603327e-05]]
[2500.0, 1300.0, 0.002033, [0.0007934426533333333], [0.092598], [0.060114686], [7.431272435383385e-05]]
[2500.0, 500.0, 0.001131, [0.0006016518633333333], [0.158424], [0.145757394], [0.00010318242512926102]]
[2500.0, 900.0, 0.001279, [0.0004986338666666667], [0.092598], [0.060114686], [5.917694946138704e-05]]
[2500.0, 1400.0, 0.002188, [0.00085433224], [0.092598], [0.060114686], [7.798950572138963e-05]]
[2500.0, 200.0, 0.001031, [0.00040172321333333336], [0.092598], [0.060114686], [5.368251461240533e-05]]
[2500.0, 1900.0, 0.002052, [0.0008011418266666667], [0.092598], [0.060114686], [7.50338072782307e-05]]
[2500.0, 1000.0, 0.0016, [0.0006239397066666667], [0.092598], [0.060114686], [6.540665863486513e-05]]
[2500.0, 1800.0, 0.002033, [0.00079367112], [0.092598], [0.060114686], [7.466229377671168e-05]]
[2500.0, 1700.0, 0.002262, [0.0008833257333333334], [0.092598], [0.060114686], [7.838250024647651e-05]]
[2500.0, 800.0, 0.001409, [0.0005493031733333334], [0.092598], [0.060114686], [6.219633219625308e-05]]
[2500.0, 700.0, 0.001004, [0.0003912885733333333], [0.092598], [0.060114686], [5.228812353786576e-05]]
[2500.0, 1600.0, 0.002411, [0.0009419165466666666], [0.092598], [0.060114686], [8.106726227851373e-05]]
[2500.0, 1100.0, 0.002124, [0.0008293760133333333], [0.092598], [0.060114686], [7.539781530580903e-05]]
[2500.0, 600.0, 0.001088, [0.000476280435], [0.058741999999999996], [0.250363096], [0.00011226035880933215]]
[2500.0, 300.0, 0.001402, [0.00054643124], [0.092598], [0.060114686], [6.227160979665345e-05]]
[2500.0, 2000.0, 0.002146, [0.0008377207200000001], [0.092598], [0.060114686], [7.711844170855346e-05]]
[2500.0, 1200.0, 0.001889, [0.0007371064533333334], [0.092598], [0.060114686], [7.227925156102699e-05]]
[2500.0, 100.0, 0.00102, [0.00039725415999999995], [0.092598], [0.060114686], [5.261761965983131e-05]]
[2500.0, 1500.0, 0.001817, [0.0007089323733333333], [0.092598], [0.060114686], [7.019477412647374e-05]]
[2600.0, 800.0, 0.000633, [0.00027663917], [0.058741999999999996], [0.250363096], [6.915978000254193e-05]]
[2600.0, 2000.0, 0.001324, [0.0005161341066666667], [0.092598], [0.060114686], [4.855380806212149e-05]]
[2600.0, 900.0, 0.001076, [0.00041936022666666663], [0.092598], [0.060114686], [4.396088861704231e-05]]
[2600.0, 1000.0, 0.001031, [0.00040168212], [0.092598], [0.060114686], [4.2578223312445106e-05]]
[2600.0, 200.0, 0.000562, [0.00021855017066666664], [0.092598], [0.060114686], [3.1545000998573454e-05]]
[2600.0, 1100.0, 0.001242, [0.00048423402666666665], [0.092598], [0.060114686], [4.703295988512264e-05]]
[2600.0, 1500.0, 0.001427, [0.0005561945866666666], [0.092598], [0.060114686], [5.035548842204017e-05]]
[2600.0, 700.0, 0.000912, [0.00035517029333333335], [0.092598], [0.060114686], [4.047543459103723e-05]]
[2600.0, 1800.0, 0.001362, [0.0005309436533333334], [0.092598], [0.060114686], [4.951077061722137e-05]]
[2600.0, 1600.0, 0.001367, [0.0005330498400000001], [0.092598], [0.060114686], [4.928046504109581e-05]]
[2600.0, 1400.0, 0.001324, [0.00051622396], [0.092598], [0.060114686], [4.8778570048741697e-05]]
[2600.0, 1300.0, 0.001316, [0.0005130643733333332], [0.092598], [0.060114686], [4.869791351222806e-05]]
[2600.0, 600.0, 0.00065, [0.00025315026666666667], [0.092598], [0.060114686], [3.382862782384831e-05]]
[2600.0, 1700.0, 0.001425, [0.0005555542666666667], [0.092598], [0.060114686], [5.0297512427996326e-05]]
[2600.0, 400.0, 0.000551, [0.00021448883066666667], [0.092598], [0.060114686], [3.128640326616873e-05]]
[2600.0, 300.0, 0.000557, [0.00024333045500000004], [0.058741999999999996], [0.250363096], [6.503281012304482e-05]]
[2600.0, 1900.0, 0.001304, [0.0005082288533333334], [0.092598], [0.060114686], [4.8023128557440366e-05]]
[2600.0, 1200.0, 0.001335, [0.00052057188], [0.092598], [0.060114686], [4.8971267675829855e-05]]
[2600.0, 100.0, 0.000567, [0.00022075556400000002], [0.092598], [0.060114686], [3.1863330759842275e-05]]
[2600.0, 500.0, 0.000642, [0.0002499592773333334], [0.092598], [0.060114686], [3.370449433928162e-05]]
[2700.0, 1400.0, 0.000881, [0.00034298673333333333], [0.092598], [0.060114686], [3.2123651708843925e-05]]
[2700.0, 1000.0, 0.000612, [0.0002382798773333333], [0.092598], [0.060114686], [2.6640497115815572e-05]]
[2700.0, 800.0, 0.000485, [0.00018861873733333332], [0.092598], [0.060114686], [2.376372842052451e-05]]
[2700.0, 900.0, 0.000564, [0.000246469955], [0.058741999999999996], [0.250363096], [5.254757606207921e-05]]
[2700.0, 600.0, 0.000422, [0.00022411268999999998], [0.158424], [0.145757394], [4.0917187464438465e-05]]
[2700.0, 1100.0, 0.000641, [0.00028014482999999996], [0.058741999999999996], [0.250363096], [5.6028951243977426e-05]]
[2700.0, 1300.0, 0.000991, [0.0003859182266666666], [0.092598], [0.060114686], [3.4244712967438085e-05]]
[2700.0, 400.0, 0.00037, [0.00014376171466666667], [0.092598], [0.060114686], [2.075021652149415e-05]]
[2700.0, 1700.0, 0.000904, [0.00039528260000000004], [0.058741999999999996], [0.250363096], [6.68149505163328e-05]]
[2700.0, 100.0, 0.000343, [0.00013352202266666668], [0.092598], [0.060114686], [1.9904287350551727e-05]]
[2700.0, 2000.0, 0.000885, [0.00034464304], [0.092598], [0.060114686], [3.1999296408931663e-05]]
[2700.0, 1200.0, 0.000707, [0.000309086075], [0.058741999999999996], [0.250363096], [5.9483631887267946e-05]]
[2700.0, 700.0, 0.00042, [0.00016349421200000002], [0.092598], [0.060114686], [2.2248745922211234e-05]]
[2700.0, 300.0, 0.000437, [0.00017004246533333333], [0.092598], [0.060114686], [2.2327669017014142e-05]]
[2700.0, 1800.0, 0.000913, [0.00035553706666666666], [0.092598], [0.060114686], [3.25920306823616e-05]]
[2700.0, 200.0, 0.000311, [0.000135859735], [0.058741999999999996], [0.250363096], [3.9219316477980587e-05]]
[2700.0, 1500.0, 0.000885, [0.00034447376], [0.092598], [0.060114686], [3.1983598546755184e-05]]
[2700.0, 500.0, 0.000433, [0.00018934635], [0.058741999999999996], [0.250363096], [4.592323094034216e-05]]
[2700.0, 1900.0, 0.000944, [0.0003675810933333334], [0.092598], [0.060114686], [3.341646633356409e-05]]
[2700.0, 1600.0, 0.000819, [0.0003190241066666667], [0.092598], [0.060114686], [3.084123049858203e-05]]
[2800.0, 1500.0, 0.00052, [0.00020227438933333332], [0.092598], [0.060114686], [1.983463720083856e-05]]
[2800.0, 200.0, 0.0003, [0.000131245705], [0.058741999999999996], [0.250363096], [3.093490808536531e-05]]
[2800.0, 400.0, 0.000223, [8.653676400000001e-05], [0.092598], [0.060114686], [1.3045911420824533e-05]]
[2800.0, 900.0, 0.000299, [0.000130497285], [0.058741999999999996], [0.250363096], [3.075850590893517e-05]]
[2800.0, 600.0, 0.000269, [0.00010475300933333335], [0.092598], [0.060114686], [1.4124891560645695e-05]]
[2800.0, 1200.0, 0.000379, [0.00014738654533333334], [0.092598], [0.060114686], [1.6796253995062907e-05]]
[2800.0, 1000.0, 0.000431, [0.00016762927466666667], [0.092598], [0.060114686], [1.818194830777677e-05]]
[2800.0, 1400.0, 0.000584, [0.00025517488], [0.058741999999999996], [0.250363096], [4.3132420694878686e-05]]
[2800.0, 800.0, 0.000283, [0.00015019299], [0.158424], [0.145757394], [2.697544747852511e-05]]
[2800.0, 100.0, 0.00021, [8.164585999999999e-05], [0.092598], [0.060114686], [1.2450874382503779e-05]]
[2800.0, 1100.0, 0.00042, [0.00016343254133333333], [0.092598], [0.060114686], [1.7831950745159032e-05]]
[2800.0, 1300.0, 0.000545, [0.00021196248], [0.092598], [0.060114686], [2.0302322332405443e-05]]
[2800.0, 2000.0, 0.000519, [0.00020186931333333335], [0.092598], [0.060114686], [1.9794914067338947e-05]]
[2800.0, 500.0, 0.000235, [9.1415892e-05], [0.092598], [0.060114686], [1.3334376592518718e-05]]
[2800.0, 1900.0, 0.000483, [0.000188025644], [0.092598], [0.060114686], [1.9091112096121238e-05]]
[2800.0, 1800.0, 0.0006, [0.00023360955866666666], [0.092598], [0.060114686], [2.1325536937880107e-05]]
[2800.0, 300.0, 0.000238, [9.2541144e-05], [0.092598], [0.060114686], [1.3357162293441423e-05]]
[2800.0, 700.0, 0.000263, [0.00010228314666666667], [0.092598], [0.060114686], [1.4049671527991124e-05]]
[2800.0, 1600.0, 0.000555, [0.00021588508400000001], [0.092598], [0.060114686], [2.0490903534115922e-05]]
[2800.0, 1700.0, 0.000577, [0.00022454262133333333], [0.092598], [0.060114686], [2.0848259186587043e-05]]
[2900.0, 1300.0, 0.000276, [0.00010730067333333334], [0.092598], [0.060114686], [1.1570529675765833e-05]]
[2900.0, 900.0, 0.000199, [7.729613066666668e-05], [0.092598], [0.060114686], [9.896756245244083e-06]]
[2900.0, 1600.0, 0.000281, [0.000122735245], [0.058741999999999996], [0.250363096], [2.407036262190497e-05]]
[2900.0, 2000.0, 0.000316, [0.00012299234666666666], [0.092598], [0.060114686], [1.2487981030663932e-05]]
[2900.0, 1200.0, 0.00029, [0.00011280313199999998], [0.092598], [0.060114686], [1.182498077423854e-05]]
[2900.0, 1700.0, 0.000342, [0.00013304074], [0.092598], [0.060114686], [1.2922057840934022e-05]]
[2900.0, 1100.0, 0.000284, [0.000124133875], [0.058741999999999996], [0.250363096], [2.4344663424455064e-05]]
[2900.0, 800.0, 0.000218, [8.491511066666666e-05], [0.092598], [0.060114686], [1.0297472138561215e-05]]
[2900.0, 600.0, 0.000142, [6.182922099999999e-05], [0.058741999999999996], [0.250363096], [1.7148343294615956e-05]]
[2900.0, 100.0, 0.000127, [4.954936e-05], [0.092598], [0.060114686], [7.934246038254395e-06]]
[2900.0, 400.0, 0.000185, [7.205893866666667e-05], [0.092598], [0.060114686], [9.544437268552471e-06]]
[2900.0, 1000.0, 0.000238, [9.25336e-05], [0.092598], [0.060114686], [1.0684862555139501e-05]]
[2900.0, 1400.0, 0.000285, [0.00011087999466666665], [0.092598], [0.060114686], [1.1753253552385684e-05]]
[2900.0, 200.0, 0.000153, [5.946328000000001e-05], [0.092598], [0.060114686], [8.673609527757174e-06]]
[2900.0, 500.0, 0.000178, [9.451474333333333e-05], [0.158424], [0.145757394], [1.7255951713990033e-05]]
[2900.0, 1500.0, 0.00029, [0.00012664938499999998], [0.058741999999999996], [0.250363096], [2.4373690457130203e-05]]
[2900.0, 1800.0, 0.000345, [0.000134061388], [0.092598], [0.060114686], [1.2960202831060254e-05]]
[2900.0, 300.0, 0.000151, [6.599894849999999e-05], [0.058741999999999996], [0.250363096], [1.763896451751066e-05]]
[2900.0, 700.0, 0.000209, [9.12919565e-05], [0.058741999999999996], [0.250363096], [2.094380808258135e-05]]
[2900.0, 1900.0, 0.000339, [0.00014835874], [0.058741999999999996], [0.250363096], [2.6646031069373164e-05]]
[3000.0, 1900.0, 0.000204, [0.00010829688], [0.158424], [0.145757394], [1.4737339613678207e-05]]
[3000.0, 800.0, 0.000109, [4.222778533333333e-05], [0.092598], [0.060114686], [5.800431991575186e-06]]
[3000.0, 900.0, 0.000125, [6.635420266666666e-05], [0.158424], [0.145757394], [1.1550784311994672e-05]]
[3000.0, 1600.0, 0.00023, [8.950035999999999e-05], [0.092598], [0.060114686], [8.494998236609588e-06]]
[3000.0, 700.0, 0.000112, [4.3473128e-05], [0.092598], [0.060114686], [5.915943380391669e-06]]
[3000.0, 600.0, 0.000103, [4.5013622e-05], [0.058741999999999996], [0.250363096], [1.1622466906814577e-05]]
[3000.0, 1300.0, 0.000201, [0.00010679329333333334], [0.158424], [0.145757394], [1.4669186514595826e-05]]
[3000.0, 500.0, 9.9e-05, [5.2344933333333334e-05], [0.158424], [0.145757394], [1.0265686706477827e-05]]
[3000.0, 1500.0, 0.000196, [7.625260533333333e-05], [0.092598], [0.060114686], [7.823353372506647e-06]]
[3000.0, 1800.0, 0.000197, [0.00010453216333333334], [0.158424], [0.145757394], [1.4496006338912029e-05]]
[3000.0, 2000.0, 0.00024, [0.00012762285999999998], [0.158424], [0.145757394], [1.6078972299939513e-05]]
[3000.0, 100.0, 7.5e-05, [2.8974375733333333e-05], [0.092598], [0.060114686], [4.829062385184105e-06]]
[3000.0, 1400.0, 0.000212, [8.261314800000001e-05], [0.092598], [0.060114686], [8.10088486469911e-06]]
[3000.0, 1100.0, 0.000155, [6.037843466666667e-05], [0.092598], [0.060114686], [7.018851044943974e-06]]
[3000.0, 1200.0, 0.000215, [9.404481499999999e-05], [0.058741999999999996], [0.250363096], [1.6890947730959326e-05]]
[3000.0, 1000.0, 0.000167, [7.29806905e-05], [0.058741999999999996], [0.250363096], [1.4897121483696104e-05]]
[3000.0, 400.0, 7.7e-05, [3.3468036e-05], [0.058741999999999996], [0.250363096], [1.0090990837127939e-05]]
[3000.0, 300.0, 8.8e-05, [3.8635653e-05], [0.058741999999999996], [0.250363096], [1.0715602253256697e-05]]
[3000.0, 1700.0, 0.000209, [9.13571615e-05], [0.058741999999999996], [0.250363096], [1.6679456645826327e-05]]
[3000.0, 200.0, 8.6e-05, [3.341795733333333e-05], [0.092598], [0.060114686], [5.219008988942889e-06]]
