[200.0, 1800.0, 1.0, [456.25422000000003], [521.18], [73.278736], [17.110877785782936]]
[200.0, 700.0, 1.0, [413.42776], [521.18], [73.278736], [16.26610344243513]]
[200.0, 2000.0, 1.0, [369.77306999999996], [636.1800000000001], [60.947838000000004], [15.420596953425635]]
[200.0, 1300.0, 1.0, [250.78969999999998], [415.564], [38.7308546], [12.715545371709386]]
[200.0, 1400.0, 1.0, [299.00275999999997], [504.62], [48.720946], [13.851036542439704]]
[200.0, 400.0, 1.0, [438.2167], [521.18], [73.278736], [16.829609374551744]]
[200.0, 1900.0, 1.0, [295.6834], [504.62], [48.720946], [13.801324353119158]]
[200.0, 1700.0, 1.0, [354.01186], [636.1800000000001], [60.947838000000004], [15.108860883600721]]
[200.0, 500.0, 1.0, [279.68], [371.91], [47.126585999999996], [13.409629230519387]]
[200.0, 1500.0, 1.0, [362.59155], [636.1800000000001], [60.947838000000004], [15.267860131662196]]
[200.0, 100.0, 1.0, [211.104189], [341.504], [32.5445676], [11.656278827310196]]
[200.0, 600.0, 1.0, [221.89831900000001], [341.504], [32.5445676], [11.946606057788966]]
[200.0, 1000.0, 1.0, [296.37271000000004], [504.62], [48.720946], [13.833491442871537]]
[200.0, 1200.0, 1.0, [293.2201], [504.62], [48.720946], [13.76150372234081]]
[200.0, 300.0, 1.0, [367.17775], [636.1800000000001], [60.947838000000004], [15.420013761342757]]
[200.0, 1600.0, 1.0, [419.25389], [521.18], [73.278736], [16.41925362189159]]
[200.0, 900.0, 1.0, [244.22066999999998], [415.564], [38.7308546], [12.544776462735395]]
[200.0, 800.0, 1.0, [244.29380999999998], [415.564], [38.7308546], [12.532003311522065]]
[200.0, 1100.0, 1.0, [244.18571], [415.564], [38.7308546], [12.542975719501333]]
[200.0, 200.0, 1.0, [430.08022], [803.62], [74.306744], [16.640300517118074]]
[300.0, 2000.0, 1.0, [645.49477], [516.58], [54.743863999999995], [12.36997434516337]]
[300.0, 400.0, 1.0, [664.83915], [516.58], [54.743863999999995], [12.519646009372629]]
[300.0, 1000.0, 1.0, [302.97026], [695.0600000000001], [49.81823000000001], [8.461668428862005]]
[300.0, 200.0, 1.0, [654.62692], [516.58], [54.743863999999995], [12.442591860219478]]
[300.0, 1600.0, 1.0, [299.93471999999997], [695.0600000000001], [49.81823000000001], [8.432990068771575]]
[300.0, 1300.0, 1.0, [299.70771], [695.0600000000001], [49.81823000000001], [8.413313859591831]]
[300.0, 800.0, 1.0, [661.11844], [516.58], [54.743863999999995], [12.502896044517046]]
[300.0, 700.0, 1.0, [643.75022], [516.58], [54.743863999999995], [12.304957009270696]]
[300.0, 300.0, 1.0, [639.4455399999999], [516.58], [54.743863999999995], [12.27435248801337]]
[300.0, 900.0, 1.0, [679.0087599999999], [516.58], [54.743863999999995], [12.661375703295436]]
[300.0, 600.0, 1.0, [642.60367], [516.58], [54.743863999999995], [12.285281584074497]]
[300.0, 1400.0, 1.0, [633.7470599999999], [516.58], [54.743863999999995], [12.244179127242463]]
[300.0, 500.0, 1.0, [635.48241], [516.58], [54.743863999999995], [12.225336236684862]]
[300.0, 1200.0, 1.0, [202.706751], [265.144], [32.7027662], [6.928374259521493]]
[300.0, 100.0, 1.0, [356.60373], [516.58], [54.743863999999995], [9.164797275444775]]
[300.0, 1100.0, 1.0, [654.07124], [516.58], [54.743863999999995], [12.418575196052082]]
[300.0, 1900.0, 1.0, [307.00331], [695.0600000000001], [49.81823000000001], [8.504929164901965]]
[300.0, 1500.0, 1.0, [200.03258699999998], [265.144], [32.7027662], [6.853003518166323]]
[300.0, 1700.0, 1.0, [300.66888], [695.0600000000001], [49.81823000000001], [8.390849521949491]]
[300.0, 1800.0, 1.0, [638.4500999999999], [516.58], [54.743863999999995], [12.246224675384655]]
[400.0, 900.0, 1.0, [275.69663], [235.704], [28.113567], [5.441499125241131]]
[400.0, 1200.0, 1.0, [280.59678], [235.704], [28.113567], [5.484004555067401]]
[400.0, 1500.0, 1.0, [276.23920000000004], [235.704], [28.113567], [5.441617727293971]]
[400.0, 200.0, 1.0, [276.69], [235.704], [28.113567], [5.450496791119136]]
[400.0, 1600.0, 1.0, [274.75386], [235.704], [28.113567], [5.448421352098239]]
[400.0, 500.0, 1.0, [276.49657], [235.704], [28.113567], [5.448801940793958]]
[400.0, 1700.0, 1.0, [290.61350999999996], [235.704], [28.113567], [5.5866564428108525]]
[400.0, 300.0, 1.0, [283.20245], [235.704], [28.113567], [5.526492244634023]]
[400.0, 1300.0, 1.0, [282.97889], [235.704], [28.113567], [5.512692183498005]]
[400.0, 1400.0, 1.0, [276.47357], [235.704], [28.113567], [5.464288864985086]]
[400.0, 1100.0, 1.0, [281.34198], [235.704], [28.113567], [5.514390420527005]]
[400.0, 800.0, 1.0, [280.13149], [235.704], [28.113567], [5.5033636596176345]]
[400.0, 100.0, 0.999893, [132.66262], [235.704], [28.113567], [3.787270400961621]]
[400.0, 1000.0, 1.0, [285.13376], [235.704], [28.113567], [5.553616120150905]]
[400.0, 400.0, 1.0, [285.65356], [235.704], [28.113567], [5.550071091436577]]
[400.0, 1800.0, 1.0, [279.44793], [235.704], [28.113567], [5.4835902335969635]]
[400.0, 2000.0, 1.0, [283.17439], [235.704], [28.113567], [5.530158090868651]]
[400.0, 600.0, 1.0, [288.34617000000003], [235.704], [28.113567], [5.5761359569149676]]
[400.0, 700.0, 1.0, [275.93146], [235.704], [28.113567], [5.463185114930666]]
[400.0, 1900.0, 1.0, [276.93863], [235.704], [28.113567], [5.460697955389952]]
[500.0, 1700.0, 1.0, [56.449728], [40.6456], [3.71427414], [1.7718575131764969]]
[500.0, 1100.0, 0.999999, [63.052384], [65.918], [5.114073], [1.874037685320122]]
[500.0, 300.0, 1.0, [58.045169], [40.6456], [3.71427414], [1.793877476585288]]
[500.0, 1300.0, 1.0, [64.476544], [65.918], [5.114073], [1.893096733397425]]
[500.0, 1800.0, 1.0, [54.100232], [40.6456], [3.71427414], [1.7299347216007892]]
[500.0, 1400.0, 1.0, [59.38593099999999], [40.6456], [3.71427414], [1.812941499056161]]
[500.0, 600.0, 1.0, [54.361834], [40.6456], [3.71427414], [1.7400797407015576]]
[500.0, 1900.0, 1.0, [56.973392000000004], [40.6456], [3.71427414], [1.7804182488954667]]
[500.0, 1200.0, 1.0, [59.552910999999995], [40.6456], [3.71427414], [1.8197355230911991]]
[500.0, 800.0, 1.0, [64.480914], [65.918], [5.114073], [1.9014383915867483]]
[500.0, 1000.0, 1.0, [56.858921], [40.6456], [3.71427414], [1.775108649632467]]
[500.0, 2000.0, 1.0, [64.43153300000002], [65.918], [5.114073], [1.8966864619646548]]
[500.0, 700.0, 1.0, [63.667404000000005], [65.918], [5.114073], [1.8782661001572702]]
[500.0, 100.0, 0.991658, [23.481251999999998], [40.6456], [3.71427414], [1.1457678023927884]]
[500.0, 200.0, 0.999951, [39.882506], [40.6456], [3.71427414], [1.4894390497767942]]
[500.0, 1500.0, 1.0, [64.23653900000001], [65.918], [5.114073], [1.8925873921697778]]
[500.0, 900.0, 1.0, [55.822472], [40.6456], [3.71427414], [1.7599890954207644]]
[500.0, 1600.0, 1.0, [58.127532], [40.6456], [3.71427414], [1.7972811341022863]]
[500.0, 500.0, 1.0, [65.701984], [65.918], [5.114073], [1.911848904333185]]
[500.0, 400.0, 1.0, [55.478576], [40.6456], [3.71427414], [1.7570240291470118]]
[600.0, 200.0, 0.983511, [14.636433333333333], [18.768], [1.88428282], [0.5496827844817005]]
[600.0, 1400.0, 0.999684, [30.054820666666668], [30.3278], [2.9384317], [0.7898231107167112]]
[600.0, 1900.0, 0.999607, [29.450948], [30.3278], [2.9384317], [0.7788095702202604]]
[600.0, 100.0, 0.917928, [9.900813066666666], [18.768], [1.88428282], [0.4509697038851083]]
[600.0, 800.0, 0.999528, [23.892185333333334], [18.768], [1.88428282], [0.7024075986680859]]
[600.0, 1200.0, 0.999667, [29.912527333333333], [30.3278], [2.9384317], [0.7852705854954994]]
[600.0, 600.0, 0.999387, [28.197984666666667], [30.3278], [2.9384317], [0.7632236555849434]]
[600.0, 1600.0, 0.999641, [24.562114], [18.768], [1.88428282], [0.7099351547852805]]
[600.0, 400.0, 0.999673, [29.959922666666667], [30.3278], [2.9384317], [0.7873292655836213]]
[600.0, 500.0, 0.999548, [29.05521], [30.3278], [2.9384317], [0.7732261126820107]]
[600.0, 1100.0, 0.99975, [30.702286], [30.3278], [2.9384317], [0.794319798737679]]
[600.0, 300.0, 0.999706, [30.256852666666667], [30.3278], [2.9384317], [0.7867551114122701]]
[600.0, 1700.0, 0.999612, [29.48501866666667], [30.3278], [2.9384317], [0.7797104784612184]]
[600.0, 1500.0, 0.999613, [29.49474], [30.3278], [2.9384317], [0.7791504749832774]]
[600.0, 1800.0, 0.99968, [24.850810000000003], [18.768], [1.88428282], [0.7147057302756771]]
[600.0, 1000.0, 0.999631, [29.625104], [30.3278], [2.9384317], [0.783141049875436]]
[600.0, 2000.0, 0.999563, [29.148743333333332], [30.3278], [2.9384317], [0.7735272305772076]]
[600.0, 700.0, 0.999564, [29.16044266666667], [30.3278], [2.9384317], [0.7763018476511998]]
[600.0, 1300.0, 0.999653, [29.792988666666666], [30.3278], [2.9384317], [0.7834835209215032]]
[600.0, 900.0, 0.99956, [24.064164], [18.768], [1.88428282], [0.7062435793218467]]
[700.0, 2000.0, 0.993258, [14.3500542], [11.7484], [1.33514954], [0.415116125118422]]
[700.0, 100.0, 0.809986, [5.767568933333333], [11.7484], [1.33514954], [0.2635269211632424]]
[700.0, 1000.0, 0.994267, [14.7336758], [11.7484], [1.33514954], [0.420790418036237]]
[700.0, 600.0, 0.992881, [14.2209276], [11.7484], [1.33514954], [0.4131128964876846]]
[700.0, 1400.0, 0.993133, [14.307042666666666], [11.7484], [1.33514954], [0.41614158188983924]]
[700.0, 1900.0, 0.990181, [13.453607733333332], [11.7484], [1.33514954], [0.40236282360852155]]
[700.0, 200.0, 0.902076, [7.62956], [11.7484], [1.33514954], [0.302531757010731]]
[700.0, 400.0, 0.994365, [14.774183399999998], [11.7484], [1.33514954], [0.4210895711524252]]
[700.0, 1300.0, 0.993304, [14.3664532], [11.7484], [1.33514954], [0.41576451379757423]]
[700.0, 1100.0, 0.991391, [13.768310600000001], [11.7484], [1.33514954], [0.40653591428064506]]
[700.0, 800.0, 0.99221, [14.007079733333333], [11.7484], [1.33514954], [0.41108480790329494]]
[700.0, 1500.0, 0.992684, [14.156377333333332], [11.7484], [1.33514954], [0.4136887014813595]]
[700.0, 1600.0, 0.993078, [14.287474266666667], [11.7484], [1.33514954], [0.41417317365780437]]
[700.0, 1800.0, 0.992506, [14.098972400000001], [11.7484], [1.33514954], [0.41201117476754606]]
[700.0, 1200.0, 0.991387, [13.767025666666667], [11.7484], [1.33514954], [0.406320921823023]]
[700.0, 700.0, 0.993752, [14.530342], [11.7484], [1.33514954], [0.41737322067106]]
[700.0, 900.0, 0.994143, [14.683341066666665], [11.7484], [1.33514954], [0.42142036928041865]]
[700.0, 300.0, 0.975495, [11.219916733333333], [11.7484], [1.33514954], [0.36732359363978306]]
[700.0, 500.0, 0.994319, [14.755156266666667], [11.7484], [1.33514954], [0.4217480927441562]]
[700.0, 1700.0, 0.993376, [14.3921764], [11.7484], [1.33514954], [0.4165089383594706]]
[800.0, 300.0, 0.897336, [5.830484666666667], [6.2008], [0.82986346], [0.20575328019526468]]
[800.0, 100.0, 0.690924, [3.241294933333333], [6.2008], [0.82986346], [0.1538250515647204]]
[800.0, 1800.0, 0.956856, [7.753507000000001], [6.2008], [0.82986346], [0.2374759126966588]]
[800.0, 800.0, 0.965133, [8.216852733333333], [6.2008], [0.82986346], [0.24552545186010982]]
[800.0, 400.0, 0.960972, [7.971987066666666], [6.2008], [0.82986346], [0.24113288922639042]]
[800.0, 200.0, 0.788017, [4.1533216], [6.2008], [0.82986346], [0.17411626218006046]]
[800.0, 1700.0, 0.967739, [8.384824799999999], [6.2008], [0.82986346], [0.24693308630297217]]
[800.0, 600.0, 0.95635, [7.728044466666667], [6.2008], [0.82986346], [0.23702977675107967]]
[800.0, 1600.0, 0.967384, [8.361186933333334], [6.2008], [0.82986346], [0.24666525116710972]]
[800.0, 1000.0, 0.958916, [7.8601442], [6.2008], [0.82986346], [0.23906589403109946]]
[800.0, 1100.0, 0.963114, [8.094659866666666], [6.2008], [0.82986346], [0.24329028477657438]]
[800.0, 1500.0, 0.962358, [8.0504508], [6.2008], [0.82986346], [0.24185231232671267]]
[800.0, 1400.0, 0.962359, [8.050548933333333], [6.2008], [0.82986346], [0.24185527729523612]]
[800.0, 1200.0, 0.965933, [8.266937533333333], [6.2008], [0.82986346], [0.24495301145775333]]
[800.0, 900.0, 0.961904, [8.024408666666668], [6.2008], [0.82986346], [0.24150637663539146]]
[800.0, 1300.0, 0.965435, [8.235606933333333], [6.2008], [0.82986346], [0.2452115947956422]]
[800.0, 2000.0, 0.960021, [7.919465799999999], [6.2008], [0.82986346], [0.23976376938793548]]
[800.0, 500.0, 0.956703, [7.7458342], [6.2008], [0.82986346], [0.23768729157819476]]
[800.0, 1900.0, 0.965607, [8.2461716], [6.2008], [0.82986346], [0.24412347303954382]]
[800.0, 700.0, 0.959714, [7.902967133333333], [6.2008], [0.82986346], [0.24036832838144234]]
[900.0, 200.0, 0.643883, [2.1350003], [3.01392], [0.44629673799999997], [0.06948834649701263]]
[900.0, 1100.0, 0.898651, [4.575314866666667], [3.01392], [0.44629673799999997], [0.10202697339429413]]
[900.0, 300.0, 0.734003, [2.708069833333333], [3.01392], [0.44629673799999997], [0.07798055320256313]]
[900.0, 1000.0, 0.881807, [4.279481966666667], [3.01392], [0.44629673799999997], [0.09862024645634947]]
[900.0, 900.0, 0.891798, [4.449400600000001], [3.01392], [0.44629673799999997], [0.09986683105237917]]
[900.0, 1600.0, 0.890775, [4.431337166666666], [3.01392], [0.44629673799999997], [0.10009369926890171]]
[900.0, 700.0, 0.896964, [4.543533466666667], [3.01392], [0.44629673799999997], [0.10119253634093331]]
[900.0, 1900.0, 0.902232, [4.644478166666667], [3.01392], [0.44629673799999997], [0.10285569827027896]]
[900.0, 500.0, 0.882368, [4.288627533333334], [3.01392], [0.44629673799999997], [0.09864780765711702]]
[900.0, 1400.0, 0.885753, [4.344829566666666], [3.01392], [0.44629673799999997], [0.09923427230548931]]
[900.0, 1200.0, 0.888713, [4.395363633333333], [3.01392], [0.44629673799999997], [0.09981732075257392]]
[900.0, 1500.0, 0.885358, [4.3381726], [3.01392], [0.44629673799999997], [0.0988504514124465]]
[900.0, 800.0, 0.888329, [4.388722766666667], [3.01392], [0.44629673799999997], [0.09976946493458475]]
[900.0, 400.0, 0.835661, [3.6435833333333334], [3.01392], [0.44629673799999997], [0.09080625388399438]]
[900.0, 100.0, 0.575048, [1.7843277333333334], [3.01392], [0.44629673799999997], [0.0634033147924197]]
[900.0, 600.0, 0.896109, [4.5276627], [3.01392], [0.44629673799999997], [0.10141927884885704]]
[900.0, 1800.0, 0.89162, [4.446298666666666], [3.01392], [0.44629673799999997], [0.10053429530927908]]
[900.0, 2000.0, 0.885091, [4.333734366666667], [3.01392], [0.44629673799999997], [0.09934429273994556]]
[900.0, 1700.0, 0.892269, [4.457840833333333], [3.01392], [0.44629673799999997], [0.10043646432778618]]
[900.0, 1300.0, 0.893332, [4.476904766666666], [3.01392], [0.44629673799999997], [0.10056019214601991]]
[1000.0, 1600.0, 0.738066, [3.34413192], [5.1888000000000005], [0.5894283600000001], [0.0758464594190131]]
[1000.0, 1400.0, 0.739905, [3.3600709200000005], [5.1888000000000005], [0.5894283600000001], [0.07611013819459271]]
[1000.0, 1500.0, 0.751658, [3.4644228399999997], [5.1888000000000005], [0.5894283600000001], [0.07689229891217975]]
[1000.0, 700.0, 0.745993, [3.4135716799999996], [5.1888000000000005], [0.5894283600000001], [0.07663694981404205]]
[1000.0, 1900.0, 0.71601, [3.1605762799999995], [5.1888000000000005], [0.5894283600000001], [0.07354155679614079]]
[1000.0, 1800.0, 0.730245, [3.2774733199999995], [5.1888000000000005], [0.5894283600000001], [0.07489534607704273]]
[1000.0, 500.0, 0.75565, [3.5009100400000004], [5.1888000000000005], [0.5894283600000001], [0.07764478429360211]]
[1000.0, 1000.0, 0.747233, [3.4246135200000003], [5.1888000000000005], [0.5894283600000001], [0.07674957394539726]]
[1000.0, 200.0, 0.43884, [1.54688708], [5.1888000000000005], [0.5894283600000001], [0.05162028917392851]]
[1000.0, 1100.0, 0.753893, [3.48479808], [5.1888000000000005], [0.5894283600000001], [0.07765115017306569]]
[1000.0, 2000.0, 0.734103, [3.3101379200000003], [5.1888000000000005], [0.5894283600000001], [0.07550390732140953]]
[1000.0, 1700.0, 0.750932, [3.4578402400000003], [5.1888000000000005], [0.5894283600000001], [0.0768029863794371]]
[1000.0, 800.0, 0.721851, [3.207879], [5.1888000000000005], [0.5894283600000001], [0.07396453847621845]]
[1000.0, 1300.0, 0.736683, [3.33221148], [5.1888000000000005], [0.5894283600000001], [0.0756149897308728]]
[1000.0, 400.0, 0.612583, [1.9678539333333334], [3.01392], [0.44629673799999997], [0.053049787935485655]]
[1000.0, 300.0, 0.500814, [1.835124], [5.1888000000000005], [0.5894283600000001], [0.05610138576541582]]
[1000.0, 600.0, 0.732153, [3.29357792], [5.1888000000000005], [0.5894283600000001], [0.07520446010177854]]
[1000.0, 1200.0, 0.724863, [2.6413874666666666], [3.01392], [0.44629673799999997], [0.061510837726190794]]
[1000.0, 100.0, 0.40124, [1.3844877599999998], [5.1888000000000005], [0.5894283600000001], [0.048918468528767335]]
[1000.0, 900.0, 0.741148, [3.3709011600000003], [5.1888000000000005], [0.5894283600000001], [0.0762382023817456]]
[1100.0, 1300.0, 0.620026, [1.99018816], [2.96654], [0.424006978], [0.047053183917775424]]
[1100.0, 1800.0, 0.626106, [2.0219346], [2.96654], [0.424006978], [0.047447050032641644]]
[1100.0, 2000.0, 0.631267, [2.04927424], [2.96654], [0.424006978], [0.04772212131077159]]
[1100.0, 700.0, 0.619531, [1.9876259600000001], [2.96654], [0.424006978], [0.04703206108177697]]
[1100.0, 900.0, 0.635781, [2.07347852], [2.96654], [0.424006978], [0.04793610539040484]]
[1100.0, 200.0, 0.34795, [0.5910328400000001], [1.08698], [0.199501126], [0.014775822485849419]]
[1100.0, 1900.0, 0.64223, [2.10857284], [2.96654], [0.424006978], [0.04839945037704458]]
[1100.0, 1500.0, 0.642903, [2.1122675600000003], [2.96654], [0.424006978], [0.048306448331459854]]
[1100.0, 800.0, 0.631239, [2.0491251999999998], [2.96654], [0.424006978], [0.04790082287393402]]
[1100.0, 500.0, 0.591337, [1.84662032], [2.96654], [0.424006978], [0.04510665334515519]]
[1100.0, 1700.0, 0.619059, [1.9851815199999998], [2.96654], [0.424006978], [0.0468432525258441]]
[1100.0, 400.0, 0.449368, [0.8362493333333334], [1.08698], [0.199501126], [0.017582858425182177]]
[1100.0, 600.0, 0.624521, [2.0136132], [2.96654], [0.424006978], [0.047277814467253036]]
[1100.0, 1400.0, 0.633294, [2.06011], [2.96654], [0.424006978], [0.04784489167298846]]
[1100.0, 100.0, 0.329575, [0.5513158266666667], [1.08698], [0.199501126], [0.014277811814918358]]
[1100.0, 1100.0, 0.613581, [1.9570589600000001], [2.96654], [0.424006978], [0.04650446664138833]]
[1100.0, 1000.0, 0.618404, [1.9817996], [2.96654], [0.424006978], [0.046815617223315564]]
[1100.0, 300.0, 0.388282, [1.03858892], [2.96654], [0.424006978], [0.03400186079613879]]
[1100.0, 1200.0, 0.634974, [2.0691306000000003], [2.96654], [0.424006978], [0.04787396601912149]]
[1100.0, 1600.0, 0.622279, [2.0018979199999998], [2.96654], [0.424006978], [0.04719828649432096]]
[1200.0, 100.0, 0.232336, [0.36027475999999997], [1.08698], [0.199501126], [0.009292971060370784]]
[1200.0, 1400.0, 0.481316, [0.9243384133333333], [1.08698], [0.199501126], [0.014879680295251267]]
[1200.0, 1700.0, 0.475896, [0.9089612266666667], [1.08698], [0.199501126], [0.01475501100266919]]
[1200.0, 1800.0, 0.48069, [0.9225536133333333], [1.08698], [0.199501126], [0.01487989834493353]]
[1200.0, 700.0, 0.475749, [0.90854784], [1.08698], [0.199501126], [0.014777528140915704]]
[1200.0, 200.0, 0.247835, [0.388769], [1.08698], [0.199501126], [0.009707097252354416]]
[1200.0, 1900.0, 0.484884, [0.9345620666666666], [1.08698], [0.199501126], [0.014982268969240497]]
[1200.0, 1200.0, 0.489158, [0.94691276], [1.08698], [0.199501126], [0.015091321856543176]]
[1200.0, 1100.0, 0.471885, [0.8976979733333332], [1.08698], [0.199501126], [0.014676971834210973]]
[1200.0, 1300.0, 0.477706, [0.91407796], [1.08698], [0.199501126], [0.014841982353371055]]
[1200.0, 2000.0, 0.475455, [0.90772076], [1.08698], [0.199501126], [0.014758219826403332]]
[1200.0, 800.0, 0.478565, [0.9165107466666667], [1.08698], [0.199501126], [0.014830740525453653]]
[1200.0, 1600.0, 0.483349, [0.9301546533333334], [1.08698], [0.199501126], [0.014953942112737735]]
[1200.0, 1000.0, 0.473146, [0.9012313866666667], [1.08698], [0.199501126], [0.014744595840133731]]
[1200.0, 1500.0, 0.478464, [0.9162264666666666], [1.08698], [0.199501126], [0.014845584148530872]]
[1200.0, 300.0, 0.27364, [0.4377657466666667], [1.08698], [0.199501126], [0.010258566102964335]]
[1200.0, 600.0, 0.481496, [0.9248517733333333], [1.08698], [0.199501126], [0.014928617118362526]]
[1200.0, 500.0, 0.40867, [0.7320519733333334], [1.08698], [0.199501126], [0.013248862471925655]]
[1200.0, 900.0, 0.483588, [0.9308391333333333], [1.08698], [0.199501126], [0.014945647845145795]]
[1200.0, 400.0, 0.326689, [0.5451797333333334], [1.08698], [0.199501126], [0.011483194654218253]]
[1300.0, 1600.0, 0.390696, [0.6772926533333333], [1.04282], [0.189935978], [0.010338237760856538]]
[1300.0, 1700.0, 0.390531, [0.6769071733333333], [1.04282], [0.189935978], [0.010366222447074065]]
[1300.0, 900.0, 0.388897, [0.6730818133333333], [1.04282], [0.189935978], [0.010301599323513908]]
[1300.0, 200.0, 0.193567, [0.28630301866666663], [1.04282], [0.189935978], [0.006718433288266609]]
[1300.0, 1800.0, 0.382228, [0.65759484], [1.04282], [0.189935978], [0.010205394860889345]]
[1300.0, 1000.0, 0.389111, [0.6735829066666666], [1.04282], [0.189935978], [0.010317731525011795]]
[1300.0, 1400.0, 0.392214, [0.6808588799999999], [1.04282], [0.189935978], [0.010412098842745928]]
[1300.0, 1200.0, 0.394899, [0.6871890933333333], [1.04282], [0.189935978], [0.010443173012919865]]
[1300.0, 500.0, 0.301919, [0.4851405333333333], [1.04282], [0.189935978], [0.008761561124213729]]
[1300.0, 100.0, 0.177428, [0.25941424], [1.04282], [0.189935978], [0.00642145940629283]]
[1300.0, 1100.0, 0.385305, [0.66471656], [1.04282], [0.189935978], [0.010244612988731633]]
[1300.0, 2000.0, 0.387999, [0.67098636], [1.04282], [0.189935978], [0.010322866458068278]]
[1300.0, 1300.0, 0.389016, [0.6733593466666667], [1.04282], [0.189935978], [0.010328859298102573]]
[1300.0, 1500.0, 0.387356, [0.6694864533333333], [1.04282], [0.189935978], [0.010282767011958514]]
[1300.0, 600.0, 0.366401, [0.6216075066666666], [1.04282], [0.189935978], [0.009908062575498805]]
[1300.0, 300.0, 0.212565, [0.31878705333333335], [1.04282], [0.189935978], [0.007080657075598438]]
[1300.0, 1900.0, 0.394853, [0.6870790000000001], [1.04282], [0.189935978], [0.010424659610749887]]
[1300.0, 400.0, 0.243345, [0.37344977333333335], [1.04282], [0.189935978], [0.007682459068119618]]
[1300.0, 700.0, 0.391827, [0.6799486933333333], [1.04282], [0.189935978], [0.010343894396642343]]
[1300.0, 800.0, 0.39436, [0.6859145866666666], [1.04282], [0.189935978], [0.010416586892494532]]
[1400.0, 1100.0, 0.338516, [0.302651296], [0.16951], [0.074564344], [0.005639573318769584]]
[1400.0, 400.0, 0.222885, [0.16511151066666668], [0.16951], [0.074564344], [0.004173689394821378]]
[1400.0, 1500.0, 0.341997, [0.30753330666666673], [0.16951], [0.074564344], [0.005668876627888653]]
[1400.0, 1800.0, 0.329087, [0.28966736666666665], [0.16951], [0.074564344], [0.005492866572402995]]
[1400.0, 1600.0, 0.341011, [0.306145364], [0.16951], [0.074564344], [0.005653868048611598]]
[1400.0, 1400.0, 0.335499, [0.298458304], [0.16951], [0.074564344], [0.005577929474873868]]
[1400.0, 600.0, 0.295832, [0.24655724000000004], [0.16951], [0.074564344], [0.00508392477258794]]
[1400.0, 1700.0, 0.340713, [0.30572612], [0.16951], [0.074564344], [0.005639398220062531]]
[1400.0, 900.0, 0.341153, [0.3063442373333333], [0.16951], [0.074564344], [0.005663338800075839]]
[1400.0, 100.0, 0.179412, [0.12403443066666667], [0.16951], [0.074564344], [0.003607725776718624]]
[1400.0, 700.0, 0.335875, [0.2989795453333333], [0.16951], [0.074564344], [0.005588646417713525]]
[1400.0, 2000.0, 0.339192, [0.303595492], [0.16951], [0.074564344], [0.005614441909536116]]
[1400.0, 800.0, 0.333478, [0.295669876], [0.16951], [0.074564344], [0.005562857257840714]]
[1400.0, 1300.0, 0.335673, [0.29869989599999996], [0.16951], [0.074564344], [0.005604016799086567]]
[1400.0, 300.0, 0.193454, [0.13674818666666666], [0.16951], [0.074564344], [0.0037767677726978244]]
[1400.0, 1200.0, 0.335272, [0.298144952], [0.16951], [0.074564344], [0.0055788980034889805]]
[1400.0, 500.0, 0.246432, [0.18958032133333333], [0.16951], [0.074564344], [0.004457321671138398]]
[1400.0, 1000.0, 0.333586, [0.29581928399999996], [0.16951], [0.074564344], [0.00554217516223449]]
[1400.0, 200.0, 0.183309, [0.127511356], [0.16951], [0.074564344], [0.003650639654148906]]
[1400.0, 1900.0, 0.339578, [0.3041346733333334], [0.16951], [0.074564344], [0.005641805767659855]]
[1500.0, 1500.0, 0.27888, [0.22612557333333333], [0.16951], [0.074564344], [0.009615837867925095]]
[1500.0, 1100.0, 0.271936, [0.21802343999999999], [0.16951], [0.074564344], [0.00941717810150979]]
[1500.0, 1800.0, 0.269557, [0.2152845386666667], [0.16951], [0.074564344], [0.009342553066242414]]
[1500.0, 400.0, 0.153476, [0.10186503733333334], [0.16951], [0.074564344], [0.006404198644986307]]
[1500.0, 200.0, 0.136691, [0.08837164266666665], [0.16951], [0.074564344], [0.0059852833412926704]]
[1500.0, 500.0, 0.206538, [0.14907710666666668], [0.16951], [0.074564344], [0.007835318930188979]]
[1500.0, 1300.0, 0.257557, [0.20174667733333335], [0.16951], [0.074564344], [0.009040485481555855]]
[1500.0, 600.0, 0.213987, [0.15629757333333333], [0.16951], [0.074564344], [0.007986433161861988]]
[1500.0, 1000.0, 0.266307, [0.211572676], [0.16951], [0.074564344], [0.009332070739361358]]
[1500.0, 2000.0, 0.281872, [0.22966696], [0.16951], [0.074564344], [0.009705203021518349]]
[1500.0, 800.0, 0.278391, [0.22555112533333335], [0.16951], [0.074564344], [0.009643869495407143]]
[1500.0, 1700.0, 0.271941, [0.21802942], [0.16951], [0.074564344], [0.009347934441837347]]
[1500.0, 1200.0, 0.277909, [0.224983424], [0.16951], [0.074564344], [0.009584615850181765]]
[1500.0, 300.0, 0.144469, [0.09454297199999999], [0.16951], [0.074564344], [0.006167302266343401]]
[1500.0, 1400.0, 0.279016, [0.22628648133333334], [0.16951], [0.074564344], [0.009579471008359491]]
[1500.0, 100.0, 0.124195, [0.07874295333333334], [0.16951], [0.074564344], [0.0056680412795485765]]
[1500.0, 900.0, 0.265078, [0.21017774133333333], [0.16951], [0.074564344], [0.00931596449876352]]
[1500.0, 700.0, 0.244561, [0.18759603466666666], [0.16951], [0.074564344], [0.008746710196029895]]
[1500.0, 1900.0, 0.261745, [0.20641914266666667], [0.16951], [0.074564344], [0.009249862277893657]]
[1500.0, 1600.0, 0.27914, [0.22643273066666667], [0.16951], [0.074564344], [0.00965512422982394]]
[1600.0, 1500.0, 0.220589, [0.17146714666666665], [0.19789199999999998], [0.073314892], [0.006825998400885315]]
[1600.0, 100.0, 0.108162, [0.07124740666666667], [0.19789199999999998], [0.073314892], [0.004384975183510165]]
[1600.0, 1300.0, 0.240451, [0.19258353866666664], [0.19789199999999998], [0.073314892], [0.007237732248893065]]
[1600.0, 900.0, 0.217775, [0.168566264], [0.19789199999999998], [0.073314892], [0.006775249483557373]]
[1600.0, 300.0, 0.122533, [0.08241084], [0.19789199999999998], [0.073314892], [0.004688189171382344]]
[1600.0, 500.0, 0.146577, [0.10209871733333334], [0.19789199999999998], [0.073314892], [0.005300701176259609]]
[1600.0, 1000.0, 0.223893, [0.174901568], [0.19789199999999998], [0.073314892], [0.006935298363845319]]
[1600.0, 1200.0, 0.232037, [0.18349881466666668], [0.19789199999999998], [0.073314892], [0.007036858760049749]]
[1600.0, 1800.0, 0.230292, [0.1816401386666667], [0.19789199999999998], [0.073314892], [0.006986159461233173]]
[1600.0, 1100.0, 0.237235, [0.18908729333333335], [0.19789199999999998], [0.073314892], [0.0071621919574635495]]
[1600.0, 1900.0, 0.225054, [0.17611572266666667], [0.19789199999999998], [0.073314892], [0.006902518977236579]]
[1600.0, 1700.0, 0.219926, [0.17078144], [0.19789199999999998], [0.073314892], [0.006831257959962832]]
[1600.0, 800.0, 0.22805, [0.179265956], [0.19789199999999998], [0.073314892], [0.006946414969208538]]
[1600.0, 200.0, 0.110388, [0.07294775066666666], [0.19789199999999998], [0.073314892], [0.004464329426315521]]
[1600.0, 1600.0, 0.218205, [0.16900798666666667], [0.19789199999999998], [0.073314892], [0.0067875233801111545]]
[1600.0, 2000.0, 0.220485, [0.171359292], [0.19789199999999998], [0.073314892], [0.006805546224465259]]
[1600.0, 1400.0, 0.227103, [0.17826766400000002], [0.19789199999999998], [0.073314892], [0.006965493705402367]]
[1600.0, 700.0, 0.203834, [0.15451942800000001], [0.19789199999999998], [0.073314892], [0.00649493575162817]]
[1600.0, 400.0, 0.124458, [0.08394003333333334], [0.19789199999999998], [0.073314892], [0.004775182087045943]]
[1600.0, 600.0, 0.180344, [0.13202095066666666], [0.19789199999999998], [0.073314892], [0.00597019356619011]]
[1700.0, 900.0, 0.17516, [0.12724348266666666], [0.19789199999999998], [0.073314892], [0.004778729703825298]]
[1700.0, 1500.0, 0.169362, [0.12198338266666667], [0.19789199999999998], [0.073314892], [0.004670985357859017]]
[1700.0, 1800.0, 0.162563, [0.115919172], [0.19789199999999998], [0.073314892], [0.004550225506499651]]
[1700.0, 700.0, 0.142442, [0.09861866400000001], [0.19789199999999998], [0.073314892], [0.004224358656911392]]
[1700.0, 500.0, 0.099368, [0.06462849733333334], [0.19789199999999998], [0.073314892], [0.003415721560340915]]
[1700.0, 300.0, 0.082182, [0.0521479], [0.19789199999999998], [0.073314892], [0.003056964331853125]]
[1700.0, 800.0, 0.161558, [0.11503250666666666], [0.19789199999999998], [0.073314892], [0.004554180692262636]]
[1700.0, 1300.0, 0.159725, [0.11342189333333334], [0.19789199999999998], [0.073314892], [0.004544152270531631]]
[1700.0, 400.0, 0.090997, [0.058475966666666664], [0.19789199999999998], [0.073314892], [0.0032436622018946425]]
[1700.0, 1000.0, 0.166635, [0.1195379], [0.19789199999999998], [0.073314892], [0.004638970700010463]]
[1700.0, 2000.0, 0.170532, [0.12303807066666665], [0.19789199999999998], [0.073314892], [0.004728737353670639]]
[1700.0, 1600.0, 0.167591, [0.12039319333333331], [0.19789199999999998], [0.073314892], [0.00465815158953754]]
[1700.0, 1400.0, 0.15931, [0.11305788], [0.19789199999999998], [0.073314892], [0.004529568403280825]]
[1700.0, 1200.0, 0.1707, [0.12318971733333332], [0.19789199999999998], [0.073314892], [0.004693154367799977]]
[1700.0, 100.0, 0.069257, [0.04314254133333334], [0.19789199999999998], [0.073314892], [0.002796515848138338]]
[1700.0, 1700.0, 0.168666, [0.12135723066666666], [0.19789199999999998], [0.073314892], [0.004695452237597093]]
[1700.0, 1900.0, 0.158428, [0.112285816], [0.19789199999999998], [0.073314892], [0.0045095070043434035]]
[1700.0, 1100.0, 0.170883, [0.12335537866666665], [0.19789199999999998], [0.073314892], [0.004720062268892458]]
[1700.0, 600.0, 0.118489, [0.07922396], [0.19789199999999998], [0.073314892], [0.0038160843922650464]]
[1700.0, 200.0, 0.090104, [0.057828348], [0.19789199999999998], [0.073314892], [0.0032276633887552636]]
[1800.0, 600.0, 0.080966, [0.033778965333333334], [0.075118], [0.0390613692], [0.002018678377773163]]
[1800.0, 1800.0, 0.117968, [0.053544122666666666], [0.075118], [0.0390613692], [0.002524093954933796]]
[1800.0, 400.0, 0.069418, [0.028208181333333332], [0.075118], [0.0390613692], [0.001840098641800367]]
[1800.0, 1300.0, 0.117745, [0.053416028000000004], [0.075118], [0.0390613692], [0.0025552351096871256]]
[1800.0, 1200.0, 0.118838, [0.054045952], [0.075118], [0.0390613692], [0.002550586506842865]]
[1800.0, 1700.0, 0.121864, [0.05580465466666666], [0.075118], [0.0390613692], [0.0026019059192146908]]
[1800.0, 500.0, 0.072329, [0.029587132533333334], [0.075118], [0.0390613692], [0.0018980154707249122]]
[1800.0, 1600.0, 0.119393, [0.079932544], [0.19789199999999998], [0.073314892], [0.0030996506842617677]]
[1800.0, 1000.0, 0.122151, [0.055972524], [0.075118], [0.0390613692], [0.002581819909719154]]
[1800.0, 700.0, 0.093517, [0.04014809466666667], [0.075118], [0.0390613692], [0.002220194869925711]]
[1800.0, 200.0, 0.05535, [0.021781276], [0.075118], [0.0390613692], [0.001623480415513398]]
[1800.0, 800.0, 0.120875, [0.055227017333333336], [0.075118], [0.0390613692], [0.0025777760464745147]]
[1800.0, 2000.0, 0.128388, [0.05966957466666667], [0.075118], [0.0390613692], [0.002706666823645316]]
[1800.0, 1100.0, 0.12264, [0.05625898133333333], [0.075118], [0.0390613692], [0.002614576586923567]]
[1800.0, 900.0, 0.11625, [0.05255861866666667], [0.075118], [0.0390613692], [0.0025405170658308472]]
[1800.0, 1500.0, 0.127704, [0.05925934666666667], [0.075118], [0.0390613692], [0.0026743371252621754]]
[1800.0, 1400.0, 0.124203, [0.05717833733333333], [0.075118], [0.0390613692], [0.0026207646134498823]]
[1800.0, 1900.0, 0.124588, [0.05740594533333334], [0.075118], [0.0390613692], [0.002636742577246908]]
[1800.0, 100.0, 0.06028, [0.023989643999999997], [0.075118], [0.0390613692], [0.0017048694730095908]]
[1800.0, 300.0, 0.061614, [0.02459524626666667], [0.075118], [0.0390613692], [0.0017348149867413014]]
[1900.0, 300.0, 0.049271, [0.0191222828], [0.075118], [0.0390613692], [0.0012527425295460093]]
[1900.0, 1600.0, 0.103891, [0.045668155999999994], [0.075118], [0.0390613692], [0.0019229763130221974]]
[1900.0, 600.0, 0.073772, [0.030276807466666666], [0.075118], [0.0390613692], [0.001561407118666436]]
[1900.0, 1500.0, 0.105726, [0.04666887066666667], [0.075118], [0.0390613692], [0.0019445367951148559]]
[1900.0, 500.0, 0.055723, [0.0219466736], [0.075118], [0.0390613692], [0.0013307125008806373]]
[1900.0, 1700.0, 0.111349, [0.04978435866666667], [0.075118], [0.0390613692], [0.0019913741859440793]]
[1900.0, 1800.0, 0.107768, [0.047791914666666664], [0.075118], [0.0390613692], [0.0019609258008513337]]
[1900.0, 800.0, 0.091305, [0.03900064], [0.075118], [0.0390613692], [0.0017691052201607455]]
[1900.0, 1300.0, 0.103039, [0.04520573333333333], [0.075118], [0.0390613692], [0.001920607575164114]]
[1900.0, 1000.0, 0.113805, [0.05116770133333333], [0.075118], [0.0390613692], [0.002051637588096126]]
[1900.0, 1900.0, 0.110908, [0.049537154666666666], [0.075118], [0.0390613692], [0.001994290611164225]]
[1900.0, 1200.0, 0.105915, [0.04677267733333333], [0.075118], [0.0390613692], [0.001940457414574661]]
[1900.0, 100.0, 0.046715, [0.01802478106666667], [0.075118], [0.0390613692], [0.0012070288583496621]]
[1900.0, 2000.0, 0.103963, [0.04570710266666667], [0.075118], [0.0390613692], [0.001917827232631298]]
[1900.0, 1100.0, 0.110891, [0.049527648], [0.075118], [0.0390613692], [0.002015251080910543]]
[1900.0, 900.0, 0.107188, [0.047471969333333336], [0.075118], [0.0390613692], [0.0019694693462396864]]
[1900.0, 200.0, 0.044292, [0.016995932800000002], [0.075118], [0.0390613692], [0.0011700484783878735]]
[1900.0, 400.0, 0.062029, [0.024784076266666667], [0.075118], [0.0390613692], [0.0014214643423049501]]
[1900.0, 700.0, 0.078068, [0.032355173333333334], [0.075118], [0.0390613692], [0.0016218181988811883]]
[1900.0, 1400.0, 0.11006, [0.049063906666666664], [0.075118], [0.0390613692], [0.0019996954777054318]]
[2000.0, 1500.0, 0.077598, [0.032125848000000005], [0.075118], [0.0390613692], [0.00131813916581082]]
[2000.0, 1200.0, 0.073709, [0.030246432133333334], [0.075118], [0.0390613692], [0.0012781449481355563]]
[2000.0, 1300.0, 0.084759, [0.03566846133333334], [0.075118], [0.0390613692], [0.0013947464993085065]]
[2000.0, 300.0, 0.035123, [0.013198921066666668], [0.075118], [0.0390613692], [0.0008398272013800087]]
[2000.0, 900.0, 0.071265, [0.02908075226666667], [0.075118], [0.0390613692], [0.0012456824913810636]]
[2000.0, 1900.0, 0.079822, [0.03321454533333334], [0.075118], [0.0390613692], [0.0013415224379620175]]
[2000.0, 1600.0, 0.081913, [0.034247644], [0.075118], [0.0390613692], [0.0013569412642655788]]
[2000.0, 500.0, 0.042478, [0.0162324248], [0.075118], [0.0390613692], [0.0009387453373282636]]
[2000.0, 600.0, 0.048582, [0.018825030800000003], [0.075118], [0.0390613692], [0.0010194326047147774]]
[2000.0, 200.0, 0.036442, [0.0137357012], [0.075118], [0.0390613692], [0.0008618546818473647]]
[2000.0, 1800.0, 0.076485, [0.031584765333333334], [0.075118], [0.0390613692], [0.0013036421281249781]]
[2000.0, 2000.0, 0.078525, [0.03257833466666667], [0.075118], [0.0390613692], [0.0013355813921701331]]
[2000.0, 400.0, 0.039006, [0.014788279333333333], [0.075118], [0.0390613692], [0.0008950273008871479]]
[2000.0, 1100.0, 0.075007, [0.030870262666666665], [0.075118], [0.0390613692], [0.001309191212246027]]
[2000.0, 100.0, 0.030938, [0.0115157504], [0.075118], [0.0390613692], [0.0007872004310071087]]
[2000.0, 1400.0, 0.076815, [0.03174509066666666], [0.075118], [0.0390613692], [0.0013069243235763713]]
[2000.0, 1700.0, 0.077375, [0.03201741066666667], [0.075118], [0.0390613692], [0.0013136903467374306]]
[2000.0, 700.0, 0.054918, [0.021590109200000002], [0.075118], [0.0390613692], [0.0010876939692149932]]
[2000.0, 1000.0, 0.081125, [0.03385716533333333], [0.075118], [0.0390613692], [0.0013510481830374848]]
[2000.0, 800.0, 0.064298, [0.025823918533333334], [0.075118], [0.0390613692], [0.0011774694198435332]]
[2100.0, 200.0, 0.019149, [0.0069390816], [0.075118], [0.0390613692], [0.0005007850704199911]]
[2100.0, 100.0, 0.023119, [0.008453551866666666], [0.075118], [0.0390613692], [0.0005502793033037355]]
[2100.0, 400.0, 0.027264, [0.010063990399999998], [0.075118], [0.0390613692], [0.0006136123365412037]]
[2100.0, 1400.0, 0.049594, [0.0192616168], [0.075118], [0.0390613692], [0.0008312000163618863]]
[2100.0, 500.0, 0.026629, [0.009815253066666666], [0.075118], [0.0390613692], [0.000595137057902538]]
[2100.0, 800.0, 0.038952, [0.0147660644], [0.075118], [0.0390613692], [0.0007310291414771977]]
[2100.0, 300.0, 0.023149, [0.008465291066666667], [0.075118], [0.0390613692], [0.0005510434786636875]]
[2100.0, 600.0, 0.030592, [0.0113779344], [0.075118], [0.0390613692], [0.0006431188257235206]]
[2100.0, 700.0, 0.03429, [0.0128615356], [0.075118], [0.0390613692], [0.0006816599883617443]]
[2100.0, 1000.0, 0.047654, [0.01842631506666667], [0.075118], [0.0390613692], [0.0008143357074600404]]
[2100.0, 1700.0, 0.052651, [0.020591808], [0.075118], [0.0390613692], [0.0008693868570435143]]
[2100.0, 1800.0, 0.052294, [0.020435588933333332], [0.075118], [0.0390613692], [0.0008485416238857506]]
[2100.0, 1900.0, 0.052209, [0.020398473066666666], [0.075118], [0.0390613692], [0.0008581702708022977]]
[2100.0, 900.0, 0.04369, [0.016741761333333334], [0.075118], [0.0390613692], [0.000775547206959204]]
[2100.0, 2000.0, 0.05082, [0.01979280946666667], [0.075118], [0.0390613692], [0.0008517469994729133]]
[2100.0, 1200.0, 0.05168, [0.0201673016], [0.075118], [0.0390613692], [0.0008537499209175172]]
[2100.0, 1500.0, 0.051079, [0.019905533999999996], [0.075118], [0.0390613692], [0.0008480042574316606]]
[2100.0, 1100.0, 0.052972, [0.020732709066666667], [0.075118], [0.0390613692], [0.0008706919078525998]]
[2100.0, 1300.0, 0.049724, [0.019317850266666665], [0.075118], [0.0390613692], [0.000833626784918367]]
[2100.0, 1600.0, 0.050626, [0.019708632533333333], [0.075118], [0.0390613692], [0.000839615979203191]]
[2200.0, 1700.0, 0.034737, [0.013042435199999999], [0.075118], [0.0390613692], [0.000561777509774901]]
[2200.0, 1100.0, 0.032643, [0.0121978936], [0.075118], [0.0390613692], [0.0005449616805284978]]
[2200.0, 200.0, 0.011486, [0.0040905407999999996], [0.075118], [0.0390613692], [0.00031190080559904515]]
[2200.0, 1800.0, 0.032789, [0.012256393333333332], [0.075118], [0.0390613692], [0.0005421909162729387]]
[2200.0, 900.0, 0.02372, [0.008685201733333333], [0.075118], [0.0390613692], [0.0004558548166540161]]
[2200.0, 1000.0, 0.029423, [0.010914383200000002], [0.075118], [0.0390613692], [0.0005099957024655535]]
[2200.0, 1300.0, 0.031991, [0.0119363468], [0.075118], [0.0390613692], [0.0005348805592113274]]
[2200.0, 1900.0, 0.031644, [0.0117974452], [0.075118], [0.0390613692], [0.0005329541992412565]]
[2200.0, 1400.0, 0.031421, [0.011708330933333332], [0.075118], [0.0390613692], [0.0005332998581161133]]
[2200.0, 1600.0, 0.034547, [0.0129652932], [0.075118], [0.0390613692], [0.0005548633144998665]]
[2200.0, 800.0, 0.020448, [0.007431781466666666], [0.075118], [0.0390613692], [0.0004241541466128663]]
[2200.0, 400.0, 0.01428, [0.005117806666666667], [0.075118], [0.0390613692], [0.00035316218521617895]]
[2200.0, 600.0, 0.018899, [0.006844609866666667], [0.075118], [0.0390613692], [0.0004054395452948428]]
[2200.0, 2000.0, 0.033672, [0.0126119672], [0.075118], [0.0390613692], [0.0005514827687849065]]
[2200.0, 500.0, 0.015781, [0.005675151866666667], [0.075118], [0.0390613692], [0.0003686407588244505]]
[2200.0, 700.0, 0.021258, [0.007740236], [0.075118], [0.0390613692], [0.0004313465891832228]]
[2200.0, 300.0, 0.01421, [0.005091954666666666], [0.075118], [0.0390613692], [0.0003488950319062868]]
[2200.0, 1200.0, 0.0306, [0.011381185066666667], [0.075118], [0.0390613692], [0.0005222044408509415]]
[2200.0, 1500.0, 0.029962, [0.0111278048], [0.075118], [0.0390613692], [0.0005154855954448303]]
[2200.0, 100.0, 0.012084, [0.004309135866666667], [0.075118], [0.0390613692], [0.00032481327860103804]]
[2300.0, 700.0, 0.011416, [0.004064940266666667], [0.075118], [0.0390613692], [0.0002555606993260114]]
[2300.0, 100.0, 0.007866, [0.002778402146666667], [0.075118], [0.0390613692], [0.0002106301328659105]]
[2300.0, 1800.0, 0.019987, [0.0072566932], [0.075118], [0.0390613692], [0.00034170428801003424]]
[2300.0, 1000.0, 0.015871, [0.0057086644], [0.075118], [0.0390613692], [0.00030171228213500214]]
[2300.0, 1500.0, 0.022417, [0.008184031733333333], [0.075118], [0.0390613692], [0.00036346559745501823]]
[2300.0, 1200.0, 0.021323, [0.007765419466666666], [0.075118], [0.0390613692], [0.0003522465497662429]]
[2300.0, 500.0, 0.009938, [0.003526866], [0.075118], [0.0390613692], [0.0002367077144121463]]
[2300.0, 1900.0, 0.018266, [0.0066057625333333335], [0.075118], [0.0390613692], [0.0003242641477424094]]
[2300.0, 1300.0, 0.020993, [0.0076393702666666665], [0.075118], [0.0390613692], [0.0003476033862512466]]
[2300.0, 1600.0, 0.019523, [0.0070807524], [0.075118], [0.0390613692], [0.00033453411930291617]]
[2300.0, 1700.0, 0.018993, [0.006880327333333333], [0.075118], [0.0390613692], [0.0003329623359414028]]
[2300.0, 1400.0, 0.020629, [0.007500576], [0.075118], [0.0390613692], [0.000347830845223492]]
[2300.0, 1100.0, 0.018709, [0.0067729847999999995], [0.075118], [0.0390613692], [0.00032853805570199084]]
[2300.0, 900.0, 0.013534, [0.004842183866666666], [0.075118], [0.0390613692], [0.0002781761652861965]]
[2300.0, 2000.0, 0.020406, [0.007415926799999999], [0.075118], [0.0390613692], [0.0003442756425372618]]
[2300.0, 300.0, 0.008968, [0.0031755609333333334], [0.075118], [0.0390613692], [0.00022510952257857853]]
[2300.0, 200.0, 0.00868, [0.0030714690666666664], [0.075118], [0.0390613692], [0.0002228278069222461]]
[2300.0, 400.0, 0.008907, [0.0031536588], [0.075118], [0.0390613692], [0.00022526147761607571]]
[2300.0, 800.0, 0.01199, [0.0042749088], [0.075118], [0.0390613692], [0.00026211153595368517]]
[2300.0, 600.0, 0.01118, [0.003978837466666666], [0.075118], [0.0390613692], [0.0002536814434942638]]
[2400.0, 1200.0, 0.013631, [0.004877882933333333], [0.075118], [0.0390613692], [0.0002262064258837735]]
[2400.0, 1500.0, 0.011951, [0.004260544533333333], [0.075118], [0.0390613692], [0.00021356175071601395]]
[2400.0, 1100.0, 0.010369, [0.0036833212], [0.075118], [0.0390613692], [0.00019744668496696633]]
[2400.0, 1600.0, 0.012192, [0.004348714266666667], [0.075118], [0.0390613692], [0.0002152933671063742]]
[2400.0, 400.0, 0.005282, [0.0018546329066666668], [0.075118], [0.0390613692], [0.00014019708648105986]]
[2400.0, 1300.0, 0.012692, [0.0045322542666666665], [0.075118], [0.0390613692], [0.00021958843057967432]]
[2400.0, 200.0, 0.005117, [0.00179607], [0.075118], [0.0390613692], [0.00013856980289931695]]
[2400.0, 1700.0, 0.011852, [0.0042244744], [0.075118], [0.0390613692], [0.00021309653015580627]]
[2400.0, 2000.0, 0.012373, [0.004415248666666667], [0.075118], [0.0390613692], [0.0002169976020348817]]
[2400.0, 600.0, 0.006213, [0.0021863968666666666], [0.075118], [0.0390613692], [0.00015307837336185382]]
[2400.0, 1900.0, 0.011882, [0.004235391733333333], [0.075118], [0.0390613692], [0.00021045838708241905]]
[2400.0, 700.0, 0.007703, [0.0027198686799999997], [0.075118], [0.0390613692], [0.00017032477588419133]]
[2400.0, 100.0, 0.004667, [0.00163646012], [0.075118], [0.0390613692], [0.00013186973329767525]]
[2400.0, 1800.0, 0.012104, [0.004316502000000001], [0.075118], [0.0390613692], [0.00021343729021268363]]
[2400.0, 500.0, 0.00561, [0.0019715504933333333], [0.075118], [0.0390613692], [0.00014495128052019563]]
[2400.0, 900.0, 0.008338, [0.002948194586666667], [0.075118], [0.0390613692], [0.0001765037842842659]]
[2400.0, 1400.0, 0.011848, [0.004222999333333334], [0.075118], [0.0390613692], [0.00021088653050080434]]
[2400.0, 800.0, 0.007723, [0.0027269588133333337], [0.075118], [0.0390613692], [0.00016879455394058188]]
[2400.0, 300.0, 0.005372, [0.0018868556000000002], [0.075118], [0.0390613692], [0.00014142580949427552]]
[2400.0, 1000.0, 0.010431, [0.003705729333333333], [0.075118], [0.0390613692], [0.00019864793446363008]]
[2500.0, 400.0, 0.003534, [0.0012360730533333333], [0.075118], [0.0390613692], [9.317251014709818e-05]]
[2500.0, 1300.0, 0.00761, [0.0026865692799999995], [0.075118], [0.0390613692], [0.00013674276639003615]]
[2500.0, 500.0, 0.004323, [0.0015147471866666664], [0.075118], [0.0390613692], [0.00010354598978231847]]
[2500.0, 900.0, 0.005221, [0.0018330061599999999], [0.075118], [0.0390613692], [0.0001134602430614158]]
[2500.0, 1400.0, 0.006988, [0.0024633245333333335], [0.075118], [0.0390613692], [0.00013242916308561176]]
[2500.0, 200.0, 0.003018, [0.0010545233200000002], [0.075118], [0.0390613692], [8.697560822820768e-05]]
[2500.0, 1900.0, 0.00735, [0.00259316996], [0.075118], [0.0390613692], [0.0001349950358922711]]
[2500.0, 1000.0, 0.005619, [0.0019746662266666663], [0.075118], [0.0390613692], [0.00011635832121320569]]
[2500.0, 1800.0, 0.007268, [0.00256362784], [0.075118], [0.0390613692], [0.00013418641454666298]]
[2500.0, 1700.0, 0.007412, [0.0026152012000000002], [0.075118], [0.0390613692], [0.00013486870876687612]]
[2500.0, 800.0, 0.004242, [0.0014859355466666667], [0.075118], [0.0390613692], [0.0001022960204721789]]
[2500.0, 700.0, 0.004229, [0.0014813064133333334], [0.075118], [0.0390613692], [0.00010173654534029441]]
[2500.0, 1600.0, 0.007978, [0.002818772053333333], [0.075118], [0.0390613692], [0.000140239172970877]]
[2500.0, 1100.0, 0.006137, [0.002159119173333333], [0.075118], [0.0390613692], [0.00012165258329448753]]
[2500.0, 600.0, 0.00395, [0.00138297712], [0.075118], [0.0390613692], [9.878408814738896e-05]]
[2500.0, 300.0, 0.003248, [0.001135441306666667], [0.075118], [0.0390613692], [8.976451833547597e-05]]
[2500.0, 2000.0, 0.008037, [0.00283973088], [0.075118], [0.0390613692], [0.00014198653419720246]]
[2500.0, 1200.0, 0.007214, [0.0025444351066666667], [0.075118], [0.0390613692], [0.00013429017020367994]]
[2500.0, 100.0, 0.003052, [0.0010663143466666666], [0.075118], [0.0390613692], [8.620639460684521e-05]]
[2500.0, 1500.0, 0.007387, [0.002606369506666667], [0.075118], [0.0390613692], [0.0001345923281947708]]
[2600.0, 800.0, 0.002839, [0.0009912901866666666], [0.075118], [0.0390613692], [6.760543002517541e-05]]
[2600.0, 2000.0, 0.005024, [0.0017630772666666667], [0.075118], [0.0390613692], [8.973827536663371e-05]]
[2600.0, 900.0, 0.003086, [0.0010783543866666667], [0.075118], [0.0390613692], [7.049424917127796e-05]]
[2600.0, 1000.0, 0.003177, [0.0011102673466666668], [0.075118], [0.0390613692], [7.078806667793662e-05]]
[2600.0, 200.0, 0.001804, [0.0006283317866666666], [0.075118], [0.0390613692], [5.348715042367133e-05]]
[2600.0, 1100.0, 0.004212, [0.0014755432266666665], [0.075118], [0.0390613692], [8.210141374341046e-05]]
[2600.0, 1500.0, 0.004706, [0.0016503478266666667], [0.075118], [0.0390613692], [8.67403563131564e-05]]
[2600.0, 700.0, 0.002511, [0.0008763944533333333], [0.075118], [0.0390613692], [6.358035031185167e-05]]
[2600.0, 1800.0, 0.004921, [0.0017267216266666668], [0.075118], [0.0390613692], [8.928665698996936e-05]]
[2600.0, 1600.0, 0.004883, [0.0017130485866666666], [0.075118], [0.0390613692], [8.83437421791845e-05]]
[2600.0, 1400.0, 0.004471, [0.0015671080666666665], [0.075118], [0.0390613692], [8.49883719523507e-05]]
[2600.0, 1300.0, 0.004392, [0.00153919312], [0.075118], [0.0390613692], [8.434726042577395e-05]]
[2600.0, 600.0, 0.002165, [0.0007549305333333333], [0.075118], [0.0390613692], [5.841826944068477e-05]]
[2600.0, 1700.0, 0.004919, [0.00172586112], [0.075118], [0.0390613692], [8.865152015993107e-05]]
[2600.0, 400.0, 0.002277, [0.00079406488], [0.075118], [0.0390613692], [6.019791678935225e-05]]
[2600.0, 300.0, 0.001889, [0.0006581511333333334], [0.075118], [0.0390613692], [5.523081140088384e-05]]
[2600.0, 1900.0, 0.004736, [0.0016608198800000002], [0.075118], [0.0390613692], [8.681244776080342e-05]]
[2600.0, 1200.0, 0.004664, [0.0016354245066666666], [0.075118], [0.0390613692], [8.679932793390614e-05]]
[2600.0, 100.0, 0.002058, [0.0007174555599999999], [0.075118], [0.0390613692], [5.744242415187963e-05]]
[2600.0, 500.0, 0.001813, [0.0006317152399999999], [0.075118], [0.0390613692], [5.3581380613459784e-05]]
[2700.0, 1400.0, 0.00274, [0.0009567524666666666], [0.075118], [0.0390613692], [5.365200599749795e-05]]
[2700.0, 1000.0, 0.002255, [0.0007863236933333334], [0.075118], [0.0390613692], [4.839486641278299e-05]]
[2700.0, 800.0, 0.001565, [0.00054489852], [0.075118], [0.0390613692], [4.039057293753361e-05]]
[2700.0, 900.0, 0.00169, [0.00058854056], [0.075118], [0.0390613692], [4.193176363781731e-05]]
[2700.0, 600.0, 0.001365, [0.0004751189733333333], [0.075118], [0.0390613692], [3.767937595614403e-05]]
[2700.0, 1100.0, 0.002441, [0.0008516400133333333], [0.075118], [0.0390613692], [5.044680648410209e-05]]
[2700.0, 1300.0, 0.002906, [0.0010149348000000002], [0.075118], [0.0390613692], [5.5534759373447065e-05]]
[2700.0, 400.0, 0.001222, [0.00042529514666666667], [0.075118], [0.0390613692], [3.5689966271270764e-05]]
[2700.0, 1700.0, 0.003248, [0.0011354020533333334], [0.075118], [0.0390613692], [5.847618715340459e-05]]
[2700.0, 100.0, 0.001296, [0.00045100761333333335], [0.075118], [0.0390613692], [3.6581554429034923e-05]]
[2700.0, 2000.0, 0.002816, [0.00098342112], [0.075118], [0.0390613692], [5.4053703797447796e-05]]
[2700.0, 1200.0, 0.002572, [0.0008974943466666666], [0.075118], [0.0390613692], [5.234292457332594e-05]]
[2700.0, 700.0, 0.001548, [0.0005389255733333334], [0.075118], [0.0390613692], [4.039415847757088e-05]]
[2700.0, 300.0, 0.001138, [0.0003957886], [0.075118], [0.0390613692], [3.406405516409082e-05]]
[2700.0, 1800.0, 0.002823, [0.00098594284], [0.075118], [0.0390613692], [5.4274377486577914e-05]]
[2700.0, 200.0, 0.001267, [0.00044078917333333333], [0.075118], [0.0390613692], [3.647998187134053e-05]]
[2700.0, 1500.0, 0.002832, [0.0009888773333333334], [0.075118], [0.0390613692], [5.419014332678755e-05]]
[2700.0, 500.0, 0.001255, [0.00043661022666666665], [0.075118], [0.0390613692], [3.601101152579738e-05]]
[2700.0, 1900.0, 0.002957, [0.0010328723466666667], [0.075118], [0.0390613692], [5.6015367669159425e-05]]
[2700.0, 1600.0, 0.002665, [0.0009302389866666667], [0.075118], [0.0390613692], [5.266440872796984e-05]]
[2800.0, 1500.0, 0.001709, [0.0005951535199999999], [0.075118], [0.0390613692], [3.402265924677585e-05]]
[2800.0, 200.0, 0.000833, [0.00028971275333333334], [0.075118], [0.0390613692], [2.373419321288732e-05]]
[2800.0, 400.0, 0.00082, [0.00028517804266666667], [0.075118], [0.0390613692], [2.3682747066635287e-05]]
[2800.0, 900.0, 0.001028, [0.0003576592], [0.075118], [0.0390613692], [2.629563041690049e-05]]
[2800.0, 600.0, 0.000778, [0.00027045316666666667], [0.075118], [0.0390613692], [2.269592741930195e-05]]
[2800.0, 1200.0, 0.001545, [0.0005378651200000001], [0.075118], [0.0390613692], [3.208634736318721e-05]]
[2800.0, 1000.0, 0.001354, [0.00047133409333333326], [0.075118], [0.0390613692], [3.0488068334277188e-05]]
[2800.0, 1400.0, 0.001697, [0.0005910334533333335], [0.075118], [0.0390613692], [3.389809882574538e-05]]
[2800.0, 800.0, 0.000998, [0.0003468973466666667], [0.075118], [0.0390613692], [2.5928317561221663e-05]]
[2800.0, 100.0, 0.000732, [0.00025443127466666664], [0.075118], [0.0390613692], [2.1979512634370318e-05]]
[2800.0, 1100.0, 0.001425, [0.0004961345333333334], [0.075118], [0.0390613692], [3.106914751181807e-05]]
[2800.0, 1300.0, 0.001681, [0.0005853276133333333], [0.075118], [0.0390613692], [3.373772395668946e-05]]
[2800.0, 2000.0, 0.001711, [0.0005959027066666666], [0.075118], [0.0390613692], [3.400996933580244e-05]]
[2800.0, 500.0, 0.000772, [0.00026841260666666665], [0.075118], [0.0390613692], [2.2848798826682823e-05]]
[2800.0, 1900.0, 0.001675, [0.0005834609333333333], [0.075118], [0.0390613692], [3.363013548061388e-05]]
[2800.0, 1800.0, 0.001822, [0.0006346393066666668], [0.075118], [0.0390613692], [3.514941843046624e-05]]
[2800.0, 300.0, 0.000688, [0.00023906463733333334], [0.075118], [0.0390613692], [2.1468635814446467e-05]]
[2800.0, 700.0, 0.000805, [0.00027983127866666664], [0.075118], [0.0390613692], [2.3238719639620613e-05]]
[2800.0, 1600.0, 0.001631, [0.0005679138533333333], [0.075118], [0.0390613692], [3.323464540372157e-05]]
[2800.0, 1700.0, 0.00175, [0.0006097493200000001], [0.075118], [0.0390613692], [3.4355482202020296e-05]]
[2900.0, 1300.0, 0.000954, [0.00033188356000000003], [0.075118], [0.0390613692], [2.0349081512441783e-05]]
[2900.0, 900.0, 0.000675, [0.0002344226546666667], [0.075118], [0.0390613692], [1.7235097740753703e-05]]
[2900.0, 1600.0, 0.00106, [0.00036883505333333333], [0.075118], [0.0390613692], [2.1547581502856005e-05]]
[2900.0, 2000.0, 0.001115, [0.0003879965066666666], [0.075118], [0.0390613692], [2.2180284390522238e-05]]
[2900.0, 1200.0, 0.000781, [0.00027147123866666663], [0.075118], [0.0390613692], [1.8344327331478918e-05]]
[2900.0, 1700.0, 0.001155, [0.00040163244], [0.075118], [0.0390613692], [2.2451935629497763e-05]]
[2900.0, 1100.0, 0.000817, [0.0002839165693333333], [0.075118], [0.0390613692], [1.9012460302537267e-05]]
[2900.0, 800.0, 0.000597, [0.0002072928053333333], [0.075118], [0.0390613692], [1.608904096858756e-05]]
[2900.0, 600.0, 0.000478, [0.00016614623466666668], [0.075118], [0.0390613692], [1.4516263535160218e-05]]
[2900.0, 100.0, 0.000465, [0.000161353004], [0.075118], [0.0390613692], [1.4317763866377087e-05]]
[2900.0, 400.0, 0.00048, [0.00016687328], [0.075118], [0.0390613692], [1.4524456597982131e-05]]
[2900.0, 1000.0, 0.000675, [0.000234418484], [0.075118], [0.0390613692], [1.7006506843623772e-05]]
[2900.0, 1400.0, 0.001017, [0.00035381911999999996], [0.075118], [0.0390613692], [2.0995312454609164e-05]]
[2900.0, 200.0, 0.00039, [0.00013537382933333334], [0.075118], [0.0390613692], [1.3087083987232943e-05]]
[2900.0, 500.0, 0.000493, [0.00017138673866666667], [0.075118], [0.0390613692], [1.4696290906211676e-05]]
[2900.0, 1500.0, 0.000957, [0.00033272842666666664], [0.075118], [0.0390613692], [2.0400881009298485e-05]]
[2900.0, 1800.0, 0.00112, [0.00038965496], [0.075118], [0.0390613692], [2.209531524403608e-05]]
[2900.0, 300.0, 0.000413, [0.00014331201866666667], [0.075118], [0.0390613692], [1.342240098409289e-05]]
[2900.0, 700.0, 0.000616, [0.00021397550133333334], [0.075118], [0.0390613692], [1.65579213510231e-05]]
[2900.0, 1900.0, 0.001046, [0.00036371832], [0.075118], [0.0390613692], [2.1544818596487544e-05]]
[3000.0, 1900.0, 0.000642, [0.00022301137333333333], [0.075118], [0.0390613692], [1.3375332672082922e-05]]
[3000.0, 800.0, 0.000365, [0.00012668332533333332], [0.075118], [0.0390613692], [1.0046640575060125e-05]]
[3000.0, 900.0, 0.000389, [0.00013512128933333334], [0.075118], [0.0390613692], [1.0424831014884072e-05]]
[3000.0, 1600.0, 0.000691, [0.0002402802333333333], [0.075118], [0.0390613692], [1.3919062529096164e-05]]
[3000.0, 700.0, 0.000383, [0.000132834568], [0.075118], [0.0390613692], [1.0341157407821106e-05]]
[3000.0, 600.0, 0.000279, [9.682932533333334e-05], [0.075118], [0.0390613692], [8.802664614762965e-06]]
[3000.0, 1300.0, 0.000566, [0.000196660856], [0.075118], [0.0390613692], [1.2589923526376163e-05]]
[3000.0, 500.0, 0.000292, [0.00010146864], [0.075118], [0.0390613692], [9.039545558882434e-06]]
[3000.0, 1500.0, 0.000658, [0.00022875784666666669], [0.075118], [0.0390613692], [1.3550444138682523e-05]]
[3000.0, 1800.0, 0.000616, [0.00021388892933333335], [0.075118], [0.0390613692], [1.3114369720103042e-05]]
[3000.0, 2000.0, 0.000681, [0.00023660875866666668], [0.075118], [0.0390613692], [1.3846480537988305e-05]]
[3000.0, 100.0, 0.00029, [0.00010060546533333334], [0.075118], [0.0390613692], [8.998425683541663e-06]]
[3000.0, 1400.0, 0.000631, [0.00021924256266666668], [0.075118], [0.0390613692], [1.319685048621661e-05]]
[3000.0, 1100.0, 0.000458, [0.000159105352], [0.075118], [0.0390613692], [1.1393770695720827e-05]]
[3000.0, 1200.0, 0.000512, [0.00017797728133333332], [0.075118], [0.0390613692], [1.1999224397157231e-05]]
[3000.0, 1000.0, 0.00043, [0.000149204956], [0.075118], [0.0390613692], [1.0999535287153423e-05]]
[3000.0, 400.0, 0.000285, [9.898424133333332e-05], [0.075118], [0.0390613692], [8.961611234097981e-06]]
[3000.0, 300.0, 0.00029, [0.00010065082133333333], [0.075118], [0.0390613692], [8.931317481014024e-06]]
[3000.0, 1700.0, 0.000657, [0.00022818986933333335], [0.075118], [0.0390613692], [1.3612663555185173e-05]]
[3000.0, 200.0, 0.000286, [9.943881333333333e-05], [0.075118], [0.0390613692], [9.002767114368534e-06]]
