[200.0, 1800.0, 0.999999, [160.636259], [232.580215], [24.307993500000002], [7.409597584383379]]
[200.0, 700.0, 0.999999, [159.86313700000002], [232.580215], [24.307993500000002], [7.381793892916545]]
[200.0, 2000.0, 1.0, [163.7206375], [232.580215], [24.307993500000002], [7.488407666019525]]
[200.0, 1300.0, 0.999999, [162.0729145], [232.580215], [24.307993500000002], [7.460011030655384]]
[200.0, 1400.0, 1.0, [164.377605], [232.580215], [24.307993500000002], [7.494973672235281]]
[200.0, 400.0, 1.0, [162.483559], [232.580215], [24.307993500000002], [7.478912232403854]]
[200.0, 1900.0, 0.999995, [145.47507099999999], [232.580215], [24.307993500000002], [7.064893509813151]]
[200.0, 1700.0, 1.0, [169.6605155], [232.580215], [24.307993500000002], [7.633386959273059]]
[200.0, 500.0, 0.999999, [159.57553149999998], [232.580215], [24.307993500000002], [7.3921944695063315]]
[200.0, 1500.0, 1.0, [168.80828300000002], [232.580215], [24.307993500000002], [7.6027431899611075]]
[200.0, 100.0, 1.0, [168.6539085], [232.580215], [24.307993500000002], [7.603504641610999]]
[200.0, 600.0, 0.999998, [153.46920050000003], [232.580215], [24.307993500000002], [7.250738471355866]]
[200.0, 1000.0, 1.0, [177.10912800000003], [232.580215], [24.307993500000002], [7.804359536502658]]
[200.0, 1200.0, 1.0, [176.1230275], [232.580215], [24.307993500000002], [7.783611827101862]]
[200.0, 300.0, 0.999999, [161.41629], [232.580215], [24.307993500000002], [7.461470877112635]]
[200.0, 1600.0, 0.999999, [159.939136], [232.580215], [24.307993500000002], [7.4011008606828215]]
[200.0, 900.0, 1.0, [162.3352115], [232.580215], [24.307993500000002], [7.464180631187861]]
[200.0, 800.0, 1.0, [162.29878000000002], [232.580215], [24.307993500000002], [7.454630182141835]]
[200.0, 1100.0, 1.0, [173.63600799999998], [232.580215], [24.307993500000002], [7.719062008592755]]
[200.0, 200.0, 1.0, [164.9401005], [232.580215], [24.307993500000002], [7.520621300464477]]
[300.0, 2000.0, 0.999974, [51.5125975], [58.226357], [5.8080827], [2.5502534746569796]]
[300.0, 400.0, 0.999908, [47.0876525], [58.226357], [5.8080827], [2.4315956862212933]]
[300.0, 1000.0, 0.999983, [52.99105000000001], [58.226357], [5.8080827], [2.582625406442057]]
[300.0, 200.0, 0.999957, [49.754599999999996], [58.226357], [5.8080827], [2.503425297467452]]
[300.0, 1600.0, 0.999929, [47.98751299999999], [58.226357], [5.8080827], [2.461707527307011]]
[300.0, 1300.0, 0.999956, [49.686882000000004], [58.226357], [5.8080827], [2.5000182239335778]]
[300.0, 800.0, 0.999931, [48.1075875], [58.226357], [5.8080827], [2.46139905693896]]
[300.0, 700.0, 0.999957, [49.73262350000001], [58.226357], [5.8080827], [2.4960089698356454]]
[300.0, 300.0, 0.999969, [50.948093], [58.226357], [5.8080827], [2.5285115769954465]]
[300.0, 900.0, 0.999973, [51.430179499999994], [58.226357], [5.8080827], [2.5430586942695603]]
[300.0, 600.0, 0.999968, [50.7880345], [58.226357], [5.8080827], [2.520567811029888]]
[300.0, 1400.0, 0.999988, [54.0516305], [58.226357], [5.8080827], [2.6096376003192474]]
[300.0, 500.0, 0.999977, [51.8593215], [58.226357], [5.8080827], [2.5487454919038113]]
[300.0, 1200.0, 0.999968, [50.8285575], [58.226357], [5.8080827], [2.5319502448705427]]
[300.0, 100.0, 0.987164, [27.5988335], [58.226357], [5.8080827], [1.860713466724525]]
[300.0, 1100.0, 0.999887, [46.339692], [58.226357], [5.8080827], [2.4123480573395706]]
[300.0, 1900.0, 0.999951, [49.3172995], [58.226357], [5.8080827], [2.487728600551113]]
[300.0, 1500.0, 0.999976, [51.768989999999995], [58.226357], [5.8080827], [2.544307011250804]]
[300.0, 1700.0, 0.999806, [44.39988], [58.226357], [5.8080827], [2.3531882050741286]]
[300.0, 1800.0, 0.999956, [49.6679435], [58.226357], [5.8080827], [2.4927627308871574]]
[400.0, 900.0, 0.99492, [19.105585100000003], [20.9567463], [2.31092232], [1.0454110094838298]]
[400.0, 1200.0, 0.993168, [18.26716815], [20.9567463], [2.31092232], [1.021165760540374]]
[400.0, 1500.0, 0.99345, [22.8370037], [32.8722086], [3.67932425], [1.141850092065504]]
[400.0, 200.0, 0.995496, [19.443124049999998], [20.9567463], [2.31092232], [1.0544513669439668]]
[400.0, 1600.0, 0.989906, [17.148336450000002], [20.9567463], [2.31092232], [0.9933763607012198]]
[400.0, 500.0, 0.99165, [22.018176949999997], [32.8722086], [3.67932425], [1.122150282716179]]
[400.0, 1700.0, 0.994143, [18.7044123], [20.9567463], [2.31092232], [1.0343562263553114]]
[400.0, 300.0, 0.992151, [22.229075400000003], [32.8722086], [3.67932425], [1.129967517010998]]
[400.0, 1300.0, 0.993253, [18.3033963], [20.9567463], [2.31092232], [1.0231908105285152]]
[400.0, 1400.0, 0.993083, [18.2339682], [20.9567463], [2.31092232], [1.0241216863732552]]
[400.0, 1100.0, 0.993906, [18.59392955], [20.9567463], [2.31092232], [1.034593837092605]]
[400.0, 800.0, 0.99209, [17.8510773], [20.9567463], [2.31092232], [1.0138732314742314]]
[400.0, 100.0, 0.857882, [8.7529778], [20.9567463], [2.31092232], [0.7099603303882549]]
[400.0, 1000.0, 0.994819, [23.620834650000003], [32.8722086], [3.67932425], [1.1665499474947483]]
[400.0, 400.0, 0.993262, [22.743692999999997], [32.8722086], [3.67932425], [1.1429135771133354]]
[400.0, 1800.0, 0.99748, [25.9618415], [32.8722086], [3.67932425], [1.2197937115553599]]
[400.0, 2000.0, 0.994288, [23.296170449999998], [32.8722086], [3.67932425], [1.157595832965893]]
[400.0, 600.0, 0.994524, [18.89543145], [20.9567463], [2.31092232], [1.0417387323604703]]
[400.0, 700.0, 0.992034, [22.17990635], [32.8722086], [3.67932425], [1.1303924050965664]]
[400.0, 1900.0, 0.993497, [18.408819800000003], [20.9567463], [2.31092232], [1.027480169273354]]
[500.0, 1700.0, 0.945766, [7.8496432], [7.791122499999999], [0.8690443999999999], [0.4821997112711703]]
[500.0, 1100.0, 0.956309, [9.96787645], [12.2164644], [1.3934492600000001], [0.5437922224296703]]
[500.0, 300.0, 0.936249, [7.47047385], [7.791122499999999], [0.8690443999999999], [0.46966474439221007]]
[500.0, 1300.0, 0.954529, [8.2595478], [7.791122499999999], [0.8690443999999999], [0.49448623792781127]]
[500.0, 1800.0, 0.957696, [8.4262556], [7.791122499999999], [0.8690443999999999], [0.49825489232419984]]
[500.0, 1400.0, 0.954421, [8.25372905], [7.791122499999999], [0.8690443999999999], [0.4932546125734659]]
[500.0, 600.0, 0.957271, [43.3117125], [56.637238], [18.1991929], [5.069253077130791]]
[500.0, 1900.0, 0.953435, [156.463909], [385.909251], [74.467015], [9.62968939218706]]
[500.0, 1200.0, 0.951384, [42.054274500000005], [56.637238], [18.1991929], [4.99092361792885]]
[500.0, 800.0, 0.955342, [8.30207], [7.791122499999999], [0.8690443999999999], [0.49792505548023996]]
[500.0, 1000.0, 0.952865, [8.17597095], [7.791122499999999], [0.8690443999999999], [0.49124644466906825]]
[500.0, 2000.0, 0.93275, [7.345102450000001], [7.791122499999999], [0.8690443999999999], [0.46735764864822743]]
[500.0, 700.0, 0.957887, [10.0637474], [12.2164644], [1.3934492600000001], [0.5449824409097966]]
[500.0, 100.0, 0.691896, [4.40698895], [12.2164644], [1.3934492600000001], [0.3622522809106935]]
[500.0, 200.0, 0.862812, [5.6289191], [7.791122499999999], [0.8690443999999999], [0.4083647329593975]]
[500.0, 1500.0, 0.948907, [7.98896], [7.791122499999999], [0.8690443999999999], [0.4870954916646221]]
[500.0, 900.0, 0.960258, [8.57071985], [7.791122499999999], [0.8690443999999999], [0.5032899343569271]]
[500.0, 1600.0, 0.945455, [9.3824808], [12.2164644], [1.3934492600000001], [0.5269725611215446]]
[500.0, 500.0, 0.951683, [8.1187169], [7.791122499999999], [0.8690443999999999], [0.4904696848939799]]
[500.0, 400.0, 0.95662, [158.855844], [385.909251], [74.467015], [9.703665362119615]]
[600.0, 200.0, 0.661323, [19.4612418], [56.637238], [18.1991929], [2.533637859481895]]
[600.0, 1400.0, 0.9111, [35.4861479], [56.637238], [18.1991929], [3.4305750018036334]]
[600.0, 1900.0, 0.927044, [37.5143706], [56.637238], [18.1991929], [3.5135429413912105]]
[600.0, 100.0, 0.520874, [1.411308045], [2.4049655700000003], [0.37064237], [0.15218525594649437]]
[600.0, 800.0, 0.873381, [31.675486499999998], [56.637238], [18.1991929], [3.2328657480631637]]
[600.0, 1200.0, 0.922437, [36.8920755], [56.637238], [18.1991929], [3.485973785041993]]
[600.0, 600.0, 0.877228, [32.0174526], [56.637238], [18.1991929], [3.2508795102248866]]
[600.0, 1600.0, 0.907655, [35.0820449], [56.637238], [18.1991929], [3.3915090804831998]]
[600.0, 400.0, 0.955347, [42.316684200000005], [56.637238], [18.1991929], [3.7403016294143976]]
[600.0, 500.0, 0.886519, [32.8790049], [56.637238], [18.1991929], [3.287900365126656]]
[600.0, 1100.0, 0.916397, [36.1195464], [56.637238], [18.1991929], [3.4438634830666564]]
[600.0, 300.0, 0.858195, [30.399600000000003], [56.637238], [18.1991929], [3.1522919073271116]]
[600.0, 1700.0, 0.940416, [39.5344838], [56.637238], [18.1991929], [3.608988215275855]]
[600.0, 1500.0, 0.864476, [30.9140314], [56.637238], [18.1991929], [3.1885388493791322]]
[600.0, 1800.0, 0.945463, [40.396972], [56.637238], [18.1991929], [3.642471944298267]]
[600.0, 1000.0, 0.923597, [37.0482483], [56.637238], [18.1991929], [3.500730919679489]]
[600.0, 2000.0, 0.895635, [33.783001], [56.637238], [18.1991929], [3.3287377412466723]]
[600.0, 700.0, 0.91801, [36.3236314], [56.637238], [18.1991929], [3.4633226344076005]]
[600.0, 1300.0, 0.852564, [29.958257], [56.637238], [18.1991929], [3.14047915277271]]
[600.0, 900.0, 0.950813, [41.3978656], [56.637238], [18.1991929], [3.7027374509948716]]
[700.0, 2000.0, 0.82772, [28.0135401], [56.637238], [18.1991929], [2.3184172780153274]]
[700.0, 100.0, 0.379693, [0.9234811949999999], [2.4049655700000003], [0.37064237], [0.09425239478389925]]
[700.0, 1000.0, 0.794772, [25.9229159], [56.637238], [18.1991929], [2.231089510306568]]
[700.0, 600.0, 0.729469, [22.434943999999998], [56.637238], [18.1991929], [2.0741110208954585]]
[700.0, 1400.0, 0.777855, [24.9489135], [56.637238], [18.1991929], [2.1966290660919516]]
[700.0, 1900.0, 0.795348, [25.957343299999998], [56.637238], [18.1991929], [2.2340523523409206]]
[700.0, 200.0, 0.448341, [0.929637555], [1.3927583600000002], [0.327988752], [0.09439039551246727]]
[700.0, 400.0, 0.833069, [28.381588899999997], [56.637238], [18.1991929], [2.3329522140412564]]
[700.0, 1300.0, 0.76463, [24.2239683], [56.637238], [18.1991929], [2.158042555187455]]
[700.0, 1100.0, 0.787723, [25.5092922], [56.637238], [18.1991929], [2.2119362016116106]]
[700.0, 800.0, 0.802834, [26.4098191], [56.637238], [18.1991929], [2.2563427933272906]]
[700.0, 1500.0, 0.794099, [25.8838874], [56.637238], [18.1991929], [2.2360273679004914]]
[700.0, 1600.0, 0.83322, [28.392246399999998], [56.637238], [18.1991929], [2.3338283861501044]]
[700.0, 1800.0, 0.789046, [25.586550499999998], [56.637238], [18.1991929], [2.218635373827795]]
[700.0, 1200.0, 0.773728, [24.718236200000003], [56.637238], [18.1991929], [2.176319430598367]]
[700.0, 700.0, 0.800123, [26.2435964], [56.637238], [18.1991929], [2.242141698019998]]
[700.0, 900.0, 0.824969, [27.8290355], [56.637238], [18.1991929], [2.3190861922317594]]
[700.0, 300.0, 0.77148, [24.5950355], [56.637238], [18.1991929], [2.173914696348502]]
[700.0, 500.0, 0.805615, [26.580981], [56.637238], [18.1991929], [2.2627232287666117]]
[700.0, 1700.0, 0.758182, [23.8821443], [56.637238], [18.1991929], [2.144680238170716]]
[800.0, 300.0, 0.497458, [13.4578745], [56.637238], [18.1991929], [1.2495325701637394]]
[800.0, 100.0, 0.292382, [7.465262699999999], [56.637238], [18.1991929], [0.933157754776758]]
[800.0, 1800.0, 0.609193, [17.3163648], [56.637238], [18.1991929], [1.4186120314589188]]
[800.0, 800.0, 0.704385, [21.2175635], [56.637238], [18.1991929], [1.5770891877126036]]
[800.0, 400.0, 0.581868, [16.3156329], [56.637238], [18.1991929], [1.3789226851422816]]
[800.0, 200.0, 0.355873, [0.60647937], [1.0282880300000001], [0.292274857], [0.059470201052712106]]
[800.0, 1700.0, 0.673536, [19.869651899999997], [56.637238], [18.1991929], [1.5194704061942108]]
[800.0, 600.0, 0.681583, [20.2122697], [56.637238], [18.1991929], [1.532288291184136]]
[800.0, 1600.0, 0.695353, [20.812799000000002], [56.637238], [18.1991929], [1.5556215143793815]]
[800.0, 1000.0, 0.609048, [17.3109405], [56.637238], [18.1991929], [1.418167257519366]]
[800.0, 1100.0, 0.710543, [21.4980101], [56.637238], [18.1991929], [1.584854230520902]]
[800.0, 1500.0, 0.63599, [18.3428609], [56.637238], [18.1991929], [1.459279479983187]]
[800.0, 1400.0, 0.684009, [20.3167034], [56.637238], [18.1991929], [1.5357985195981927]]
[800.0, 1200.0, 0.675369, [19.9470621], [56.637238], [18.1991929], [1.5209490286331095]]
[800.0, 900.0, 0.673297, [19.8595579], [56.637238], [18.1991929], [1.5186985410541487]]
[800.0, 1300.0, 0.562535, [15.632225], [56.637238], [18.1991929], [1.3504185756645972]]
[800.0, 2000.0, 0.641438, [18.5575495], [56.637238], [18.1991929], [1.467103042120764]]
[800.0, 500.0, 0.680391, [20.161339100000003], [56.637238], [18.1991929], [1.5328380309412994]]
[800.0, 1900.0, 0.689501, [20.5549414], [56.637238], [18.1991929], [1.5406580280516502]]
[800.0, 700.0, 0.549611, [15.185785999999998], [56.637238], [18.1991929], [1.331881654202054]]
[900.0, 200.0, 0.215303, [5.4205907], [56.637238], [18.1991929], [0.625916072568839]]
[900.0, 1100.0, 0.483823, [13.0143216], [56.637238], [18.1991929], [0.9727359004889251]]
[900.0, 300.0, 0.331765, [8.5392349], [56.637238], [18.1991929], [0.7827904513341997]]
[900.0, 1000.0, 0.492541, [13.290809000000001], [56.637238], [18.1991929], [0.9824849470093676]]
[900.0, 900.0, 0.466224, [12.463777200000001], [56.637238], [18.1991929], [0.9448766701003893]]
[900.0, 1600.0, 0.501665, [13.5830107], [56.637238], [18.1991929], [0.990643071645888]]
[900.0, 700.0, 0.398874, [10.443129899999999], [56.637238], [18.1991929], [0.8672547361069871]]
[900.0, 1900.0, 0.407673, [10.700316200000001], [56.637238], [18.1991929], [0.8825471330756222]]
[900.0, 500.0, 0.494159, [13.3423962], [56.637238], [18.1991929], [0.983614556673497]]
[900.0, 1400.0, 0.511645, [13.9062931], [56.637238], [18.1991929], [1.0036002677859348]]
[900.0, 1200.0, 0.529306, [14.487937800000001], [56.637238], [18.1991929], [1.0244517314642012]]
[900.0, 1500.0, 0.493343, [13.316244900000001], [56.637238], [18.1991929], [0.979029809760663]]
[900.0, 800.0, 0.475619, [12.7564346], [56.637238], [18.1991929], [0.9615524335677176]]
[900.0, 400.0, 0.392895, [10.269532700000001], [56.637238], [18.1991929], [0.861799958865165]]
[900.0, 100.0, 0.155671, [3.88778838], [56.637238], [18.1991929], [0.5290609215392874]]
[900.0, 600.0, 0.459915, [12.269105099999999], [56.637238], [18.1991929], [0.9437775252144966]]
[900.0, 1800.0, 0.445901, [11.8406883], [56.637238], [18.1991929], [0.9274342240827649]]
[900.0, 2000.0, 0.470286, [12.590099200000001], [56.637238], [18.1991929], [0.9572073182440678]]
[900.0, 1700.0, 0.448895, [11.9316862], [56.637238], [18.1991929], [0.9288804003207302]]
[900.0, 1300.0, 0.540691, [14.8696576], [56.637238], [18.1991929], [1.0360180674100234]]
[1000.0, 1600.0, 0.375211, [9.7576444], [56.637238], [18.1991929], [0.6685828697326907]]
[1000.0, 1400.0, 0.359787, [9.3198931], [56.637238], [18.1991929], [0.6541281606841277]]
[1000.0, 1500.0, 0.345109, [8.9077737], [56.637238], [18.1991929], [0.6362694811162957]]
[1000.0, 700.0, 0.337851, [8.7056095], [56.637238], [18.1991929], [0.6315714146476232]]
[1000.0, 1900.0, 0.3427, [8.8405506], [56.637238], [18.1991929], [0.6347145732532066]]
[1000.0, 1800.0, 0.355769, [9.2066149], [56.637238], [18.1991929], [0.6477753668518124]]
[1000.0, 500.0, 0.316521, [8.1169921], [56.637238], [18.1991929], [0.6101104106635126]]
[1000.0, 1000.0, 0.304434, [7.7869526], [56.637238], [18.1991929], [0.5972320129564389]]
[1000.0, 200.0, 0.148917, [3.71574203], [56.637238], [18.1991929], [0.41286019998299667]]
[1000.0, 1100.0, 0.346231, [8.9391876], [56.637238], [18.1991929], [0.6417963809495969]]
[1000.0, 2000.0, 0.311527, [7.9803213], [56.637238], [18.1991929], [0.6049863138947856]]
[1000.0, 1700.0, 0.37236, [9.6762946], [56.637238], [18.1991929], [0.6630087497914338]]
[1000.0, 800.0, 0.310336, [7.9477706], [56.637238], [18.1991929], [0.6007951524438259]]
[1000.0, 1300.0, 0.303739, [7.7680239], [56.637238], [18.1991929], [0.5957801573567216]]
[1000.0, 400.0, 0.280095, [7.1294902], [56.637238], [18.1991929], [0.5708161406267346]]
[1000.0, 300.0, 0.194728, [4.88701549], [56.637238], [18.1991929], [0.47244561516644434]]
[1000.0, 600.0, 0.377809, [9.831869600000001], [56.637238], [18.1991929], [0.6705278953928762]]
[1000.0, 1200.0, 0.305927, [7.8275687], [56.637238], [18.1991929], [0.5985891021393557]]
[1000.0, 100.0, 0.142152, [3.54426065], [56.637238], [18.1991929], [0.4039059924165523]]
[1000.0, 900.0, 0.318574, [8.1733029], [56.637238], [18.1991929], [0.6126148452331203]]
[1100.0, 1300.0, 0.217675, [5.4806745], [56.637238], [18.1991929], [0.40294702437169083]]
[1100.0, 1800.0, 0.22127, [5.574264500000001], [56.637238], [18.1991929], [0.40654485293753256]]
[1100.0, 2000.0, 0.233332, [5.8893933], [56.637238], [18.1991929], [0.41748799405491893]]
[1100.0, 700.0, 0.200609, [5.0382584], [56.637238], [18.1991929], [0.386416808511224]]
[1100.0, 900.0, 0.239456, [6.0500349], [56.637238], [18.1991929], [0.42255282891018486]]
[1100.0, 200.0, 0.091696, [0.12837500200000002], [1.0282880300000001], [0.292274857], [0.013763244348626526]]
[1100.0, 1900.0, 0.270197, [6.8637044], [56.637238], [18.1991929], [0.45062425813531165]]
[1100.0, 1500.0, 0.245445, [6.2075748], [56.637238], [18.1991929], [0.42734697640208014]]
[1100.0, 800.0, 0.267761, [6.7987745], [56.637238], [18.1991929], [0.45025974420327647]]
[1100.0, 500.0, 0.234767, [5.9269763], [56.637238], [18.1991929], [0.4170206310723727]]
[1100.0, 1700.0, 0.243335, [6.1520284], [56.637238], [18.1991929], [0.42554484379439966]]
[1100.0, 400.0, 0.156131, [3.89867128], [56.637238], [18.1991929], [0.3393358081311196]]
[1100.0, 600.0, 0.234202, [5.9121734], [56.637238], [18.1991929], [0.41805363055474115]]
[1100.0, 1400.0, 0.221977, [5.5926934], [56.637238], [18.1991929], [0.40680840543184454]]
[1100.0, 100.0, 0.108191, [2.6882135000000003], [56.637238], [18.1991929], [0.2818012961999998]]
[1100.0, 1100.0, 0.228691, [5.7679272], [56.637238], [18.1991929], [0.4119947856708868]]
[1100.0, 1000.0, 0.231114, [5.8312989], [56.637238], [18.1991929], [0.4144122965236432]]
[1100.0, 300.0, 0.143848, [3.58695141], [56.637238], [18.1991929], [0.3260864773491841]]
[1100.0, 1200.0, 0.223565, [5.6340739], [56.637238], [18.1991929], [0.4076673080957069]]
[1100.0, 1600.0, 0.235889, [5.9564155], [56.637238], [18.1991929], [0.42013318363347596]]
[1200.0, 100.0, 0.071889, [1.78097409], [56.637238], [18.1991929], [0.18467839332201264]]
[1200.0, 1400.0, 0.157845, [3.94205686], [56.637238], [18.1991929], [0.27465612421717456]]
[1200.0, 1700.0, 0.150306, [3.7505001800000004], [56.637238], [18.1991929], [0.26789286345477736]]
[1200.0, 1800.0, 0.16041, [4.0073209400000005], [56.637238], [18.1991929], [0.27719218145539387]]
[1200.0, 700.0, 0.170434, [4.26293238], [56.637238], [18.1991929], [0.2861093174295447]]
[1200.0, 200.0, 0.073309, [0.055186347999999996], [0.299048666], [0.074228532], [0.0023115014468955025]]
[1200.0, 1900.0, 0.156762, [3.91450269], [56.637238], [18.1991929], [0.2740700140839928]]
[1200.0, 1200.0, 0.163767, [4.09282986], [56.637238], [18.1991929], [0.2804361226019216]]
[1200.0, 1100.0, 0.160386, [4.00671383], [56.637238], [18.1991929], [0.27715021156405417]]
[1200.0, 1300.0, 0.165594, [4.13940926], [56.637238], [18.1991929], [0.2823054108231013]]
[1200.0, 2000.0, 0.161129, [4.02563812], [56.637238], [18.1991929], [0.27779538673275334]]
[1200.0, 800.0, 0.146817, [3.66202137], [56.637238], [18.1991929], [0.2649745848567368]]
[1200.0, 1600.0, 0.16671, [4.16788414], [56.637238], [18.1991929], [0.2829344183021924]]
[1200.0, 1000.0, 0.161974, [4.04713981], [56.637238], [18.1991929], [0.2792791957164013]]
[1200.0, 1500.0, 0.158502, [3.9587541], [56.637238], [18.1991929], [0.27581947228214326]]
[1200.0, 300.0, 0.08827, [2.1894557299999997], [56.637238], [18.1991929], [0.20506128252305453]]
[1200.0, 600.0, 0.16256, [4.06208579], [56.637238], [18.1991929], [0.2796455371358535]]
[1200.0, 500.0, 0.131546, [3.2757499599999997], [56.637238], [18.1991929], [0.2505028375887187]]
[1200.0, 900.0, 0.174665, [4.37108469], [56.637238], [18.1991929], [0.2894821550458681]]
[1200.0, 400.0, 0.09808, [2.4347580599999996], [56.637238], [18.1991929], [0.21690551668871866]]
[1300.0, 1600.0, 0.117304, [0.093040612], [0.299048666], [0.074228532], [0.0024217500860947644]]
[1300.0, 1700.0, 0.124173, [0.099305458], [0.299048666], [0.074228532], [0.0025094423249997196]]
[1300.0, 900.0, 0.121924, [0.0972430235], [0.299048666], [0.074228532], [0.0024747692427780008]]
[1300.0, 200.0, 0.05512, [0.040619946500000004], [0.299048666], [0.074228532], [0.00159940871402528]]
[1300.0, 1800.0, 0.121062, [3.01146258], [56.637238], [18.1991929], [0.1952041555141693]]
[1300.0, 1000.0, 0.123487, [0.09867475449999999], [0.299048666], [0.074228532], [0.0024958959398380374]]
[1300.0, 1400.0, 0.124568, [0.09966849899999998], [0.299048666], [0.074228532], [0.002517812206559496]]
[1300.0, 1200.0, 0.123314, [0.098516509], [0.299048666], [0.074228532], [0.002499099679384558]]
[1300.0, 500.0, 0.087149, [0.06668334050000001], [0.299048666], [0.074228532], [0.0020530105350435976]]
[1300.0, 100.0, 0.050585, [0.037081387], [0.299048666], [0.074228532], [0.0015344389314176047]]
[1300.0, 1100.0, 0.121453, [0.0968127055], [0.299048666], [0.074228532], [0.0024710311825227945]]
[1300.0, 2000.0, 0.119987, [0.0954757405], [0.299048666], [0.074228532], [0.0024610746946202183]]
[1300.0, 1300.0, 0.1196, [0.09512318550000001], [0.299048666], [0.074228532], [0.0024536172047611663]]
[1300.0, 1500.0, 0.120515, [0.09595709200000001], [0.299048666], [0.074228532], [0.0024604380397604]]
[1300.0, 600.0, 0.110145, [0.08661663850000001], [0.299048666], [0.074228532], [0.0023375774704274504]]
[1300.0, 300.0, 0.058664, [0.0434104475], [0.299048666], [0.074228532], [0.0016514112277079868]]
[1300.0, 1900.0, 0.118169, [0.093823779], [0.299048666], [0.074228532], [0.0024347236641968223]]
[1300.0, 400.0, 0.069652, [0.05220876499999999], [0.299048666], [0.074228532], [0.0018154766158642748]]
[1300.0, 700.0, 0.122289, [3.04233356], [56.637238], [18.1991929], [0.19556863155935822]]
[1300.0, 800.0, 0.120478, [0.0959228655], [0.299048666], [0.074228532], [0.002461989140410656]]
[1400.0, 1100.0, 0.084828, [0.0647297595], [0.299048666], [0.074228532], [0.0016483967058933356]]
[1400.0, 400.0, 0.049722, [0.036412145], [0.299048666], [0.074228532], [0.0012387661304701545]]
[1400.0, 1500.0, 0.087864, [0.0672878045], [0.299048666], [0.074228532], [0.0016759223164425012]]
[1400.0, 1800.0, 0.082456, [0.0627435935], [0.299048666], [0.074228532], [0.0016157297700265351]]
[1400.0, 1600.0, 0.086221, [0.0659007615], [0.299048666], [0.074228532], [0.0016579130268201646]]
[1400.0, 1400.0, 0.082469, [0.06275452050000001], [0.299048666], [0.074228532], [0.0016165474290907769]]
[1400.0, 600.0, 0.06894, [0.051631300000000005], [0.299048666], [0.074228532], [0.001470386436706351]]
[1400.0, 1700.0, 0.084493, [0.06444872], [0.299048666], [0.074228532], [0.00163647144330416]]
[1400.0, 900.0, 0.082493, [0.062774831], [0.299048666], [0.074228532], [0.001620299308306956]]
[1400.0, 100.0, 0.036668, [0.026449881499999998], [0.299048666], [0.074228532], [0.0010529528811869977]]
[1400.0, 700.0, 0.083525, [0.0636372065], [0.299048666], [0.074228532], [0.0016295820977324216]]
[1400.0, 2000.0, 0.082912, [0.0631251075], [0.299048666], [0.074228532], [0.001618060576430932]]
[1400.0, 800.0, 0.084516, [0.0644677565], [0.299048666], [0.074228532], [0.001641724872656804]]
[1400.0, 1300.0, 0.085266, [0.0650976025], [0.299048666], [0.074228532], [0.0016534810225702621]]
[1400.0, 300.0, 0.040102, [0.0290416385], [0.299048666], [0.074228532], [0.0011000306290053928]]
[1400.0, 1200.0, 0.082873, [0.06309249800000001], [0.299048666], [0.074228532], [0.0016220278612742753]]
[1400.0, 500.0, 0.056223, [0.041485654], [0.299048666], [0.074228532], [0.001317834936173723]]
[1400.0, 1000.0, 0.083362, [0.063500717], [0.299048666], [0.074228532], [0.0016228976425671459]]
[1400.0, 200.0, 0.037028, [0.026720116500000002], [0.299048666], [0.074228532], [0.0010562057694881238]]
[1400.0, 1900.0, 0.083215, [0.06337807], [0.299048666], [0.074228532], [0.0016277564733399158]]
[1500.0, 1500.0, 0.055865, [0.035934934], [0.223889134], [0.05566596], [0.007661352531700915]]
[1500.0, 1100.0, 0.061692, [1.52734029], [56.637238], [18.1991929], [0.2227854392683687]]
[1500.0, 1800.0, 0.062795, [1.5547445199999999], [56.637238], [18.1991929], [0.22440807064363794]]
[1500.0, 400.0, 0.048113, [1.190161], [56.637238], [18.1991929], [0.19566130110474067]]
[1500.0, 200.0, 0.02281, [0.0161929516], [0.299048666], [0.074228532], [0.0016192950606668322]]
[1500.0, 500.0, 0.037589, [0.027142864], [0.299048666], [0.074228532], [0.0021130699630513895]]
[1500.0, 1300.0, 0.053464, [0.0393235535], [0.299048666], [0.074228532], [0.0025226078520055395]]
[1500.0, 600.0, 0.039638, [0.028690333], [0.299048666], [0.074228532], [0.002162615430214073]]
[1500.0, 1000.0, 0.05978, [1.47981862], [56.637238], [18.1991929], [0.22059835917340817]]
[1500.0, 2000.0, 0.05534, [0.040792402], [0.299048666], [0.074228532], [0.0025851145714455284]]
[1500.0, 800.0, 0.057233, [1.4165297300000002], [56.637238], [18.1991929], [0.2160187104627745]]
[1500.0, 1700.0, 0.071088, [1.76107715], [56.637238], [18.1991929], [0.23746362588826103]]
[1500.0, 1200.0, 0.055363, [1.3700855699999999], [56.637238], [18.1991929], [0.21140879501572304]]
[1500.0, 300.0, 0.02594, [0.018481136449999998], [0.299048666], [0.074228532], [0.001723375000834119]]
[1500.0, 1400.0, 0.051229, [0.03758216700000001], [0.299048666], [0.074228532], [0.0024673908521958983]]
[1500.0, 100.0, 0.023847, [0.0169495116], [0.299048666], [0.074228532], [0.001662036373248191]]
[1500.0, 900.0, 0.054656, [1.3525470000000002], [56.637238], [18.1991929], [0.2112322881095596]]
[1500.0, 700.0, 0.048732, [1.20549947], [56.637238], [18.1991929], [0.1981829215144433]]
[1500.0, 1900.0, 0.05505, [0.040565434], [0.299048666], [0.074228532], [0.002591631030355209]]
[1500.0, 1600.0, 0.054071, [0.0397980205], [0.299048666], [0.074228532], [0.0025583127120232976]]
[1600.0, 1500.0, 0.033674, [0.024206161700000003], [0.299048666], [0.074228532], [0.0016209643260263317]]
[1600.0, 100.0, 0.013506, [0.00948674545], [0.299048666], [0.074228532], [0.0010112904384992473]]
[1600.0, 1300.0, 0.040429, [0.9996392], [56.637238], [18.1991929], [0.14738875013039496]]
[1600.0, 900.0, 0.040475, [1.00077698], [56.637238], [18.1991929], [0.1475565256943928]]
[1600.0, 300.0, 0.014286, [0.019176439099999998], [1.07230816], [0.23558073000000002], [0.004519929297566502]]
[1600.0, 500.0, 0.019735, [0.013961097149999999], [0.299048666], [0.074228532], [0.0012388470484688576]]
[1600.0, 1000.0, 0.037326, [0.9227528100000001], [56.637238], [18.1991929], [0.14238384891552833]]
[1600.0, 1200.0, 0.034016, [0.84079198], [56.637238], [18.1991929], [0.13463445300516505]]
[1600.0, 1800.0, 0.038205, [0.94453331], [56.637238], [18.1991929], [0.14239377236733355]]
[1600.0, 1100.0, 0.033475, [0.024057586350000004], [0.299048666], [0.074228532], [0.0016146395953896336]]
[1600.0, 1900.0, 0.029458, [0.0210727489], [0.299048666], [0.074228532], [0.0015090512426687173]]
[1600.0, 1700.0, 0.039732, [0.98236474], [56.637238], [18.1991929], [0.14644226109631056]]
[1600.0, 800.0, 0.033062, [0.81715928], [56.637238], [18.1991929], [0.1325607497112173]]
[1600.0, 200.0, 0.010811, [0.00654819095], [0.223889134], [0.05566596], [0.0026732879483886505]]
[1600.0, 1600.0, 0.032602, [0.8057804999999999], [56.637238], [18.1991929], [0.13246949494506272]]
[1600.0, 2000.0, 0.034071, [0.8421365399999999], [56.637238], [18.1991929], [0.13484976270650237]]
[1600.0, 1400.0, 0.032704, [0.02348305155], [0.299048666], [0.074228532], [0.0015978191129630412]]
[1600.0, 700.0, 0.035294, [0.87242099], [56.637238], [18.1991929], [0.13794189290059783]]
[1600.0, 400.0, 0.018735, [0.01323853825], [0.299048666], [0.074228532], [0.0011985606835909477]]
[1600.0, 600.0, 0.023084, [0.0163925727], [0.299048666], [0.074228532], [0.0013296132167852422]]
[1700.0, 900.0, 0.019959, [0.014122939250000001], [0.299048666], [0.074228532], [0.0010062177142646615]]
[1700.0, 1500.0, 0.025448, [0.6287361499999999], [56.637238], [18.1991929], [0.09478555744415919]]
[1700.0, 1800.0, 0.021373, [0.52797304], [56.637238], [18.1991929], [0.08679825478084223]]
[1700.0, 700.0, 0.018729, [0.46260694199999997], [56.637238], [18.1991929], [0.08177810809746089]]
[1700.0, 500.0, 0.012265, [0.30287247900000003], [56.637238], [18.1991929], [0.06609219103646058]]
[1700.0, 300.0, 0.011803, [0.00715835855], [0.223889134], [0.05566596], [0.0022636712652790375]]
[1700.0, 800.0, 0.025652, [0.63379981], [56.637238], [18.1991929], [0.09554891948107001]]
[1700.0, 1300.0, 0.025314, [0.62542718], [56.637238], [18.1991929], [0.0953767724605944]]
[1700.0, 400.0, 0.011061, [0.27311595499999997], [56.637238], [18.1991929], [0.06265711065792932]]
[1700.0, 1000.0, 0.021542, [0.53215568], [56.637238], [18.1991929], [0.08748588770196024]]
[1700.0, 2000.0, 0.022922, [0.5662587], [56.637238], [18.1991929], [0.09067398034166142]]
[1700.0, 1600.0, 0.019146, [0.01353483145], [0.299048666], [0.074228532], [0.0009871289889117835]]
[1700.0, 1400.0, 0.018271, [0.01290334395], [0.299048666], [0.074228532], [0.0009671466156948492]]
[1700.0, 1200.0, 0.023706, [0.58565045], [56.637238], [18.1991929], [0.0914632482694552]]
[1700.0, 100.0, 0.009385, [0.231711886], [56.637238], [18.1991929], [0.05792796910819505]]
[1700.0, 1700.0, 0.022326, [0.5515342], [56.637238], [18.1991929], [0.08947063219291568]]
[1700.0, 1900.0, 0.024597, [0.60769016], [56.637238], [18.1991929], [0.09376858981556671]]
[1700.0, 1100.0, 0.020445, [0.5050160499999999], [56.637238], [18.1991929], [0.08536324582043492]]
[1700.0, 600.0, 0.016055, [0.396499425], [56.637238], [18.1991929], [0.07630635817544958]]
[1700.0, 200.0, 0.008344, [0.005037364149999999], [0.223889134], [0.05566596], [0.0019039446393606092]]
[1800.0, 600.0, 0.010149, [0.250588401], [56.637238], [18.1991929], [0.049144435127489255]]
[1800.0, 1800.0, 0.016551, [0.408758931], [56.637238], [18.1991929], [0.06233514542374951]]
[1800.0, 400.0, 0.009516, [0.00575384215], [0.223889134], [0.05566596], [0.001660991228002123]]
[1800.0, 1300.0, 0.016212, [0.400381107], [56.637238], [18.1991929], [0.06252901116281945]]
[1800.0, 1200.0, 0.018688, [0.461591368], [56.637238], [18.1991929], [0.06662497404127074]]
[1800.0, 1700.0, 0.012952, [0.319835103], [56.637238], [18.1991929], [0.05567614084147715]]
[1800.0, 500.0, 0.011236, [0.0068091698499999995], [0.223889134], [0.05566596], [0.0018198272802659049]]
[1800.0, 1600.0, 0.011667, [0.28808643500000003], [56.637238], [18.1991929], [0.05259713500752679]]
[1800.0, 1000.0, 0.01772, [0.437657465], [56.637238], [18.1991929], [0.06452907467180977]]
[1800.0, 700.0, 0.011917, [0.2942646], [56.637238], [18.1991929], [0.05372512039074459]]
[1800.0, 200.0, 0.007831, [0.193348267], [56.637238], [18.1991929], [0.04323399148586676]]
[1800.0, 800.0, 0.011116, [0.00778616125], [0.299048666], [0.074228532], [0.0006117385566972218]]
[1800.0, 2000.0, 0.017871, [0.441396312], [56.637238], [18.1991929], [0.06579948356180312]]
[1800.0, 1100.0, 0.016901, [0.417425316], [56.637238], [18.1991929], [0.06365677110095987]]
[1800.0, 900.0, 0.013905, [0.343374262], [56.637238], [18.1991929], [0.05804084645316607]]
[1800.0, 1500.0, 0.012885, [0.31819169199999997], [56.637238], [18.1991929], [0.05539007335254215]]
[1800.0, 1400.0, 0.013602, [0.33588618], [56.637238], [18.1991929], [0.056775122456935306]]
[1800.0, 1900.0, 0.021543, [0.53215813], [56.637238], [18.1991929], [0.07175619626903311]]
[1800.0, 100.0, 0.004802, [0.0033394676], [0.299048666], [0.074228532], [0.00040202462014160285]]
[1800.0, 300.0, 0.005148, [0.127086057], [56.637238], [18.1991929], [0.0352473352255174]]
[1900.0, 300.0, 0.007702, [0.19014342199999998], [56.637238], [18.1991929], [0.035308748564626305]]
[1900.0, 1600.0, 0.013884, [0.342854421], [56.637238], [18.1991929], [0.04709467468408716]]
[1900.0, 600.0, 0.006514, [0.160828045], [56.637238], [18.1991929], [0.032165605772315246]]
[1900.0, 1500.0, 0.011272, [0.278338277], [56.637238], [18.1991929], [0.042446186010052775]]
[1900.0, 500.0, 0.006789, [0.16759945299999998], [56.637238], [18.1991929], [0.032868961135089136]]
[1900.0, 1700.0, 0.009536, [0.23545832800000002], [56.637238], [18.1991929], [0.03870911302781297]]
[1900.0, 1800.0, 0.010934, [0.269970743], [56.637238], [18.1991929], [0.04165738969738742]]
[1900.0, 800.0, 0.010386, [0.25644546900000004], [56.637238], [18.1991929], [0.04054759030201425]]
[1900.0, 1300.0, 0.012408, [0.30639459900000005], [56.637238], [18.1991929], [0.04469225237443286]]
[1900.0, 1000.0, 0.010647, [0.26288451], [56.637238], [18.1991929], [0.04156568943130861]]
[1900.0, 1900.0, 0.010651, [0.262983931], [56.637238], [18.1991929], [0.04107119377982578]]
[1900.0, 1200.0, 0.01094, [0.270125044], [56.637238], [18.1991929], [0.04168119843286659]]
[1900.0, 100.0, 0.004708, [0.11623505599999999], [56.637238], [18.1991929], [0.02739686797610267]]
[1900.0, 2000.0, 0.008593, [0.212152801], [56.637238], [18.1991929], [0.03693105977764516]]
[1900.0, 1100.0, 0.010878, [0.268592618], [56.637238], [18.1991929], [0.04194712248891454]]
[1900.0, 900.0, 0.010046, [0.24805289600000002], [56.637238], [18.1991929], [0.04023948797512215]]
[1900.0, 200.0, 0.003219, [0.001930560065], [0.223889134], [0.05566596], [0.0007881479023635094]]
[1900.0, 400.0, 0.004749, [0.117238772], [56.637238], [18.1991929], [0.02763344128225799]]
[1900.0, 700.0, 0.005525, [0.13638904999999998], [56.637238], [18.1991929], [0.02976252497521002]]
[1900.0, 1400.0, 0.008092, [0.00488344535], [0.223889134], [0.05566596], [0.001260900539297212]]
[2000.0, 1500.0, 0.005776, [0.142587501], [56.637238], [18.1991929], [0.024821302951295688]]
[2000.0, 1200.0, 0.006292, [0.15534176000000002], [56.637238], [18.1991929], [0.02589028965268639]]
[2000.0, 1300.0, 0.005295, [0.130715536], [56.637238], [18.1991929], [0.02386528387428065]]
[2000.0, 300.0, 0.002594, [0.064037169], [56.637238], [18.1991929], [0.016534331029709064]]
[2000.0, 900.0, 0.007597, [0.18756910899999998], [56.637238], [18.1991929], [0.02827710568109827]]
[2000.0, 1900.0, 0.008416, [0.207782246], [56.637238], [18.1991929], [0.029990786145081293]]
[2000.0, 1600.0, 0.006785, [0.167515712], [56.637238], [18.1991929], [0.026823980271391493]]
[2000.0, 500.0, 0.003163, [0.07806998500000001], [56.637238], [18.1991929], [0.018401277876821488]]
[2000.0, 600.0, 0.004288, [0.10585029], [56.637238], [18.1991929], [0.021606599866707397]]
[2000.0, 200.0, 0.001932, [0.001339301565], [0.299048666], [0.074228532], [0.00017009146835599955]]
[2000.0, 1800.0, 0.008357, [0.206338412], [56.637238], [18.1991929], [0.029782387840802827]]
[2000.0, 2000.0, 0.007619, [0.18809615300000002], [56.637238], [18.1991929], [0.0286843924146913]]
[2000.0, 400.0, 0.003506, [0.086553453], [56.637238], [18.1991929], [0.019353939338026253]]
[2000.0, 1100.0, 0.008803, [0.21735077000000003], [56.637238], [18.1991929], [0.031050113445847505]]
[2000.0, 100.0, 0.00209, [0.051589258], [56.637238], [18.1991929], [0.014892532524053792]]
[2000.0, 1400.0, 0.00679, [0.16764419], [56.637238], [18.1991929], [0.026844555081058805]]
[2000.0, 1700.0, 0.005931, [0.14641249], [56.637238], [18.1991929], [0.025109538313159003]]
[2000.0, 700.0, 0.004788, [0.118201181], [56.637238], [18.1991929], [0.022747829788795238]]
[2000.0, 1000.0, 0.008548, [0.211050595], [56.637238], [18.1991929], [0.030150082648311264]]
[2000.0, 800.0, 0.004344, [0.107230032], [56.637238], [18.1991929], [0.021446013109666796]]
[2100.0, 200.0, 0.001689, [0.001010574285], [0.223889134], [0.05566596], [0.00038196120745436965]]
[2100.0, 100.0, 0.002087, [0.051510907], [56.637238], [18.1991929], [0.012141236967459288]]
[2100.0, 400.0, 0.002906, [0.071734628], [56.637238], [18.1991929], [0.01464276519411549]]
[2100.0, 1400.0, 0.003831, [0.094565296], [56.637238], [18.1991929], [0.016461710257442877]]
[2100.0, 500.0, 0.001985, [0.049009555], [56.637238], [18.1991929], [0.011886568829144935]]
[2100.0, 800.0, 0.004099, [0.10119808300000001], [56.637238], [18.1991929], [0.017105590501353643]]
[2100.0, 300.0, 0.002392, [0.0014328457500000001], [0.223889134], [0.05566596], [0.00045310562565476935]]
[2100.0, 600.0, 0.003529, [0.087124401], [56.637238], [18.1991929], [0.01590666344334977]]
[2100.0, 700.0, 0.002923, [0.07215764499999999], [56.637238], [18.1991929], [0.01443152904650093]]
[2100.0, 1000.0, 0.004193, [0.103507208], [56.637238], [18.1991929], [0.01725119444850124]]
[2100.0, 1700.0, 0.005702, [0.140757792], [56.637238], [18.1991929], [0.02031663737186841]]
[2100.0, 1800.0, 0.004789, [0.118224652], [56.637238], [18.1991929], [0.018242457170019613]]
[2100.0, 1900.0, 0.004561, [0.0027401363500000006], [0.223889134], [0.05566596], [0.0006286306135362802]]
[2100.0, 900.0, 0.003256, [0.08036607600000001], [56.637238], [18.1991929], [0.015187763222410337]]
[2100.0, 2000.0, 0.004863, [0.120059653], [56.637238], [18.1991929], [0.018750168692574475]]
[2100.0, 1200.0, 0.005614, [0.138597186], [56.637238], [18.1991929], [0.020004774350139518]]
[2100.0, 1500.0, 0.00491, [0.121219091], [56.637238], [18.1991929], [0.01870451372797486]]
[2100.0, 1100.0, 0.003787, [0.093480828], [56.637238], [18.1991929], [0.01652523093030775]]
[2100.0, 1300.0, 0.005821, [0.14369911500000002], [56.637238], [18.1991929], [0.020322120137918682]]
[2100.0, 1600.0, 0.006135, [0.151453806], [56.637238], [18.1991929], [0.020803780836665245]]
[2200.0, 1700.0, 0.002819, [0.069594014], [56.637238], [18.1991929], [0.011599003823173781]]
[2200.0, 1100.0, 0.003467, [0.085585311], [56.637238], [18.1991929], [0.012902473220278352]]
[2200.0, 200.0, 0.001588, [0.0009499960749999999], [0.223889134], [0.05566596], [0.0003004151597373208]]
[2200.0, 1800.0, 0.003183, [0.078564297], [56.637238], [18.1991929], [0.012269680231367075]]
[2200.0, 900.0, 0.003188, [0.0019114931850000001], [0.223889134], [0.05566596], [0.0004274228459617011]]
[2200.0, 1000.0, 0.002859, [0.00171346728], [0.223889134], [0.05566596], [0.00040386806502866755]]
[2200.0, 1300.0, 0.003491, [0.08616958699999999], [56.637238], [18.1991929], [0.012845406775575462]]
[2200.0, 1900.0, 0.003117, [0.076939849], [56.637238], [18.1991929], [0.012165258331823456]]
[2200.0, 1400.0, 0.003616, [0.089269964], [56.637238], [18.1991929], [0.013162136073981305]]
[2200.0, 1600.0, 0.002844, [0.07019254899999999], [56.637238], [18.1991929], [0.011539582186543844]]
[2200.0, 800.0, 0.002429, [0.059953655999999994], [56.637238], [18.1991929], [0.01076799722696844]]
[2200.0, 400.0, 0.002209, [0.054515783000000005], [56.637238], [18.1991929], [0.010302510727973061]]
[2200.0, 600.0, 0.002643, [0.065235219], [56.637238], [18.1991929], [0.011187748417800607]]
[2200.0, 2000.0, 0.002572, [0.0015412411], [0.223889134], [0.05566596], [0.0003853103090367555]]
[2200.0, 500.0, 0.001163, [0.0286958994], [56.637238], [18.1991929], [0.00740925044926948]]
[2200.0, 700.0, 0.002101, [0.051851555], [56.637238], [18.1991929], [0.009978834059648452]]
[2200.0, 300.0, 0.001857, [0.045836952], [56.637238], [18.1991929], [0.009356429070965054]]
[2200.0, 1200.0, 0.002947, [0.072740598], [56.637238], [18.1991929], [0.011800085141218261]]
[2200.0, 1500.0, 0.003555, [0.087756844], [56.637238], [18.1991929], [0.012939039870098553]]
[2200.0, 100.0, 0.001664, [0.0410767637], [56.637238], [18.1991929], [0.008963684523676635]]
[2300.0, 700.0, 0.001872, [0.046209984100000004], [56.637238], [18.1991929], [0.007701663752073313]]
[2300.0, 100.0, 0.000854, [0.0005102762], [0.223889134], [0.05566596], [0.00018040990523665823]]
[2300.0, 1800.0, 0.001666, [0.04113501], [56.637238], [18.1991929], [0.00727171226328435]]
[2300.0, 1000.0, 0.001497, [0.036944432], [56.637238], [18.1991929], [0.0068604094877784075]]
[2300.0, 1500.0, 0.002403, [0.05932214399999999], [56.637238], [18.1991929], [0.008746571372257818]]
[2300.0, 1200.0, 0.002026, [0.001212695365], [0.223889134], [0.05566596], [0.0002782114973361094]]
[2300.0, 500.0, 0.000926, [0.022845882499999998], [56.637238], [18.1991929], [0.005384825789196898]]
[2300.0, 1900.0, 0.001752, [0.043236767], [56.637238], [18.1991929], [0.007415043896700815]]
[2300.0, 1300.0, 0.002457, [0.060652837], [56.637238], [18.1991929], [0.008754483219471039]]
[2300.0, 1600.0, 0.002507, [0.061872397999999995], [56.637238], [18.1991929], [0.00883891413636313]]
[2300.0, 1700.0, 0.001408, [0.0347571749], [56.637238], [18.1991929], [0.0066890204925684]]
[2300.0, 1400.0, 0.002558, [0.063144781], [56.637238], [18.1991929], [0.009020679084747444]]
[2300.0, 1100.0, 0.002579, [0.063659134], [56.637238], [18.1991929], [0.009002758945456666]]
[2300.0, 900.0, 0.001293, [0.0319181786], [56.637238], [18.1991929], [0.006383635674911281]]
[2300.0, 2000.0, 0.002017, [0.049797965], [56.637238], [18.1991929], [0.007974054109422634]]
[2300.0, 300.0, 0.000981, [0.0242225816], [56.637238], [18.1991929], [0.005557040723262697]]
[2300.0, 200.0, 0.001308, [0.0322873299], [56.637238], [18.1991929], [0.0064574657018059345]]
[2300.0, 400.0, 0.001094, [0.0269946488], [56.637238], [18.1991929], [0.00589071511193675]]
[2300.0, 800.0, 0.001977, [0.048789741], [56.637238], [18.1991929], [0.007914740831511793]]
[2300.0, 600.0, 0.000838, [0.020674766], [56.637238], [18.1991929], [0.005168691785161889]]
[2400.0, 1200.0, 0.00182, [0.00108948511], [0.223889134], [0.05566596], [0.00021366560827025953]]
[2400.0, 1500.0, 0.001317, [0.0324986277], [56.637238], [18.1991929], [0.005271974192842753]]
[2400.0, 1100.0, 0.001096, [0.027058878], [56.637238], [18.1991929], [0.004783378644744737]]
[2400.0, 1600.0, 0.00138, [0.0340612083], [56.637238], [18.1991929], [0.00538555029964441]]
[2400.0, 400.0, 0.000567, [0.000338672075], [0.223889134], [0.05566596], [0.0001197386713117362]]
[2400.0, 1300.0, 0.001653, [0.0407986152], [56.637238], [18.1991929], [0.0058887726225419846]]
[2400.0, 200.0, 0.000657, [0.016228079700000002], [56.637238], [18.1991929], [0.0037229760171131913]]
[2400.0, 1700.0, 0.001507, [0.00090171417], [0.223889134], [0.05566596], [0.00019677016030765436]]
[2400.0, 2000.0, 0.001381, [0.0340811562], [56.637238], [18.1991929], [0.005388703571361111]]
[2400.0, 600.0, 0.000716, [0.00042812279999999997], [0.223889134], [0.05566596], [0.00013538430435246177]]
[2400.0, 1900.0, 0.001388, [0.034254856300000004], [56.637238], [18.1991929], [0.005349709504262825]]
[2400.0, 700.0, 0.000621, [0.0153383916], [56.637238], [18.1991929], [0.0036152929214657]]
[2400.0, 100.0, 0.000791, [0.0195259463], [56.637238], [18.1991929], [0.004071441225659533]]
[2400.0, 1800.0, 0.00164, [0.0404715157], [56.637238], [18.1991929], [0.005841558381973084]]
[2400.0, 500.0, 0.000552, [0.0136224655], [56.637238], [18.1991929], [0.0034056163289484034]]
[2400.0, 900.0, 0.000992, [0.024482139500000003], [56.637238], [18.1991929], [0.004546219630308241]]
[2400.0, 1400.0, 0.001568, [0.0387020571], [56.637238], [18.1991929], [0.005706306144959277]]
[2400.0, 800.0, 0.001353, [0.0333885608], [56.637238], [18.1991929], [0.005279194599557778]]
[2400.0, 300.0, 0.000583, [0.014396837], [56.637238], [18.1991929], [0.0034917459823131463]]
[2400.0, 1000.0, 0.001172, [0.028924964600000002], [56.637238], [18.1991929], [0.00496059117847863]]
[2500.0, 400.0, 0.000364, [0.0089774076], [56.637238], [18.1991929], [0.002244351916255559]]
[2500.0, 1300.0, 0.000991, [0.024465994], [56.637238], [18.1991929], [0.0036883878941890045]]
[2500.0, 500.0, 0.000473, [0.00028274568], [0.223889134], [0.05566596], [8.941201070046462e-05]]
[2500.0, 900.0, 0.000796, [0.0196377153], [56.637238], [18.1991929], [0.0033193798575938847]]
[2500.0, 1400.0, 0.001037, [0.025595145099999998], [56.637238], [18.1991929], [0.003815498829773114]]
[2500.0, 200.0, 0.000418, [0.0103159896], [56.637238], [18.1991929], [0.0024315012625947784]]
[2500.0, 1900.0, 0.001024, [0.0252648459], [56.637238], [18.1991929], [0.003766260617376339]]
[2500.0, 1000.0, 0.000688, [0.0169809696], [56.637238], [18.1991929], [0.003049871948459476]]
[2500.0, 1800.0, 0.001091, [0.026934124], [56.637238], [18.1991929], [0.0038876060835686533]]
[2500.0, 1700.0, 0.001171, [0.0288948296], [56.637238], [18.1991929], [0.0040069918900591745]]
[2500.0, 800.0, 0.00057, [0.0140655578], [56.637238], [18.1991929], [0.0028131121484931947]]
[2500.0, 700.0, 0.000543, [0.0133973791], [56.637238], [18.1991929], [0.0027347281479152548]]
[2500.0, 1600.0, 0.000813, [0.020066916100000002], [56.637238], [18.1991929], [0.003344486017312675]]
[2500.0, 1100.0, 0.000776, [0.0191660952], [56.637238], [18.1991929], [0.003239661597296853]]
[2500.0, 600.0, 0.000502, [0.0124016991], [56.637238], [18.1991929], [0.0026440506245153476]]
[2500.0, 300.0, 0.000285, [0.000170084831], [0.223889134], [0.05566596], [6.94368253180544e-05]]
[2500.0, 2000.0, 0.00131, [0.0323289505], [56.637238], [18.1991929], [0.004282074086701443]]
[2500.0, 1200.0, 0.001124, [0.0277455003], [56.637238], [18.1991929], [0.003963642680666359]]
[2500.0, 100.0, 0.000316, [0.0077950915], [56.637238], [18.1991929], [0.002083326494815443]]
[2500.0, 1500.0, 0.001012, [0.0249871482], [56.637238], [18.1991929], [0.003724864491763425]]
[2600.0, 800.0, 0.00037, [0.00022101058], [0.223889134], [0.05566596], [6.380026743282506e-05]]
[2600.0, 2000.0, 0.000517, [0.012771786299999999], [56.637238], [18.1991929], [0.002158825671053594]]
[2600.0, 900.0, 0.000462, [0.011413187799999999], [56.637238], [18.1991929], [0.0020498691882654364]]
[2600.0, 1000.0, 0.000438, [0.0108171616], [56.637238], [18.1991929], [0.001974934043202456]]
[2600.0, 200.0, 0.000206, [0.0050925749], [56.637238], [18.1991929], [0.001361048101097092]]
[2600.0, 1100.0, 0.000473, [0.0116788168], [56.637238], [18.1991929], [0.002064542766328661]]
[2600.0, 1500.0, 0.000694, [0.017118444], [56.637238], [18.1991929], [0.002496981537777162]]
[2600.0, 700.0, 0.000403, [0.009949685199999999], [56.637238], [18.1991929], [0.0019148181856249434]]
[2600.0, 1800.0, 0.000553, [0.013647465300000002], [56.637238], [18.1991929], [0.0022436291522887645]]
[2600.0, 1600.0, 0.000366, [0.000218389962], [0.223889134], [0.05566596], [6.304374638098532e-05]]
[2600.0, 1400.0, 0.000552, [0.013624523500000001], [56.637238], [18.1991929], [0.0022398574798410723]]
[2600.0, 1300.0, 0.000583, [0.0144016733], [56.637238], [18.1991929], [0.0023061135655036594]]
[2600.0, 600.0, 0.00041, [0.0101122525], [56.637238], [18.1991929], [0.0019110364355500915]]
[2600.0, 1700.0, 0.000707, [0.0174625367], [56.637238], [18.1991929], [0.002520500178139252]]
[2600.0, 400.0, 0.000281, [0.0069272329], [56.637238], [18.1991929], [0.0015892166306076714]]
[2600.0, 300.0, 0.00027, [0.0066651417], [56.637238], [18.1991929], [0.001570988449034556]]
[2600.0, 1900.0, 0.000516, [0.00030814850499999994], [0.223889134], [0.05566596], [7.473696387832463e-05]]
[2600.0, 1200.0, 0.000522, [0.0128815953], [56.637238], [18.1991929], [0.002177387655196015]]
[2600.0, 100.0, 0.000327, [0.0080833732], [56.637238], [18.1991929], [0.0017233809219090249]]
[2600.0, 500.0, 0.00025, [0.0061724124], [56.637238], [18.1991929], [0.0014970299536749422]]
[2700.0, 1400.0, 0.00037, [0.0091338842], [56.637238], [18.1991929], [0.0014817117121761574]]
[2700.0, 1000.0, 0.000308, [0.0076145951000000005], [56.637238], [18.1991929], [0.0013460829767514334]]
[2700.0, 800.0, 0.00028, [0.00016743331850000004], [0.223889134], [0.05566596], [4.474843008419401e-05]]
[2700.0, 900.0, 0.00024, [0.0001432058565], [0.223889134], [0.05566596], [4.133997319786262e-05]]
[2700.0, 600.0, 0.000271, [0.0066844036], [56.637238], [18.1991929], [0.0012632336849530256]]
[2700.0, 1100.0, 0.000271, [0.0066844967], [56.637238], [18.1991929], [0.0012632512660987125]]
[2700.0, 1300.0, 0.000482, [0.011895622199999999], [56.637238], [18.1991929], [0.0016993748203383502]]
[2700.0, 400.0, 0.000194, [0.00478554678], [56.637238], [18.1991929], [0.0010700806861634314]]
[2700.0, 1700.0, 0.000478, [0.011789733200000001], [56.637238], [18.1991929], [0.0016842476842792453]]
[2700.0, 100.0, 0.000106, [0.00260754921], [56.637238], [18.1991929], [0.0007862057253034985]]
[2700.0, 2000.0, 0.000433, [0.0106812846], [56.637238], [18.1991929], [0.0015922715682320024]]
[2700.0, 1200.0, 0.000375, [0.009267605200000001], [56.637238], [18.1991929], [0.0015034037672228976]]
[2700.0, 700.0, 0.000206, [0.0050795752], [56.637238], [18.1991929], [0.0011084542990128189]]
[2700.0, 300.0, 0.00019, [0.00468445341], [56.637238], [18.1991929], [0.0010474756027707758]]
[2700.0, 1800.0, 0.000425, [0.0105024346], [56.637238], [18.1991929], [0.0015833021455173993]]
[2700.0, 200.0, 0.000162, [9.64800935e-05], [0.223889134], [0.05566596], [3.411086353348446e-05]]
[2700.0, 1500.0, 0.000327, [0.0080663408], [56.637238], [18.1991929], [0.0013833664171144246]]
[2700.0, 500.0, 0.000163, [0.00403390001], [56.637238], [18.1991929], [0.0009783643625459791]]
[2700.0, 1900.0, 0.000423, [0.0104360396], [56.637238], [18.1991929], [0.0015914812279760012]]
[2700.0, 1600.0, 0.000386, [0.0095279471], [56.637238], [18.1991929], [0.0015065009159970662]]
[2800.0, 1500.0, 0.000258, [0.0063707546], [56.637238], [18.1991929], [0.0009949449698350155]]
[2800.0, 200.0, 0.000101, [0.00248542602], [56.637238], [18.1991929], [0.0006213565170656859]]
[2800.0, 400.0, 0.000134, [0.00329964236], [56.637238], [18.1991929], [0.0007200409534186233]]
[2800.0, 900.0, 0.000181, [0.00447914635], [56.637238], [18.1991929], [0.0008317566338178493]]
[2800.0, 600.0, 0.000127, [7.608048700000001e-05], [0.223889134], [0.05566596], [2.4058761735072736e-05]]
[2800.0, 1200.0, 0.000266, [0.0065755942], [56.637238], [18.1991929], [0.0010027689279190895]]
[2800.0, 1000.0, 0.00016, [0.00393885961], [56.637238], [18.1991929], [0.0007877718890643407]]
[2800.0, 1400.0, 0.000195, [0.00481503841], [56.637238], [18.1991929], [0.0008648065513165357]]
[2800.0, 800.0, 0.000163, [0.00402550778], [56.637238], [18.1991929], [0.0007894671005178113]]
[2800.0, 100.0, 0.000178, [0.00439909358], [56.637238], [18.1991929], [0.0008168911374840591]]
[2800.0, 1100.0, 0.000195, [0.00481859532], [56.637238], [18.1991929], [0.0008654451521615914]]
[2800.0, 1300.0, 0.000302, [0.0074571581], [56.637238], [18.1991929], [0.0010763477679170427]]
[2800.0, 2000.0, 0.000239, [0.0058927792], [56.637238], [18.1991929], [0.0009559347446871047]]
[2800.0, 500.0, 0.000145, [0.00357397229], [56.637238], [18.1991929], [0.0007452247604582123]]
[2800.0, 1900.0, 0.000238, [0.005884757900000001], [56.637238], [18.1991929], [0.0009546335635729554]]
[2800.0, 1800.0, 0.000277, [0.0068432371], [56.637238], [18.1991929], [0.0010316566871299774]]
[2800.0, 300.0, 0.000156, [0.00385064246], [56.637238], [18.1991929], [0.0007701283406679694]]
[2800.0, 700.0, 0.000106, [0.0026210580200000002], [56.637238], [18.1991929], [0.0006356999849771903]]
[2800.0, 1600.0, 0.000239, [0.0059044951000000005], [56.637238], [18.1991929], [0.0009578354509517801]]
[2800.0, 1700.0, 0.000294, [0.0072683905], [56.637238], [18.1991929], [0.0010602035235746012]]
[2900.0, 1300.0, 0.000145, [0.0035884424799999997], [56.637238], [18.1991929], [0.0005980736545777619]]
[2900.0, 900.0, 9.4e-05, [0.00232838739], [56.637238], [18.1991929], [0.0004855023260912351]]
[2900.0, 1600.0, 0.000175, [0.00432446707], [56.637238], [18.1991929], [0.0006594751974107897]]
[2900.0, 2000.0, 0.00014, [0.0034441717799999997], [56.637238], [18.1991929], [0.0005906705604649684]]
[2900.0, 1200.0, 0.000136, [0.00336711683], [56.637238], [18.1991929], [0.0005774558007328353]]
[2900.0, 1700.0, 0.000179, [0.00441195412], [56.637238], [18.1991929], [0.0006651271262698582]]
[2900.0, 1100.0, 9.5e-05, [0.00233944718], [56.637238], [18.1991929], [0.000487808424978495]]
[2900.0, 800.0, 0.000113, [0.00279340278], [56.637238], [18.1991929], [0.0005279035415679648]]
[2900.0, 600.0, 7e-05, [0.00172253375], [56.637238], [18.1991929], [0.0004177757068930648]]
[2900.0, 100.0, 6.6e-05, [0.00162402562], [56.637238], [18.1991929], [0.0004060063832256828]]
[2900.0, 400.0, 6.5e-05, [0.00161596659], [56.637238], [18.1991929], [0.00040399167261219633]]
[2900.0, 1000.0, 9.9e-05, [5.9141040000000005e-05], [0.223889134], [0.05566596], [1.7072550368208027e-05]]
[2900.0, 1400.0, 0.000129, [0.00318502352], [56.637238], [18.1991929], [0.0005630379322923101]]
[2900.0, 200.0, 0.000102, [6.0645928000000005e-05], [0.223889134], [0.05566596], [1.7506973830448255e-05]]
[2900.0, 500.0, 9.4e-05, [0.00231561113], [56.637238], [18.1991929], [0.00048283830235390393]]
[2900.0, 1500.0, 0.000154, [0.00379744267], [56.637238], [18.1991929], [0.0006160264721584617]]
[2900.0, 1800.0, 0.000187, [0.00460444572], [56.637238], [18.1991929], [0.0006788884129958325]]
[2900.0, 300.0, 5.9e-05, [3.515162e-05], [0.223889134], [0.05566596], [1.3286063342841627e-05]]
[2900.0, 700.0, 0.0001, [0.00245673505], [56.637238], [18.1991929], [0.0005014790326623836]]
[2900.0, 1900.0, 0.000268, [0.0066272499999999995], [56.637238], [18.1991929], [0.0008220089925907137]]
[3000.0, 1900.0, 6.8e-05, [0.0016663072299999998], [56.637238], [18.1991929], [0.00032678973964921234]]
[3000.0, 800.0, 8.3e-05, [0.00203690991], [56.637238], [18.1991929], [0.0003600782261814785]]
[3000.0, 900.0, 7.3e-05, [0.0017991692599999998], [56.637238], [18.1991929], [0.00034001099646923185]]
[3000.0, 1600.0, 0.00012, [0.0029631877800000003], [56.637238], [18.1991929], [0.0004368981897650756]]
[3000.0, 700.0, 6.3e-05, [0.0015436107399999998], [56.637238], [18.1991929], [0.00031508828873825194]]
[3000.0, 600.0, 5.4e-05, [0.0013425804], [56.637238], [18.1991929], [0.0002929750525727404]]
[3000.0, 1300.0, 0.00011, [0.0027044374], [56.637238], [18.1991929], [0.00041730374683196893]]
[3000.0, 500.0, 4.4e-05, [0.001093729], [56.637238], [18.1991929], [0.0002652682330585402]]
[3000.0, 1500.0, 0.000104, [0.00256501966], [56.637238], [18.1991929], [0.000405565188459266]]
[3000.0, 1800.0, 9.4e-05, [0.00231264369], [56.637238], [18.1991929], [0.0003854405843576932]]
[3000.0, 2000.0, 9.7e-05, [0.00239524103], [56.637238], [18.1991929], [0.00039377520106019883]]
[3000.0, 100.0, 4.2e-05, [0.00102880008], [56.637238], [18.1991929], [0.00025720001514385646]]
[3000.0, 1400.0, 9.3e-05, [0.00228464019], [56.637238], [18.1991929], [0.00038077335338755]]
[3000.0, 1100.0, 5.5e-05, [3.2592644000000004e-05], [0.223889134], [0.05566596], [1.0306701862138052e-05]]
[3000.0, 1200.0, 9.2e-05, [5.493642349999999e-05], [0.223889134], [0.05566596], [1.3324040680289144e-05]]
[3000.0, 1000.0, 4.5e-05, [0.00110132106], [56.637238], [18.1991929], [0.00026710960252300926]]
[3000.0, 400.0, 6e-05, [0.00149084852], [56.637238], [18.1991929], [0.00031086343023906815]]
[3000.0, 300.0, 3.6e-05, [0.0008864237200000001], [56.637238], [18.1991929], [0.0002369066136054458]]
[3000.0, 1700.0, 0.000116, [0.00285457977], [56.637238], [18.1991929], [0.0004303441005521047]]
[3000.0, 200.0, 5e-05, [0.0012372264800000002], [56.637238], [18.1991929], [0.00028383924085651017]]
