[100.0, 1800.0, 0.929147, [576.4834079999999], [2932.04], [313.353196], [12.054627683010372]]
[100.0, 800.0, 0.927601, [573.3370080000001], [2932.04], [313.353196], [12.004590660576477]]
[100.0, 500.0, 0.929564, [577.33864], [2932.04], [313.353196], [12.046201903006608]]
[100.0, 1100.0, 0.927762, [573.662872], [2932.04], [313.353196], [12.021957915747334]]
[100.0, 600.0, 0.927425, [572.985384], [2932.04], [313.353196], [12.02626167684705]]
[100.0, 1400.0, 0.929945, [578.1265280000001], [2932.04], [313.353196], [12.054770918105413]]
[100.0, 1700.0, 0.916731, [552.659824], [2932.04], [313.353196], [11.798844154916193]]
[100.0, 100.0, 0.927025, [572.1802], [2932.04], [313.353196], [12.00671694411091]]
[100.0, 1200.0, 0.933209, [585.020272], [2932.04], [313.353196], [12.132756856048834]]
[100.0, 1000.0, 0.929488, [577.184632], [2932.04], [313.353196], [12.07192856175019]]
[100.0, 2000.0, 0.923709, [565.6599759999999], [2932.04], [313.353196], [11.935772383888695]]
[100.0, 400.0, 0.926137, [570.411592], [2932.04], [313.353196], [11.998694881027687]]
[100.0, 1600.0, 0.927077, [572.284528], [2932.04], [313.353196], [11.990438742931804]]
[100.0, 1300.0, 0.928295, [574.7429520000001], [2932.04], [313.353196], [12.023492636002237]]
[100.0, 1500.0, 0.916285, [551.859056], [2932.04], [313.353196], [11.78175147047331]]
[100.0, 900.0, 0.924385, [566.970608], [2932.04], [313.353196], [11.950134946853114]]
[100.0, 1900.0, 0.929595, [577.405064], [2932.04], [313.353196], [12.081827273719817]]
[100.0, 200.0, 0.933123, [584.8349840000001], [2932.04], [313.353196], [12.126306383066526]]
[100.0, 700.0, 0.926676, [571.484128], [2932.04], [313.353196], [12.007985766813682]]
[100.0, 300.0, 0.928247, [574.646352], [2932.04], [313.353196], [12.050511053063268]]
[200.0, 1800.0, 0.952366, [264.16512], [1319.28], [127.221418], [4.482530063479776]]
[200.0, 700.0, 0.953803, [265.90829], [1319.28], [127.221418], [4.501751639084501]]
[200.0, 2000.0, 0.949994, [261.38027999999997], [1319.28], [127.221418], [4.44874464090714]]
[200.0, 1300.0, 0.944623, [255.46606], [1319.28], [127.221418], [4.404587675367582]]
[200.0, 1400.0, 0.954717, [267.04104], [1319.28], [127.221418], [4.505456961285947]]
[200.0, 400.0, 0.949252, [260.53342], [1319.28], [127.221418], [4.455026380393274]]
[200.0, 1900.0, 0.946543, [257.52387000000004], [1319.28], [127.221418], [4.4328244348270776]]
[200.0, 1700.0, 0.947989, [259.11317], [1319.28], [127.221418], [4.439836501494171]]
[200.0, 500.0, 0.945402, [256.2936], [1319.28], [127.221418], [4.418856107636907]]
[200.0, 1500.0, 0.949294, [260.5808], [1319.28], [127.221418], [4.4617124907371615]]
[200.0, 100.0, 0.948462, [259.64148], [1319.28], [127.221418], [4.438479192245921]]
[200.0, 600.0, 0.9544, [266.64751], [1319.28], [127.221418], [4.5123250935631845]]
[200.0, 1000.0, 0.955116, [267.54336], [1319.28], [127.221418], [4.518438246783948]]
[200.0, 1200.0, 0.955201, [267.65031], [1319.28], [127.221418], [4.518955692413901]]
[200.0, 300.0, 0.949497, [260.81103], [1319.28], [127.221418], [4.450026899918695]]
[200.0, 1600.0, 0.94814, [259.2813], [1319.28], [127.221418], [4.440114704599421]]
[200.0, 900.0, 0.949542, [260.86255], [1319.28], [127.221418], [4.453497311102814]]
[200.0, 800.0, 0.951191, [262.77155], [1319.28], [127.221418], [4.472422595193795]]
[200.0, 1100.0, 0.950711, [262.20966], [1319.28], [127.221418], [4.4628576753017795]]
[200.0, 200.0, 0.94386, [254.6652], [1319.28], [127.221418], [4.396009440390227]]
[300.0, 2000.0, 0.91643, [104.117136], [516.58], [54.743863999999995], [1.7396399360212447]]
[300.0, 400.0, 0.925184, [107.24860899999999], [516.58], [54.743863999999995], [1.7648262846524017]]
[300.0, 1000.0, 0.925229, [24.458476], [112.60799999999999], [7.11574], [0.8438972372273772]]
[300.0, 200.0, 0.913005, [23.425707], [112.60799999999999], [7.11574], [0.8251350574299943]]
[300.0, 1600.0, 0.919882, [23.990586999999998], [112.60799999999999], [7.11574], [0.837788062698437]]
[300.0, 1300.0, 0.914114, [103.333871], [516.58], [54.743863999999995], [1.736765012890345]]
[300.0, 800.0, 0.918014, [104.663363], [516.58], [54.743863999999995], [1.7475476585775853]]
[300.0, 700.0, 0.929778, [24.880043], [112.60799999999999], [7.11574], [0.8533784195771533]]
[300.0, 300.0, 0.911736, [102.54757], [516.58], [54.743863999999995], [1.7318865603728206]]
[300.0, 900.0, 0.916086, [103.999583], [516.58], [54.743863999999995], [1.739376273553253]]
[300.0, 600.0, 0.914, [103.29582900000001], [516.58], [54.743863999999995], [1.7371074897656738]]
[300.0, 1400.0, 0.911634, [102.513829], [516.58], [54.743863999999995], [1.7293447484524305]]
[300.0, 500.0, 0.916645, [104.190667], [516.58], [54.743863999999995], [1.7425721979304043]]
[300.0, 1200.0, 0.934953, [25.388527], [112.60799999999999], [7.11574], [0.8607517615433615]]
[300.0, 100.0, 0.906046, [22.8917712], [112.60799999999999], [7.11574], [0.8175634623685185]]
[300.0, 1100.0, 0.914758, [103.549979], [516.58], [54.743863999999995], [1.7374546184001467]]
[300.0, 1900.0, 0.932589, [25.152017999999998], [112.60799999999999], [7.11574], [0.8561843837632171]]
[300.0, 1500.0, 0.913503, [103.130229], [516.58], [54.743863999999995], [1.7350587794077756]]
[300.0, 1700.0, 0.9194, [105.14797300000001], [516.58], [54.743863999999995], [1.7490687193475276]]
[300.0, 1800.0, 0.913737, [23.483874], [112.60799999999999], [7.11574], [0.8251392246160644]]
[400.0, 900.0, 0.890918, [21.9124151], [110.078], [7.3977108], [0.546106364273481]]
[400.0, 1200.0, 0.894723, [22.1663811], [110.078], [7.3977108], [0.5481961101649664]]
[400.0, 1500.0, 0.885481, [21.5619687], [110.078], [7.3977108], [0.5419358863371201]]
[400.0, 200.0, 0.885759, [21.5794073], [110.078], [7.3977108], [0.5398226905197668]]
[400.0, 1600.0, 0.875639, [20.9608982], [110.078], [7.3977108], [0.5330956452645248]]
[400.0, 500.0, 0.880977, [21.281801100000003], [110.078], [7.3977108], [0.5374466158605894]]
[400.0, 1700.0, 0.900058, [22.5356507], [110.078], [7.3977108], [0.5527828344838505]]
[400.0, 300.0, 0.87215, [20.7571573], [110.078], [7.3977108], [0.529974801853824]]
[400.0, 1300.0, 0.89423, [22.133077099999998], [110.078], [7.3977108], [0.5483795227759695]]
[400.0, 1400.0, 0.886994, [21.6580282], [110.078], [7.3977108], [0.5419590201297512]]
[400.0, 1100.0, 0.883966, [21.4666636], [110.078], [7.3977108], [0.5398817293630153]]
[400.0, 800.0, 0.879282, [50.942148], [235.704], [28.113567], [0.8315490881481381]]
[400.0, 100.0, 0.841472, [19.137177599999998], [110.078], [7.3977108], [0.5101886834299639]]
[400.0, 1000.0, 0.896414, [22.281664000000003], [110.078], [7.3977108], [0.549202724865782]]
[400.0, 400.0, 0.894868, [22.176282599999997], [110.078], [7.3977108], [0.5491130904467677]]
[400.0, 1800.0, 0.88537, [21.5549031], [110.078], [7.3977108], [0.5409047463278539]]
[400.0, 2000.0, 0.894038, [22.120089], [110.078], [7.3977108], [0.5473860838567236]]
[400.0, 600.0, 0.875375, [20.9453295], [110.078], [7.3977108], [0.5330445880974687]]
[400.0, 700.0, 0.892239, [21.999709300000003], [110.078], [7.3977108], [0.5460818562267016]]
[400.0, 1900.0, 0.888703, [21.7678693], [110.078], [7.3977108], [0.5433484094022913]]
[500.0, 1700.0, 0.821038, [10.867442500000001], [40.6456], [3.71427414], [0.27719819083103703]]
[500.0, 1100.0, 0.817823, [10.7803277], [40.6456], [3.71427414], [0.27596540199814906]]
[500.0, 300.0, 0.827322, [11.0414237], [40.6456], [3.71427414], [0.27955220353272126]]
[500.0, 1300.0, 0.807959, [10.5206416], [40.6456], [3.71427414], [0.27191389482702055]]
[500.0, 1800.0, 0.825361, [10.9865549], [40.6456], [3.71427414], [0.2783414349319914]]
[500.0, 1400.0, 0.791279, [10.1051535], [40.6456], [3.71427414], [0.2672236765333491]]
[500.0, 600.0, 0.826625, [11.021857599999999], [40.6456], [3.71427414], [0.2788780113239479]]
[500.0, 1900.0, 0.800502, [10.331452800000001], [40.6456], [3.71427414], [0.2695569581739637]]
[500.0, 1200.0, 0.786469, [9.9902409], [40.6456], [3.71427414], [0.2646479586167254]]
[500.0, 800.0, 0.807028, [10.4967515], [40.6456], [3.71427414], [0.2725739694101401]]
[500.0, 1000.0, 0.802722, [10.387184099999999], [40.6456], [3.71427414], [0.2707347184976467]]
[500.0, 2000.0, 0.823025, [10.921908799999999], [40.6456], [3.71427414], [0.27786532169380185]]
[500.0, 700.0, 0.787579, [10.016605799999999], [40.6456], [3.71427414], [0.2659067590340644]]
[500.0, 100.0, 0.762437, [9.4453387], [40.6456], [3.71427414], [0.25745117575959914]]
[500.0, 200.0, 0.795382, [10.2047895], [40.6456], [3.71427414], [0.26789846714753707]]
[500.0, 1500.0, 0.812053, [10.627058], [40.6456], [3.71427414], [0.2731178093790297]]
[500.0, 900.0, 0.808422, [10.532583200000001], [40.6456], [3.71427414], [0.2716785858325974]]
[500.0, 1600.0, 0.821714, [10.885877], [40.6456], [3.71427414], [0.27668005800924644]]
[500.0, 500.0, 0.818407, [10.796029799999998], [40.6456], [3.71427414], [0.2757357568397686]]
[500.0, 400.0, 0.782725, [9.9022797], [40.6456], [3.71427414], [0.26408427329169]]
[600.0, 200.0, 0.621659, [4.569061933333333], [18.768], [1.88428282], [0.10928394864348155]]
[600.0, 1400.0, 0.624421, [4.598069533333333], [18.768], [1.88428282], [0.10963332261072209]]
[600.0, 1900.0, 0.635228, [4.71316], [18.768], [1.88428282], [0.11112113320356504]]
[600.0, 100.0, 0.571571, [4.0685942], [18.768], [1.88428282], [0.10324254547208507]]
[600.0, 800.0, 0.637352, [4.736083333333333], [18.768], [1.88428282], [0.11126027690859742]]
[600.0, 1200.0, 0.623996, [4.593593733333333], [18.768], [1.88428282], [0.10952659139324213]]
[600.0, 600.0, 0.623616, [5.9276903333333335], [30.3278], [2.9384317], [0.12444238036581876]]
[600.0, 1600.0, 0.621728, [4.569785666666666], [18.768], [1.88428282], [0.10930126586641163]]
[600.0, 400.0, 0.627074, [4.6260912], [18.768], [1.88428282], [0.10986511489599922]]
[600.0, 500.0, 0.625361, [4.607977933333333], [18.768], [1.88428282], [0.10977600134415132]]
[600.0, 1100.0, 0.645981, [4.830288266666667], [18.768], [1.88428282], [0.11242353573281115]]
[600.0, 300.0, 0.646934, [4.8407962], [18.768], [1.88428282], [0.11263759587475419]]
[600.0, 1700.0, 0.62271, [4.580075866666666], [18.768], [1.88428282], [0.10932869890584285]]
[600.0, 1500.0, 0.632816, [4.6872482], [18.768], [1.88428282], [0.11054094475200883]]
[600.0, 1800.0, 0.617193, [4.522493066666667], [18.768], [1.88428282], [0.10879426277765449]]
[600.0, 1000.0, 0.611597, [4.464721666666667], [18.768], [1.88428282], [0.10818997248667117]]
[600.0, 2000.0, 0.620585, [4.5578287333333325], [18.768], [1.88428282], [0.10932843009330495]]
[600.0, 700.0, 0.63913, [4.755352733333333], [18.768], [1.88428282], [0.11146718506657764]]
[600.0, 1300.0, 0.651439, [4.8907782666666675], [18.768], [1.88428282], [0.11303816114726722]]
[600.0, 900.0, 0.628863, [4.645072333333333], [18.768], [1.88428282], [0.11025371465649379]]
[700.0, 2000.0, 0.503025, [2.0288591333333335], [6.2008], [0.82986346], [0.05580025213005563]]
[700.0, 100.0, 0.483331, [2.6053066], [11.7484], [1.33514954], [0.06326244200857954]]
[700.0, 1000.0, 0.540412, [3.0079262000000004], [11.7484], [1.33514954], [0.06775225539501331]]
[700.0, 600.0, 0.536108, [2.976311933333333], [11.7484], [1.33514954], [0.06752149590233386]]
[700.0, 1400.0, 0.532167, [2.9475542666666663], [11.7484], [1.33514954], [0.06709389059784471]]
[700.0, 1900.0, 0.524923, [2.8951633333333335], [11.7484], [1.33514954], [0.06673647278662546]]
[700.0, 200.0, 0.508449, [2.7781960666666663], [11.7484], [1.33514954], [0.06524750437117628]]
[700.0, 400.0, 0.52673, [2.908178266666667], [11.7484], [1.33514954], [0.06677093622560976]]
[700.0, 1300.0, 0.50998, [2.7889478000000003], [11.7484], [1.33514954], [0.06540988651062876]]
[700.0, 1100.0, 0.511536, [2.799892733333333], [11.7484], [1.33514954], [0.0654330484965782]]
[700.0, 800.0, 0.518551, [2.8495696666666666], [11.7484], [1.33514954], [0.0661083645741344]]
[700.0, 1500.0, 0.508497, [2.778531866666666], [11.7484], [1.33514954], [0.06516560234424976]]
[700.0, 1600.0, 0.532907, [2.9529408666666668], [11.7484], [1.33514954], [0.06721653100242529]]
[700.0, 1800.0, 0.514046, [2.8176012], [11.7484], [1.33514954], [0.06547254332076072]]
[700.0, 1200.0, 0.533207, [2.9551243333333335], [11.7484], [1.33514954], [0.06719666046596198]]
[700.0, 700.0, 0.541522, [3.0161157333333337], [11.7484], [1.33514954], [0.06786792117373601]]
[700.0, 900.0, 0.517679, [2.843367333333333], [11.7484], [1.33514954], [0.06594672189645888]]
[700.0, 300.0, 0.517172, [2.839757866666667], [11.7484], [1.33514954], [0.06586299426334437]]
[700.0, 500.0, 0.523702, [2.8863926666666666], [11.7484], [1.33514954], [0.06655200132227429]]
[700.0, 1700.0, 0.518114, [2.8464600666666664], [11.7484], [1.33514954], [0.06598296968831344]]
[800.0, 300.0, 0.415923, [1.5946973333333334], [6.2008], [0.82986346], [0.0384180851104731]]
[800.0, 100.0, 0.385728, [1.4560928933333335], [6.2008], [0.82986346], [0.0410207649042937]]
[800.0, 1800.0, 0.421377, [1.6203223999999998], [6.2008], [0.82986346], [0.03873310476123034]]
[800.0, 800.0, 0.432402, [1.6727010666666666], [6.2008], [0.82986346], [0.0393494951033541]]
[800.0, 400.0, 0.447355, [1.7450207333333334], [6.2008], [0.82986346], [0.04028880237595663]]
[800.0, 200.0, 0.39995, [1.5206962133333333], [6.2008], [0.82986346], [0.03756236682875265]]
[800.0, 1700.0, 0.428158, [1.6524442], [6.2008], [0.82986346], [0.03913371879424017]]
[800.0, 600.0, 0.433595, [1.6784142666666666], [6.2008], [0.82986346], [0.03946206637603595]]
[800.0, 1600.0, 0.427747, [1.6504876666666668], [6.2008], [0.82986346], [0.03906547874758196]]
[800.0, 1000.0, 0.442062, [1.7192438666666667], [6.2008], [0.82986346], [0.03986403337457073]]
[800.0, 1100.0, 0.440415, [1.7112674666666667], [6.2008], [0.82986346], [0.03976466682314283]]
[800.0, 1500.0, 0.429904, [1.6607656000000002], [6.2008], [0.82986346], [0.039231911732953095]]
[800.0, 1400.0, 0.437228, [1.6958743333333333], [6.2008], [0.82986346], [0.03969741366890291]]
[800.0, 1200.0, 0.429885, [1.6606720666666666], [6.2008], [0.82986346], [0.0392625771667854]]
[800.0, 900.0, 0.434288, [1.6817385333333332], [6.2008], [0.82986346], [0.03949659816012288]]
[800.0, 1300.0, 0.420748, [1.6173569333333333], [6.2008], [0.82986346], [0.03882901086673325]]
[800.0, 2000.0, 0.432436, [1.6728605333333333], [6.2008], [0.82986346], [0.03936415489023259]]
[800.0, 500.0, 0.431378, [1.6678020666666666], [6.2008], [0.82986346], [0.03934326871693979]]
[800.0, 1900.0, 0.435066, [1.6854737333333334], [6.2008], [0.82986346], [0.039529838889965974]]
[800.0, 700.0, 0.431569, [1.6687174666666669], [6.2008], [0.82986346], [0.03943076902341341]]
[900.0, 200.0, 0.327111, [0.8511517999999999], [3.01392], [0.44629673799999997], [0.015676291880132594]]
[900.0, 1100.0, 0.359278, [0.9525388666666667], [3.01392], [0.44629673799999997], [0.016556508814092152]]
[900.0, 300.0, 0.338266, [0.8858227666666667], [3.01392], [0.44629673799999997], [0.015935568253299146]]
[900.0, 1000.0, 0.361528, [0.9597976666666667], [3.01392], [0.44629673799999997], [0.016682675474875126]]
[900.0, 900.0, 0.357957, [0.94829], [3.01392], [0.44629673799999997], [0.01656291733562257]]
[900.0, 1600.0, 0.35271, [0.9314800666666666], [3.01392], [0.44629673799999997], [0.01639736550994295]]
[900.0, 700.0, 0.360177, [0.9554383999999999], [3.01392], [0.44629673799999997], [0.01662701694030933]]
[900.0, 1900.0, 0.354136, [0.9360379], [3.01392], [0.44629673799999997], [0.016426773971510992]]
[900.0, 500.0, 0.356363, [0.9431702000000001], [3.01392], [0.44629673799999997], [0.016491101580347306]]
[900.0, 1400.0, 0.353967, [0.9354966333333334], [3.01392], [0.44629673799999997], [0.016392054084559113]]
[900.0, 1200.0, 0.354487, [0.9371618333333334], [3.01392], [0.44629673799999997], [0.016406129274688097]]
[900.0, 1500.0, 0.36093, [0.9578672], [3.01392], [0.44629673799999997], [0.01659407096927494]]
[900.0, 800.0, 0.349363, [0.9208218666666668], [3.01392], [0.44629673799999997], [0.016277989003559378]]
[900.0, 400.0, 0.356, [0.9420048666666666], [3.01392], [0.44629673799999997], [0.016480813838454025]]
[900.0, 100.0, 0.32374, [0.8407749666666667], [3.01392], [0.44629673799999997], [0.015577921488083348]]
[900.0, 600.0, 0.359531, [0.9533538333333333], [3.01392], [0.44629673799999997], [0.016580695941030007]]
[900.0, 1800.0, 0.349754, [0.9220638666666666], [3.01392], [0.44629673799999997], [0.01633315634597986]]
[900.0, 2000.0, 0.34509, [0.9072840666666667], [3.01392], [0.44629673799999997], [0.01615520574854365]]
[900.0, 1700.0, 0.363406, [0.9658734999999999], [3.01392], [0.44629673799999997], [0.016755411862042265]]
[900.0, 1300.0, 0.347491, [0.9148825], [3.01392], [0.44629673799999997], [0.01624678099057027]]
[1000.0, 1600.0, 0.224392, [0.712555824], [5.1888000000000005], [0.5894283600000001], [0.01250483074015798]]
[1000.0, 1400.0, 0.229132, [0.728995856], [5.1888000000000005], [0.5894283600000001], [0.012644294713427082]]
[1000.0, 1500.0, 0.223458, [0.5506460666666666], [3.01392], [0.44629673799999997], [0.01001837394768011]]
[1000.0, 700.0, 0.220363, [0.698639904], [5.1888000000000005], [0.5894283600000001], [0.012383261515448989]]
[1000.0, 1900.0, 0.230083, [0.7323010479999998], [5.1888000000000005], [0.5894283600000001], [0.012684461423332091]]
[1000.0, 1800.0, 0.230617, [0.5702739600000001], [3.01392], [0.44629673799999997], [0.010219373339126253]]
[1000.0, 500.0, 0.226583, [0.7201461920000001], [5.1888000000000005], [0.5894283600000001], [0.012581974624040537]]
[1000.0, 1000.0, 0.231931, [0.738733872], [5.1888000000000005], [0.5894283600000001], [0.012738684911716749]]
[1000.0, 200.0, 0.204142, [0.6431178120000001], [5.1888000000000005], [0.5894283600000001], [0.011868955620441084]]
[1000.0, 1100.0, 0.220477, [0.699033296], [5.1888000000000005], [0.5894283600000001], [0.01239802663652567]]
[1000.0, 2000.0, 0.230911, [0.73518258], [5.1888000000000005], [0.5894283600000001], [0.012692552865361641]]
[1000.0, 1700.0, 0.226715, [0.720604536], [5.1888000000000005], [0.5894283600000001], [0.01254601743343281]]
[1000.0, 800.0, 0.223776, [0.7104257479999999], [5.1888000000000005], [0.5894283600000001], [0.01249828041932169]]
[1000.0, 1300.0, 0.226749, [0.720723124], [5.1888000000000005], [0.5894283600000001], [0.012605527644648597]]
[1000.0, 400.0, 0.220396, [0.6987553639999999], [5.1888000000000005], [0.5894283600000001], [0.012360093002886346]]
[1000.0, 300.0, 0.215448, [0.6817321439999999], [5.1888000000000005], [0.5894283600000001], [0.012248220213565725]]
[1000.0, 600.0, 0.228192, [0.5636077166666666], [3.01392], [0.44629673799999997], [0.010147272846544642]]
[1000.0, 1200.0, 0.224107, [0.711572528], [5.1888000000000005], [0.5894283600000001], [0.012472217785141501]]
[1000.0, 100.0, 0.191745, [0.46544962], [3.01392], [0.44629673799999997], [0.00923358577873912]]
[1000.0, 900.0, 0.218171, [0.691092592], [5.1888000000000005], [0.5894283600000001], [0.012293985163485434]]
[1100.0, 1300.0, 0.191667, [0.288594432], [1.08698], [0.199501126], [0.003683616889236266]]
[1100.0, 1800.0, 0.189819, [0.2854377893333333], [1.08698], [0.199501126], [0.0036642804259499574]]
[1100.0, 2000.0, 0.192311, [0.2896966533333333], [1.08698], [0.199501126], [0.0036949782955309016]]
[1100.0, 700.0, 0.187475, [0.281448148], [1.08698], [0.199501126], [0.0036322695739410336]]
[1100.0, 900.0, 0.186122, [0.27915047866666665], [1.08698], [0.199501126], [0.0036265547360178276]]
[1100.0, 200.0, 0.168216, [0.24916476533333332], [1.08698], [0.199501126], [0.003422864365151243]]
[1100.0, 1900.0, 0.190645, [0.28684747466666666], [1.08698], [0.199501126], [0.0036763232743840385]]
[1100.0, 1500.0, 0.187502, [0.2814931666666667], [1.08698], [0.199501126], [0.0036456243897460294]]
[1100.0, 800.0, 0.186417, [0.279650744], [1.08698], [0.199501126], [0.0036220669899934207]]
[1100.0, 500.0, 0.190377, [0.286390756], [1.08698], [0.199501126], [0.0036680602418414257]]
[1100.0, 1700.0, 0.190536, [0.28666111333333333], [1.08698], [0.199501126], [0.003673633715486011]]
[1100.0, 400.0, 0.184541, [0.2764721133333333], [1.08698], [0.199501126], [0.003613782692845699]]
[1100.0, 600.0, 0.18941, [0.2847420853333334], [1.08698], [0.199501126], [0.003663509105883168]]
[1100.0, 1400.0, 0.187193, [0.2809690733333333], [1.08698], [0.199501126], [0.0036303220206110273]]
[1100.0, 100.0, 0.163725, [0.241762844], [1.08698], [0.199501126], [0.003366595270530088]]
[1100.0, 1100.0, 0.188409, [0.28303566933333335], [1.08698], [0.199501126], [0.003646688341190919]]
[1100.0, 1000.0, 0.188097, [0.2825063933333333], [1.08698], [0.199501126], [0.0036438039903375703]]
[1100.0, 300.0, 0.176627, [0.26315419333333334], [1.08698], [0.199501126], [0.003526319982959887]]
[1100.0, 1200.0, 0.188485, [0.283165604], [1.08698], [0.199501126], [0.0036510917332278087]]
[1100.0, 1600.0, 0.188862, [0.28380721200000003], [1.08698], [0.199501126], [0.0036436478400391856]]
[1200.0, 100.0, 0.121309, [0.17408200133333335], [1.08698], [0.199501126], [0.0023159526765458745]]
[1200.0, 1400.0, 0.136436, [0.19776838266666666], [1.08698], [0.199501126], [0.0024605976701245207]]
[1200.0, 1700.0, 0.139113, [0.2020110853333333], [1.08698], [0.199501126], [0.0024973921132075178]]
[1200.0, 1800.0, 0.136004, [0.19708503733333335], [1.08698], [0.199501126], [0.0027503213258736796]]
[1200.0, 700.0, 0.136067, [0.19718485733333332], [1.08698], [0.199501126], [0.0024628875212283287]]
[1200.0, 200.0, 0.124742, [0.17941484266666669], [1.08698], [0.199501126], [0.002349158744931659]]
[1200.0, 1900.0, 0.138078, [0.20036836400000002], [1.08698], [0.199501126], [0.0024801178222907967]]
[1200.0, 1200.0, 0.133857, [0.19369502133333333], [1.08698], [0.199501126], [0.002438586646399918]]
[1200.0, 1100.0, 0.137706, [0.199779564], [1.08698], [0.199501126], [0.0024696160079386163]]
[1200.0, 1300.0, 0.139681, [0.20291366666666666], [1.08698], [0.199501126], [0.0024959933265580304]]
[1200.0, 2000.0, 0.139015, [0.201855912], [1.08698], [0.199501126], [0.0024897722562515633]]
[1200.0, 800.0, 0.136498, [0.19786685333333334], [1.08698], [0.199501126], [0.0024658341845667114]]
[1200.0, 1600.0, 0.135958, [0.197012112], [1.08698], [0.199501126], [0.0024639993975468237]]
[1200.0, 1000.0, 0.137537, [0.19951095466666666], [1.08698], [0.199501126], [0.002477107284627688]]
[1200.0, 1500.0, 0.137122, [0.198854228], [1.08698], [0.199501126], [0.0024662933353516566]]
[1200.0, 300.0, 0.125216, [0.18015259066666664], [1.08698], [0.199501126], [0.002357404731950418]]
[1200.0, 600.0, 0.138144, [0.20047348933333334], [1.08698], [0.199501126], [0.0024763026664767775]]
[1200.0, 500.0, 0.131021, [0.189233696], [1.08698], [0.199501126], [0.0024126277661043736]]
[1200.0, 900.0, 0.135827, [0.19680468266666667], [1.08698], [0.199501126], [0.002454122106533776]]
[1200.0, 400.0, 0.131631, [0.19019258133333333], [1.08698], [0.199501126], [0.002417008269741748]]
[1300.0, 1600.0, 0.10787, [0.06667629466666666], [0.16951], [0.074564344], [0.0011603340308338416]]
[1300.0, 1700.0, 0.105614, [0.06505387466666666], [0.16951], [0.074564344], [0.0011451801395413737]]
[1300.0, 900.0, 0.105645, [0.065076292], [0.16951], [0.074564344], [0.001145929667804947]]
[1300.0, 200.0, 0.096168, [0.05837722], [0.16951], [0.074564344], [0.0010862876165076071]]
[1300.0, 1800.0, 0.106218, [0.06548750133333332], [0.16951], [0.074564344], [0.0011476677862323902]]
[1300.0, 1000.0, 0.108665, [0.067250528], [0.16951], [0.074564344], [0.0011673257703924051]]
[1300.0, 1400.0, 0.107691, [0.06654734133333333], [0.16951], [0.074564344], [0.0011594952710363053]]
[1300.0, 1200.0, 0.106856, [0.06594606], [0.16951], [0.074564344], [0.0011539333267856797]]
[1300.0, 500.0, 0.102969, [0.063165452], [0.16951], [0.074564344], [0.0011258025293589952]]
[1300.0, 100.0, 0.093454, [0.05649263066666666], [0.16951], [0.074564344], [0.001066088635881443]]
[1300.0, 1100.0, 0.107791, [0.066619316], [0.16951], [0.074564344], [0.0011596935633558067]]
[1300.0, 2000.0, 0.105744, [0.065146948], [0.16951], [0.074564344], [0.0011455763095005451]]
[1300.0, 1300.0, 0.107246, [0.06622613866666666], [0.16951], [0.074564344], [0.001154424661321243]]
[1300.0, 1500.0, 0.107962, [0.06674256533333334], [0.16951], [0.074564344], [0.001160784173259133]]
[1300.0, 600.0, 0.110432, [0.06853110666666667], [0.16951], [0.074564344], [0.001178596644224723]]
[1300.0, 300.0, 0.097769, [0.059495418666666675], [0.16951], [0.074564344], [0.0010991320082481247]]
[1300.0, 1900.0, 0.110497, [0.06857897733333333], [0.16951], [0.074564344], [0.0011747386939703276]]
[1300.0, 400.0, 0.100691, [0.061551036], [0.16951], [0.074564344], [0.0011141483196694336]]
[1300.0, 700.0, 0.107163, [0.066166584], [0.16951], [0.074564344], [0.0011553187935226651]]
[1300.0, 800.0, 0.107656, [0.06652204133333332], [0.16951], [0.074564344], [0.001294683690241666]]
[1400.0, 1100.0, 0.10671, [0.06584075066666667], [0.16951], [0.074564344], [0.0009367661790080454]]
[1400.0, 400.0, 0.10153, [0.06214437466666666], [0.16951], [0.074564344], [0.000912015839433602]]
[1400.0, 1500.0, 0.108719, [0.06728910666666665], [0.16951], [0.074564344], [0.0009498088000341028]]
[1400.0, 1800.0, 0.108237, [0.06694107066666666], [0.16951], [0.074564344], [0.0009456501146712657]]
[1400.0, 1600.0, 0.109242, [0.06766808533333332], [0.16951], [0.074564344], [0.0009517512522829808]]
[1400.0, 1400.0, 0.108198, [0.06691313333333335], [0.16951], [0.074564344], [0.0009452556156111661]]
[1400.0, 600.0, 0.105683, [0.06510318666666666], [0.16951], [0.074564344], [0.0009321406120919263]]
[1400.0, 1700.0, 0.109812, [0.06808107333333333], [0.16951], [0.074564344], [0.0009557650791788627]]
[1400.0, 900.0, 0.107989, [0.06676213066666666], [0.16951], [0.074564344], [0.0009463379060121999]]
[1400.0, 100.0, 0.096642, [0.05870765333333333], [0.16951], [0.074564344], [0.0008846491953060013]]
[1400.0, 700.0, 0.107001, [0.06605017333333334], [0.16951], [0.074564344], [0.0009397461629846883]]
[1400.0, 2000.0, 0.109336, [0.06773576666666667], [0.16951], [0.074564344], [0.0009480256153126291]]
[1400.0, 800.0, 0.108313, [0.06699562666666666], [0.16951], [0.074564344], [0.0009474612455047084]]
[1400.0, 1300.0, 0.10563, [0.06506534400000001], [0.16951], [0.074564344], [0.0009334181748105544]]
[1400.0, 300.0, 0.098879, [0.06027450533333334], [0.16951], [0.074564344], [0.0009006230398513638]]
[1400.0, 1200.0, 0.109454, [0.06782160266666666], [0.16951], [0.074564344], [0.0009519348272743139]]
[1400.0, 500.0, 0.106382, [0.06560477066666666], [0.16951], [0.074564344], [0.0009355896413848684]]
[1400.0, 1000.0, 0.111697, [0.069452272], [0.16951], [0.074564344], [0.0009656400133475093]]
[1400.0, 200.0, 0.098428, [0.05995793333333333], [0.16951], [0.074564344], [0.0008940983815616216]]
[1400.0, 1900.0, 0.109215, [0.06764839733333333], [0.16951], [0.074564344], [0.0009515682842783508]]
[1500.0, 1500.0, 0.082261, [0.04887625733333334], [0.16951], [0.074564344], [0.0006591674271887732]]
[1500.0, 1100.0, 0.081799, [0.04856732133333334], [0.16951], [0.074564344], [0.0006576979128242186]]
[1500.0, 1800.0, 0.081761, [0.048541622666666666], [0.16951], [0.074564344], [0.0006561477867404906]]
[1500.0, 400.0, 0.076037, [0.044748524], [0.16951], [0.074564344], [0.0007077131186512732]]
[1500.0, 200.0, 0.073315, [0.042966821333333335], [0.16951], [0.074564344], [0.0006183077641433916]]
[1500.0, 500.0, 0.077478, [0.045697105333333335], [0.16951], [0.074564344], [0.000637082784364272]]
[1500.0, 1300.0, 0.083273, [0.049554818666666674], [0.16951], [0.074564344], [0.0006644026578313284]]
[1500.0, 600.0, 0.078944, [0.04666690799999999], [0.16951], [0.074564344], [0.0006440648348316081]]
[1500.0, 1000.0, 0.083161, [0.04947950133333333], [0.16951], [0.074564344], [0.0006633926574477258]]
[1500.0, 2000.0, 0.081838, [0.048593295999999994], [0.16951], [0.074564344], [0.0006580494321182194]]
[1500.0, 800.0, 0.082476, [0.04902035999999999], [0.16951], [0.074564344], [0.0006600310943517065]]
[1500.0, 1700.0, 0.081823, [0.04858339066666666], [0.16951], [0.074564344], [0.0006573730300386701]]
[1500.0, 1200.0, 0.082116, [0.04877938133333333], [0.16951], [0.074564344], [0.0006588798812800065]]
[1500.0, 300.0, 0.075454, [0.044365221333333336], [0.16951], [0.074564344], [0.0006277331084678159]]
[1500.0, 1400.0, 0.082646, [0.049133796], [0.16951], [0.074564344], [0.0006599453128858482]]
[1500.0, 100.0, 0.0713, [0.041656710666666666], [0.16951], [0.074564344], [0.0006082728501804653]]
[1500.0, 900.0, 0.080656, [0.047804610666666664], [0.16951], [0.074564344], [0.0006509602288585345]]
[1500.0, 700.0, 0.079277, [0.04688749333333333], [0.16951], [0.074564344], [0.0006442923622083378]]
[1500.0, 1900.0, 0.081698, [0.048499548], [0.16951], [0.074564344], [0.0006566594836832185]]
[1500.0, 1600.0, 0.080644, [0.047796392], [0.16951], [0.074564344], [0.0006512106922409128]]
