[100.0, 1800.0, 0.182038, [859.228916], [43757.0], [3724.0], [151.89166661012052]]
[100.0, 800.0, 0.198941, [33.4682446], [1332.8000000000002], [127.39999999999999], [6.693648941197917]]
[100.0, 500.0, 0.230627, [14.725519199999999], [366.52000000000004], [46.06], [4.4399105225218225]]
[100.0, 1100.0, 0.190249, [12.076598800000001], [366.52000000000004], [46.06], [4.025531770089512]]
[100.0, 600.0, 0.169595, [4.03317677], [117.11], [15.19], [1.64653707762686]]
[100.0, 1400.0, 0.162482, [3.34690531], [85.75000000000001], [13.23], [1.4967812572650687]]
[100.0, 1700.0, 0.171876, [26.8323902], [1381.8], [117.60000000000001], [5.999905439254856]]
[100.0, 100.0, 0.163459, [25.4963268], [1381.8], [117.60000000000001], [5.849257886262154]]
[100.0, 1200.0, 0.176755, [428.85094000000004], [22099.0], [1911.0], [107.21271663380236]]
[100.0, 1000.0, 0.183946, [1143.051419999999], [56840.0], [4900.0], [277.2306374483164]]
[100.0, 2000.0, 0.166836, [26.8277254], [1151.5], [122.5], [5.998862497840736]]
[100.0, 400.0, 0.174687, [0.8065648919999999], [9.555], [1.6660000000000001], [0.46567046815532537]]
[100.0, 1600.0, 0.144736, [0.401409568], [3.7729999999999997], [0.784], [0.23175392164103714]]
[100.0, 1300.0, 0.16583, [401.89898], [22099.0], [1911.0], [103.76988578966443]]
[100.0, 1500.0, 0.196823, [30.812552399999998], [1381.8], [117.60000000000001], [6.424860118944225]]
[100.0, 900.0, 0.157671, [254.886534], [15190.0], [1274.0], [58.474983067975316]]
[100.0, 1900.0, 0.215476, [417.40199199999995], [16954.0], [1519.0], [74.96761081160317]]
[100.0, 200.0, 0.176626, [428.530676], [22099.0], [1911.0], [107.1326569296216]]
[100.0, 700.0, 0.225018, [1545.4041399999987], [68110.0], [5390.0], [322.23906625361207]]
[100.0, 300.0, 0.146919, [22.880599], [1381.8], [117.60000000000001], [5.5493602218634175]]
[200.0, 1800.0, 0.158494, [256.033134], [15190.0], [1274.0], [28.805979370956997]]
[200.0, 700.0, 0.165915, [7.306541900000001], [255.29], [30.87], [1.0891948332139665]]
[200.0, 2000.0, 0.151872, [245.196294], [15190.0], [1274.0], [28.125945365800593]]
[200.0, 1300.0, 0.135284, [21.0323974], [1381.8], [117.60000000000001], [2.6087482193573224]]
[200.0, 1400.0, 0.15658, [301.21799400000003], [16954.0], [1519.0], [31.234846200998014]]
[200.0, 400.0, 0.145699, [15.2557384], [735.0], [78.4], [2.2252785573046805]]
[200.0, 1900.0, 0.143804, [276.350886], [16954.0], [1519.0], [29.974459492040886]]
[200.0, 1700.0, 0.178261, [288.49142], [15190.0], [1274.0], [30.580032810969968]]
[200.0, 500.0, 0.159467, [10.063335799999999], [366.52000000000004], [46.06], [1.8074276853030664]]
[200.0, 1500.0, 0.182569, [442.688148], [22099.0], [1911.0], [53.68382036926955]]
[200.0, 100.0, 0.164025, [265.09784], [15190.0], [1274.0], [29.27516389843104]]
[200.0, 600.0, 0.146473, [10.736811399999999], [409.64], [54.39], [1.8690395980823948]]
[200.0, 1000.0, 0.16218, [312.14176000000003], [16954.0], [1519.0], [31.85783903531437]]
[200.0, 1200.0, 0.170469, [328.34311999999994], [16954.0], [1519.0], [32.67135399704151]]
[200.0, 300.0, 0.151421, [291.165546], [16954.0], [1519.0], [30.69154731322616]]
[200.0, 1600.0, 0.149969, [288.34020599999997], [16954.0], [1519.0], [30.56400364023012]]
[200.0, 900.0, 0.151624, [291.562446], [16954.0], [1519.0], [30.73338124450351]]
[200.0, 800.0, 0.138762, [223.797308], [15190.0], [1274.0], [26.94202340137058]]
[200.0, 1100.0, 0.146492, [281.57565800000003], [16954.0], [1519.0], [30.188081996708572]]
[200.0, 200.0, 0.16035, [387.995916], [22099.0], [1911.0], [50.09005389176578]]
[300.0, 2000.0, 0.093962, [151.096596], [15190.0], [1274.0], [13.679641641505087]]
[300.0, 400.0, 0.105356, [169.524026], [15190.0], [1274.0], [14.483412009606022]]
[300.0, 1000.0, 0.106998, [7.81607428], [409.64], [54.39], [0.9847327519687765]]
[300.0, 200.0, 0.099316, [159.751662], [15190.0], [1274.0], [14.065352486162583]]
[300.0, 1600.0, 0.110542, [211.921178], [16954.0], [1519.0], [16.253612432933178]]
[300.0, 1300.0, 0.109003, [208.952268], [16954.0], [1519.0], [16.121011914889216]]
[300.0, 800.0, 0.111449, [1.55407371], [51.94], [8.33], [0.3108147288176672]]
[300.0, 700.0, 0.111238, [2.61908528], [117.11], [15.19], [0.4041336899344077]]
[300.0, 300.0, 0.096935, [185.69402599999998], [16954.0], [1519.0], [15.21265272199428]]
[300.0, 900.0, 0.119879, [1.67335294], [51.94], [8.33], [0.3220368947341283]]
[300.0, 600.0, 0.097797, [3.2984859600000003], [186.69], [23.03], [0.4530819120755098]]
[300.0, 1400.0, 0.11209, [4.909937199999999], [255.29], [30.87], [0.5524112745952965]]
[300.0, 500.0, 0.105728, [170.12633399999999], [15190.0], [1274.0], [14.534873559821566]]
[300.0, 1200.0, 0.09741, [156.670444], [15190.0], [1274.0], [13.957312620988326]]
[300.0, 100.0, 0.096768, [185.37366400000002], [16954.0], [1519.0], [15.186398863456734]]
[300.0, 1100.0, 0.118618, [2.79484534], [117.11], [15.19], [0.4166309535308197]]
[300.0, 1900.0, 0.117992, [189.999166], [15190.0], [1274.0], [15.360520750287082]]
[300.0, 1500.0, 0.115989, [3.91788026], [186.69], [23.03], [0.49360660196152156]]
[300.0, 1700.0, 0.091929, [3.0992103099999997], [186.69], [23.03], [0.43829452335159286]]
[300.0, 1800.0, 0.104418, [168.00483000000003], [15190.0], [1274.0], [14.4063033301399]]
[400.0, 900.0, 0.076586, [1.7977291499999999], [117.11], [15.19], [0.22831181800336137]]
[400.0, 1200.0, 0.073843, [1.73299182], [117.11], [15.19], [0.2237282800407673]]
[400.0, 1500.0, 0.072022, [0.8995753200000001], [44.099999999999994], [7.3500000000000005], [0.16156846316654747]]
[400.0, 200.0, 0.065882, [2.87694092], [255.29], [30.87], [0.28769410188601363]]
[400.0, 1600.0, 0.070751, [0.98208152], [51.94], [8.33], [0.16842562376313172]]
[400.0, 500.0, 0.068757, [0.9542113], [51.94], [8.33], [0.16610682002855873]]
[400.0, 1700.0, 0.064051, [1.5021405700000001], [117.11], [15.19], [0.2083094832694854]]
[400.0, 300.0, 0.070613, [0.9801435700000001], [51.94], [8.33], [0.16809321268272553]]
[400.0, 1300.0, 0.061647, [98.99538600000001], [15190.0], [1274.0], [7.570367112102292]]
[400.0, 1400.0, 0.07481, [120.19200199999999], [15190.0], [1274.0], [8.333815361525597]]
[400.0, 1100.0, 0.070275, [1.6488294199999998], [117.11], [15.19], [0.2183928405877812]]
[400.0, 800.0, 0.06462, [0.89645549], [51.94], [8.33], [0.16100813957685492]]
[400.0, 100.0, 0.063019, [1.4778223599999998], [117.11], [15.19], [0.2069365201456717]]
[400.0, 1000.0, 0.067617, [1.58616626], [117.11], [15.19], [0.2138786293438407]]
[400.0, 400.0, 0.069144, [1.62215039], [117.11], [15.19], [0.216768933429124]]
[400.0, 1800.0, 0.06622, [2.89177028], [255.29], [30.87], [0.2891770609159724]]
[400.0, 2000.0, 0.061682, [0.6060217099999999], [31.653999999999996], [5.390000000000001], [0.13224478181009638]]
[400.0, 600.0, 0.072514, [1.4739347], [85.75000000000001], [13.23], [0.20639216472531124]]
[400.0, 700.0, 0.076288, [0.75082749], [31.653999999999996], [5.390000000000001], [0.1472493536793965]]
[400.0, 1900.0, 0.06764, [108.64182], [15190.0], [1274.0], [7.923517269748329]]
[500.0, 1700.0, 0.042332, [0.8586113200000001], [85.75000000000001], [13.23], [0.11372584377352406]]
[500.0, 1100.0, 0.043695, [1.0234213499999998], [117.11], [15.19], [0.12410809146868708]]
[500.0, 300.0, 0.045062, [1.0555207599999998], [117.11], [15.19], [0.12615887178474608]]
[500.0, 1300.0, 0.04433, [0.61386465], [51.94], [8.33], [0.09586952369757555]]
[500.0, 1800.0, 0.047358, [76.0173652], [15190.0], [1274.0], [4.779170733505971]]
[500.0, 1400.0, 0.044975, [0.277008368], [16.317], [2.7439999999999998], [0.04084266134521598]]
[500.0, 600.0, 0.050044, [1.1725641199999999], [117.11], [15.19], [0.13276673652312163]]
[500.0, 1900.0, 0.050944, [1.03384855], [85.75000000000001], [13.23], [0.12446074271431937]]
[500.0, 1200.0, 0.045585, [0.28079351999999996], [16.317], [2.7439999999999998], [0.04095795543920619]]
[500.0, 800.0, 0.049557, [1.16110841], [117.11], [15.19], [0.1323205693269191]]
[500.0, 1000.0, 0.047421, [0.9621399900000001], [85.75000000000001], [13.23], [0.1202674830035118]]
[500.0, 2000.0, 0.048854, [1.14459492], [117.11], [15.19], [0.13129406217723633]]
[500.0, 700.0, 0.046689, [0.6466583900000001], [51.94], [8.33], [0.09861446911077502]]
[500.0, 100.0, 0.040858, [0.95679899], [117.11], [15.19], [0.11959985606178629]]
[500.0, 200.0, 0.042205, [0.5843450900000001], [51.94], [8.33], [0.09357011568871762]]
[500.0, 1500.0, 0.043711, [0.26917072], [16.317], [2.7439999999999998], [0.040125609039614596]]
[500.0, 900.0, 0.042198, [1.41829863], [186.69], [23.03], [0.14551439175559233]]
[500.0, 1600.0, 0.046049, [1.0786811], [117.11], [15.19], [0.12712382122560664]]
[500.0, 500.0, 0.051012, [1.03523574], [85.75000000000001], [13.23], [0.1246277409006518]]
[500.0, 400.0, 0.04438, [0.90026279], [85.75000000000001], [13.23], [0.11622345522311751]]
[600.0, 200.0, 0.026609, [0.89377666], [186.69], [23.03], [0.08640463319753172]]
[600.0, 1400.0, 0.03207, [0.19714287600000002], [16.317], [2.7439999999999998], [0.025665816453797063]]
[600.0, 1900.0, 0.031471, [0.43535549399999995], [51.94], [8.33], [0.06037293161674361]]
[600.0, 100.0, 0.026714, [0.1640924348], [16.317], [2.7439999999999998], [0.023441780266865404]]
[600.0, 800.0, 0.028909, [0.67655868], [117.11], [15.19], [0.07517321868857285]]
[600.0, 1200.0, 0.030958, [0.19027468320000002], [16.317], [2.7439999999999998], [0.025202498253943002]]
[600.0, 600.0, 0.034093, [0.333941615], [31.653999999999996], [5.390000000000001], [0.05280081393312038]]
[600.0, 1600.0, 0.027311, [0.267340031], [31.653999999999996], [5.390000000000001], [0.04725948264845903]]
[600.0, 400.0, 0.031342, [0.433579048], [51.94], [8.33], [0.06012659402460778]]
[600.0, 500.0, 0.031567, [0.392791203], [44.099999999999994], [7.3500000000000005], [0.0572944954162265]]
[600.0, 1100.0, 0.028416, [0.39300562699999997], [51.94], [8.33], [0.05732576992941308]]
[600.0, 300.0, 0.035106, [0.48577752300000004], [51.94], [8.33], [0.0637857111820508]]
[600.0, 1700.0, 0.034356, [0.47536806100000006], [51.94], [8.33], [0.06296404668539023]]
[600.0, 1500.0, 0.033718, [0.46652606], [51.94], [8.33], [0.06234215523223431]]
[600.0, 1800.0, 0.034453, [0.47672555699999997], [51.94], [8.33], [0.06314383436250923]]
[600.0, 1000.0, 0.031492, [0.43565483499999996], [51.94], [8.33], [0.06041445655635744]]
[600.0, 2000.0, 0.037542, [0.51958816], [51.94], [8.33], [0.06598779260590552]]
[600.0, 700.0, 0.033192, [0.459233488], [51.94], [8.33], [0.06192303147456526]]
[600.0, 1300.0, 0.037455, [0.23043092799999998], [16.317], [2.7439999999999998], [0.02774062026992187]]
[600.0, 900.0, 0.034269, [0.426504673], [44.099999999999994], [7.3500000000000005], [0.059722598260624926]]
[700.0, 2000.0, 0.022556, [0.22069497100000002], [31.653999999999996], [5.390000000000001], [0.032899265587547695]]
[700.0, 100.0, 0.018824, [0.260176721], [51.94], [8.33], [0.03573802159605369]]
[700.0, 1000.0, 0.018449, [0.180443676], [31.653999999999996], [5.390000000000001], [0.029664759447870132]]
[700.0, 600.0, 0.022015, [0.215386213], [31.653999999999996], [5.390000000000001], [0.03247069213614025]]
[700.0, 1400.0, 0.019773, [0.273307741], [51.94], [8.33], [0.03652228074203472]]
[700.0, 1900.0, 0.019206, [0.265464654], [51.94], [8.33], [0.03612516484391455]]
[700.0, 200.0, 0.01984, [0.27422845100000004], [51.94], [8.33], [0.036645320848643144]]
[700.0, 400.0, 0.020754, [0.1273757156], [16.317], [2.7439999999999998], [0.0157990127904246]]
[700.0, 1300.0, 0.021547, [0.210801871], [31.653999999999996], [5.390000000000001], [0.032146983931622575]]
[700.0, 1100.0, 0.019092, [0.263879896], [51.94], [8.33], [0.03590950215054506]]
[700.0, 800.0, 0.022041, [0.215648118], [31.653999999999996], [5.390000000000001], [0.03251017989030513]]
[700.0, 1500.0, 0.02047, [0.200246438], [31.653999999999996], [5.390000000000001], [0.031273238027105535]]
[700.0, 1600.0, 0.020058, [0.24936016700000002], [44.099999999999994], [7.3500000000000005], [0.034917411689585474]]
[700.0, 1800.0, 0.019346, [0.267399664], [51.94], [8.33], [0.03605616647260216]]
[700.0, 1200.0, 0.019967, [0.19531649899999998], [31.653999999999996], [5.390000000000001], [0.030882247570408472]]
[700.0, 700.0, 0.021278, [0.49778364999999997], [117.11], [15.19], [0.049287935511644225]]
[700.0, 900.0, 0.027054, [0.16618502880000002], [16.317], [2.7439999999999998], [0.018025298537333576]]
[700.0, 300.0, 0.020998, [0.1288739788], [16.317], [2.7439999999999998], [0.015863289998736076]]
[700.0, 500.0, 0.024054, [0.299127311], [44.099999999999994], [7.3500000000000005], [0.038299325948376685]]
[700.0, 1700.0, 0.019786, [0.400804026], [85.75000000000001], [13.23], [0.04426139107054816]]
[800.0, 300.0, 0.015427, [0.150842139], [31.653999999999996], [5.390000000000001], [0.021122126218730913]]
[800.0, 100.0, 0.01283, [0.177263478], [51.94], [8.33], [0.02558578061736636]]
[800.0, 1800.0, 0.014861, [0.091132552], [16.317], [2.7439999999999998], [0.010385518269590594]]
[800.0, 800.0, 0.014045, [0.17453060099999998], [44.099999999999994], [7.3500000000000005], [0.02272195040043878]]
[800.0, 400.0, 0.014736, [0.09036515319999999], [16.317], [2.7439999999999998], [0.010365594856832867]]
[800.0, 200.0, 0.015471, [0.09487962120000001], [16.317], [2.7439999999999998], [0.010607863320386438]]
[800.0, 1700.0, 0.014875, [0.09121908599999999], [16.317], [2.7439999999999998], [0.010395378813299687]]
[800.0, 600.0, 0.016949, [0.23423249499999999], [51.94], [8.33], [0.026353214056353734]]
[800.0, 1600.0, 0.016764, [0.10282832280000001], [16.317], [2.7439999999999998], [0.01102435448776934]]
[800.0, 1000.0, 0.013297, [0.0815254748], [16.317], [2.7439999999999998], [0.009814512853932181]]
[800.0, 1100.0, 0.0131, [0.080316586], [16.317], [2.7439999999999998], [0.00973981567628464]]
[800.0, 1500.0, 0.014296, [0.08766407720000001], [16.317], [2.7439999999999998], [0.010190742884009977]]
[800.0, 1400.0, 0.013561, [0.08314731600000001], [16.317], [2.7439999999999998], [0.009938006002815655]]
[800.0, 1200.0, 0.013933, [0.0854329896], [16.317], [2.7439999999999998], [0.010068375202384941]]
[800.0, 900.0, 0.012443, [0.251964419], [85.75000000000001], [13.23], [0.027329378269547223]]
[800.0, 1300.0, 0.013798, [0.08460275319999999], [16.317], [2.7439999999999998], [0.01004049864020707]]
[800.0, 2000.0, 0.014482, [0.088802014], [16.317], [2.7439999999999998], [0.01025397373431393]]
[800.0, 500.0, 0.013046, [0.12753352499999998], [31.653999999999996], [5.390000000000001], [0.01944867962099227]]
[800.0, 1900.0, 0.013295, [0.183687378], [51.94], [8.33], [0.0233283179826579]]
[800.0, 700.0, 0.01592, [0.07026821479999999], [9.555], [1.6660000000000001], [0.009148143314137575]]
[900.0, 200.0, 0.009655, [0.11994509099999999], [44.099999999999994], [7.3500000000000005], [0.014877356243970232]]
[900.0, 1100.0, 0.009598, [0.09380251299999999], [31.653999999999996], [5.390000000000001], [0.013134977143870482]]
[900.0, 300.0, 0.008373, [0.0513021768], [16.317], [2.7439999999999998], [0.006131784114921203]]
[900.0, 1000.0, 0.01005, [0.098223881], [31.653999999999996], [5.390000000000001], [0.013492086603264893]]
[900.0, 900.0, 0.009823, [0.122029747], [44.099999999999994], [7.3500000000000005], [0.015020826720257443]]
[900.0, 1600.0, 0.009627, [0.094088036], [31.653999999999996], [5.390000000000001], [0.01317495740676227]]
[900.0, 700.0, 0.009238, [0.127604036], [51.94], [8.33], [0.015361718818218224]]
[900.0, 1900.0, 0.010342, [0.0633809904], [16.317], [2.7439999999999998], [0.006834548385372658]]
[900.0, 500.0, 0.008903, [0.054549485200000004], [16.317], [2.7439999999999998], [0.0063412497657796135]]
[900.0, 1400.0, 0.009826, [0.06021267], [16.317], [2.7439999999999998], [0.006649376189688774]]
[900.0, 1200.0, 0.008748, [0.053600629600000005], [16.317], [2.7439999999999998], [0.006273479013115451]]
[900.0, 1500.0, 0.008579, [0.10656578799999998], [44.099999999999994], [7.3500000000000005], [0.013992776866655168]]
[900.0, 800.0, 0.008405, [0.051495981600000004], [16.317], [2.7439999999999998], [0.006154946466184738]]
[900.0, 400.0, 0.00903, [0.0398058948], [9.555], [1.6660000000000001], [0.005416895725191689]]
[900.0, 100.0, 0.009249, [0.024350207], [3.7729999999999997], [0.784], [0.0029973035253040357]]
[900.0, 600.0, 0.009618, [0.09399635699999999], [31.653999999999996], [5.390000000000001], [0.013162122392684245]]
[900.0, 1800.0, 0.009656, [0.059172302], [16.317], [2.7439999999999998], [0.006615666366436567]]
[900.0, 2000.0, 0.009241, [0.0566267716], [16.317], [2.7439999999999998], [0.006453220751221827]]
[900.0, 1700.0, 0.009459, [0.057960767200000006], [16.317], [2.7439999999999998], [0.006562763739766959]]
[900.0, 1300.0, 0.009509, [0.058270114000000005], [16.317], [2.7439999999999998], [0.006555899694168604]]
[1000.0, 1600.0, 0.006488, [0.0397396272], [16.317], [2.7439999999999998], [0.004310367545534836]]
[1000.0, 1400.0, 0.007246, [0.0443870028], [16.317], [2.7439999999999998], [0.004554011389884747]]
[1000.0, 1500.0, 0.00632, [0.06174294], [31.653999999999996], [5.390000000000001], [0.008481042244323512]]
[1000.0, 700.0, 0.00687, [0.042085022], [16.317], [2.7439999999999998], [0.004436150749106707]]
[1000.0, 1900.0, 0.00703, [0.0430636108], [16.317], [2.7439999999999998], [0.0044896913600825615]]
[1000.0, 1800.0, 0.006785, [0.08427269899999999], [44.099999999999994], [7.3500000000000005], [0.009931632784693565]]
[1000.0, 500.0, 0.006443, [0.08898125600000001], [51.94], [8.33], [0.010206852903319416]]
[1000.0, 1000.0, 0.006723, [0.041182442], [16.317], [2.7439999999999998], [0.004390062674541219]]
[1000.0, 200.0, 0.00621, [0.016333179800000003], [3.7729999999999997], [0.784], [0.001952188533928012]]
[1000.0, 1100.0, 0.007265, [0.0445040148], [16.317], [2.7439999999999998], [0.0045660155120192045]]
[1000.0, 2000.0, 0.006251, [0.0275437428], [9.555], [1.6660000000000001], [0.0035858900375778393]]
[1000.0, 1700.0, 0.007328, [0.1012144], [51.94], [8.33], [0.010851319668132535]]
[1000.0, 800.0, 0.007111, [0.043564528], [16.317], [2.7439999999999998], [0.0045174300933163315]]
[1000.0, 1300.0, 0.00759, [0.0465004316], [16.317], [2.7439999999999998], [0.004673468651355222]]
[1000.0, 400.0, 0.006312, [0.0386602552], [16.317], [2.7439999999999998], [0.004243513615107179]]
[1000.0, 300.0, 0.006704, [0.092590743], [51.94], [8.33], [0.010417274387765737]]
[1000.0, 600.0, 0.008477, [0.0373646756], [9.555], [1.6660000000000001], [0.004177498038970216]]
[1000.0, 1200.0, 0.006342, [0.0279439356], [9.555], [1.6660000000000001], [0.003607547589152498]]
[1000.0, 100.0, 0.005964, [0.03652683439999999], [16.317], [2.7439999999999998], [0.004135850798082543]]
[1000.0, 900.0, 0.006073, [0.083866783], [51.94], [8.33], [0.009883793145852457]]
[1100.0, 1300.0, 0.004639, [0.0204342936], [9.555], [1.6660000000000001], [0.0024780214191164694]]
[1100.0, 1800.0, 0.00471, [0.0207445616], [9.555], [1.6660000000000001], [0.0024973530572988674]]
[1100.0, 2000.0, 0.004869, [0.029819812399999996], [16.317], [2.7439999999999998], [0.002997004076607171]]
[1100.0, 700.0, 0.004843, [0.029660778000000002], [16.317], [2.7439999999999998], [0.0029810195364673472]]
[1100.0, 900.0, 0.004728, [0.058718366], [44.099999999999994], [7.3500000000000005], [0.006648548889043383]]
[1100.0, 200.0, 0.004073, [0.0249436656], [16.317], [2.7439999999999998], [0.0027379228704987285]]
[1100.0, 1900.0, 0.005409, [0.033125195600000004], [16.317], [2.7439999999999998], [0.0031583647019304156]]
[1100.0, 1500.0, 0.004878, [0.0298744964], [16.317], [2.7439999999999998], [0.0030024999397169024]]
[1100.0, 800.0, 0.004527, [0.044226067200000004], [31.653999999999996], [5.390000000000001], [0.005757743952278531]]
[1100.0, 500.0, 0.005197, [0.0318280088], [16.317], [2.7439999999999998], [0.003091409029164533]]
[1100.0, 1700.0, 0.005306, [0.0324964668], [16.317], [2.7439999999999998], [0.0031269734591774204]]
[1100.0, 400.0, 0.004634, [0.028378545999999998], [16.317], [2.7439999999999998], [0.0029270236027746682]]
[1100.0, 600.0, 0.00469, [0.064769523], [51.94], [8.33], [0.006984279246994639]]
[1100.0, 1400.0, 0.004797, [0.0293796944], [16.317], [2.7439999999999998], [0.0029677972836432073]]
[1100.0, 100.0, 0.004599, [0.028165004000000004], [16.317], [2.7439999999999998], [0.0029049983807224403]]
[1100.0, 1100.0, 0.004458, [0.06156012099999999], [51.94], [8.33], [0.006798180958168148]]
[1100.0, 1000.0, 0.004689, [0.0458079587], [31.653999999999996], [5.390000000000001], [0.005865107599183498]]
[1100.0, 300.0, 0.004595, [0.012080430600000002], [3.7729999999999997], [0.784], [0.0013506337814522486]]
[1100.0, 1200.0, 0.00463, [0.06393715999999999], [51.94], [8.33], [0.006934957726619536]]
[1100.0, 1600.0, 0.004973, [0.0485838822], [31.653999999999996], [5.390000000000001], [0.006026089646694612]]
[1200.0, 100.0, 0.00311, [0.00817227586], [3.7729999999999997], [0.784], [0.0008970238770289227]]
[1200.0, 1400.0, 0.00294, [0.018001210360000002], [16.317], [2.7439999999999998], [0.0018767558310233113]]
[1200.0, 1700.0, 0.003586, [0.035025640999999996], [31.653999999999996], [5.390000000000001], [0.004156779198730671]]
[1200.0, 1800.0, 0.003843, [0.016925901440000002], [9.555], [1.6660000000000001], [0.002037639415794659]]
[1200.0, 700.0, 0.003019, [0.0294914634], [31.653999999999996], [5.390000000000001], [0.0038073315314009633]]
[1200.0, 200.0, 0.002697, [0.01651335084], [16.317], [2.7439999999999998], [0.0018017541333711434]]
[1200.0, 1900.0, 0.003297, [0.01451899988], [9.555], [1.6660000000000001], [0.0016877995764900526]]
[1200.0, 1200.0, 0.003342, [0.0147166404], [9.555], [1.6660000000000001], [0.0016993313033072746]]
[1200.0, 1100.0, 0.003027, [0.01853620804], [16.317], [2.7439999999999998], [0.0019017748800949075]]
[1200.0, 1300.0, 0.003205, [0.0196229908], [16.317], [2.7439999999999998], [0.0019622987120211845]]
[1200.0, 2000.0, 0.002942, [0.01295422016], [9.555], [1.6660000000000001], [0.001594554262733006]]
[1200.0, 800.0, 0.003078, [0.013551683039999998], [9.555], [1.6660000000000001], [0.0016314309339717694]]
[1200.0, 1600.0, 0.00357, [0.0218625456], [16.317], [2.7439999999999998], [0.0020751013465370796]]
[1200.0, 1000.0, 0.003595, [0.022015602000000002], [16.317], [2.7439999999999998], [0.0020802775576350386]]
[1200.0, 1500.0, 0.003459, [0.0090906956], [3.7729999999999997], [0.784], [0.0009426612307929079]]
[1200.0, 300.0, 0.003134, [0.01380114792], [9.555], [1.6660000000000001], [0.0016495528145530835]]
[1200.0, 600.0, 0.003152, [0.030790776800000003], [31.653999999999996], [5.390000000000001], [0.0038792724708377985]]
[1200.0, 500.0, 0.002986, [0.01828329944], [16.317], [2.7439999999999998], [0.001895889976343564]]
[1200.0, 900.0, 0.003354, [0.032761306899999995], [31.653999999999996], [5.390000000000001], [0.004002430860364736]]
[1200.0, 400.0, 0.002918, [0.01786461012], [16.317], [2.7439999999999998], [0.001872719947755136]]
[1300.0, 1600.0, 0.002198, [0.00967932672], [9.555], [1.6660000000000001], [0.001117672363297939]]
[1300.0, 1700.0, 0.002312, [0.01017866612], [9.555], [1.6660000000000001], [0.0011451894400491126]]
[1300.0, 900.0, 0.002338, [0.01431546956], [16.317], [2.7439999999999998], [0.001358764257110114]]
[1300.0, 200.0, 0.002237, [0.013694357320000001], [16.317], [2.7439999999999998], [0.00133011353368049]]
[1300.0, 1800.0, 0.002373, [0.014525863799999999], [16.317], [2.7439999999999998], [0.0013664782084175364]]
[1300.0, 1000.0, 0.002235, [0.009842183119999999], [9.555], [1.6660000000000001], [0.001128975992942277]]
[1300.0, 1400.0, 0.002346, [0.010329674320000001], [9.555], [1.6660000000000001], [0.0011548926413134687]]
[1300.0, 1200.0, 0.002382, [0.01458279004], [16.317], [2.7439999999999998], [0.0013718335299007676]]
[1300.0, 500.0, 0.001927, [0.011798372880000001], [16.317], [2.7439999999999998], [0.0012300654565997697]]
[1300.0, 100.0, 0.001957, [0.00861507416], [9.555], [1.6660000000000001], [0.001052498830327141]]
[1300.0, 1100.0, 0.002081, [0.00916081656], [9.555], [1.6660000000000001], [0.0010871886967035666]]
[1300.0, 2000.0, 0.002061, [0.012617392199999999], [16.317], [2.7439999999999998], [0.0012745491339607117]]
[1300.0, 1300.0, 0.002249, [0.00990334296], [9.555], [1.6660000000000001], [0.0011285907382217878]]
[1300.0, 1500.0, 0.002403, [0.014709380559999999], [16.317], [2.7439999999999998], [0.0013776595869226913]]
[1300.0, 600.0, 0.001989, [0.0121775486], [16.317], [2.7439999999999998], [0.001256018405979785]]
[1300.0, 300.0, 0.002181, [0.009603668760000001], [9.555], [1.6660000000000001], [0.001116403853164257]]
[1300.0, 1900.0, 0.002038, [0.012475347080000001], [16.317], [2.7439999999999998], [0.0012666796271196597]]
[1300.0, 400.0, 0.002371, [0.010440596600000001], [9.555], [1.6660000000000001], [0.001160066364170602]]
[1300.0, 700.0, 0.002169, [0.01327980164], [16.317], [2.7439999999999998], [0.0013084976734560898]]
[1300.0, 800.0, 0.00263, [0.01610464772], [16.317], [2.7439999999999998], [0.0016104648643668075]]
[1400.0, 1100.0, 0.001559, [0.00954059008], [16.317], [2.7439999999999998], [0.0009015009293395099]]
[1400.0, 400.0, 0.001496, [0.0065869328], [9.555], [1.6660000000000001], [0.00075065082972045]]
[1400.0, 1500.0, 0.00161, [0.009854054840000001], [16.317], [2.7439999999999998], [0.000918895368232967]]
[1400.0, 1800.0, 0.001532, [0.006745045999999999], [9.555], [1.6660000000000001], [0.0007588769702659319]]
[1400.0, 1600.0, 0.001535, [0.00675895416], [9.555], [1.6660000000000001], [0.0007604416072782972]]
[1400.0, 1400.0, 0.001729, [0.01058274364], [16.317], [2.7439999999999998], [0.0009503583032940787]]
[1400.0, 600.0, 0.001366, [0.0083594196], [16.317], [2.7439999999999998], [0.000844428872457592]]
[1400.0, 1700.0, 0.001485, [0.00909015464], [16.317], [2.7439999999999998], [0.0008829139753339508]]
[1400.0, 900.0, 0.0015, [0.006601499520000001], [9.555], [1.6660000000000001], [0.0007523107092152815]]
[1400.0, 100.0, 0.001645, [0.007241955], [9.555], [1.6660000000000001], [0.0007855004142583249]]
[1400.0, 700.0, 0.001643, [0.0043154692], [3.7729999999999997], [0.784], [0.0004294052033685666]]
[1400.0, 2000.0, 0.001647, [0.004324957559999999], [3.7729999999999997], [0.784], [0.0004282346582891207]]
[1400.0, 800.0, 0.001525, [0.009334529400000001], [16.317], [2.7439999999999998], [0.0008940859624890662]]
[1400.0, 1300.0, 0.00172, [0.01052682484], [16.317], [2.7439999999999998], [0.000949171764181805]]
[1400.0, 300.0, 0.001329, [0.00584858708], [9.555], [1.6660000000000001], [0.0007092454385894913]]
[1400.0, 1200.0, 0.001437, [0.008795754800000001], [16.317], [2.7439999999999998], [0.0008666715757194302]]
[1400.0, 500.0, 0.001343, [0.018547445699999998], [51.94], [8.33], [0.0019884946215667767]]
[1400.0, 1000.0, 0.001405, [0.0036897931000000003], [3.7729999999999997], [0.784], [0.0003978806034478183]]
[1400.0, 200.0, 0.00135, [0.00826580412], [16.317], [2.7439999999999998], [0.0008392652713415466]]
[1400.0, 1900.0, 0.001691, [0.01035135584], [16.317], [2.7439999999999998], [0.0009410321088677048]]
[1500.0, 1500.0, 0.001007, [0.0124998706], [44.099999999999994], [7.3500000000000005], [0.001332490741693915]]
[1500.0, 1100.0, 0.001181, [0.00722939532], [16.317], [2.7439999999999998], [0.0006415050357401724]]
[1500.0, 1800.0, 0.001241, [0.0032594643199999997], [3.7729999999999997], [0.784], [0.00030394666427516524]]
[1500.0, 400.0, 0.001122, [0.0068674676], [16.317], [2.7439999999999998], [0.0007009078936351051]]
[1500.0, 200.0, 0.000873, [0.005345562880000001], [16.317], [2.7439999999999998], [0.0005513527031438224]]
[1500.0, 500.0, 0.000964, [0.00590372384], [16.317], [2.7439999999999998], [0.0005789077580133125]]
[1500.0, 1300.0, 0.000976, [0.00256199832], [3.7729999999999997], [0.784], [0.00027005834234846365]]
[1500.0, 600.0, 0.001077, [0.00659018248], [16.317], [2.7439999999999998], [0.0006118830262198813]]
[1500.0, 1000.0, 0.001059, [0.00648053028], [16.317], [2.7439999999999998], [0.0006069571909385373]]
[1500.0, 2000.0, 0.001048, [0.00461333824], [9.555], [1.6660000000000001], [0.0005125931383543873]]
[1500.0, 800.0, 0.001076, [0.010507839299999999], [31.653999999999996], [5.390000000000001], [0.0012215117214337322]]
[1500.0, 1700.0, 0.001149, [0.005059593], [9.555], [1.6660000000000001], [0.0005363157422862021]]
[1500.0, 1200.0, 0.001115, [0.0029293621], [3.7729999999999997], [0.784], [0.0002886386332146132]]
[1500.0, 300.0, 0.000851, [0.00374663016], [9.555], [1.6660000000000001], [0.00046117821239082836]]
[1500.0, 1400.0, 0.001171, [0.0051554467999999996], [9.555], [1.6660000000000001], [0.0005404377558831359]]
[1500.0, 100.0, 0.000927, [0.005676773479999999], [16.317], [2.7439999999999998], [0.0005676772805318177]]
[1500.0, 900.0, 0.000954, [0.0131719987], [51.94], [8.33], [0.0013658726928231636]]
[1500.0, 700.0, 0.001054, [0.0046399393599999995], [9.555], [1.6660000000000001], [0.0005123956217299285]]
[1500.0, 1900.0, 0.00104, [0.0063642964], [16.317], [2.7439999999999998], [0.0006013693962283083]]
[1500.0, 1600.0, 0.001056, [0.00646461116], [16.317], [2.7439999999999998], [0.0006054662391512842]]
