[100.0, 1800.0, 0.103451, [3.150871199999999], [198.25654999999998], [19.592412], [1.4091126773966658]]
[100.0, 800.0, 0.173711, [1.25676669], [23.0444084], [2.8455645999999994], [0.628383487847986]]
[100.0, 500.0, 0.258107, [1.5699747099999999], [15.114146399999997], [2.1924842], [1.1101397398526005]]
[100.0, 1100.0, 0.292195, [3.9369178199999997], [60.643179999999994], [6.530804], [1.7606430143558345]]
[100.0, 600.0, 0.180576, [2.3672428], [60.643179999999994], [6.530804], [1.366728510568211]]
[100.0, 1400.0, 0.278779, [3.1476903000000003], [43.38319799999999], [5.131346], [2.2257526744901375]]
[100.0, 1700.0, 0.252189, [1.57429204], [15.114146399999997], [2.1924842], [1.574291952910895]]
[100.0, 100.0, 0.236837, [3.14470628], [60.643179999999994], [6.530804], [1.5723530761250792]]
[100.0, 1200.0, 0.255166, [1.88716288], [23.0444084], [2.8455645999999994], [0.770430996910171]]
[100.0, 1000.0, 0.215762, [1.57804173], [23.0444084], [2.8455645999999994], [0.7057218596586051]]
[100.0, 2000.0, 0.281975, [3.7777821999999994], [60.643179999999994], [6.530804], [1.542273056238745]]
[100.0, 400.0, 0.280203, [3.16602176], [43.38319799999999], [5.131346], [2.2387151341785314]]
[100.0, 1600.0, 0.177878, [1.0426084], [15.114146399999997], [2.1924842], [0.7372355722562496]]
[100.0, 1300.0, 0.178882, [1.0489046499999999], [15.114146399999997], [2.1924842], [0.7416877725835852]]
[100.0, 1500.0, 0.170208, [0.523438945], [4.711508599999999], [0.7463776], [0.3701272811479856]]
[100.0, 900.0, 0.16425, [5.0375014], [198.25654999999998], [19.592412], [1.7810253125657702]]
[100.0, 1900.0, 0.368894, [2.3589512999999998], [15.114146399999997], [2.1924842], [1.3619412663547572]]
[100.0, 200.0, 0.25499, [1.8857532099999996], [23.0444084], [2.8455645999999994], [0.7698557306404882]]
[100.0, 700.0, 0.174342, [1.26155483], [23.0444084], [2.8455645999999994], [0.6307772958025677]]
[100.0, 300.0, 0.282851, [3.7905435199999995], [60.643179999999994], [6.530804], [1.54748266290773]]
[200.0, 1800.0, 0.087694, [0.30425020999999997], [6.530804], [0.8863233999999999], [0.10756867882892306]]
[200.0, 700.0, 0.047675, [0.60970654], [60.643179999999994], [6.530804], [0.3048534216963949]]
[200.0, 2000.0, 0.137715, [0.9843406599999999], [23.0444084], [2.8455645999999994], [0.27300699661363986]]
[200.0, 1300.0, 0.055219, [0.18985292499999998], [6.530804], [0.8863233999999999], [0.08490480451658787]]
[200.0, 1400.0, 0.055272, [0.19003772999999996], [6.530804], [0.8863233999999999], [0.08498743535076228]]
[200.0, 400.0, 0.086065, [0.60943468], [23.0444084], [2.8455645999999994], [0.21546771463493086]]
[200.0, 1900.0, 0.087964, [0.30521345], [6.530804], [0.8863233999999999], [0.10790924366105063]]
[200.0, 1700.0, 0.066182, [0.22822646999999996], [6.530804], [0.8863233999999999], [0.09317305393728381]]
[200.0, 500.0, 0.047659, [0.6094972399999999], [60.643179999999994], [6.530804], [0.30474869811042665]]
[200.0, 1500.0, 0.086304, [0.61115416], [23.0444084], [2.8455645999999994], [0.21607559292988182]]
[200.0, 100.0, 0.087482, [0.30349684499999996], [6.530804], [0.8863233999999999], [0.10730233978110634]]
[200.0, 600.0, 0.064922, [0.45815723999999997], [23.0444084], [2.8455645999999994], [0.18704189132384222]]
[200.0, 1000.0, 0.055484, [0.19077545499999998], [6.530804], [0.8863233999999999], [0.08531735991285712]]
[200.0, 1200.0, 0.055474, [0.19074291], [6.530804], [0.8863233999999999], [0.08530279552863435]]
[200.0, 300.0, 0.075192, [0.53149274], [23.0444084], [2.8455645999999994], [0.20088536280675107]]
[200.0, 1600.0, 0.055287, [0.19008902], [6.530804], [0.8863233999999999], [0.08501039268818843]]
[200.0, 900.0, 0.0859, [0.6082481099999999], [23.0444084], [2.8455645999999994], [0.21504821657014503]]
[200.0, 800.0, 0.066221, [0.22836458499999998], [6.530804], [0.8863233999999999], [0.09322943680780228]]
[200.0, 1100.0, 0.043194, [0.30383483], [23.0444084], [2.8455645999999994], [0.15191744623314335]]
[200.0, 200.0, 0.043152, [0.30353422], [23.0444084], [2.8455645999999994], [0.15176709946493674]]
[300.0, 2000.0, 0.034013, [0.11626706999999999], [6.530804], [0.8863233999999999], [0.04110660482209641]]
[300.0, 400.0, 0.021307, [0.0726026395], [6.530804], [0.8863233999999999], [0.032468882984328234]]
[300.0, 1000.0, 0.050886, [0.17470328499999999], [6.530804], [0.8863233999999999], [0.05043250231745397]]
[300.0, 200.0, 0.02979, [0.1017245035], [6.530804], [0.8863233999999999], [0.03844825116308932]]
[300.0, 1600.0, 0.034233, [0.11702733499999998], [6.530804], [0.8863233999999999], [0.041375395466387986]]
[300.0, 1300.0, 0.032007, [0.40866501199999994], [60.643179999999994], [6.530804], [0.15446084914954986]]
[300.0, 800.0, 0.036551, [0.46685629999999995], [60.643179999999994], [6.530804], [0.16505867914169187]]
[300.0, 700.0, 0.04694, [0.16098849999999998], [6.530804], [0.8863233999999999], [0.04853986392646769]]
[300.0, 300.0, 0.029169, [0.20474415999999998], [23.0444084], [2.8455645999999994], [0.07738602845475402]]
[300.0, 900.0, 0.031898, [0.40727112000000004], [60.643179999999994], [6.530804], [0.15393396727168437]]
[300.0, 600.0, 0.027466, [0.350551464], [60.643179999999994], [6.530804], [0.1431120474453496]]
[300.0, 1400.0, 0.046785, [0.160451335], [6.530804], [0.8863233999999999], [0.0483779044347727]]
[300.0, 500.0, 0.020783, [0.145721192], [23.0444084], [2.8455645999999994], [0.0651685102484321]]
[300.0, 1200.0, 0.042592, [0.14591108], [6.530804], [0.8863233999999999], [0.046141132869707474]]
[300.0, 100.0, 0.022885, [0.291986932], [60.643179999999994], [6.530804], [0.1305805266033186]]
[300.0, 1100.0, 0.025639, [0.08745774149999999], [6.530804], [0.8863233999999999], [0.035704473945851654]]
[300.0, 1900.0, 0.029872, [0.1020070125], [6.530804], [0.8863233999999999], [0.03855502561275248]]
[300.0, 1500.0, 0.046813, [0.16054804999999997], [6.530804], [0.8863233999999999], [0.04840706407643413]]
[300.0, 1700.0, 0.042465, [0.14547316], [6.530804], [0.8863233999999999], [0.046002644923960626]]
[300.0, 1800.0, 0.028914, [0.20294705499999996], [23.0444084], [2.8455645999999994], [0.0767067758415122]]
[400.0, 900.0, 0.019978, [0.068050951], [6.530804], [0.8863233999999999], [0.02151960680402874]]
[400.0, 1200.0, 0.009974, [0.033893547499999996], [6.530804], [0.8863233999999999], [0.01515765874896252]]
[400.0, 1500.0, 0.019994, [0.068104771], [6.530804], [0.8863233999999999], [0.02153661406187147]]
[400.0, 200.0, 0.015874, [0.054016040499999994], [6.530804], [0.8863233999999999], [0.019097553174425252]]
[400.0, 1600.0, 0.017011, [0.21693038799999997], [60.643179999999994], [6.530804], [0.0766964719397183]]
[400.0, 500.0, 0.021905, [0.07464916799999999], [6.530804], [0.8863233999999999], [0.022507574252904287]]
[400.0, 1700.0, 0.013953, [0.04745775149999999], [6.530804], [0.8863233999999999], [0.01793734227108353]]
[400.0, 300.0, 0.015906, [0.05412556649999999], [6.530804], [0.8863233999999999], [0.019136279895789567]]
[400.0, 1300.0, 0.02391, [0.081521453], [6.530804], [0.8863233999999999], [0.023533215164953554]]
[400.0, 1400.0, 0.017925, [0.061027636499999996], [6.530804], [0.8863233999999999], [0.02034254435290728]]
[400.0, 1100.0, 0.01596, [0.054311613499999994], [6.530804], [0.8863233999999999], [0.019202055912063167]]
[400.0, 800.0, 0.011978, [0.040721143499999994], [6.530804], [0.8863233999999999], [0.016624334926546684]]
[400.0, 100.0, 0.012925, [0.13539962], [43.38319799999999], [5.131346], [0.09574199145620482]]
[400.0, 1000.0, 0.017893, [0.06091583349999999], [6.530804], [0.8863233999999999], [0.020305281369633863]]
[400.0, 400.0, 0.013991, [0.047588587], [6.530804], [0.8863233999999999], [0.017986797776424795]]
[400.0, 1800.0, 0.013967, [0.04750765], [6.530804], [0.8863233999999999], [0.01795620694216905]]
[400.0, 2000.0, 0.017904, [0.06095553149999999], [6.530804], [0.8863233999999999], [0.020318511645787442]]
[400.0, 600.0, 0.013959, [0.047479693499999996], [6.530804], [0.8863233999999999], [0.017945638536981622]]
[400.0, 700.0, 0.011961, [0.040664897], [6.530804], [0.8863233999999999], [0.016601376260720075]]
[400.0, 1900.0, 0.017926, [0.061031408499999995], [6.530804], [0.8863233999999999], [0.02034380228718319]]
[500.0, 1700.0, 0.009089, [0.06363499699999998], [23.0444084], [2.8455645999999994], [0.02121166442785667]]
[500.0, 1100.0, 0.00947, [0.0035321912666666662], [0.08396748], [0.03265402], [0.0008325452475005803]]
[500.0, 300.0, 0.009375, [0.031850262], [6.530804], [0.8863233999999999], [0.010616755529586238]]
[500.0, 1300.0, 0.008031, [0.056222534], [23.0444084], [2.8455645999999994], [0.019877667999541593]]
[500.0, 1800.0, 0.007268, [0.024680966500000002], [6.530804], [0.8863233999999999], [0.009328527523141044]]
[500.0, 1400.0, 0.007192, [0.0026695818888888886], [0.08396748], [0.03265402], [0.0006474688499108959]]
[500.0, 600.0, 0.006235, [0.02116874], [6.530804], [0.8863233999999999], [0.00864210117969004]]
[500.0, 1900.0, 0.006215, [0.0210989465], [6.530804], [0.8863233999999999], [0.008613610546687144]]
[500.0, 1200.0, 0.006195, [0.0210320855], [6.530804], [0.8863233999999999], [0.008586313102839891]]
[500.0, 800.0, 0.007295, [0.024773184999999996], [6.530804], [0.8863233999999999], [0.009363383050479136]]
[500.0, 1000.0, 0.010382, [0.035282551999999995], [6.530804], [0.8863233999999999], [0.011157322876702994]]
[500.0, 2000.0, 0.007766, [0.098968724], [60.643179999999994], [6.530804], [0.037406669966731865]]
[500.0, 700.0, 0.007059, [0.04941241799999999], [23.0444084], [2.8455645999999994], [0.018676141625078774]]
[500.0, 100.0, 0.007233, [0.024560687999999997], [6.530804], [0.8863233999999999], [0.009283066838335269]]
[500.0, 200.0, 0.008282, [0.028131736999999997], [6.530804], [0.8863233999999999], [0.009946071371400871]]
[500.0, 1500.0, 0.008021, [0.05615353399999999], [23.0444084], [2.8455645999999994], [0.01985327439492035]]
[500.0, 900.0, 0.010311, [0.035038533499999996], [6.530804], [0.8863233999999999], [0.01108015719992275]]
[500.0, 1600.0, 0.008281, [0.0281288735], [6.530804], [0.8863233999999999], [0.009945060105399061]]
[500.0, 500.0, 0.008293, [0.028169687], [6.530804], [0.8863233999999999], [0.009959486679794296]]
[500.0, 400.0, 0.003401, [0.0012520663333333334], [0.08396748], [0.03265402], [0.00044267232716148846]]
[600.0, 200.0, 0.005198, [0.017643691], [6.530804], [0.8863233999999999], [0.00588123087457039]]
[600.0, 1400.0, 0.004483, [0.031368296999999996], [23.0444084], [2.8455645999999994], [0.011090367708060902]]
[600.0, 1900.0, 0.00351, [0.019645309700000002], [15.114146399999997], [2.1924842], [0.01964531102069906]]
[600.0, 100.0, 0.00521, [0.017683848999999998], [6.530804], [0.8863233999999999], [0.00589461664359948]]
[600.0, 800.0, 0.003362, [0.023523595], [23.0444084], [2.8455645999999994], [0.009603465400572856]]
[600.0, 1200.0, 0.003546, [0.0013057396444444444], [0.08396748], [0.03265402], [0.0003371406048769417]]
[600.0, 600.0, 0.002888, [0.0097967557], [6.530804], [0.8863233999999999], [0.004381243430808198]]
[600.0, 1600.0, 0.006353, [0.021567927999999997], [6.530804], [0.8863233999999999], [0.006502974949974818]]
[600.0, 400.0, 0.003915, [0.027396472999999998], [23.0444084], [2.8455645999999994], [0.010354895286771373]]
[600.0, 500.0, 0.006355, [0.021575379999999998], [6.530804], [0.8863233999999999], [0.006505220766814912]]
[600.0, 1100.0, 0.004313, [0.05494911599999999], [60.643179999999994], [6.530804], [0.020768814063398033]]
[600.0, 300.0, 0.005056, [0.035382096], [23.0444084], [2.8455645999999994], [0.011794033555149824]]
[600.0, 1700.0, 0.002839, [0.001043892311111111], [0.08396748], [0.03265402], [0.0003013457104144427]]
[600.0, 1500.0, 0.006335, [0.021507116], [6.530804], [0.8863233999999999], [0.006484640859369159]]
[600.0, 1800.0, 0.003553, [0.0013085916444444444], [0.08396748], [0.03265402], [0.00033787688027182654]]
[600.0, 1000.0, 0.004321, [0.055055283999999996], [60.643179999999994], [6.530804], [0.020808937791247296]]
[600.0, 2000.0, 0.005215, [0.017701582], [6.530804], [0.8863233999999999], [0.00590052661632841]]
[600.0, 700.0, 0.003782, [0.0013935096888888889], [0.08396748], [0.03265402], [0.00034837747258886786]]
[600.0, 1300.0, 0.002888, [0.0097972341], [6.530804], [0.8863233999999999], [0.004381456233377209]]
[600.0, 900.0, 0.004627, [0.0157016515], [6.530804], [0.8863233999999999], [0.005551371738138241]]
[700.0, 2000.0, 0.002783, [0.0010231263777777777], [0.08396748], [0.03265402], [0.00022877798078885816]]
[700.0, 100.0, 0.002508, [0.000921688711111111], [0.08396748], [0.03265402], [0.00021724416882597534]]
[700.0, 1000.0, 0.002492, [0.0009156545333333332], [0.08396748], [0.03265402], [0.00021582189421995938]]
[700.0, 600.0, 0.002709, [0.009190877049999999], [6.530804], [0.8863233999999999], [0.0032494653637175452]]
[700.0, 1400.0, 0.003039, [0.0103088001], [6.530804], [0.8863233999999999], [0.003436266967218932]]
[700.0, 1900.0, 0.002639, [0.0184601312], [23.0444084], [2.8455645999999994], [0.006526640583025849]]
[700.0, 200.0, 0.002628, [0.018388497699999996], [23.0444084], [2.8455645999999994], [0.006501315658387924]]
[700.0, 400.0, 0.002642, [0.0009709260888888888], [0.08396748], [0.03265402], [0.000222745717172112]]
[700.0, 1300.0, 0.003391, [0.011505565999999998], [6.530804], [0.8863233999999999], [0.003638377189764689]]
[700.0, 1100.0, 0.002221, [0.0008155518888888889], [0.08396748], [0.03265402], [0.000203888045653721]]
[700.0, 800.0, 0.002227, [0.0008179602444444443], [0.08396748], [0.03265402], [0.0002044900560231369]]
[700.0, 1500.0, 0.002771, [0.0010188969333333334], [0.08396748], [0.03265402], [0.00022783227109671362]]
[700.0, 1600.0, 0.003242, [0.0413105714], [60.643179999999994], [6.530804], [0.01377019200737593]]
[700.0, 1800.0, 0.002019, [0.00684622485], [6.530804], [0.8863233999999999], [0.0027949599621461484]]
[700.0, 1200.0, 0.002771, [0.0010186572222222222], [0.08396748], [0.03265402], [0.00022777871815524037]]
[700.0, 700.0, 0.002701, [0.009162886049999997], [6.530804], [0.8863233999999999], [0.0032395695952549004]]
[700.0, 900.0, 0.002083, [0.0007647571555555554], [0.08396748], [0.03265402], [0.00019745942830657769]]
[700.0, 300.0, 0.002357, [0.0008656244222222222], [0.08396748], [0.03265402], [0.00020994476051841777]]
[700.0, 500.0, 0.001812, [0.0006649494222222221], [0.08396748], [0.03265402], [0.00018442387596157757]]
[700.0, 1700.0, 0.002705, [0.009177193199999998], [6.530804], [0.8863233999999999], [0.0032446279424611997]]
[800.0, 300.0, 0.001433, [0.004859060499999999], [6.530804], [0.8863233999999999], [0.0018365525203489278]]
[800.0, 100.0, 0.001239, [0.008667218799999998], [23.0444084], [2.8455645999999994], [0.0038760984997804164]]
[800.0, 1800.0, 0.001843, [0.006249812999999999], [6.530804], [0.8863233999999999], [0.002083271262942011]]
[800.0, 800.0, 0.002456, [0.00833110485], [6.530804], [0.8863233999999999], [0.0024049827125158297]]
[800.0, 400.0, 0.002674, [0.0090692749], [6.530804], [0.8863233999999999], [0.002515364166477689]]
[800.0, 200.0, 0.001194, [0.0083503754], [23.0444084], [2.8455645999999994], [0.003409025985527244]]
[800.0, 1700.0, 0.001684, [0.0006178515555555555], [0.08396748], [0.03265402], [0.00013815581984854888]]
[800.0, 600.0, 0.001436, [0.004871019349999999], [6.530804], [0.8863233999999999], [0.0018410720626852168]]
[800.0, 1600.0, 0.002015, [0.0007397142444444445], [0.08396748], [0.03265402], [0.000150993554829337]]
[800.0, 1000.0, 0.001982, [0.013864876099999998], [23.0444084], [2.8455645999999994], [0.004384458817231608]]
[800.0, 1100.0, 0.002452, [0.008316093899999998], [6.530804], [0.8863233999999999], [0.0024006494459833153]]
[800.0, 1500.0, 0.00159, [0.011121201499999999], [23.0444084], [2.8455645999999994], [0.003931938628717392]]
[800.0, 1400.0, 0.001644, [0.005575477149999999], [6.530804], [0.8863233999999999], [0.0019712288172609492]]
[800.0, 1200.0, 0.002668, [0.0090506173], [6.530804], [0.8863233999999999], [0.0025101897483058924]]
[800.0, 900.0, 0.002189, [0.0008039200222222222], [0.08396748], [0.03265402], [0.0001576616897969498]]
[800.0, 1300.0, 0.001441, [0.0005282435555555555], [0.08396748], [0.03265402], [0.0001281178988854204]]
[800.0, 2000.0, 0.002662, [0.009031226], [6.530804], [0.8863233999999999], [0.0025048114070723966]]
[800.0, 500.0, 0.001847, [0.0062646974499999996], [6.530804], [0.8863233999999999], [0.002088232812691152]]
[800.0, 1900.0, 0.001685, [0.0006180687777777778], [0.08396748], [0.03265402], [0.00013820439718934102]]
[800.0, 700.0, 0.001442, [0.0048915526], [6.530804], [0.8863233999999999], [0.0018488330792691913]]
[900.0, 200.0, 0.001277, [0.004330827549999999], [6.530804], [0.8863233999999999], [0.0013695278492969756]]
[900.0, 1100.0, 0.001204, [0.0004412566866666666], [0.08396748], [0.03265402], [9.20083903581423e-05]]
[900.0, 300.0, 0.001044, [0.00038223204222222223], [0.08396748], [0.03265402], [8.54696682318021e-05]]
[900.0, 1000.0, 0.001003, [0.0003672941555555555], [0.08396748], [0.03265402], [8.426306500155799e-05]]
[900.0, 900.0, 0.001106, [0.0004050049555555555], [0.08396748], [0.03265402], [8.837934348905038e-05]]
[900.0, 1600.0, 0.001313, [0.0004811894911111111], [0.08396748], [0.03265402], [0.00010759722902485527]]
[900.0, 700.0, 0.000948, [0.00034722179999999994], [0.08396748], [0.03265402], [8.184097141694454e-05]]
[900.0, 1900.0, 0.00102, [0.0034593333999999995], [6.530804], [0.8863233999999999], [0.001223058926421781]]
[900.0, 500.0, 0.000683, [0.0002498973], [0.08396748], [0.03265402], [6.93090412572559e-05]]
[900.0, 1400.0, 0.001306, [0.00047871085777777776], [0.08396748], [0.03265402], [9.574217590442353e-05]]
[900.0, 1200.0, 0.001143, [0.0038773181499999997], [6.530804], [0.8863233999999999], [0.0012924393583452958]]
[900.0, 1500.0, 0.000636, [0.00215606485], [6.530804], [0.8863233999999999], [0.0009642212015403933]]
[900.0, 800.0, 0.001047, [0.00038367587999999994], [0.08396748], [0.03265402], [8.579253877023326e-05]]
[900.0, 400.0, 0.000945, [0.00034600734888888887], [0.08396748], [0.03265402], [8.155472497306395e-05]]
[900.0, 100.0, 0.000867, [0.0060611992], [23.0444084], [2.8455645999999994], [0.0022909177680571595]]
[900.0, 600.0, 0.001148, [0.0038930064499999996], [6.530804], [0.8863233999999999], [0.0012976688868891015]]
[900.0, 1800.0, 0.000948, [0.00034718448888888885], [0.08396748], [0.03265402], [8.183217704546299e-05]]
[900.0, 2000.0, 0.001018, [0.0034519366], [6.530804], [0.8863233999999999], [0.0012204442387917607]]
[900.0, 1700.0, 0.001164, [0.00042630592], [0.08396748], [0.03265402], [9.088872045624164e-05]]
[900.0, 1300.0, 0.00105, [0.0003846873688888889], [0.08396748], [0.03265402], [8.601870930569281e-05]]
[1000.0, 1600.0, 0.0006, [0.0002194505133333333], [0.08396748], [0.03265402], [5.1724974744756307e-05]]
[1000.0, 1400.0, 0.000728, [0.0024672697999999996], [6.530804], [0.8863233999999999], [0.0008224231251308538]]
[1000.0, 1500.0, 0.000564, [0.0019138644999999997], [6.530804], [0.8863233999999999], [0.0007233726705509408]]
[1000.0, 700.0, 0.000666, [0.00024387891555555555], [0.08396748], [0.03265402], [5.4532992754528255e-05]]
[1000.0, 1900.0, 0.0006, [0.00021971225333333331], [0.08396748], [0.03265402], [5.1786679730707425e-05]]
[1000.0, 1800.0, 0.000867, [0.0003174292866666667], [0.08396748], [0.03265402], [6.225301860894719e-05]]
[1000.0, 500.0, 0.00081, [0.00274781115], [6.530804], [0.8863233999999999], [0.0008689340947390659]]
[1000.0, 1000.0, 0.000648, [0.0021966518], [6.530804], [0.8863233999999999], [0.0007766335793023631]]
[1000.0, 200.0, 0.000665, [0.0002433839555555555], [0.08396748], [0.03265402], [5.4422318134301395e-05]]
[1000.0, 1100.0, 0.00073, [0.00247377305], [6.530804], [0.8863233999999999], [0.00082459097875856]]
[1000.0, 2000.0, 0.000566, [0.00020695650444444444], [0.08396748], [0.03265402], [5.019433017511434e-05]]
[1000.0, 1700.0, 0.000597, [0.00021843120444444444], [0.08396748], [0.03265402], [5.1484722269431476e-05]]
[1000.0, 800.0, 0.000668, [0.00024430886222222216], [0.08396748], [0.03265402], [5.462912310625189e-05]]
[1000.0, 1300.0, 0.000669, [0.00024496891111111107], [0.08396748], [0.03265402], [5.477671037950344e-05]]
[1000.0, 400.0, 0.000531, [0.00019434161777777775], [0.08396748], [0.03265402], [4.858540602909834e-05]]
[1000.0, 300.0, 0.000701, [0.0002567314688888889], [0.08396748], [0.03265402], [5.602339692011843e-05]]
[1000.0, 600.0, 0.000599, [0.0002192315022222222], [0.08396748], [0.03265402], [5.167335861083018e-05]]
[1000.0, 1200.0, 0.000645, [0.0021860902], [6.530804], [0.8863233999999999], [0.0007728997629059023]]
[1000.0, 100.0, 0.000648, [0.00219810885], [6.530804], [0.8863233999999999], [0.000777148949848097]]
[1000.0, 900.0, 0.000323, [0.001093500845], [6.530804], [0.8863233999999999], [0.0005467504444442638]]
[1100.0, 1300.0, 0.000407, [0.00014888927333333332], [0.08396748], [0.03265402], [3.415754446605635e-05]]
[1100.0, 1800.0, 0.000514, [0.00018815937111111108], [0.08396748], [0.03265402], [3.840787626271916e-05]]
[1100.0, 2000.0, 0.000601, [0.00021993131555555551], [0.08396748], [0.03265402], [4.1563108048090963e-05]]
[1100.0, 700.0, 0.000342, [0.00012500474444444441], [0.08396748], [0.03265402], [3.125118244083921e-05]]
[1100.0, 900.0, 0.000365, [0.0012367422], [6.530804], [0.8863233999999999], [0.0004674447991474501]]
[1100.0, 200.0, 0.000624, [0.0021159493999999995], [6.530804], [0.8863233999999999], [0.0006108219343638536]]
[1100.0, 1900.0, 0.000365, [0.0012368180999999998], [6.530804], [0.8863233999999999], [0.0004674732318539747]]
[1100.0, 1500.0, 0.000522, [0.0017705457499999997], [6.530804], [0.8863233999999999], [0.0005598957795875943]]
[1100.0, 800.0, 0.000321, [0.00011728349111111108], [0.08396748], [0.03265402], [3.0282464216314127e-05]]
[1100.0, 500.0, 0.000514, [0.00018792042666666665], [0.08396748], [0.03265402], [3.8359098304262174e-05]]
[1100.0, 1700.0, 0.000408, [0.00014908201333333333], [0.08396748], [0.03265402], [3.420175531557798e-05]]
[1100.0, 400.0, 0.000731, [0.00247988875], [6.530804], [0.8863233999999999], [0.0006627780344881685]]
[1100.0, 600.0, 0.000387, [0.00014140476666666665], [0.08396748], [0.03265402], [3.3329425837638825e-05]]
[1100.0, 1400.0, 0.000415, [0.0014071905999999998], [6.530804], [0.8863233999999999], [0.0004975170346329862]]
[1100.0, 100.0, 0.000352, [0.0024612277], [23.0444084], [2.8455645999999994], [0.0009302563179038344]]
[1100.0, 1100.0, 0.000214, [7.830779333333333e-05], [0.08396748], [0.03265402], [2.476309861143201e-05]]
[1100.0, 1000.0, 0.000471, [0.00017232688666666665], [0.08396748], [0.03265402], [3.674021177113237e-05]]
[1100.0, 300.0, 0.000538, [0.0001968892], [0.08396748], [0.03265402], [3.9377835684682776e-05]]
[1100.0, 1200.0, 0.000515, [0.00018830631555555554], [0.08396748], [0.03265402], [3.8437862962654445e-05]]
[1100.0, 1600.0, 0.000341, [0.00012474356666666666], [0.08396748], [0.03265402], [3.118588746987891e-05]]
[1200.0, 100.0, 0.000351, [0.0001283790488888889], [0.08396748], [0.03265402], [2.5675813050465784e-05]]
[1200.0, 1400.0, 0.000293, [0.00010715004888888887], [0.08396748], [0.03265402], [2.3382056917196404e-05]]
[1200.0, 1700.0, 0.000307, [0.001042010285], [6.530804], [0.8863233999999999], [0.00034733678282036296]]
[1200.0, 1800.0, 0.000297, [0.0010074940699999998], [6.530804], [0.8863233999999999], [0.00038079693538682787]]
[1200.0, 700.0, 0.000204, [0.0006921468199999999], [6.530804], [0.8863233999999999], [0.0002825676604815207]]
[1200.0, 200.0, 0.000308, [0.00011278147111111109], [0.08396748], [0.03265402], [2.404509714661439e-05]]
[1200.0, 1900.0, 0.000336, [0.00012279352444444442], [0.08396748], [0.03265402], [2.5065125474685504e-05]]
[1200.0, 1200.0, 0.000322, [0.00011768864888888889], [0.08396748], [0.03265402], [2.453977461737586e-05]]
[1200.0, 1100.0, 0.00027, [0.0009158598849999998], [6.530804], [0.8863233999999999], [0.0003238053878875396]]
[1200.0, 1300.0, 0.000322, [0.00011769340222222222], [0.08396748], [0.03265402], [2.45407699377139e-05]]
[1200.0, 2000.0, 0.00028, [0.00010236620222222222], [0.08396748], [0.03265402], [2.288977886079934e-05]]
[1200.0, 800.0, 0.000224, [8.194516666666666e-05], [0.08396748], [0.03265402], [2.0486293557003027e-05]]
[1200.0, 1600.0, 0.000365, [0.00013353968666666668], [0.08396748], [0.03265402], [2.6189285454028568e-05]]
[1200.0, 1000.0, 0.000308, [0.00011277017555555555], [0.08396748], [0.03265402], [2.404268513793697e-05]]
[1200.0, 1500.0, 0.000348, [0.00012745102444444443], [0.08396748], [0.03265402], [2.549020822895638e-05]]
[1200.0, 300.0, 0.000307, [0.001041121565], [6.530804], [0.8863233999999999], [0.00034704054381296716]]
[1200.0, 600.0, 0.000335, [0.0001223518222222222], [0.08396748], [0.03265402], [2.49749621188803e-05]]
[1200.0, 500.0, 0.000308, [0.00011278556000000001], [0.08396748], [0.03265402], [2.40459662796276e-05]]
[1200.0, 900.0, 0.000372, [0.0012623527], [6.530804], [0.8863233999999999], [0.0003806138653543772]]
[1200.0, 400.0, 0.000322, [0.00011774410444444444], [0.08396748], [0.03265402], [2.4551348709526938e-05]]
[1300.0, 1600.0, 0.000129, [4.7116307555555555e-05], [0.08396748], [0.03265402], [1.2592361978498347e-05]]
[1300.0, 1700.0, 0.00029, [0.0009827632049999998], [6.530804], [0.8863233999999999], [0.00027256948137126426]]
[1300.0, 900.0, 0.000202, [7.398854666666666e-05], [0.08396748], [0.03265402], [1.5774413370556292e-05]]
[1300.0, 200.0, 0.000166, [6.064113555555555e-05], [0.08396748], [0.03265402], [1.4293260375021093e-05]]
[1300.0, 1800.0, 0.000202, [7.37472e-05], [0.08396748], [0.03265402], [1.572295249187405e-05]]
[1300.0, 1000.0, 0.000179, [0.000607868495], [6.530804], [0.8863233999999999], [0.00021491395563108504]]
[1300.0, 1400.0, 0.000157, [5.724066222222222e-05], [0.08396748], [0.03265402], [1.3882904020750942e-05]]
[1300.0, 1200.0, 0.000248, [9.086262444444443e-05], [0.08396748], [0.03265402], [1.748651470542972e-05]]
[1300.0, 500.0, 0.000155, [0.0005267131099999999], [6.530804], [0.8863233999999999], [0.00019907885133785557]]
[1300.0, 100.0, 0.000216, [0.0015088846399999999], [23.0444084], [2.8455645999999994], [0.0004771511729001616]]
[1300.0, 1100.0, 0.000175, [6.392763111111111e-05], [0.08396748], [0.03265402], [1.4666005368929925e-05]]
[1300.0, 2000.0, 0.000147, [5.371833999999999e-05], [0.08396748], [0.03265402], [1.3429591065908553e-05]]
[1300.0, 1300.0, 0.000193, [7.043192888888888e-05], [0.08396748], [0.03265402], [1.5369510544268166e-05]]
[1300.0, 1500.0, 0.000131, [0.00037803513], [4.711508599999999], [0.7463776], [0.0003780351045207309]]
[1300.0, 600.0, 0.000231, [8.445615333333331e-05], [0.08396748], [0.03265402], [1.6891228580626186e-05]]
[1300.0, 300.0, 0.000204, [7.445391333333332e-05], [0.08396748], [0.03265402], [1.5873623454657318e-05]]
[1300.0, 1900.0, 0.000101, [3.6892056222222216e-05], [0.08396748], [0.03265402], [1.112337371106668e-05]]
[1300.0, 400.0, 0.000202, [7.394729999999998e-05], [0.08396748], [0.03265402], [1.576561472647685e-05]]
[1300.0, 700.0, 0.000202, [7.396672222222222e-05], [0.08396748], [0.03265402], [1.5769754171111352e-05]]
[1300.0, 800.0, 0.000276, [0.0001007910088888889], [0.08396748], [0.03265402], [2.0573876123993556e-05]]
[1400.0, 1100.0, 0.000146, [5.3312313333333326e-05], [0.08396748], [0.03265402], [1.0882334557993463e-05]]
[1400.0, 400.0, 0.000148, [0.0005019198], [6.530804], [0.8863233999999999], [0.00015872095694961016]]
[1400.0, 1500.0, 0.000122, [4.468958777777777e-05], [0.08396748], [0.03265402], [9.992895402160401e-06]]
[1400.0, 1800.0, 0.000128, [4.6755887333333325e-05], [0.08396748], [0.03265402], [1.0202972263627186e-05]]
[1400.0, 1600.0, 0.000192, [0.0006525856699999999], [6.530804], [0.8863233999999999], [0.0001809946928089329]]
[1400.0, 1400.0, 0.000116, [4.228530066666667e-05], [0.08396748], [0.03265402], [9.700913124896547e-06]]
[1400.0, 600.0, 0.00014, [5.116079111111111e-05], [0.08396748], [0.03265402], [1.0667759481056881e-05]]
[1400.0, 1700.0, 9.2e-05, [3.354408422222222e-05], [0.08396748], [0.03265402], [8.66104584680706e-06]]
[1400.0, 900.0, 0.000147, [5.365649555555555e-05], [0.08396748], [0.03265402], [1.0952588777922395e-05]]
[1400.0, 100.0, 9.7e-05, [3.5548084444444444e-05], [0.08396748], [0.03265402], [8.88702151496256e-06]]
[1400.0, 700.0, 0.000128, [4.679668933333333e-05], [0.08396748], [0.03265402], [1.0211874651660905e-05]]
[1400.0, 2000.0, 0.000169, [6.19197311111111e-05], [0.08396748], [0.03265402], [1.1701726758722511e-05]]
[1400.0, 800.0, 0.000116, [4.2430568666666665e-05], [0.08396748], [0.03265402], [9.734238250679282e-06]]
[1400.0, 1300.0, 0.00011, [4.0172060666666665e-05], [0.08396748], [0.03265402], [9.468643374740898e-06]]
[1400.0, 300.0, 0.000129, [4.709995711111111e-05], [0.08396748], [0.03265402], [1.0278054304988678e-05]]
[1400.0, 1200.0, 0.000164, [6.012552666666666e-05], [0.08396748], [0.03265402], [1.1571163862628619e-05]]
[1400.0, 500.0, 0.000129, [0.0009006149099999998], [23.0444084], [2.8455645999999994], [0.00030020489536315025]]
[1400.0, 1000.0, 0.000119, [0.00040277761], [6.530804], [0.8863233999999999], [0.0001424033906724134]]
[1400.0, 200.0, 8.8e-05, [0.00029998968999999997], [6.530804], [0.8863233999999999], [0.00012247030272682433]]
[1400.0, 1900.0, 0.000104, [3.7924510888888884e-05], [0.08396748], [0.03265402], [9.198046212291867e-06]]
[1500.0, 1500.0, 0.000101, [3.704095311111111e-05], [0.08396748], [0.03265402], [7.4081901523471526e-06]]
[1500.0, 1100.0, 0.000106, [3.859497622222222e-05], [0.08396748], [0.03265402], [7.569098268128945e-06]]
[1500.0, 1800.0, 7.3e-05, [2.6607871999999996e-05], [0.08396748], [0.03265402], [6.271535358513608e-06]]
[1500.0, 400.0, 0.000107, [3.917454555555555e-05], [0.08396748], [0.03265402], [8.548585065218918e-06]]
[1500.0, 200.0, 7.7e-05, [2.8175940444444444e-05], [0.08396748], [0.03265402], [6.464003854203716e-06]]
[1500.0, 500.0, 8.1e-05, [2.960615711111111e-05], [0.08396748], [0.03265402], [6.62013596145488e-06]]
[1500.0, 1300.0, 0.000102, [3.711637777777777e-05], [0.08396748], [0.03265402], [7.423276146065209e-06]]
[1500.0, 600.0, 0.000105, [3.851873888888888e-05], [0.08396748], [0.03265402], [7.554144413973067e-06]]
[1500.0, 1000.0, 8.9e-05, [3.261276311111111e-05], [0.08396748], [0.03265402], [6.9530632062866556e-06]]
[1500.0, 2000.0, 6.9e-05, [0.00023392149999999998], [6.530804], [0.8863233999999999], [8.841400888716674e-05]]
[1500.0, 800.0, 6.9e-05, [0.000233282215], [6.530804], [0.8863233999999999], [8.817238314801295e-05]]
[1500.0, 1700.0, 9.7e-05, [3.557918555555556e-05], [0.08396748], [0.03265402], [7.262572359980353e-06]]
[1500.0, 1200.0, 8.1e-05, [2.966573222222222e-05], [0.08396748], [0.03265402], [6.633460237014266e-06]]
[1500.0, 300.0, 8.1e-05, [2.9606433111111107e-05], [0.08396748], [0.03265402], [6.6201990981212516e-06]]
[1500.0, 1400.0, 9.3e-05, [3.397911644444444e-05], [0.08396748], [0.03265402], [7.085135711430143e-06]]
[1500.0, 100.0, 8.5e-05, [3.108709133333333e-05], [0.08396748], [0.03265402], [6.783759648083278e-06]]
[1500.0, 900.0, 8.1e-05, [2.9547312888888888e-05], [0.08396748], [0.03265402], [6.606980535953555e-06]]
[1500.0, 700.0, 9.3e-05, [3.393794644444444e-05], [0.08396748], [0.03265402], [7.076550676811513e-06]]
[1500.0, 1900.0, 8.1e-05, [2.9636133777777778e-05], [0.08396748], [0.03265402], [6.6268408688631234e-06]]
[1500.0, 1600.0, 0.000101, [3.696891711111111e-05], [0.08396748], [0.03265402], [7.393783575109266e-06]]
