[100.0, 1800.0, 0.723544, [8143.603100000001], [72956.0], [7476.803199999999], [693.2296150627152]]
[100.0, 800.0, 0.696897, [297.299104], [3085.22], [282.25002], [11.816578274272125]]
[100.0, 500.0, 0.678834, [286.366744], [3085.22], [282.25002], [11.585157853736822]]
[100.0, 1100.0, 0.701468, [300.133808], [3085.22], [282.25002], [11.901078181744712]]
[100.0, 600.0, 0.686462, [3.5458433], [3.21632], [1.43891266], [2.0471932942445856]]
[100.0, 1400.0, 0.698775, [298.460144], [3085.22], [282.25002], [11.83471493665986]]
[100.0, 1700.0, 0.782837, [4.706476199999999], [2.29908], [1.6828630800000002], [2.3532383432198283]]
[100.0, 100.0, 0.672451, [76.525692], [560.28], [73.457538], [9.491843357325278]]
[100.0, 1200.0, 0.679317, [286.653416], [3085.22], [282.25002], [11.615778785772394]]
[100.0, 1000.0, 0.701191, [299.961216], [3085.22], [282.25002], [11.903601237944757]]
[100.0, 2000.0, 0.652842, [271.322168], [3085.22], [282.25002], [11.275764109629112]]
[100.0, 400.0, 0.679304, [286.645688], [3085.22], [282.25002], [11.61547128548816]]
[100.0, 1600.0, 0.687861, [21.6405896], [151.52399999999997], [16.2359806], [3.5576911206567665]]
[100.0, 1300.0, 0.698728, [298.431256], [3085.22], [282.25002], [11.86157680445564]]
[100.0, 1500.0, 0.735501, [18.8474788], [70.426], [13.311259199999999], [4.7118687163374995]]
[100.0, 900.0, 0.688034, [17.687078200000002], [76.31400000000001], [13.939518], [4.566784459113436]]
[100.0, 1900.0, 0.717236, [310.144144], [3085.22], [282.25002], [12.090677662397589]]
[100.0, 200.0, 0.684573, [289.794664], [3085.22], [282.25002], [11.657251713161212]]
[100.0, 700.0, 0.675772, [284.55415999999997], [3085.22], [282.25002], [11.607206533873688]]
[100.0, 300.0, 0.67656, [285.019496], [3085.22], [282.25002], [11.597282225073252]]
[200.0, 1800.0, 0.75546, [134.65037199999998], [1401.1599999999999], [108.248672], [4.366337833929024]]
[200.0, 700.0, 0.733872, [128.611561], [1401.1599999999999], [108.248672], [4.275192707937269]]
[200.0, 2000.0, 0.748414, [132.639528], [1401.1599999999999], [108.248672], [4.326224188596795]]
[200.0, 1300.0, 0.736667, [129.373482], [1401.1599999999999], [108.248672], [4.283984470093233]]
[200.0, 1400.0, 0.765462, [137.577398], [1401.1599999999999], [108.248672], [4.42190537438331]]
[200.0, 400.0, 0.745315, [131.76755200000002], [1401.1599999999999], [108.248672], [4.330150572439716]]
[200.0, 1900.0, 0.759086, [135.701587], [1401.1599999999999], [108.248672], [4.400425373756496]]
[200.0, 1700.0, 0.753525, [134.09404800000002], [1401.1599999999999], [108.248672], [4.3643898462442605]]
[200.0, 500.0, 0.757995, [135.384118], [1401.1599999999999], [108.248672], [4.385521645140974]]
[200.0, 1500.0, 0.744587, [131.563818], [1401.1599999999999], [108.248672], [4.323454939050481]]
[200.0, 100.0, 0.745784, [131.898928], [1401.1599999999999], [108.248672], [4.311251685995612]]
[200.0, 600.0, 0.756541, [134.962781], [1401.1599999999999], [108.248672], [4.390340346715731]]
[200.0, 1000.0, 0.77403, [140.15700900000002], [1401.1599999999999], [108.248672], [4.46577384223608]]
[200.0, 1200.0, 0.788632, [144.721359], [1401.1599999999999], [108.248672], [4.540312435284603]]
[200.0, 300.0, 0.769183, [138.689241], [1401.1599999999999], [108.248672], [4.430265110577469]]
[200.0, 1600.0, 0.745054, [131.694596], [1401.1599999999999], [108.248672], [4.320759211064648]]
[200.0, 900.0, 0.742958, [131.109292], [1401.1599999999999], [108.248672], [4.310846136201105]]
[200.0, 800.0, 0.765175, [137.492252], [1401.1599999999999], [108.248672], [4.42374133963549]]
[200.0, 1100.0, 0.747403, [132.354144], [1401.1599999999999], [108.248672], [4.335404216448565]]
[200.0, 200.0, 0.778435, [141.51081200000002], [1401.1599999999999], [108.248672], [4.479445894304339]]
[300.0, 2000.0, 0.69451, [55.836594000000005], [541.42], [48.124464], [1.7372758862656215]]
[300.0, 400.0, 0.680676, [28.652273], [314.548], [21.3532184], [1.243402208458711]]
[300.0, 1000.0, 0.707313, [30.336448], [314.548], [21.3532184], [1.2830949458243532]]
[300.0, 200.0, 0.665106, [52.48462], [541.42], [48.124464], [1.6851794094398376]]
[300.0, 1600.0, 0.665515, [52.529838000000005], [541.42], [48.124464], [1.69099560082219]]
[300.0, 1300.0, 0.687438, [29.070114], [314.548], [21.3532184], [1.2568103719336503]]
[300.0, 800.0, 0.699772, [29.848986000000004], [314.548], [21.3532184], [1.2727654288988213]]
[300.0, 700.0, 0.726604, [31.625988999999997], [314.548], [21.3532184], [1.3131976842806263]]
[300.0, 300.0, 0.659304, [51.846853], [541.42], [48.124464], [1.6794845054361174]]
[300.0, 900.0, 0.692354, [29.377877], [314.548], [21.3532184], [1.263053538849403]]
[300.0, 600.0, 0.706849, [30.306226], [314.548], [21.3532184], [1.2852703754463495]]
[300.0, 1400.0, 0.684448, [28.884573], [314.548], [21.3532184], [1.2523053297818387]]
[300.0, 500.0, 0.70776, [30.365658], [314.548], [21.3532184], [1.2843301736703066]]
[300.0, 1200.0, 0.699781, [29.849538], [314.548], [21.3532184], [1.2739475562204277]]
[300.0, 100.0, 0.38821, [27.388032], [541.42], [48.124464], [1.2223877923965045]]
[300.0, 1100.0, 0.679163, [28.559606], [314.548], [21.3532184], [1.2452576813655878]]
[300.0, 1900.0, 0.684725, [54.697749], [541.42], [48.124464], [1.724529049044985]]
[300.0, 1500.0, 0.691775, [55.51579], [541.42], [48.124464], [1.7323327613365744]]
[300.0, 1700.0, 0.677021, [53.817884], [541.42], [48.124464], [1.706141333242941]]
[300.0, 1800.0, 0.68866, [29.146313000000003], [314.548], [21.3532184], [1.255421032562383]]
[400.0, 900.0, 0.609894, [12.073997199999999], [110.4], [7.9261634], [0.5522517925729169]]
[400.0, 1200.0, 0.619349, [12.332788599999999], [110.4], [7.9261634], [0.5571386236835497]]
[400.0, 1500.0, 0.617087, [12.270472400000001], [110.4], [7.9261634], [0.5583257935112795]]
[400.0, 200.0, 0.607673, [12.0138407], [110.4], [7.9261634], [0.5489264536347287]]
[400.0, 1600.0, 0.631816, [12.6811765], [110.4], [7.9261634], [0.5659886433489634]]
[400.0, 500.0, 0.623864, [12.4580006], [110.4], [7.9261634], [0.5610801326905098]]
[400.0, 1700.0, 0.60211, [11.8642556], [110.4], [7.9261634], [0.546676084349773]]
[400.0, 300.0, 0.606355, [11.9782827], [110.4], [7.9261634], [0.5490236822760928]]
[400.0, 1300.0, 0.576279, [11.188336199999998], [110.4], [7.9261634], [0.5321748727627038]]
[400.0, 1400.0, 0.591942, [11.5946312], [110.4], [7.9261634], [0.541191026348368]]
[400.0, 1100.0, 0.638711, [12.8775229], [110.4], [7.9261634], [0.5702263606674107]]
[400.0, 800.0, 0.619138, [12.326964999999998], [110.4], [7.9261634], [0.5580154090166328]]
[400.0, 100.0, 0.280586, [4.8589708], [110.4], [7.9261634], [0.34975634990661714]]
[400.0, 1000.0, 0.629144, [12.6057986], [110.4], [7.9261634], [0.5631855632915318]]
[400.0, 400.0, 0.602373, [11.8712982], [110.4], [7.9261634], [0.5475821335653674]]
[400.0, 1800.0, 0.618592, [12.3119069], [110.4], [7.9261634], [0.5579057617555138]]
[400.0, 2000.0, 0.625129, [12.4932665], [110.4], [7.9261634], [0.5598366780588782]]
[400.0, 600.0, 0.597664, [11.745766499999998], [110.4], [7.9261634], [0.5435293214721723]]
[400.0, 700.0, 0.610615, [12.0935656], [110.4], [7.9261634], [0.5514191360480701]]
[400.0, 1900.0, 0.633851, [12.7388421], [110.4], [7.9261634], [0.5663106780734406]]
[500.0, 1700.0, 0.481692, [6.6608966], [70.518], [4.742462], [0.2961130084950676]]
[500.0, 1100.0, 0.487758, [5.5908929], [45.8252], [3.97160136], [0.2711981876783103]]
[500.0, 300.0, 0.462115, [6.3324888], [70.518], [4.742462], [0.28843696521077183]]
[500.0, 1300.0, 0.506977, [5.870607399999999], [45.8252], [3.97160136], [0.27674314535323186]]
[500.0, 1800.0, 0.512178, [5.9476643000000005], [45.8252], [3.97160136], [0.278830869704199]]
[500.0, 1400.0, 0.492911, [5.665141500000001], [45.8252], [3.97160136], [0.27288024296383206]]
[500.0, 600.0, 0.487989, [6.7682974], [70.518], [4.742462], [0.29738190630904227]]
[500.0, 1900.0, 0.523682, [6.1202356], [45.8252], [3.97160136], [0.282606270277218]]
[500.0, 1200.0, 0.472154, [5.3692695], [45.8252], [3.97160136], [0.26452489882806873]]
[500.0, 800.0, 0.478391, [5.4572905], [45.8252], [3.97160136], [0.26821116457000815]]
[500.0, 1000.0, 0.483474, [5.5295841], [45.8252], [3.97160136], [0.26917596790946996]]
[500.0, 2000.0, 0.508822, [5.8978762], [45.8252], [3.97160136], [0.2783380139327002]]
[500.0, 700.0, 0.483962, [5.5365439], [45.8252], [3.97160136], [0.2695147615623308]]
[500.0, 100.0, 0.214355, [2.2098009], [45.8252], [3.97160136], [0.16998465836657145]]
[500.0, 200.0, 0.345561, [3.719077], [45.8252], [3.97160136], [0.2202990499525588]]
[500.0, 1500.0, 0.479172, [5.4683673], [45.8252], [3.97160136], [0.2668290458327203]]
[500.0, 900.0, 0.484057, [5.5379009], [45.8252], [3.97160136], [0.26862769235505113]]
[500.0, 1600.0, 0.495258, [5.6991401], [45.8252], [3.97160136], [0.27325287427582534]]
[500.0, 500.0, 0.491149, [6.822524499999999], [70.518], [4.742462], [0.2983281760075639]]
[500.0, 400.0, 0.4871, [5.5814583], [45.8252], [3.97160136], [0.2707404825658697]]
[600.0, 200.0, 0.208121, [1.1871144866666667], [15.7366], [1.45902708], [0.07599721921813252]]
[600.0, 1400.0, 0.374586, [2.315514266666667], [15.7366], [1.45902708], [0.10602013764689551]]
[600.0, 1900.0, 0.382835, [2.3774317999999997], [15.7366], [1.45902708], [0.10751115127692053]]
[600.0, 100.0, 0.165128, [0.9256222733333332], [15.7366], [1.45902708], [0.06715170268379897]]
[600.0, 800.0, 0.376259, [2.328017066666667], [15.7366], [1.45902708], [0.10614847057044415]]
[600.0, 1200.0, 0.398242, [2.4949326666666667], [15.7366], [1.45902708], [0.11015394524633847]]
[600.0, 600.0, 0.406754, [2.5609258], [15.7366], [1.45902708], [0.11144998288220795]]
[600.0, 1600.0, 0.382554, [2.3753112], [15.7366], [1.45902708], [0.10741524778995659]]
[600.0, 400.0, 0.371043, [2.2891209999999997], [15.7366], [1.45902708], [0.10536535163157026]]
[600.0, 500.0, 0.391519, [2.4433559333333337], [15.7366], [1.45902708], [0.10905230088764238]]
[600.0, 1100.0, 0.387811, [3.1548272], [26.703000000000003], [2.3905399600000004], [0.12393330172135153]]
[600.0, 300.0, 0.377221, [2.3352145333333336], [15.7366], [1.45902708], [0.10647661422950007]]
[600.0, 1700.0, 0.4137, [2.6153622000000003], [15.7366], [1.45902708], [0.11254727247793357]]
[600.0, 1500.0, 0.359301, [2.2025352000000002], [15.7366], [1.45902708], [0.10325644726709429]]
[600.0, 1800.0, 0.373172, [2.3049664666666665], [15.7366], [1.45902708], [0.10598244269689201]]
[600.0, 1000.0, 0.387385, [3.1507102000000002], [26.703000000000003], [2.3905399600000004], [0.12386717091752403]]
[600.0, 2000.0, 0.382686, [2.3763048], [15.7366], [1.45902708], [0.10768067370187136]]
[600.0, 700.0, 0.393818, [2.4609402], [15.7366], [1.45902708], [0.10929419948011881]]
[600.0, 1300.0, 0.405345, [2.5499425333333328], [15.7366], [1.45902708], [0.11107723207050328]]
[600.0, 900.0, 0.375595, [2.323049066666667], [15.7366], [1.45902708], [0.10614285558204617]]
[700.0, 2000.0, 0.297443, [1.5036851066666668], [10.948], [1.244944], [0.06550155207660689]]
[700.0, 100.0, 0.097378, [0.5323281], [15.7366], [1.45902708], [0.03903219493358442]]
[700.0, 1000.0, 0.295482, [1.49216778], [10.948], [1.244944], [0.06493826877205082]]
[700.0, 600.0, 0.288347, [1.4505077266666668], [10.948], [1.244944], [0.06422955619408317]]
[700.0, 1400.0, 0.296065, [1.4955874200000001], [10.948], [1.244944], [0.06521070355223732]]
[700.0, 1900.0, 0.284344, [1.4272918333333333], [10.948], [1.244944], [0.06389435141092069]]
[700.0, 200.0, 0.145384, [0.6822122], [10.948], [1.244944], [0.04403660990584993]]
[700.0, 400.0, 0.292781, [1.4763532866666667], [10.948], [1.244944], [0.06480471481475883]]
[700.0, 1300.0, 0.29528, [1.4909840466666668], [10.948], [1.244944], [0.06513393530939834]]
[700.0, 1100.0, 0.282448, [1.4163372399999998], [10.948], [1.244944], [0.06340397299153351]]
[700.0, 800.0, 0.292909, [1.4771035466666669], [10.948], [1.244944], [0.0649002058205947]]
[700.0, 1500.0, 0.284365, [1.4274151133333333], [10.948], [1.244944], [0.06364528482142255]]
[700.0, 1600.0, 0.282547, [1.41690902], [10.948], [1.244944], [0.06349320233081823]]
[700.0, 1800.0, 0.280512, [1.4051751866666666], [10.948], [1.244944], [0.06303072495925213]]
[700.0, 1200.0, 0.282374, [1.4159114333333336], [10.948], [1.244944], [0.06338489171543782]]
[700.0, 700.0, 0.29787, [1.5061904199999998], [10.948], [1.244944], [0.06524035128320169]]
[700.0, 900.0, 0.283723, [1.4237], [10.948], [1.244944], [0.06347964814717304]]
[700.0, 300.0, 0.229842, [1.1217645866666666], [10.948], [1.244944], [0.05651368290560752]]
[700.0, 500.0, 0.300319, [1.5206184733333334], [10.948], [1.244944], [0.06574206676263093]]
[700.0, 1700.0, 0.299106, [1.51347038], [10.948], [1.244944], [0.0655556937098356]]
[800.0, 300.0, 0.135937, [0.4671528466666666], [6.0214], [0.6997897200000001], [0.028377518104615453]]
[800.0, 100.0, 0.077648, [0.25839718], [6.0214], [0.6997897200000001], [0.021098048198299715]]
[800.0, 1800.0, 0.227726, [0.8269493600000001], [6.0214], [0.6997897200000001], [0.037705648760423746]]
[800.0, 800.0, 0.229329, [0.8336164466666667], [6.0214], [0.6997897200000001], [0.03781361040095954]]
[800.0, 400.0, 0.202195, [0.7226320933333333], [6.0214], [0.6997897200000001], [0.03534508947191643]]
[800.0, 200.0, 0.091179, [0.3056434733333333], [6.0214], [0.6997897200000001], [0.022908949333296708]]
[800.0, 1700.0, 0.213522, [0.7684816733333333], [6.0214], [0.6997897200000001], [0.036347934295576624]]
[800.0, 600.0, 0.23344, [0.8507861], [6.0214], [0.6997897200000001], [0.038278673964029175]]
[800.0, 1600.0, 0.225706, [0.8185660133333333], [6.0214], [0.6997897200000001], [0.03747956310073827]]
[800.0, 1000.0, 0.224245, [0.8125211533333333], [6.0214], [0.6997897200000001], [0.03724184797897238]]
[800.0, 1100.0, 0.231342, [0.8420117533333333], [6.0214], [0.6997897200000001], [0.03799945572124831]]
[800.0, 1500.0, 0.213413, [0.7680385399999999], [6.0214], [0.6997897200000001], [0.036326977272789676]]
[800.0, 1400.0, 0.212844, [0.7657181466666666], [6.0214], [0.6997897200000001], [0.03633937242777377]]
[800.0, 1200.0, 0.22566, [0.8183771066666666], [6.0214], [0.6997897200000001], [0.037549714814718194]]
[800.0, 900.0, 0.217767, [0.7858399266666667], [6.0214], [0.6997897200000001], [0.03680032583189085]]
[800.0, 1300.0, 0.213318, [0.7676518333333333], [6.0214], [0.6997897200000001], [0.03647224068307902]]
[800.0, 2000.0, 0.215944, [0.7783748933333333], [6.0214], [0.6997897200000001], [0.03661167841610712]]
[800.0, 500.0, 0.220321, [0.7963325266666665], [6.0214], [0.6997897200000001], [0.03700871134086016]]
[800.0, 1900.0, 0.23588, [0.8610184933333334], [6.0214], [0.6997897200000001], [0.038544483663539825]]
[800.0, 700.0, 0.217944, [0.7865688733333334], [6.0214], [0.6997897200000001], [0.03687491652118611]]
[900.0, 200.0, 0.064087, [0.16008007666666665], [3.4610399999999997], [0.42700167], [0.009273190671080922]]
[900.0, 1100.0, 0.16617, [0.44686730666666663], [3.4610399999999997], [0.42700167], [0.015445995108405573]]
[900.0, 300.0, 0.088926, [0.2260150966666667], [3.4610399999999997], [0.42700167], [0.010976262539377113]]
[900.0, 1000.0, 0.16541, [0.44456845666666667], [3.4610399999999997], [0.42700167], [0.015459161796308506]]
[900.0, 900.0, 0.171987, [0.4645559166666667], [3.4610399999999997], [0.42700167], [0.015804513033378226]]
[900.0, 1600.0, 0.162171, [0.43479798000000003], [3.4610399999999997], [0.42700167], [0.015239661460952618]]
[900.0, 700.0, 0.163242, [0.4380238833333333], [3.4610399999999997], [0.42700167], [0.015343308255465059]]
[900.0, 1900.0, 0.158286, [0.42314457000000005], [3.4610399999999997], [0.42700167], [0.015054807493510727]]
[900.0, 500.0, 0.163773, [0.43962499], [3.4610399999999997], [0.42700167], [0.015343017108769709]]
[900.0, 1400.0, 0.170787, [0.46089247666666666], [3.4610399999999997], [0.42700167], [0.01568896371480425]]
[900.0, 1200.0, 0.167502, [0.4509026566666667], [3.4610399999999997], [0.42700167], [0.015474938298207633]]
[900.0, 1500.0, 0.164886, [0.44298276000000003], [3.4610399999999997], [0.42700167], [0.015376155121919567]]
[900.0, 800.0, 0.169096, [0.45574538333333336], [3.4610399999999997], [0.42700167], [0.015595285263323797]]
[900.0, 400.0, 0.149166, [0.39605356], [3.4610399999999997], [0.42700167], [0.014569065328824479]]
[900.0, 100.0, 0.055499, [0.13780986666666667], [3.4610399999999997], [0.42700167], [0.008596343802907011]]
[900.0, 600.0, 0.175629, [0.4757086166666667], [3.4610399999999997], [0.42700167], [0.015972732302966273]]
[900.0, 1800.0, 0.16583, [0.4458376733333333], [3.4610399999999997], [0.42700167], [0.015493929320149159]]
[900.0, 2000.0, 0.159678, [0.4273104833333333], [3.4610399999999997], [0.42700167], [0.015098273264037699]]
[900.0, 1700.0, 0.156326, [0.41729084], [3.4610399999999997], [0.42700167], [0.015008907447838359]]
[900.0, 1300.0, 0.160915, [0.43102245333333333], [3.4610399999999997], [0.42700167], [0.015229429539910912]]
[1000.0, 1600.0, 0.11102, [0.13566516266666664], [0.6578], [0.12390491000000001], [0.004287965501519599]]
[1000.0, 1400.0, 0.10969, [0.13375840133333336], [0.6578], [0.12390491000000001], [0.0042640629847339]]
[1000.0, 1500.0, 0.112631, [0.137984452], [0.6578], [0.12390491000000001], [0.004322580618103033]]
[1000.0, 700.0, 0.113348, [0.13901969733333333], [0.6578], [0.12390491000000001], [0.004350744101874989]]
[1000.0, 1900.0, 0.113276, [0.13891616666666667], [0.6578], [0.12390491000000001], [0.004347502698740457]]
[1000.0, 1800.0, 0.115216, [0.14172802399999998], [0.6578], [0.12390491000000001], [0.004392687167453552]]
[1000.0, 500.0, 0.111334, [0.13611553333333334], [0.6578], [0.12390491000000001], [0.004295768452274348]]
[1000.0, 1000.0, 0.111128, [0.135819324], [0.6578], [0.12390491000000001], [0.004294984634819236]]
[1000.0, 200.0, 0.045236, [0.049869673333333336], [0.6578], [0.12390491000000001], [0.0026031757251480355]]
[1000.0, 1100.0, 0.115919, [0.14275183066666666], [0.6578], [0.12390491000000001], [0.004401227606525757]]
[1000.0, 2000.0, 0.112072, [0.13717764266666665], [0.6578], [0.12390491000000001], [0.004305764906623573]]
[1000.0, 1700.0, 0.113405, [0.13910219066666668], [0.6578], [0.12390491000000001], [0.004327965274044297]]
[1000.0, 800.0, 0.108552, [0.13213349733333332], [0.6578], [0.12390491000000001], [0.004244739713522556]]
[1000.0, 1300.0, 0.112143, [0.137280008], [0.6578], [0.12390491000000001], [0.0043346777381177174]]
[1000.0, 400.0, 0.082535, [0.09643593333333335], [0.6578], [0.12390491000000001], [0.0036065003954279867]]
[1000.0, 300.0, 0.053191, [0.059367508], [0.6578], [0.12390491000000001], [0.002836688879192312]]
[1000.0, 600.0, 0.108391, [0.13190319066666667], [0.6578], [0.12390491000000001], [0.004224282964007028]]
[1000.0, 1200.0, 0.111412, [0.13622786533333336], [0.6578], [0.12390491000000001], [0.004286523217921231]]
[1000.0, 100.0, 0.042623, [0.04679886666666666], [0.6578], [0.12390491000000001], [0.0025195668760060064]]
[1000.0, 900.0, 0.112434, [0.137699344], [0.6578], [0.12390491000000001], [0.0043200125822862034]]
[1100.0, 1300.0, 0.10654, [0.12927281866666668], [0.6578], [0.12390491000000001], [0.0033534964016017008]]
[1100.0, 1800.0, 0.101315, [0.12192416533333333], [0.6578], [0.12390491000000001], [0.003262057025184501]]
[1100.0, 2000.0, 0.107619, [0.13080507866666669], [0.6578], [0.12390491000000001], [0.003380754866396951]]
[1100.0, 700.0, 0.102548, [0.12364879733333334], [0.6578], [0.12390491000000001], [0.0032824537650970806]]
[1100.0, 900.0, 0.10698, [0.129896824], [0.6578], [0.12390491000000001], [0.0033674178435907434]]
[1100.0, 200.0, 0.042733, [0.046927850666666666], [0.6578], [0.12390491000000001], [0.0020269745717859085]]
[1100.0, 1900.0, 0.107914, [0.131224108], [0.6578], [0.12390491000000001], [0.0033904534655739226]]
[1100.0, 1500.0, 0.103621, [0.12515305866666668], [0.6578], [0.12390491000000001], [0.0033072716865853173]]
[1100.0, 800.0, 0.106468, [0.12917088266666668], [0.6578], [0.12390491000000001], [0.0033565027407837598]]
[1100.0, 500.0, 0.091567, [0.108517036], [0.6578], [0.12390491000000001], [0.0030779557545011376]]
[1100.0, 1700.0, 0.104871, [0.12691332533333333], [0.6578], [0.12390491000000001], [0.0033283196080504847]]
[1100.0, 400.0, 0.064284, [0.07299890266666667], [0.6578], [0.12390491000000001], [0.0025262315125718607]]
[1100.0, 600.0, 0.107484, [0.130612124], [0.6578], [0.12390491000000001], [0.003373514540587539]]
[1100.0, 1400.0, 0.10726, [0.13029496933333332], [0.6578], [0.12390491000000001], [0.003365324006854483]]
[1100.0, 100.0, 0.033302, [0.036041797333333334], [0.6578], [0.12390491000000001], [0.0017713569452697995]]
[1100.0, 1100.0, 0.102017, [0.12290451733333334], [0.6578], [0.12390491000000001], [0.003270773600643534]]
[1100.0, 1000.0, 0.104647, [0.12659745866666666], [0.6578], [0.12390491000000001], [0.003323465955227397]]
[1100.0, 300.0, 0.049303, [0.054697036], [0.6578], [0.12390491000000001], [0.002189634145392026]]
[1100.0, 1200.0, 0.10365, [0.12519445866666667], [0.6578], [0.12390491000000001], [0.0033118367243704645]]
[1100.0, 1600.0, 0.104637, [0.12658276933333334], [0.6578], [0.12390491000000001], [0.003309423565785706]]
[1200.0, 100.0, 0.025547, [0.027319516533333334], [0.6578], [0.12390491000000001], [0.001249565631907522]]
[1200.0, 1400.0, 0.075133, [0.08677666933333333], [0.6578], [0.12390491000000001], [0.0022235809793114247]]
[1200.0, 1700.0, 0.07597, [0.08785791466666668], [0.6578], [0.12390491000000001], [0.0022468661165672018]]
[1200.0, 1800.0, 0.076035, [0.087941512], [0.6578], [0.12390491000000001], [0.002238052829085538]]
[1200.0, 700.0, 0.075218, [0.08688642533333334], [0.6578], [0.12390491000000001], [0.002227125363931422]]
[1200.0, 200.0, 0.026928, [0.028858268666666666], [0.6578], [0.12390491000000001], [0.0012816406818345514]]
[1200.0, 1900.0, 0.075476, [0.08721934266666667], [0.6578], [0.12390491000000001], [0.0022276233737126908]]
[1200.0, 1200.0, 0.075809, [0.08764962666666666], [0.6578], [0.12390491000000001], [0.002235698013397854]]
[1200.0, 1100.0, 0.075022, [0.086632444], [0.6578], [0.12390491000000001], [0.002214801782753682]]
[1200.0, 1300.0, 0.074386, [0.08581253999999999], [0.6578], [0.12390491000000001], [0.0022112523176798355]]
[1200.0, 2000.0, 0.077407, [0.08972158933333334], [0.6578], [0.12390491000000001], [0.0022643683975890495]]
[1200.0, 800.0, 0.075572, [0.087342408], [0.6578], [0.12390491000000001], [0.0022329522226067545]]
[1200.0, 1600.0, 0.076627, [0.08870866933333332], [0.6578], [0.12390491000000001], [0.002252476373929616]]
[1200.0, 1000.0, 0.074028, [0.085352816], [0.6578], [0.12390491000000001], [0.0022104413355205285]]
[1200.0, 1500.0, 0.072901, [0.08390449066666668], [0.6578], [0.12390491000000001], [0.0021839464266933534]]
[1200.0, 300.0, 0.030089, [0.032402921333333334], [0.6578], [0.12390491000000001], [0.0013619963987552327]]
[1200.0, 600.0, 0.07597, [0.08785812933333333], [0.6578], [0.12390491000000001], [0.0022337617682584984]]
[1200.0, 500.0, 0.052093, [0.0580428], [0.6578], [0.12390491000000001], [0.0018191744794457366]]
[1200.0, 900.0, 0.077029, [0.08922984933333333], [0.6578], [0.12390491000000001], [0.0022533938867603438]]
[1200.0, 400.0, 0.037633, [0.04100225333333333], [0.6578], [0.12390491000000001], [0.0015291265358585164]]
[1300.0, 1600.0, 0.046683, [0.05158065866666666], [0.6578], [0.12390491000000001], [0.0013920393500185257]]
[1300.0, 1700.0, 0.044478, [0.0294075608], [0.214406], [0.069147154], [0.001046936824582394]]
[1300.0, 900.0, 0.045853, [0.05059840533333333], [0.6578], [0.12390491000000001], [0.0013771143162424825]]
[1300.0, 200.0, 0.017774, [0.0109379168], [0.214406], [0.069147154], [0.000641192113627248]]
[1300.0, 1800.0, 0.048261, [0.03223416266666666], [0.214406], [0.069147154], [0.0010966285942732744]]
[1300.0, 1000.0, 0.045153, [0.049771356], [0.6578], [0.12390491000000001], [0.0013693925212784441]]
[1300.0, 1400.0, 0.043925, [0.028998774133333335], [0.214406], [0.069147154], [0.0010423396546018749]]
[1300.0, 1200.0, 0.045768, [0.050497726666666666], [0.6578], [0.12390491000000001], [0.001374883150752173]]
[1300.0, 500.0, 0.02986, [0.018982013466666666], [0.214406], [0.069147154], [0.0008413629563723112]]
[1300.0, 100.0, 0.013952, [0.014656440266666668], [0.6578], [0.12390491000000001], [0.0007412080678340072]]
[1300.0, 1100.0, 0.046454, [0.05130907466666666], [0.6578], [0.12390491000000001], [0.0013872384532668573]]
[1300.0, 2000.0, 0.046163, [0.050964442666666665], [0.6578], [0.12390491000000001], [0.0013809530634875161]]
[1300.0, 1300.0, 0.046126, [0.05092095733333333], [0.6578], [0.12390491000000001], [0.0013792678946938962]]
[1300.0, 1500.0, 0.046661, [0.05155382533333333], [0.6578], [0.12390491000000001], [0.0013918221316756758]]
[1300.0, 600.0, 0.041998, [0.04606829466666667], [0.6578], [0.12390491000000001], [0.0013130251259337476]]
[1300.0, 300.0, 0.018934, [0.020043202800000003], [0.6578], [0.12390491000000001], [0.0008739252131745727]]
[1300.0, 1900.0, 0.046088, [0.050876000000000005], [0.6578], [0.12390491000000001], [0.001380584927887854]]
[1300.0, 400.0, 0.021982, [0.0136815132], [0.214406], [0.069147154], [0.0007161231383870606]]
[1300.0, 700.0, 0.046629, [0.05151647333333334], [0.6578], [0.12390491000000001], [0.0013882864693170816]]
[1300.0, 800.0, 0.047199, [0.052192765333333335], [0.6578], [0.12390491000000001], [0.001395907456977161]]
[1400.0, 1100.0, 0.043194, [0.028460338], [0.214406], [0.069147154], [0.0008396147471046203]]
[1400.0, 400.0, 0.019464, [0.012032542], [0.214406], [0.069147154], [0.0005469338743699584]]
[1400.0, 1500.0, 0.043137, [0.028418021066666667], [0.214406], [0.069147154], [0.0008416691118644349]]
[1400.0, 1800.0, 0.043893, [0.028975246666666666], [0.214406], [0.069147154], [0.0008467371550710278]]
[1400.0, 1600.0, 0.043901, [0.02898063786666667], [0.214406], [0.069147154], [0.0008505342917902319]]
[1400.0, 1400.0, 0.044984, [0.0297820376], [0.214406], [0.069147154], [0.0008590177829746405]]
[1400.0, 600.0, 0.033708, [0.021651086800000004], [0.214406], [0.069147154], [0.0007331982505889295]]
[1400.0, 1700.0, 0.043021, [0.028333123466666665], [0.214406], [0.069147154], [0.0008402610705409758]]
[1400.0, 900.0, 0.04279, [0.028162852933333333], [0.214406], [0.069147154], [0.0008370538993398216]]
[1400.0, 100.0, 0.014668, [0.008951691999999999], [0.214406], [0.069147154], [0.00046984205743348835]]
[1400.0, 700.0, 0.042298, [0.027802697466666665], [0.214406], [0.069147154], [0.0008296541205961808]]
[1400.0, 2000.0, 0.043963, [0.029026208533333334], [0.214406], [0.069147154], [0.0008449857072821476]]
[1400.0, 800.0, 0.042018, [0.027598117066666667], [0.214406], [0.069147154], [0.0008276124870976756]]
[1400.0, 1300.0, 0.044101, [0.029128454266666666], [0.214406], [0.069147154], [0.0008515781051410114]]
[1400.0, 300.0, 0.016494, [0.010115835466666667], [0.214406], [0.069147154], [0.0005026600639707825]]
[1400.0, 1200.0, 0.043722, [0.028848854], [0.214406], [0.069147154], [0.0008459383741148051]]
[1400.0, 500.0, 0.024223, [0.015167116933333334], [0.214406], [0.069147154], [0.0006130943934573932]]
[1400.0, 1000.0, 0.043873, [0.028960198533333332], [0.214406], [0.069147154], [0.0008499344536296118]]
[1400.0, 200.0, 0.013749, [0.008370561733333334], [0.214406], [0.069147154], [0.000454626481117558]]
[1400.0, 1900.0, 0.041199, [0.0270003348], [0.214406], [0.069147154], [0.0008196987751336192]]
[1500.0, 1500.0, 0.034036, [0.021881209466666666], [0.214406], [0.069147154], [0.0016635972765866945]]
[1500.0, 1100.0, 0.028613, [0.018128872933333335], [0.214406], [0.069147154], [0.001510739417489183]]
[1500.0, 1800.0, 0.029833, [0.01896337426666667], [0.214406], [0.069147154], [0.001558779758657393]]
[1500.0, 400.0, 0.013039, [0.007923190266666666], [0.214406], [0.069147154], [0.0009982280282803348]]
[1500.0, 200.0, 0.011052, [0.006679865466666666], [0.214406], [0.069147154], [0.0009175499977657894]]
[1500.0, 500.0, 0.015881, [0.009723943066666667], [0.214406], [0.069147154], [0.001115412896942951]]
[1500.0, 1300.0, 0.029523, [0.018750983066666668], [0.214406], [0.069147154], [0.0015465549959686384]]
[1500.0, 600.0, 0.01886, [0.011640533066666667], [0.214406], [0.069147154], [0.0012202593829910827]]
[1500.0, 1000.0, 0.036439, [0.023577836666666664], [0.214406], [0.069147154], [0.0017288108601643565]]
[1500.0, 2000.0, 0.033176, [0.021278867066666665], [0.214406], [0.069147154], [0.001651560159364472]]
[1500.0, 800.0, 0.028351, [0.01795027946666667], [0.214406], [0.069147154], [0.0015116862637465486]]
[1500.0, 1700.0, 0.027679, [0.017492834], [0.214406], [0.069147154], [0.0014731626380757225]]
[1500.0, 1200.0, 0.028567, [0.018097574533333334], [0.214406], [0.069147154], [0.001518714767748631]]
[1500.0, 300.0, 0.010461, [0.007562295733333333], [0.30981], [0.08789661600000001], [0.0009762881560049552]]
[1500.0, 1400.0, 0.030003, [0.019080462666666666], [0.214406], [0.069147154], [0.001547629725454739]]
[1500.0, 100.0, 0.011585, [0.007012151066666667], [0.214406], [0.069147154], [0.000945518384614728]]
[1500.0, 900.0, 0.030676, [0.0195437808], [0.214406], [0.069147154], [0.0015647547590597064]]
[1500.0, 700.0, 0.023397, [0.014617987333333334], [0.214406], [0.069147154], [0.001357246177293485]]
[1500.0, 1900.0, 0.029351, [0.018633229199999997], [0.214406], [0.069147154], [0.0015368427971367503]]
[1500.0, 1600.0, 0.031904, [0.020393529599999998], [0.214406], [0.069147154], [0.0016022668630551046]]
[1600.0, 1500.0, 0.021142, [0.015652220666666664], [0.30981], [0.08789661600000001], [0.001160219745469701]]
[1600.0, 100.0, 0.006178, [0.0036858358666666665], [0.214406], [0.069147154], [0.0005620846142708409]]
[1600.0, 1300.0, 0.019212, [0.014161875866666666], [0.30981], [0.08789661600000001], [0.001089375224816704]]
[1600.0, 900.0, 0.020743, [0.015342714266666667], [0.30981], [0.08789661600000001], [0.001140414952939889]]
[1600.0, 300.0, 0.007306, [0.005244509066666667], [0.30981], [0.08789661600000001], [0.0006714906273193824]]
[1600.0, 500.0, 0.011163, [0.008082574133333334], [0.30981], [0.08789661600000001], [0.0008249242700865201]]
[1600.0, 1000.0, 0.019571, [0.0144380016], [0.30981], [0.08789661600000001], [0.0011073444157583094]]
[1600.0, 1200.0, 0.020811, [0.012912098799999999], [0.214406], [0.069147154], [0.0010404866032561666]]
[1600.0, 1800.0, 0.022055, [0.016361384266666664], [0.30981], [0.08789661600000001], [0.001174679051013037]]
[1600.0, 1100.0, 0.018698, [0.011535521200000001], [0.214406], [0.069147154], [0.000989162828973179]]
[1600.0, 1900.0, 0.020163, [0.014894846], [0.30981], [0.08789661600000001], [0.0011259445307039873]]
[1600.0, 1700.0, 0.022926, [0.014305570666666666], [0.214406], [0.069147154], [0.0011103277362012433]]
[1600.0, 800.0, 0.020652, [0.012808144933333335], [0.214406], [0.069147154], [0.0010423121358040712]]
[1600.0, 200.0, 0.008519, [0.005114092933333333], [0.214406], [0.069147154], [0.0006602266258725947]]
[1600.0, 1600.0, 0.01929, [0.0119197868], [0.214406], [0.069147154], [0.001000286309235733]]
[1600.0, 2000.0, 0.021869, [0.013607125066666665], [0.214406], [0.069147154], [0.0010723914534037156]]
[1600.0, 1400.0, 0.018609, [0.013699272266666666], [0.30981], [0.08789661600000001], [0.0010830223258189197]]
[1600.0, 700.0, 0.016208, [0.011867754666666668], [0.30981], [0.08789661600000001], [0.0010030081741109257]]
[1600.0, 400.0, 0.007766, [0.0046527466666666665], [0.214406], [0.069147154], [0.000627376220283952]]
[1600.0, 600.0, 0.012755, [0.009268076933333333], [0.30981], [0.08789661600000001], [0.0008836764293689304]]
[1700.0, 900.0, 0.013181, [0.009586246666666666], [0.30981], [0.08789661600000001], [0.0007330786968820074]]
[1700.0, 1500.0, 0.014465, [0.010550467999999999], [0.30981], [0.08789661600000001], [0.0007777908866069907]]
[1700.0, 1800.0, 0.013751, [0.010013368933333334], [0.30981], [0.08789661600000001], [0.0007547861017386169]]
[1700.0, 700.0, 0.010083, [0.007282640266666666], [0.30981], [0.08789661600000001], [0.0006487891922650993]]
[1700.0, 500.0, 0.007171, [0.005146320533333333], [0.30981], [0.08789661600000001], [0.0005394809713048273]]
[1700.0, 300.0, 0.00476, [0.0033978452], [0.30981], [0.08789661600000001], [0.0004386598418921988]]
[1700.0, 800.0, 0.011887, [0.004848449066666667], [0.092598], [0.060114686], [0.0005258880019336606]]
[1700.0, 1300.0, 0.013611, [0.009908728133333333], [0.30981], [0.08789661600000001], [0.0007533466250154853]]
[1700.0, 400.0, 0.004894, [0.003494524933333333], [0.30981], [0.08789661600000001], [0.000443805050294233]]
[1700.0, 1000.0, 0.012826, [0.009320909466666666], [0.30981], [0.08789661600000001], [0.000721273741469446]]
[1700.0, 2000.0, 0.012433, [0.0090275828], [0.30981], [0.08789661600000001], [0.0007251128631844533]]
[1700.0, 1600.0, 0.016105, [0.011789931866666666], [0.30981], [0.08789661600000001], [0.0008194568875650371]]
[1700.0, 1400.0, 0.013763, [0.010022826533333334], [0.30981], [0.08789661600000001], [0.0007598285390212131]]
[1700.0, 1200.0, 0.013818, [0.010063962800000001], [0.30981], [0.08789661600000001], [0.0007585996789406708]]
[1700.0, 100.0, 0.005286, [0.0031461424], [0.214406], [0.069147154], [0.0004204209866841146]]
[1700.0, 1700.0, 0.014066, [0.010250330266666666], [0.30981], [0.08789661600000001], [0.0007640145648408078]]
[1700.0, 1900.0, 0.01422, [0.0103659344], [0.30981], [0.08789661600000001], [0.0007726311323436732]]
[1700.0, 1100.0, 0.013852, [0.0100893916], [0.30981], [0.08789661600000001], [0.0007520188274238884]]
[1700.0, 600.0, 0.007986, [0.005741502266666666], [0.30981], [0.08789661600000001], [0.0005741501915778561]]
[1700.0, 200.0, 0.004871, [0.0034775172000000003], [0.30981], [0.08789661600000001], [0.0004489456509546686]]
[1800.0, 600.0, 0.005982, [0.0023823752666666666], [0.092598], [0.060114686], [0.0003050318853132862]]
[1800.0, 1800.0, 0.009935, [0.004020682133333333], [0.092598], [0.060114686], [0.00039052335391824593]]
[1800.0, 400.0, 0.004284, [0.0016944222666666667], [0.092598], [0.060114686], [0.00025544376132526704]]
[1800.0, 1300.0, 0.011965, [0.004881845066666666], [0.092598], [0.060114686], [0.0004298226259490975]]
[1800.0, 1200.0, 0.012183, [0.004975464266666668], [0.092598], [0.060114686], [0.0004347081939263012]]
[1800.0, 1700.0, 0.013449, [0.0055206532000000004], [0.092598], [0.060114686], [0.00046328290756776733]]
[1800.0, 500.0, 0.003939, [0.00155586996], [0.092598], [0.060114686], [0.00024298609046610056]]
[1800.0, 1600.0, 0.0112, [0.0045554904], [0.092598], [0.060114686], [0.00041585741359803175]]
[1800.0, 1000.0, 0.010981, [0.0044626838666666675], [0.092598], [0.060114686], [0.0004125754106961673]]
[1800.0, 700.0, 0.006304, [0.00251403248], [0.092598], [0.060114686], [0.00030945599464580136]]
[1800.0, 200.0, 0.002958, [0.0007356162066666667], [0.037582], [0.0180466234], [8.438095776496811e-05]]
[1800.0, 800.0, 0.009556, [0.003861344266666667], [0.092598], [0.060114686], [0.00038421796591691715]]
[1800.0, 2000.0, 0.013674, [0.0056178573333333336], [0.092598], [0.060114686], [0.0004633530372788718]]
[1800.0, 1100.0, 0.011074, [0.0045019464], [0.092598], [0.060114686], [0.0004109696053643546]]
[1800.0, 900.0, 0.011718, [0.0047763548], [0.092598], [0.060114686], [0.000428929328962761]]
[1800.0, 1500.0, 0.01087, [0.004415720933333333], [0.092598], [0.060114686], [0.0004099894782389746]]
[1800.0, 1400.0, 0.010606, [0.0043036772], [0.092598], [0.060114686], [0.0004048558698818356]]
[1800.0, 1900.0, 0.011237, [0.0045712316000000005], [0.092598], [0.060114686], [0.0004208159515354268]]
[1800.0, 100.0, 0.00294, [0.0011565044], [0.092598], [0.060114686], [0.00020771432304971172]]
[1800.0, 300.0, 0.003878, [0.0015313856933333331], [0.092598], [0.060114686], [0.0002391622927544297]]
[1900.0, 300.0, 0.003424, [0.0013496614666666667], [0.092598], [0.060114686], [0.0001853902599862727]]
[1900.0, 1600.0, 0.009299, [0.0037535171999999997], [0.092598], [0.060114686], [0.0003095849743698094]]
[1900.0, 600.0, 0.004869, [0.0019302909466666668], [0.092598], [0.060114686], [0.00022141957701261297]]
[1900.0, 1500.0, 0.00898, [0.0036201999999999996], [0.092598], [0.060114686], [0.0003016833391783142]]
[1900.0, 500.0, 0.003798, [0.0014993304399999999], [0.092598], [0.060114686], [0.00019519621207617964]]
[1900.0, 1700.0, 0.009416, [0.0038025010666666668], [0.092598], [0.060114686], [0.00031047300458780276]]
[1900.0, 1800.0, 0.00908, [0.00366183], [0.092598], [0.060114686], [0.0003072939251668416]]
[1900.0, 800.0, 0.006604, [0.002636842973333333], [0.092598], [0.060114686], [0.0002610863358950658]]
[1900.0, 1300.0, 0.010579, [0.0042922814666666665], [0.092598], [0.060114686], [0.0003331455940642836]]
[1900.0, 1000.0, 0.010206, [0.004134768266666667], [0.092598], [0.060114686], [0.00032386018245189976]]
[1900.0, 1900.0, 0.00912, [0.0036786414666666665], [0.092598], [0.060114686], [0.00030762335440889034]]
[1900.0, 1200.0, 0.009102, [0.0036709288000000002], [0.092598], [0.060114686], [0.00030914798815094655]]
[1900.0, 100.0, 0.003434, [0.0013535082933333335], [0.092598], [0.060114686], [0.00018769781288017183]]
[1900.0, 2000.0, 0.00866, [0.0034866528], [0.092598], [0.060114686], [0.0002978847673402139]]
[1900.0, 1100.0, 0.00939, [0.0037916512], [0.092598], [0.060114686], [0.00031062411840250483]]
[1900.0, 900.0, 0.007003, [0.0028006931333333335], [0.092598], [0.060114686], [0.0002682577775531919]]
[1900.0, 200.0, 0.00354, [0.0013958580399999999], [0.092598], [0.060114686], [0.00018995221480970186]]
[1900.0, 400.0, 0.003839, [0.0015157923066666666], [0.092598], [0.060114686], [0.00019568793842351256]]
[1900.0, 700.0, 0.005698, [0.002266761626666667], [0.092598], [0.060114686], [0.00023893765613649094]]
[1900.0, 1400.0, 0.010101, [0.0040902924], [0.092598], [0.060114686], [0.00032236020487784917]]
[2000.0, 1500.0, 0.006071, [0.00241881248], [0.092598], [0.060114686], [0.00020298224736825304]]
[2000.0, 1200.0, 0.006215, [0.002477602933333333], [0.092598], [0.060114686], [0.00020718757229997063]]
[2000.0, 1300.0, 0.007139, [0.0028565533866666665], [0.092598], [0.060114686], [0.00022238239458694165]]
[2000.0, 300.0, 0.001454, [0.0005686608933333332], [0.092598], [0.060114686], [9.89911259771411e-05]]
[2000.0, 900.0, 0.005115, [0.0020300824266666667], [0.092598], [0.060114686], [0.0001876811775562187]]
[2000.0, 1900.0, 0.005556, [0.0022091395733333332], [0.092598], [0.060114686], [0.00019602945560977993]]
[2000.0, 1600.0, 0.005425, [0.00215558668], [0.092598], [0.060114686], [0.0001912773934949507]]
[2000.0, 500.0, 0.002864, [0.0011262756533333333], [0.092598], [0.060114686], [0.0001386349747117708]]
[2000.0, 600.0, 0.003382, [0.00133273224], [0.092598], [0.060114686], [0.00015187896935827994]]
[2000.0, 200.0, 0.00196, [0.0007681533866666667], [0.092598], [0.060114686], [0.00011450955507923538]]
[2000.0, 1800.0, 0.005672, [0.002256037493333333], [0.092598], [0.060114686], [0.00019863302108830412]]
[2000.0, 2000.0, 0.006586, [0.00262942348], [0.092598], [0.060114686], [0.00021120035593404353]]
[2000.0, 400.0, 0.002633, [0.00103436428], [0.092598], [0.060114686], [0.00013466277723756233]]
[2000.0, 1100.0, 0.006476, [0.0025844238266666663], [0.092598], [0.060114686], [0.00021101733110497504]]
[2000.0, 100.0, 0.002037, [0.0007986130533333333], [0.092598], [0.060114686], [0.00011774909845373198]]
[2000.0, 1400.0, 0.006543, [0.002611920173333333], [0.092598], [0.060114686], [0.00021326235902703922]]
[2000.0, 1700.0, 0.004904, [0.0033188885], [0.26703], [0.133679036], [0.00020504165252455413]]
[2000.0, 700.0, 0.003342, [0.0013167469333333333], [0.092598], [0.060114686], [0.00014909223775904634]]
[2000.0, 1000.0, 0.005186, [0.002058830586666667], [0.092598], [0.060114686], [0.0001887326926163621]]
[2000.0, 800.0, 0.003936, [0.00155461048], [0.092598], [0.060114686], [0.0001629674391472794]]
[2100.0, 200.0, 0.001062, [0.00041482064], [0.092598], [0.060114686], [6.913679447459379e-05]]
[2100.0, 100.0, 0.000996, [0.00038858070666666667], [0.092598], [0.060114686], [6.664103754027577e-05]]
[2100.0, 400.0, 0.001242, [0.00048509361333333326], [0.092598], [0.060114686], [7.48515791861913e-05]]
[2100.0, 1400.0, 0.003911, [0.0015444680933333333], [0.092598], [0.060114686], [0.0001329266467726551]]
[2100.0, 500.0, 0.001312, [0.0005126788933333333], [0.092598], [0.060114686], [7.728922987209941e-05]]
[2100.0, 800.0, 0.002506, [0.00098420496], [0.092598], [0.060114686], [0.0001055178459893028]]
[2100.0, 300.0, 0.001088, [0.0004249112], [0.092598], [0.060114686], [6.985495102790574e-05]]
[2100.0, 600.0, 0.001708, [0.0006685348666666667], [0.092598], [0.060114686], [8.703581974234644e-05]]
[2100.0, 700.0, 0.001954, [0.0007658196533333334], [0.092598], [0.060114686], [9.35597481826453e-05]]
[2100.0, 1000.0, 0.003827, [0.0015110552266666666], [0.092598], [0.060114686], [0.00013252829829469963]]
[2100.0, 1700.0, 0.003964, [0.0015660252266666667], [0.092598], [0.060114686], [0.0001347819711649563]]
[2100.0, 1800.0, 0.003994, [0.0015779373866666667], [0.092598], [0.060114686], [0.0001348122850979588]]
[2100.0, 1900.0, 0.003485, [0.0013738614533333332], [0.092598], [0.060114686], [0.00012647421878698355]]
[2100.0, 900.0, 0.002039, [0.0007991886666666666], [0.092598], [0.060114686], [9.552129123452588e-05]]
[2100.0, 2000.0, 0.003318, [0.00130740004], [0.092598], [0.060114686], [0.00012191567949475025]]
[2100.0, 1200.0, 0.003694, [0.0014576464666666666], [0.092598], [0.060114686], [0.00012934518742926276]]
[2100.0, 1500.0, 0.003353, [0.0013212322399999998], [0.092598], [0.060114686], [0.0001226733364853359]]
[2100.0, 1100.0, 0.00349, [0.0013760323466666664], [0.092598], [0.060114686], [0.0001250938779921348]]
[2100.0, 1300.0, 0.004383, [0.0017345170933333333], [0.092598], [0.060114686], [0.0001425764209896651]]
[2100.0, 1600.0, 0.00392, [0.0015481802933333334], [0.092598], [0.060114686], [0.00013374242793934583]]
[2200.0, 1700.0, 0.002354, [0.0009237566666666666], [0.092598], [0.060114686], [8.468063469032076e-05]]
[2200.0, 1100.0, 0.002484, [0.0009755814933333334], [0.092598], [0.060114686], [8.656886592508622e-05]]
[2200.0, 200.0, 0.000612, [0.0002384364], [0.092598], [0.060114686], [4.282444907085464e-05]]
[2200.0, 1800.0, 0.001762, [0.0006899846666666667], [0.092598], [0.060114686], [7.31382448426722e-05]]
[2200.0, 900.0, 0.001365, [0.00053371132], [0.092598], [0.060114686], [6.425128479822192e-05]]
[2200.0, 1000.0, 0.001625, [0.0006360211466666666], [0.092598], [0.060114686], [6.981237535629975e-05]]
[2200.0, 1300.0, 0.002122, [0.0008320538266666667], [0.092598], [0.060114686], [8.006441211369199e-05]]
[2200.0, 1900.0, 0.001718, [0.0006724399599999999], [0.092598], [0.060114686], [7.168234772940965e-05]]
[2200.0, 1400.0, 0.00196, [0.0007678442666666667], [0.092598], [0.060114686], [7.717125762009238e-05]]
[2200.0, 1600.0, 0.001917, [0.00075104568], [0.092598], [0.060114686], [7.586707730410252e-05]]
[2200.0, 800.0, 0.001355, [0.0005296627066666667], [0.092598], [0.060114686], [6.423104599283225e-05]]
[2200.0, 400.0, 0.000687, [0.0002678632133333333], [0.092598], [0.060114686], [4.527714985140592e-05]]
[2200.0, 600.0, 0.000905, [0.00035329748], [0.092598], [0.060114686], [5.2090860738179825e-05]]
[2200.0, 2000.0, 0.002192, [0.0008597203733333333], [0.092598], [0.060114686], [8.087568083862485e-05]]
[2200.0, 500.0, 0.000698, [0.0002720999666666667], [0.092598], [0.060114686], [4.599328350966041e-05]]
[2200.0, 700.0, 0.000938, [0.0003659057733333334], [0.092598], [0.060114686], [5.3372829109117973e-05]]
[2200.0, 300.0, 0.000536, [0.000208868428], [0.092598], [0.060114686], [4.019674788393265e-05]]
[2200.0, 1200.0, 0.002054, [0.0008050800400000001], [0.092598], [0.060114686], [7.819626579319501e-05]]
[2200.0, 1500.0, 0.001977, [0.0007746200666666667], [0.092598], [0.060114686], [7.78522364026165e-05]]
[2200.0, 100.0, 0.000617, [0.00024054746266666667], [0.092598], [0.060114686], [4.320359791601724e-05]]
[2300.0, 700.0, 0.000692, [0.0002698753146666667], [0.092598], [0.060114686], [3.707022894153445e-05]]
[2300.0, 100.0, 0.000285, [0.00011080400266666666], [0.092598], [0.060114686], [2.3623490975439396e-05]]
[2300.0, 1800.0, 0.001285, [0.00050222248], [0.092598], [0.060114686], [5.0992977433716846e-05]]
[2300.0, 1000.0, 0.000848, [0.00033070105333333333], [0.092598], [0.060114686], [4.101839485455817e-05]]
[2300.0, 1500.0, 0.001308, [0.0005111145866666666], [0.092598], [0.060114686], [5.111144435446918e-05]]
[2300.0, 1200.0, 0.001437, [0.0005617774533333334], [0.092598], [0.060114686], [5.380852717222842e-05]]
[2300.0, 500.0, 0.000407, [0.000158535504], [0.092598], [0.060114686], [2.847381751871162e-05]]
[2300.0, 1900.0, 0.001089, [0.0004250752666666667], [0.092598], [0.060114686], [4.6941722204831335e-05]]
[2300.0, 1300.0, 0.001205, [0.00047073731999999996], [0.092598], [0.060114686], [4.9620078677890066e-05]]
[2300.0, 1600.0, 0.001384, [0.0005411430800000001], [0.092598], [0.060114686], [5.281016371873885e-05]]
[2300.0, 1700.0, 0.001075, [0.0004197392666666667], [0.092598], [0.060114686], [4.635244095214643e-05]]
[2300.0, 1400.0, 0.001383, [0.0005405067466666666], [0.092598], [0.060114686], [5.2498655305530344e-05]]
[2300.0, 1100.0, 0.001189, [0.0004643822666666667], [0.092598], [0.060114686], [4.868049115063104e-05]]
[2300.0, 900.0, 0.000663, [0.0002582784693333333], [0.092598], [0.060114686], [3.616622077758932e-05]]
[2300.0, 2000.0, 0.00109, [0.0004256576266666667], [0.092598], [0.060114686], [4.700602832261695e-05]]
[2300.0, 300.0, 0.000501, [0.00019525101733333333], [0.092598], [0.060114686], [3.1673901545453966e-05]]
[2300.0, 200.0, 0.000494, [0.000192392608], [0.092598], [0.060114686], [3.121020055473317e-05]]
[2300.0, 400.0, 0.00057, [0.00022223780666666664], [0.092598], [0.060114686], [3.3890940303666205e-05]]
[2300.0, 800.0, 0.000643, [0.00025057074], [0.092598], [0.060114686], [3.579581691265677e-05]]
[2300.0, 600.0, 0.000393, [0.000171677405], [0.058741999999999996], [0.250363096], [5.7225807246381416e-05]]
[2400.0, 1200.0, 0.000777, [0.000303017548], [0.092598], [0.060114686], [3.2119787075536136e-05]]
[2400.0, 1500.0, 0.000783, [0.00030530292000000004], [0.092598], [0.060114686], [3.2004439164313165e-05]]
[2400.0, 1100.0, 0.000654, [0.00025481568133333337], [0.092598], [0.060114686], [2.9423575974227042e-05]]
[2400.0, 1600.0, 0.000859, [0.00033496464000000003], [0.092598], [0.060114686], [3.383653607172775e-05]]
[2400.0, 400.0, 0.000224, [8.734572000000001e-05], [0.092598], [0.060114686], [1.7129906998515137e-05]]
[2400.0, 1300.0, 0.000666, [0.0002596487786666667], [0.092598], [0.060114686], [2.9783759691035203e-05]]
[2400.0, 200.0, 0.000239, [9.2809048e-05], [0.092598], [0.060114686], [1.7861112823362625e-05]]
[2400.0, 1700.0, 0.000669, [0.000260754036], [0.092598], [0.060114686], [2.97156771912291e-05]]
[2400.0, 2000.0, 0.000796, [0.00031026816], [0.092598], [0.060114686], [3.252493134675477e-05]]
[2400.0, 600.0, 0.000339, [0.00018013630666666668], [0.158424], [0.145757394], [3.9308959609172516e-05]]
[2400.0, 1900.0, 0.000746, [0.000290985972], [0.092598], [0.060114686], [3.156185562774576e-05]]
[2400.0, 700.0, 0.000386, [0.00020523934999999997], [0.158424], [0.145757394], [4.189431041985959e-05]]
[2400.0, 100.0, 0.000269, [0.000104743932], [0.092598], [0.060114686], [1.8812566584895085e-05]]
[2400.0, 1800.0, 0.0008, [0.00031203885333333335], [0.092598], [0.060114686], [3.2532289272864485e-05]]
[2400.0, 500.0, 0.000228, [8.874715600000001e-05], [0.092598], [0.060114686], [1.7404747725197796e-05]]
[2400.0, 900.0, 0.000434, [0.0001689133493333333], [0.092598], [0.060114686], [2.3887955458766244e-05]]
[2400.0, 1400.0, 0.00063, [0.0002456133506666667], [0.092598], [0.060114686], [2.8945811650200607e-05]]
[2400.0, 800.0, 0.000306, [0.00011894453066666666], [0.092598], [0.060114686], [2.0105294466881107e-05]]
[2400.0, 300.0, 0.00029, [0.000112748116], [0.092598], [0.060114686], [1.9626927810762665e-05]]
[2400.0, 1000.0, 0.000591, [0.00023035251333333333], [0.092598], [0.060114686], [2.7934343930803966e-05]]
[2500.0, 400.0, 0.000146, [5.679742666666666e-05], [0.092598], [0.060114686], [1.1359485551731645e-05]]
[2500.0, 1300.0, 0.00047, [0.00018320493600000002], [0.092598], [0.060114686], [2.0356105067303795e-05]]
[2500.0, 500.0, 0.000134, [5.2218096e-05], [0.092598], [0.060114686], [1.0888221485215623e-05]]
[2500.0, 900.0, 0.000225, [8.7669376e-05], [0.092598], [0.060114686], [1.4038334500771649e-05]]
[2500.0, 1400.0, 0.000503, [0.00019584423333333332], [0.092598], [0.060114686], [2.0877066200871127e-05]]
[2500.0, 200.0, 0.000135, [5.8838646e-05], [0.058741999999999996], [0.250363096], [2.22389157503238e-05]]
[2500.0, 1900.0, 0.000432, [0.0001683832146666667], [0.092598], [0.060114686], [1.9443218078405757e-05]]
[2500.0, 1000.0, 0.000202, [0.00010733594], [0.158424], [0.145757394], [2.4624552810378325e-05]]
[2500.0, 1800.0, 0.000414, [0.00016130120800000002], [0.092598], [0.060114686], [1.9142930689363576e-05]]
[2500.0, 1700.0, 0.000409, [0.00015943725733333337], [0.092598], [0.060114686], [1.8921723496787732e-05]]
[2500.0, 800.0, 0.000201, [7.825989200000001e-05], [0.092598], [0.060114686], [1.3228336023686258e-05]]
[2500.0, 700.0, 0.000115, [4.477063466666667e-05], [0.092598], [0.060114686], [1.0011015790395875e-05]]
[2500.0, 1600.0, 0.000448, [0.00017445984533333333], [0.092598], [0.060114686], [1.97536876152277e-05]]
[2500.0, 1100.0, 0.000261, [0.00013876153000000002], [0.158424], [0.145757394], [2.7752306150420483e-05]]
[2500.0, 600.0, 0.000175, [6.822217066666667e-05], [0.092598], [0.060114686], [1.2455609363745405e-05]]
[2500.0, 300.0, 0.000185, [7.204176533333334e-05], [0.092598], [0.060114686], [1.2735302130517186e-05]]
[2500.0, 2000.0, 0.000403, [0.000156755488], [0.092598], [0.060114686], [1.8871143916337217e-05]]
[2500.0, 1200.0, 0.000438, [0.00017067036533333335], [0.092598], [0.060114686], [1.9577231074218166e-05]]
[2500.0, 100.0, 0.000151, [5.856766000000001e-05], [0.092598], [0.060114686], [1.1486064801411414e-05]]
[2500.0, 1500.0, 0.000391, [0.00015220197866666667], [0.092598], [0.060114686], [1.8457201530989352e-05]]
[2600.0, 800.0, 0.000156, [8.272057333333333e-05], [0.158424], [0.145757394], [1.7636091450961196e-05]]
[2600.0, 2000.0, 0.000335, [0.00013026715466666667], [0.092598], [0.060114686], [1.3886522246008497e-05]]
[2600.0, 900.0, 0.00014, [5.451104266666667e-05], [0.092598], [0.060114686], [8.961560337351972e-06]]
[2600.0, 1000.0, 0.000173, [6.725794933333332e-05], [0.092598], [0.060114686], [1.0139519559076203e-05]]
[2600.0, 200.0, 8e-05, [3.112632933333333e-05], [0.092598], [0.060114686], [6.792319840656635e-06]]
[2600.0, 1100.0, 0.000187, [7.274988933333334e-05], [0.092598], [0.060114686], [1.0392842391654834e-05]]
[2600.0, 1500.0, 0.000255, [9.930446266666668e-05], [0.092598], [0.060114686], [1.2042437257927114e-05]]
[2600.0, 700.0, 9.5e-05, [3.6828428e-05], [0.092598], [0.060114686], [7.365688385118303e-06]]
[2600.0, 1800.0, 0.000235, [9.145781333333334e-05], [0.092598], [0.060114686], [1.1615155356496767e-05]]
[2600.0, 1600.0, 0.000267, [0.00010383684266666667], [0.092598], [0.060114686], [1.2323166382423346e-05]]
[2600.0, 1400.0, 0.000262, [0.00010199813066666666], [0.092598], [0.060114686], [1.227913016825251e-05]]
[2600.0, 1300.0, 0.000273, [0.00010638527333333334], [0.092598], [0.060114686], [1.245145219196897e-05]]
[2600.0, 600.0, 6.5e-05, [2.5348698666666668e-05], [0.092598], [0.060114686], [6.147963052010714e-06]]
[2600.0, 1700.0, 0.000257, [9.999412533333334e-05], [0.092598], [0.060114686], [1.2126070771505317e-05]]
[2600.0, 400.0, 9.7e-05, [3.761416933333333e-05], [0.092598], [0.060114686], [7.37674730728629e-06]]
[2600.0, 300.0, 8e-05, [3.1219372000000005e-05], [0.092598], [0.060114686], [6.812623295031071e-06]]
[2600.0, 1900.0, 0.000298, [0.00011610835466666666], [0.092598], [0.060114686], [1.3146682325886551e-05]]
[2600.0, 1200.0, 0.000229, [8.904318133333334e-05], [0.092598], [0.060114686], [1.1495427713274138e-05]]
[2600.0, 100.0, 6.5e-05, [2.5259477066666668e-05], [0.092598], [0.060114686], [6.126321992480933e-06]]
[2600.0, 500.0, 0.000102, [3.9805118666666665e-05], [0.092598], [0.060114686], [7.660496503781229e-06]]
[2700.0, 1400.0, 0.000171, [6.638060666666666e-05], [0.092598], [0.060114686], [8.049832353809888e-06]]
[2700.0, 1000.0, 7.5e-05, [3.2651720000000006e-05], [0.058741999999999996], [0.250363096], [1.0883908881922891e-05]]
[2700.0, 800.0, 6.7e-05, [2.6096164933333334e-05], [0.092598], [0.060114686], [5.022208571269549e-06]]
[2700.0, 900.0, 8.8e-05, [3.4199988e-05], [0.092598], [0.060114686], [5.780854568122068e-06]]
[2700.0, 600.0, 6.5e-05, [2.54547164e-05], [0.092598], [0.060114686], [4.992080282474097e-06]]
[2700.0, 1100.0, 0.000103, [4.023589333333333e-05], [0.092598], [0.060114686], [6.208536156686928e-06]]
[2700.0, 1300.0, 0.00018, [9.56248e-05], [0.158424], [0.145757394], [1.5312218211466147e-05]]
[2700.0, 400.0, 4.2e-05, [1.64906044e-05], [0.092598], [0.060114686], [3.9995588467840906e-06]]
[2700.0, 1700.0, 0.000144, [5.6061488e-05], [0.092598], [0.060114686], [7.425526005760281e-06]]
[2700.0, 100.0, 4e-05, [1.545654586666667e-05], [0.092598], [0.060114686], [3.864136293892566e-06]]
[2700.0, 2000.0, 0.000174, [6.7553668e-05], [0.092598], [0.060114686], [8.13250627926116e-06]]
[2700.0, 1200.0, 0.000132, [5.141232933333333e-05], [0.092598], [0.060114686], [7.062027974393128e-06]]
[2700.0, 700.0, 7.9e-05, [3.0798472e-05], [0.092598], [0.060114686], [5.444451903849765e-06]]
[2700.0, 300.0, 6e-05, [3.1712975e-05], [0.158424], [0.145757394], [8.79559481912521e-06]]
[2700.0, 1800.0, 0.000125, [4.844542133333333e-05], [0.092598], [0.060114686], [6.8512188540920705e-06]]
[2700.0, 200.0, 5.8e-05, [2.53148925e-05], [0.058741999999999996], [0.250363096], [9.568130618098815e-06]]
[2700.0, 1500.0, 0.000152, [6.6462065e-05], [0.058741999999999996], [0.250363096], [1.5665258464193942e-05]]
[2700.0, 500.0, 6e-05, [2.3386633066666664e-05], [0.092598], [0.060114686], [4.773776683321311e-06]]
[2700.0, 1900.0, 0.000118, [4.593553866666667e-05], [0.092598], [0.060114686], [6.630223403643516e-06]]
[2700.0, 1600.0, 0.000129, [4.9987464e-05], [0.092598], [0.060114686], [6.9996470171319665e-06]]
[2800.0, 1500.0, 9e-05, [3.517984933333333e-05], [0.092598], [0.060114686], [4.743651602346492e-06]]
[2800.0, 200.0, 3.3e-05, [1.4357082999999999e-05], [0.058741999999999996], [0.250363096], [5.861255667516987e-06]]
[2800.0, 400.0, 2.5e-05, [3.4569920000000004e-05], [1.15138], [0.3231316], [8.14820789327322e-06]]
[2800.0, 900.0, 5e-05, [2.6732516666666665e-05], [0.158424], [0.145757394], [6.483587179263584e-06]]
[2800.0, 600.0, 5e-05, [1.92568788e-05], [0.092598], [0.060114686], [3.515808618227107e-06]]
[2800.0, 1200.0, 7.2e-05, [3.8278003e-05], [0.158424], [0.145757394], [7.813465570553326e-06]]
[2800.0, 1000.0, 6.1e-05, [3.2333216e-05], [0.158424], [0.145757394], [7.2299272310768575e-06]]
[2800.0, 1400.0, 0.000107, [4.1735524e-05], [0.092598], [0.060114686], [5.137286370578667e-06]]
[2800.0, 800.0, 7.1e-05, [3.10092785e-05], [0.058741999999999996], [0.250363096], [8.600425524356337e-06]]
[2800.0, 100.0, 2.3e-05, [8.956212266666667e-06], [0.092598], [0.060114686], [2.393648355126542e-06]]
[2800.0, 1100.0, 5.6e-05, [2.18135588e-05], [0.092598], [0.060114686], [3.740993973680138e-06]]
[2800.0, 1300.0, 8.8e-05, [3.417852133333333e-05], [0.092598], [0.060114686], [4.69478222521793e-06]]
[2800.0, 2000.0, 8.7e-05, [3.3843150666666664e-05], [0.092598], [0.060114686], [4.605469725832052e-06]]
[2800.0, 500.0, 4.2e-05, [2.2132202333333333e-05], [0.158424], [0.145757394], [5.915079526092612e-06]]
[2800.0, 1900.0, 9.2e-05, [4.894814e-05], [0.158424], [0.145757394], [8.79134697681002e-06]]
[2800.0, 1800.0, 8.2e-05, [4.374646e-05], [0.158424], [0.145757394], [8.267304773759234e-06]]
[2800.0, 300.0, 3.6e-05, [1.3873860666666666e-05], [0.092598], [0.060114686], [2.957917243226689e-06]]
[2800.0, 700.0, 5e-05, [1.9536567999999998e-05], [0.092598], [0.060114686], [3.5088711017774493e-06]]
[2800.0, 1600.0, 9.7e-05, [3.7831749333333336e-05], [0.092598], [0.060114686], [4.884057326080893e-06]]
[2800.0, 1700.0, 9.4e-05, [3.654197066666666e-05], [0.092598], [0.060114686], [4.840100676638865e-06]]
[2900.0, 1300.0, 4.7e-05, [1.8382697866666667e-05], [0.092598], [0.060114686], [2.7403306755856227e-06]]
[2900.0, 900.0, 3.2e-05, [1.4118653499999999e-05], [0.058741999999999996], [0.250363096], [4.706216758182734e-06]]
[2900.0, 1600.0, 7e-05, [2.73806628e-05], [0.092598], [0.060114686], [3.3450797406207097e-06]]
[2900.0, 2000.0, 5.6e-05, [2.1707728133333332e-05], [0.092598], [0.060114686], [3.0103198834823e-06]]
[2900.0, 1200.0, 4.1e-05, [1.5749378799999998e-05], [0.092598], [0.060114686], [2.5548865462090486e-06]]
[2900.0, 1700.0, 5.8e-05, [3.0982142333333334e-05], [0.158424], [0.145757394], [5.656539716705493e-06]]
[2900.0, 1100.0, 4.3e-05, [1.86547365e-05], [0.058741999999999996], [0.250363096], [5.385157887657519e-06]]
[2900.0, 800.0, 2.9e-05, [1.5395663333333334e-05], [0.158424], [0.145757394], [3.975142638950204e-06]]
[2900.0, 600.0, 2.8e-05, [1.0764254533333332e-05], [0.092598], [0.060114686], [2.111044196600346e-06]]
[2900.0, 100.0, 1.7e-05, [6.5478730666666665e-06], [0.092598], [0.060114686], [1.6369684550004826e-06]]
[2900.0, 400.0, 2.4e-05, [9.182449466666667e-06], [0.092598], [0.060114686], [1.957704612833895e-06]]
[2900.0, 1000.0, 3.9e-05, [2.0800831999999997e-05], [0.158424], [0.145757394], [4.65120813696112e-06]]
[2900.0, 1400.0, 5.1e-05, [1.99695476e-05], [0.092598], [0.060114686], [2.8823559052352373e-06]]
[2900.0, 200.0, 1.5e-05, [5.813026133333334e-06], [0.092598], [0.060114686], [1.5535970625901973e-06]]
[2900.0, 500.0, 1.6e-05, [8.299297e-06], [0.158424], [0.145757394], [2.9342457766481964e-06]]
[2900.0, 1500.0, 6.6e-05, [3.5133810999999996e-05], [0.158424], [0.145757394], [6.0253986341154225e-06]]
[2900.0, 1800.0, 6.6e-05, [3.5073091000000003e-05], [0.158424], [0.145757394], [6.014985438238585e-06]]
[2900.0, 300.0, 3.1e-05, [1.6603301333333333e-05], [0.158424], [0.145757394], [4.150825660837452e-06]]
[2900.0, 700.0, 2.5e-05, [1.3378394666666665e-05], [0.158424], [0.145757394], [3.7104987565315556e-06]]
[2900.0, 1900.0, 6.6e-05, [2.5683094133333335e-05], [0.092598], [0.060114686], [3.261755739884068e-06]]
[3000.0, 1900.0, 3.6e-05, [1.3849876266666665e-05], [0.092598], [0.060114686], [1.9206323028280733e-06]]
[3000.0, 800.0, 1.7e-05, [6.6133648e-06], [0.092598], [0.060114686], [1.3226732775372425e-06]]
[3000.0, 900.0, 1.7e-05, [6.635883333333333e-06], [0.092598], [0.060114686], [1.3271770187548874e-06]]
[3000.0, 1600.0, 3.6e-05, [1.38679604e-05], [0.092598], [0.060114686], [1.9231398955296457e-06]]
[3000.0, 700.0, 1.2e-05, [5.0429501000000005e-06], [0.058741999999999996], [0.250363096], [2.2552760801063804e-06]]
[3000.0, 600.0, 1e-05, [5.337247366666668e-06], [0.158424], [0.145757394], [1.887002165988276e-06]]
[3000.0, 1300.0, 2.8e-05, [1.0935533999999999e-05], [0.092598], [0.060114686], [1.7078437097371906e-06]]
[3000.0, 500.0, 1e-05, [4.037306533333333e-06], [0.092598], [0.060114686], [1.0424280707399751e-06]]
[3000.0, 1500.0, 3.3e-05, [1.2899911866666666e-05], [0.092598], [0.060114686], [1.8428446899050149e-06]]
[3000.0, 1800.0, 3.1e-05, [1.2037801333333334e-05], [0.092598], [0.060114686], [1.774877147047398e-06]]
[3000.0, 2000.0, 3.2e-05, [1.6833822666666668e-05], [0.158424], [0.145757394], [3.366764095949964e-06]]
[3000.0, 100.0, 2.2e-05, [1.1821816e-05], [0.158424], [0.145757394], [2.786428879408193e-06]]
[3000.0, 1400.0, 2.9e-05, [1.1191873600000001e-05], [0.092598], [0.060114686], [1.7269434444834737e-06]]
[3000.0, 1100.0, 2.3e-05, [1.2367966333333333e-05], [0.158424], [0.145757394], [2.8374052642041347e-06]]
[3000.0, 1200.0, 3.4e-05, [1.4824684500000001e-05], [0.058741999999999996], [0.250363096], [3.827717603219965e-06]]
[3000.0, 1000.0, 1.4e-05, [8.206093333333333e-06], [0.214406], [0.069147154], [1.4738579940641048e-06]]
[3000.0, 400.0, 1.2e-05, [4.770476e-06], [0.092598], [0.060114686], [1.124412058119462e-06]]
[3000.0, 300.0, 1.2e-05, [4.537722133333334e-06], [0.092598], [0.060114686], [1.1005591193166823e-06]]
[3000.0, 1700.0, 2.9e-05, [1.1118797999999999e-05], [0.092598], [0.060114686], [1.7156680378208367e-06]]
[3000.0, 200.0, 1.5e-05, [8.014304e-06], [0.158424], [0.145757394], [2.313531092171541e-06]]
