[100.0, 800.0, 0.386694, [145.533604], [3085.22], [282.25002], [6.048169844176004]]
[100.0, 500.0, 0.346328, [129.1911472], [3085.22], [282.25002], [5.698377215734318]]
[100.0, 600.0, 0.352749, [131.7614064], [3085.22], [282.25002], [5.767039941737876]]
[100.0, 100.0, 0.353399, [132.022208], [3085.22], [282.25002], [5.767416822113691]]
[100.0, 1000.0, 0.364128, [136.34282240000002], [3085.22], [282.25002], [5.867260599632506]]
[100.0, 400.0, 0.365253, [136.79779920000001], [3085.22], [282.25002], [5.875967330065748]]
[100.0, 900.0, 0.333721, [124.17436880000001], [3085.22], [282.25002], [5.592532516561705]]
[100.0, 200.0, 0.37327, [140.0486376], [3085.22], [282.25002], [5.934049922270624]]
[100.0, 700.0, 0.356381, [133.2201768], [3085.22], [282.25002], [5.797663354973277]]
[100.0, 300.0, 0.33475, [124.58253599999999], [3085.22], [282.25002], [5.610914898374418]]
[200.0, 700.0, 0.3819, [57.236236], [1401.1599999999999], [108.248672], [2.0885795847896245]]
[200.0, 400.0, 0.372382, [55.687093999999995], [1401.1599999999999], [108.248672], [2.059661750385242]]
[200.0, 500.0, 0.389688, [58.511747], [1401.1599999999999], [108.248672], [2.1113607893962603]]
[200.0, 100.0, 0.389149, [58.423128000000005], [1401.1599999999999], [108.248672], [2.1054236934640973]]
[200.0, 600.0, 0.390424, [21.0752312], [584.66], [33.078448200000004], [1.794043050765505]]
[200.0, 1000.0, 0.409168, [61.734921], [1401.1599999999999], [108.248672], [2.170484421275582]]
[200.0, 300.0, 0.395857, [59.527173999999995], [1401.1599999999999], [108.248672], [2.125970882914439]]
[200.0, 900.0, 0.41055, [61.965289], [1401.1599999999999], [108.248672], [2.170549372854716]]
[200.0, 800.0, 0.394471, [59.298669000000004], [1401.1599999999999], [108.248672], [2.1245950437671643]]
[200.0, 200.0, 0.405728, [61.162129], [1401.1599999999999], [108.248672], [2.154344451335487]]
[300.0, 400.0, 0.333289, [23.116678999999998], [541.42], [48.124464], [0.8193489732708524]]
[300.0, 1000.0, 0.34818, [24.225532], [541.42], [48.124464], [0.839869179098745]]
[300.0, 200.0, 0.317383, [21.943426], [541.42], [48.124464], [0.7986032563169273]]
[300.0, 800.0, 0.343394, [23.868043], [541.42], [48.124464], [0.8345264040160741]]
[300.0, 700.0, 0.346364, [24.08974], [541.42], [48.124464], [0.8397151642074828]]
[300.0, 300.0, 0.326036, [22.580358099999998], [541.42], [48.124464], [0.8126847482265186]]
[300.0, 900.0, 0.318449, [22.0217272], [541.42], [48.124464], [0.8003933907773102]]
[300.0, 600.0, 0.351969, [24.509397999999997], [541.42], [48.124464], [0.846158090429915]]
[300.0, 500.0, 0.339009, [5.653981899999999], [113.804], [6.8261562], [0.40593227723353065]]
[300.0, 100.0, 0.181078, [12.264432600000001], [541.42], [48.124464], [0.5984430723970326]]
[400.0, 900.0, 0.306542, [5.267144900000001], [110.4], [7.9261634], [0.2677440066556112]]
[400.0, 200.0, 0.274598, [4.6858911999999995], [110.4], [7.9261634], [0.25155187377556937]]
[400.0, 500.0, 0.284175, [4.8589823], [110.4], [7.9261634], [0.25680517109279555]]
[400.0, 300.0, 0.273896, [6.4950689], [182.298], [12.4450194], [0.2964579555350135]]
[400.0, 800.0, 0.306512, [5.2666021], [110.4], [7.9261634], [0.26737111717610784]]
[400.0, 100.0, 0.131685, [2.1961331499999996], [110.4], [7.9261634], [0.17254450692502502]]
[400.0, 1000.0, 0.30868, [5.306447299999999], [110.4], [7.9261634], [0.2680160304907152]]
[400.0, 400.0, 0.270343, [4.6092943], [110.4], [7.9261634], [0.2503425065784874]]
[400.0, 600.0, 0.290761, [4.9785846], [110.4], [7.9261634], [0.2598800523318402]]
[400.0, 700.0, 0.295753, [5.0695565], [110.4], [7.9261634], [0.2621405765996558]]
[500.0, 300.0, 0.225779, [2.29321937], [45.8252], [3.97160136], [0.1274010671854832]]
[500.0, 600.0, 0.221436, [2.7519362], [70.518], [4.742462], [0.13934969059886715]]
[500.0, 800.0, 0.242353, [2.4702414], [45.8252], [3.97160136], [0.13222893832289512]]
[500.0, 1000.0, 0.235061, [2.3921564], [45.8252], [3.97160136], [0.12992414787097892]]
[500.0, 700.0, 0.224538, [2.28003071], [45.8252], [3.97160136], [0.12686429726286275]]
[500.0, 100.0, 0.082323, [0.81661684], [45.8252], [3.97160136], [0.07582095732711372]]
[500.0, 200.0, 0.155723, [1.561194], [45.8252], [3.97160136], [0.10478048787823047]]
[500.0, 900.0, 0.232199, [2.3615963], [45.8252], [3.97160136], [0.12864438903426764]]
[500.0, 500.0, 0.253626, [2.5916101], [45.8252], [3.97160136], [0.135097054557085]]
[500.0, 400.0, 0.251684, [2.5706479], [45.8252], [3.97160136], [0.1345539119089445]]
[600.0, 200.0, 0.101715, [0.5485524533333334], [15.7366], [1.45902708], [0.037944163591607426]]
[600.0, 100.0, 0.077055, [0.4135498133333333], [15.7366], [1.45902708], [0.03290025279200417]]
[600.0, 800.0, 0.193599, [1.0664026666666666], [15.7366], [1.45902708], [0.052794806520675454]]
[600.0, 600.0, 0.20611, [1.1390362066666666], [15.7366], [1.45902708], [0.054549936144172834]]
[600.0, 400.0, 0.192376, [1.0593306266666667], [15.7366], [1.45902708], [0.052573682431844584]]
[600.0, 500.0, 0.209003, [1.1559171333333333], [15.7366], [1.45902708], [0.05498136516635027]]
[600.0, 300.0, 0.194105, [1.0693258133333332], [15.7366], [1.45902708], [0.05293951857229783]]
[600.0, 1000.0, 0.185982, [1.0224551866666667], [15.7366], [1.45902708], [0.051774039354787756]]
[600.0, 700.0, 0.204791, [1.1313558933333334], [15.7366], [1.45902708], [0.0543695006005716]]
[600.0, 900.0, 0.187933, [1.0336920666666667], [15.7366], [1.45902708], [0.05201068022798566]]
[700.0, 100.0, 0.048529, [0.21701573333333332], [10.948], [1.244944], [0.018276014773467436]]
[700.0, 1000.0, 0.137445, [0.6272234933333334], [10.948], [1.244944], [0.030938654513587228]]
[700.0, 600.0, 0.140859, [0.6433613666666668], [10.948], [1.244944], [0.03139281974521491]]
[700.0, 200.0, 0.067223, [0.3017876], [10.948], [1.244944], [0.02150147796470435]]
[700.0, 400.0, 0.150338, [0.6883354133333333], [10.948], [1.244944], [0.03248455962111504]]
[700.0, 800.0, 0.141997, [0.6487449], [10.948], [1.244944], [0.031543051927308635]]
[700.0, 700.0, 0.159385, [0.7315036533333332], [10.948], [1.244944], [0.033423255177595534]]
[700.0, 900.0, 0.144208, [0.6592206333333334], [10.948], [1.244944], [0.03175354155575931]]
[700.0, 300.0, 0.112406, [0.5098091066666667], [10.948], [1.244944], [0.02797941360675341]]
[700.0, 500.0, 0.158518, [0.7273527666666666], [10.948], [1.244944], [0.033408416424607734]]
[800.0, 300.0, 0.063378, [0.20609058000000002], [6.0214], [0.6997897200000001], [0.01383189055929971]]
[800.0, 100.0, 0.040134, [0.12968019466666666], [6.0214], [0.6997897200000001], [0.010959975569721352]]
[800.0, 800.0, 0.12709, [0.4211836666666667], [6.0214], [0.6997897200000001], [0.019745392463953598]]
[800.0, 400.0, 0.107041, [0.35253894], [6.0214], [0.6997897200000001], [0.01810871210832571]]
[800.0, 200.0, 0.045388, [0.14686315733333333], [6.0214], [0.6997897200000001], [0.011647005606592624]]
[800.0, 600.0, 0.11304, [0.37298087999999996], [6.0214], [0.6997897200000001], [0.018602594382982653]]
[800.0, 1000.0, 0.109105, [0.35956252666666666], [6.0214], [0.6997897200000001], [0.018230540212633428]]
[800.0, 900.0, 0.104023, [0.3422844666666667], [6.0214], [0.6997897200000001], [0.017818613264411646]]
[800.0, 500.0, 0.114161, [0.37680991999999996], [6.0214], [0.6997897200000001], [0.018700764916025344]]
[800.0, 700.0, 0.119761, [0.3959828733333334], [6.0214], [0.6997897200000001], [0.019207991450319723]]
[900.0, 200.0, 0.032616, [0.07888869666666666], [3.4610399999999997], [0.42700167], [0.004774563395978968]]
[900.0, 300.0, 0.042998, [0.10437683666666668], [3.4610399999999997], [0.42700167], [0.005478364180016594]]
[900.0, 1000.0, 0.085625, [0.21109745], [3.4610399999999997], [0.42700167], [0.007823794830870475]]
[900.0, 900.0, 0.089631, [0.22130630666666665], [3.4610399999999997], [0.42700167], [0.008001344866125111]]
[900.0, 700.0, 0.083741, [0.20630762333333333], [3.4610399999999997], [0.42700167], [0.007726280893447018]]
[900.0, 500.0, 0.083118, [0.20472353666666665], [3.4610399999999997], [0.42700167], [0.007683136143528891]]
[900.0, 800.0, 0.089171, [0.22013399666666666], [3.4610399999999997], [0.42700167], [0.007958963814467307]]
[900.0, 400.0, 0.076143, [0.18705785], [3.4610399999999997], [0.42700167], [0.007354002382678731]]
[900.0, 100.0, 0.028776, [0.06951019366666668], [3.4610399999999997], [0.42700167], [0.004486863857727107]]
[900.0, 600.0, 0.090259, [0.22291071], [3.4610399999999997], [0.42700167], [0.008017537402469663]]
[1000.0, 700.0, 0.063316, [0.06840804133333332], [0.6578], [0.12390491000000001], [0.002237181991702955]]
[1000.0, 500.0, 0.064118, [0.06931810533333332], [0.6578], [0.12390491000000001], [0.002253726069522302]]
[1000.0, 1000.0, 0.060843, [0.065606672], [0.6578], [0.12390491000000001], [0.0021917647095941258]]
[1000.0, 200.0, 0.021769, [0.022762652266666666], [0.6578], [0.12390491000000001], [0.001290751584672021]]
[1000.0, 800.0, 0.061094, [0.06589009333333333], [0.6578], [0.12390491000000001], [0.0021975577988101046]]
[1000.0, 400.0, 0.04385, [0.04665004133333333], [0.6578], [0.12390491000000001], [0.0018425657777494222]]
[1000.0, 300.0, 0.028996, [0.030490600133333334], [0.6578], [0.12390491000000001], [0.001493131310739652]]
[1000.0, 600.0, 0.06047, [0.065184852], [0.6578], [0.12390491000000001], [0.00218254991990765]]
[1000.0, 100.0, 0.020385, [0.021292933866666666], [0.6578], [0.12390491000000001], [0.0012482139531702445]]
[1000.0, 900.0, 0.066431, [0.07195237199999999], [0.6578], [0.12390491000000001], [0.0022902687112602697]]
[1100.0, 700.0, 0.059035, [0.06356488533333333], [0.6578], [0.12390491000000001], [0.0017261860515148547]]
[1100.0, 900.0, 0.06028, [0.06497021600000001], [0.6578], [0.12390491000000001], [0.0017495735139995943]]
[1100.0, 200.0, 0.022548, [0.0235922592], [0.6578], [0.12390491000000001], [0.0010550777420540052]]
[1100.0, 800.0, 0.059994, [0.064646652], [0.6578], [0.12390491000000001], [0.0017414919315218076]]
[1100.0, 500.0, 0.04965, [0.05306317733333333], [0.6578], [0.12390491000000001], [0.0015799334523256916]]
[1100.0, 400.0, 0.034088, [0.03598834533333334], [0.6578], [0.12390491000000001], [0.00130116212876541]]
[1100.0, 600.0, 0.060765, [0.06551755466666667], [0.6578], [0.12390491000000001], [0.0017573174713497591]]
[1100.0, 100.0, 0.01666, [0.01735246346666667], [0.6578], [0.12390491000000001], [0.0009021116439406672]]
[1100.0, 1000.0, 0.057637, [0.06199067333333332], [0.6578], [0.12390491000000001], [0.0017068839116940555]]
[1100.0, 300.0, 0.024026, [0.025166774800000003], [0.6578], [0.12390491000000001], [0.0010900941064370953]]
[1200.0, 100.0, 0.013957, [0.014506185866666667], [0.6578], [0.12390491000000001], [0.0006677012987523355]]
[1200.0, 700.0, 0.041428, [0.04398976933333334], [0.6578], [0.12390491000000001], [0.0011632780647807298]]
[1200.0, 200.0, 0.01336, [0.013879064799999999], [0.6578], [0.12390491000000001], [0.0006535396206300987]]
[1200.0, 800.0, 0.04203, [0.044649869333333335], [0.6578], [0.12390491000000001], [0.0011713522631746798]]
[1200.0, 1000.0, 0.040296, [0.042750161333333335], [0.6578], [0.12390491000000001], [0.0011466483603189872]]
[1200.0, 300.0, 0.015979, [0.01663402933333333], [0.6578], [0.12390491000000001], [0.0007158146565821196]]
[1200.0, 600.0, 0.042065, [0.044689], [0.6578], [0.12390491000000001], [0.001169164404369396]]
[1200.0, 500.0, 0.029585, [0.031124029333333334], [0.6578], [0.12390491000000001], [0.000977893115722663]]
[1200.0, 900.0, 0.040493, [0.042965901333333334], [0.6578], [0.12390491000000001], [0.0011466754255479428]]
[1200.0, 400.0, 0.021429, [0.022401221066666668], [0.6578], [0.12390491000000001], [0.0008296748074061573]]
[1300.0, 900.0, 0.024343, [0.025505874533333334], [0.6578], [0.12390491000000001], [0.0007174087009973232]]
[1300.0, 200.0, 0.008403, [0.008696671066666667], [0.6578], [0.12390491000000001], [0.0004193907451954031]]
[1300.0, 1000.0, 0.025068, [0.026280183333333335], [0.6578], [0.12390491000000001], [0.000729723627440173]]
[1300.0, 500.0, 0.016006, [0.016662721066666667], [0.6578], [0.12390491000000001], [0.0005790695809275044]]
[1300.0, 100.0, 0.007452, [0.007706502666666668], [0.6578], [0.12390491000000001], [0.0003942989250696876]]
[1300.0, 600.0, 0.023215, [0.024302198666666667], [0.6578], [0.12390491000000001], [0.0007000870221463742]]
[1300.0, 300.0, 0.009886, [0.010243092933333335], [0.6578], [0.12390491000000001], [0.00045717160677850985]]
[1300.0, 400.0, 0.01131, [0.011731223600000002], [0.6578], [0.12390491000000001], [0.0004866931399192354]]
[1300.0, 700.0, 0.025922, [0.027192850933333332], [0.6578], [0.12390491000000001], [0.0007406444431109377]]
[1300.0, 800.0, 0.024783, [0.025975053066666663], [0.6578], [0.12390491000000001], [0.0007234857486118468]]
[1400.0, 400.0, 0.010146, [0.006034828933333333], [0.214406], [0.069147154], [0.00028448456932963286]]
[1400.0, 600.0, 0.017755, [0.010669402533333332], [0.214406], [0.069147154], [0.000377929560044667]]
[1400.0, 900.0, 0.024102, [0.014607983866666667], [0.214406], [0.069147154], [0.00044266618975877925]]
[1400.0, 100.0, 0.007305, [0.004328823866666667], [0.214406], [0.069147154], [0.00024011992166878243]]
[1400.0, 700.0, 0.023791, [0.014413379333333334], [0.214406], [0.069147154], [0.00043899191407384966]]
[1400.0, 800.0, 0.025507, [0.015489389866666665], [0.214406], [0.069147154], [0.00045557023529735666]]
[1400.0, 300.0, 0.008886, [0.005276497466666667], [0.214406], [0.069147154], [0.0002658261068025068]]
[1400.0, 500.0, 0.013391, [0.007999820133333333], [0.214406], [0.069147154], [0.00032659121740930035]]
[1400.0, 1000.0, 0.024358, [0.0147685116], [0.214406], [0.069147154], [0.00044528739204148944]]
[1400.0, 200.0, 0.007369, [0.0043668198666666665], [0.214406], [0.069147154], [0.00024111729803838903]]
[1500.0, 400.0, 0.007788, [0.0046176486666666666], [0.214406], [0.069147154], [0.0002030839424036825]]
[1500.0, 200.0, 0.005574, [0.0032949524000000004], [0.214406], [0.069147154], [0.00017129635237732817]]
[1500.0, 500.0, 0.008592, [0.005099912666666667], [0.214406], [0.069147154], [0.00021268114909935536]]
[1500.0, 600.0, 0.011582, [0.006902496266666666], [0.214406], [0.069147154], [0.00024794499726977983]]
[1500.0, 1000.0, 0.018324, [0.011020149466666665], [0.214406], [0.069147154], [0.0003130775304759013]]
[1500.0, 800.0, 0.01711, [0.010273302666666668], [0.214406], [0.069147154], [0.00030215597596826266]]
[1500.0, 300.0, 0.006402, [0.003788869733333333], [0.214406], [0.069147154], [0.00018357131729475966]]
[1500.0, 100.0, 0.00566, [0.0033466441333333337], [0.214406], [0.069147154], [0.0001725899729802787]]
[1500.0, 900.0, 0.017515, [0.010521797733333334], [0.214406], [0.069147154], [0.00030539687580443764]]
[1500.0, 700.0, 0.015549, [0.009316373866666667], [0.214406], [0.069147154], [0.00032163690639532575]]
[1600.0, 100.0, 0.004017, [0.002849978146666667], [0.30981], [0.08789661600000001], [0.00013035497859477575]]
[1600.0, 900.0, 0.011765, [0.008418806533333333], [0.30981], [0.08789661600000001], [0.00022356942275523974]]
[1600.0, 300.0, 0.003754, [0.0026626857733333333], [0.30981], [0.08789661600000001], [0.00012580007171875715]]
[1600.0, 500.0, 0.005601, [0.0039802052], [0.30981], [0.08789661600000001], [0.00015353973441570247]]
[1600.0, 1000.0, 0.011558, [0.008268910933333333], [0.30981], [0.08789661600000001], [0.000221869317171668]]
[1600.0, 800.0, 0.011499, [0.008225922400000002], [0.30981], [0.08789661600000001], [0.00022047789282979521]]
[1600.0, 200.0, 0.00371, [0.002631315306666667], [0.30981], [0.08789661600000001], [0.00012544304864492626]]
[1600.0, 700.0, 0.008901, [0.005285743466666667], [0.214406], [0.069147154], [0.00017737797232651712]]
[1600.0, 400.0, 0.004466, [0.003169596266666667], [0.30981], [0.08789661600000001], [0.00013716189052843117]]
[1600.0, 600.0, 0.006806, [0.004030247066666667], [0.214406], [0.069147154], [0.0001548949927890218]]
[1700.0, 900.0, 0.007575, [0.005395097733333333], [0.30981], [0.08789661600000001], [0.000146080498477913]]
[1700.0, 700.0, 0.005758, [0.004093009466666667], [0.30981], [0.08789661600000001], [0.00012803162553751233]]
[1700.0, 500.0, 0.003522, [0.0024974274], [0.30981], [0.08789661600000001], [9.973764651992413e-05]]
[1700.0, 300.0, 0.002501, [0.00147255844], [0.214406], [0.069147154], [7.655466378709762e-05]]
[1700.0, 800.0, 0.007082, [0.005041354666666667], [0.30981], [0.08789661600000001], [0.00014129701193663728]]
[1700.0, 400.0, 0.003213, [0.002277514893333333], [0.30981], [0.08789661600000001], [0.00010630528231884287]]
[1700.0, 1000.0, 0.007341, [0.0052273572], [0.30981], [0.08789661600000001], [0.00014404205478493658]]
[1700.0, 100.0, 0.002523, [0.00178696476], [0.30981], [0.08789661600000001], [8.433207320270661e-05]]
[1700.0, 600.0, 0.004216, [0.002991447466666666], [0.30981], [0.08789661600000001], [0.00010923223879016264]]
[1700.0, 200.0, 0.002538, [0.0017976254133333332], [0.30981], [0.08789661600000001], [8.455317769178032e-05]]
[1800.0, 600.0, 0.003229, [0.0012636239866666667], [0.092598], [0.060114686], [5.816300990224705e-05]]
[1800.0, 400.0, 0.002514, [0.0009823379733333334], [0.092598], [0.060114686], [5.113846663498797e-05]]
[1800.0, 500.0, 0.002863, [0.0011195093600000002], [0.092598], [0.060114686], [5.4626467138192266e-05]]
[1800.0, 1000.0, 0.006174, [0.0024303781066666664], [0.092598], [0.060114686], [8.047787022805987e-05]]
[1800.0, 700.0, 0.003996, [0.0015660049866666667], [0.092598], [0.060114686], [6.463594207559754e-05]]
[1800.0, 200.0, 0.001922, [0.0007501281333333334], [0.092598], [0.060114686], [4.474888784713599e-05]]
[1800.0, 800.0, 0.005517, [0.00216879696], [0.092598], [0.060114686], [7.606302733917444e-05]]
[1800.0, 900.0, 0.006069, [0.0023886441466666668], [0.092598], [0.060114686], [7.984356277955871e-05]]
[1800.0, 100.0, 0.002028, [0.0007917881866666666], [0.092598], [0.060114686], [4.5867062130078094e-05]]
[1800.0, 300.0, 0.002217, [0.00086590124], [0.092598], [0.060114686], [4.795782328486378e-05]]
[1900.0, 300.0, 0.001854, [0.0007236318266666666], [0.092598], [0.060114686], [3.595755265432965e-05]]
[1900.0, 600.0, 0.002529, [0.00098809472], [0.092598], [0.060114686], [4.6998875315148644e-05]]
[1900.0, 500.0, 0.002208, [0.0008623236666666667], [0.092598], [0.060114686], [3.9237086220960795e-05]]
[1900.0, 800.0, 0.004008, [0.00157089356], [0.092598], [0.060114686], [5.3075566439642345e-05]]
[1900.0, 1000.0, 0.005581, [0.0021944137466666665], [0.092598], [0.060114686], [6.264641580596079e-05]]
[1900.0, 100.0, 0.001684, [0.0006570581733333333], [0.092598], [0.060114686], [3.43449963879586e-05]]
[1900.0, 900.0, 0.005341, [0.0020987549066666666], [0.092598], [0.060114686], [6.117492710798001e-05]]
[1900.0, 200.0, 0.001786, [0.0006968552266666666], [0.092598], [0.060114686], [3.5286634347236286e-05]]
[1900.0, 400.0, 0.002004, [0.0007822842800000001], [0.092598], [0.060114686], [3.7293932422789035e-05]]
[1900.0, 700.0, 0.003317, [0.00129808136], [0.092598], [0.060114686], [4.8176318257925114e-05]]
[2000.0, 300.0, 0.001272, [0.0004956668666666667], [0.092598], [0.060114686], [2.4390173810141015e-05]]
[2000.0, 900.0, 0.003091, [0.00120925628], [0.092598], [0.060114686], [3.814479715796405e-05]]
[2000.0, 500.0, 0.001564, [0.000610075], [0.092598], [0.060114686], [2.7041102597506802e-05]]
[2000.0, 600.0, 0.001711, [0.0006674483466666667], [0.092598], [0.060114686], [2.8255342058528406e-05]]
[2000.0, 200.0, 0.00114, [0.00044425113333333336], [0.092598], [0.060114686], [2.3064363098849176e-05]]
[2000.0, 400.0, 0.001398, [0.0005450276266666667], [0.092598], [0.060114686], [2.5579421273967696e-05]]
[2000.0, 100.0, 0.001252, [0.00048803178666666664], [0.092598], [0.060114686], [2.4220610213434156e-05]]
[2000.0, 700.0, 0.001974, [0.0007703163066666666], [0.092598], [0.060114686], [3.0378309293895142e-05]]
[2000.0, 1000.0, 0.003592, [0.0014067063733333334], [0.092598], [0.060114686], [4.110787454166578e-05]]
[2000.0, 800.0, 0.002545, [0.0009945313466666666], [0.092598], [0.060114686], [3.462513838239495e-05]]
