[100.0, 800.0, 0.217157, [135.945381], [4961.0], [478.48619499999995], [96.12788138883305]]
[100.0, 500.0, 0.664746, [126.15653875000001], [356.29], [27.26139856], [126.15650604946767]]
[100.0, 600.0, 0.559791, [113.34096033333333], [460.02], [90.2436568], [113.34095950417554]]
[100.0, 100.0, 0.651125, [40.47381338], [115.456], [8.52411648], [40.4738089372992]]
[100.0, 1000.0, 0.274361, [84.11612274999999], [2503.05], [218.6094416], [84.11610962569834]]
[100.0, 400.0, 0.467523, [224.58512499999998], [5084.999999999999], [271.4652], [224.58510357991244]]
[100.0, 900.0, 0.576801, [475.13819117647057], [8685.0], [479.5074], [335.9733725314745]]
[100.0, 200.0, 0.126014, [305.77878924999993], [19731.25], [1914.692989], [176.5413706574892]]
[100.0, 700.0, 0.706979, [0.0, 269406.04500000004, 0.0, 146744.50909090895, 807094.6875000003, 124168.43076923066], [15255000.0, 114750000.0, 490500.0, 2695500.0, 810000000.0, 1512000.0], [3065951.25, 16160211.0, 163210.5, 154984.005, 86018625.0, 94610.25], [0.0, 269405.98406494246, 0.0, 146744.4502449272, 403547.31657979114, 124168.38097647687]]
[100.0, 300.0, 0.221953, [84.15472083333333], [3044.25], [280.9443615], [84.15474833916254]]
[200.0, 700.0, 0.599988, [22.557393750000003], [95.85], [9.547546500000001], [22.557403337097554]]
[200.0, 400.0, 0.258159, [25.835132142857145], [1138.5], [65.71907999999999], [25.835128997280474]]
[200.0, 500.0, 0.167331, [0.0, 96245.45000000003, 6292.952790697679, 21655.224000000006, 86620.90500000001, 19686.567272727254], [257850.0, 162000000.0, 181350.0, 10080000.0, 29700000.0, 2119500.0], [93268.305, 23358969.0, 47397.015, 731936.25, 3062768.4, 121382.235], [0.0, 48122.72332277135, 6292.95383605294, 21655.223157474047, 43310.453328267075, 19686.566506794567]]
[200.0, 100.0, 0.528706, [30.533775], [110.25], [26.8973865], [30.533777403066267]]
[200.0, 600.0, 0.609612, [0.0, 19627.41272727271, 0.0, 143934.35000000006, 11994.52999999999, 80963.09999999993], [257850.0, 40545000.0, 11160000.0, 42705000.0, 75150.0, 39330000.0], [93268.305, 5774310.0, 2472563.25, 3289510.35, 7199.217, 2589960.5999999996], [0.0, 19627.4084693609, 0.0, 58760.93515253141, 11994.52739794277, 46744.04444853104]]
[200.0, 1000.0, 0.407524, [38826.1285714286, 72652.90000000002, 0.0, 21795.87150000001, 299693.24999999977, 14530.577999999987], [15255000.0, 223200000.0, 490500.0, 5580000.0, 363150000.0, 343800.0], [3065951.25, 31770927.0, 163210.5, 321381.36, 38385760.5, 23195.803499999998], [27454.21513304341, 41946.176822208734, 0.0, 21795.86973488326, 90360.9111165469, 14530.582920172184]]
[200.0, 300.0, 0.208192, [27.12315375], [1556.9999999999998], [90.766035], [27.123155063985458]]
[200.0, 900.0, 0.607549, [0.0, 14456.699999999986, 0.0, 24094.500000000007, 48188.99500000002, 14456.696999999986], [257850.0, 2223000.0, 11160000.0, 20430000.0, 57600000.0, 113850.0], [93268.305, 353915.37, 2472563.25, 1549753.65, 5954985.0, 8798.985], [0.0, 14456.700868455418, 0.0, 24094.501447425726, 34074.76705716417, 14456.700868455418]]
[200.0, 800.0, 0.211508, [0.0, 19678.115454545437, 0.0, 16650.713076923064, 36076.552500000034, 19678.115454545437], [257850.0, 40545000.0, 11160000.0, 1174500.0, 6885000.0, 2119500.0], [93268.305, 5774310.0, 2472563.25, 77947.245, 691334.1, 121382.235], [0.0, 19678.118957422703, 0.0, 16650.71604089613, 25509.97690855484, 19678.118957422703]]
[200.0, 200.0, 0.445021, [27.0350775], [261.0], [32.840397], [27.035077214611388]]
[300.0, 400.0, 0.368681, [5.286017410714286], [58.95], [5.4002835], [5.286015993440444]]
[300.0, 1000.0, 0.24331, [5.8976955], [162.45], [12.6178785], [5.897695948419179]]
[300.0, 200.0, 0.188361, [0.0, 3946.4789999999966, 7042.888928571433, 4933.098750000005, 52619.70000000002, 66951999.000000015], [257850.0, 2223000.0, 11160000.0, 2421000.0, 57600000.0, 3496500000.0], [93268.305, 353915.37, 2472563.25, 161563.45500000002, 5954985.0, 283808340.0], [0.0, 3946.4780501099935, 7042.888755000054, 4933.097562637501, 18603.877284050235, 890322.3332029812]]
[300.0, 800.0, 0.504969, [0.0, 4216.638214285717, 0.0, 4216.638214285717, 2811.0921428571437, 68891454.00000001], [257850.0, 4491000.0, 11160000.0, 567000.0, 34830.0, 3496500000.0], [93268.305, 715745.25, 2472563.25, 38025.585, 3477.4298999999996, 283808340.0], [0.0, 4216.6393699877435, 0.0, 4216.6393699877435, 2811.0929133251607, 901871.8534248646]]
[300.0, 700.0, 0.189776, [0.0, 22771.187307692286, 0.0, 4933.7587500000045, 4554.238846153842, 67339863.00000001], [257850.0, 9765000.0, 11160000.0, 2421000.0, 3343500.0, 3496500000.0], [93268.305, 1469262.15, 2472563.25, 161563.45500000002, 324914.76, 283808340.0], [0.0, 10183.583770086378, 0.0, 4933.757442355679, 4554.2376390975405, 892957.1232707652]]
[300.0, 300.0, 0.190428, [0.0, 9167.15076923076, 0.0, 23834.592000000004, 9931.080000000009, 67618746.00000001], [257850.0, 9765000.0, 11160000.0, 10080000.0, 6885000.0, 3496500000.0], [93268.305, 1469262.15, 2472563.25, 731936.25, 691334.1, 283808340.0], [0.0, 6482.154782269681, 0.0, 11917.296568433634, 7022.334347458835, 897681.7643240839]]
[300.0, 900.0, 0.412396, [5.254699017857143], [42.614999999999995], [4.2899571], [5.2546972881947465]]
[300.0, 600.0, 0.207285, [0.0, 3954.1379999999963, 0.0, 9124.930384615376, 9885.341250000009, 66631158.000000015], [257850.0, 2223000.0, 11160000.0, 1174500.0, 6885000.0, 3496500000.0], [93268.305, 353915.37, 2472563.25, 77947.245, 691334.1, 283808340.0], [0.0, 3954.136568202971, 0.0, 6452.301192634554, 6989.992958687447, 889047.9070331365]]
[300.0, 500.0, 0.252501, [0.0, 9845.65125000001, 0.0, 8439.126428571435, 14768.471250000013, 66635343.000000015], [257850.0, 19440000.0, 11160000.0, 567000.0, 6885000.0, 3496500000.0], [93268.305, 2936707.1999999997, 2472563.25, 38025.585, 691334.1, 283808340.0], [0.0, 6961.924235619065, 0.0, 5967.363630530625, 8526.580590277685, 887288.9534982392]]
[300.0, 100.0, 0.286418, [5.931594], [118.8], [10.061594999999999], [5.93159200383843]]
[400.0, 900.0, 0.315163, [0.0, 1238.0752500000003, 2329.455656250001, 11104476.428571427, 1591.8110357142866, 15045801.42857143], [257850.0, 499500.0, 2974500.0, 1188000000.0, 1593000.0, 513000000.0], [93268.305, 78834.69, 659668.95, 103069935.0, 150221.835, 38495718.0], [0.0, 1238.0753712920716, 2329.4553958825345, 188022.483050972, 1591.8111916612359, 218860.9951637834]]
[400.0, 200.0, 0.315312, [0.0, 3434.5834615384583, 0.0, 11031634.285714284, 19844.26000000001, 15078799.285714284], [257850.0, 9765000.0, 11160000.0, 1188000000.0, 57600000.0, 513000000.0], [93268.305, 1469262.15, 2472563.25, 103069935.0, 5954985.0, 38495718.0], [0.0, 2428.6172101124603, 0.0, 187570.545504395, 7016.004917330091, 219294.67524734093]]
[400.0, 500.0, 0.315818, [0.0, 1374.2114062500007, 1534.8987499999994, 10710996.42857143, 5496.8437500000055, 15130459.285714285], [257850.0, 1089000.0, 922500.0, 1188000000.0, 6885000.0, 513000000.0], [93268.305, 172321.11, 212045.84999999998, 103069935.0, 691334.1, 38495718.0], [0.0, 1374.2112155137404, 1534.8987140850693, 183422.50949596104, 3173.604860801045, 218003.65331145911]]
[400.0, 300.0, 0.322285, [0.0, 7422.945000000007, 1856.9423999999983, 11023077.857142854, 8097.758181818174, 15457757.142857142], [257850.0, 19440000.0, 5805000.0, 1188000000.0, 14310000.0, 513000000.0], [93268.305, 2936707.1999999997, 1289598.75, 103069935.0, 1477480.95, 38495718.0], [0.0, 3711.4729639996067, 1856.9425677710105, 187262.64159937375, 4048.8800104279394, 221754.7804514284]]
[400.0, 800.0, 0.316115, [0.0, 1486.4549999999988, 518.5309186046514, 1393.5518437500007, 5145.4211538461495, 14677682.142857142], [257850.0, 2223000.0, 181350.0, 128700.0, 3343500.0, 513000000.0], [93268.305, 353915.37, 47397.015, 9741.402, 324914.76, 38495718.0], [0.0, 1486.4550447289, 518.5308295565939, 1393.5516044333456, 2970.71037765868, 216222.6849564955]]
[400.0, 100.0, 0.119904, [0.0, 1378.1354062500009, 3937.8567857142884, 4107630.2142857136, 3675.0270000000037, 5588141.142857143], [257850.0, 1089000.0, 11160000.0, 1188000000.0, 6885000.0, 513000000.0], [93268.305, 172321.11, 2472563.25, 103069935.0, 691334.1, 38495718.0], [0.0, 1378.1350446062524, 2784.4843438641387, 113750.29715143962, 2598.6363611517504, 132675.43564838893]]
[400.0, 1000.0, 0.315344, [0.0, 1476.9287999999985, 767.6998749999998, 11001008.57142857, 7384.646250000008, 15077333.57142857], [257850.0, 2223000.0, 922500.0, 1188000000.0, 6885000.0, 513000000.0], [93268.305, 353915.37, 212045.84999999998, 103069935.0, 691334.1, 38495718.0], [0.0, 1476.9286712634419, 767.6998925361391, 186591.85214181856, 3692.3220590165242, 218443.2922723321]]
[400.0, 400.0, 0.319018, [0.0, 1380.8790000000008, 3945.008571428574, 11144880.0, 5098.631538461534, 15254376.428571427], [257850.0, 1089000.0, 11160000.0, 1188000000.0, 3343500.0, 513000000.0], [93268.305, 172321.11, 2472563.25, 103069935.0, 324914.76, 38495718.0], [0.0, 1380.8790720837044, 2789.542260014746, 187554.06445032515, 2943.6958490100965, 219424.95114200996]]
[400.0, 600.0, 0.314075, [0.0, 3162.073821428574, 0.0, 11079906.428571427, 9222.712500000009, 14997715.714285713], [257850.0, 4491000.0, 11160000.0, 1188000000.0, 6885000.0, 513000000.0], [93268.305, 715745.25, 2472563.25, 103069935.0, 691334.1, 38495718.0], [0.0, 2235.923543949516, 0.0, 187177.65761490894, 4124.522699658717, 217770.26487862412]]
[400.0, 700.0, 0.316654, [0.0, 1390.8394687500008, 1860.6398999999983, 11120355.0, 8092.157727272719, 15138687.857142856], [257850.0, 1089000.0, 5805000.0, 1188000000.0, 14310000.0, 513000000.0], [93268.305, 172321.11, 1289598.75, 103069935.0, 1477480.95, 38495718.0], [0.0, 1390.839404117843, 1860.6402930174315, 188022.08741832132, 4046.078680148272, 219378.3319998135]]
[500.0, 300.0, 0.431674, [0.0, 615.2430937500002, 1028.6997187500006, 6229772.999999999, 546.8827499999995, 8097299.999999999], [257850.0, 1089000.0, 2974500.0, 490500000.0, 75150.0, 205650000.0], [93268.305, 172321.11, 659668.95, 40441986.0, 7199.217, 14882269.5], [0.0, 615.2428445845594, 1028.6993171749707, 93598.82995736515, 546.8825285196076, 106709.81272897567]]
[500.0, 600.0, 0.437787, [0.0, 1534.478192307691, 1775.7543214285727, 6325010.357142857, 1424.8726071428582, 8304158.571428571], [257850.0, 9765000.0, 11160000.0, 490500000.0, 1593000.0, 205650000.0], [93268.305, 1469262.15, 2472563.25, 40441986.0, 150221.835, 14882269.5], [0.0, 1085.0401439141888, 1255.6482795913903, 94933.32864571377, 1007.5372764917483, 108776.69060220275]]
[500.0, 800.0, 0.425782, [0.0, 1313.9561999999987, 0.0, 6378786.642857143, 547.4820000000002, 8009029.285714285], [257850.0, 2223000.0, 11160000.0, 490500000.0, 171000.0, 205650000.0], [93268.305, 353915.37, 2472563.25, 40441986.0, 15894.558, 14882269.5], [0.0, 929.1072650668482, 0.0, 94763.51015629832, 547.4817348551459, 106184.72520728646]]
[500.0, 1000.0, 0.431538, [0.0, 3305.5916250000037, 344.2768749999999, 6199401.857142856, 1416.6822857142868, 8174256.428571428], [257850.0, 19440000.0, 922500.0, 490500000.0, 1593000.0, 205650000.0], [93268.305, 2936707.1999999997, 212045.84999999998, 40441986.0, 150221.835, 14882269.5], [0.0, 1652.7960684095315, 344.27698242113127, 93715.43117766852, 1001.7457440460064, 107611.92393721704]]
[500.0, 700.0, 0.427316, [1152.0491860465122, 659.7185999999994, 344.2787499999999, 6266856.214285714, 1236.9726562500007, 8052338.571428571], [257850.0, 2223000.0, 922500.0, 490500000.0, 373500.0, 205650000.0], [93268.305, 353915.37, 212045.84999999998, 40441986.0, 34284.636, 14882269.5], [1152.0496055605668, 659.7186900490233, 344.2788205074485, 94124.09931270828, 874.6715834564712, 106693.25524270834]]
[500.0, 100.0, 0.139724, [0.0, 661.1207999999993, 661.1210999999994, 1984779.6428571427, 708.3440357142862, 2514620.5714285714], [257850.0, 2223000.0, 5805000.0, 490500000.0, 1593000.0, 205650000.0], [93268.305, 353915.37, 1289598.75, 40441986.0, 150221.835, 14882269.5], [0.0, 661.1208437192093, 661.1209117854307, 53026.52647688779, 708.3439069839064, 59686.11288590145]]
[500.0, 200.0, 0.276931, [0.0, 617.8097812500004, 0.0, 3955395.214285714, 1520.7625384615374, 5068158.428571427], [257850.0, 1089000.0, 11160000.0, 490500000.0, 3343500.0, 205650000.0], [93268.305, 172321.11, 2472563.25, 40441986.0, 324914.76, 14882269.5], [0.0, 617.8099108443473, 0.0, 74736.58742543709, 1075.3416176613619, 84598.65663284276]]
[500.0, 900.0, 0.431531, [0.0, 662.2127999999994, 1029.2009062500003, 6313251.857142856, 473.00892857142867, 7913912.142857142], [257850.0, 2223000.0, 2974500.0, 490500000.0, 34830.0, 205650000.0], [93268.305, 353915.37, 659668.95, 40441986.0, 3477.4298999999996, 14882269.5], [0.0, 662.2127452714868, 1029.2009330285684, 94650.27410290527, 473.00905522677965, 105971.97285420443]]
[500.0, 500.0, 0.426469, [0.0, 2109.6160714285725, 2182.4384999999984, 6303531.857142856, 615.3046875000003, 8044669.285714285], [257850.0, 4491000.0, 5805000.0, 490500000.0, 373500.0, 205650000.0], [93268.305, 715745.25, 1289598.75, 40441986.0, 34284.636, 14882269.5], [0.0, 1217.9873987736617, 1543.2167378563504, 94155.99193002285, 615.3046192042303, 106367.76139068314]]
[500.0, 400.0, 0.43006, [0.0, 2103.7673571428586, 0.0, 6221541.214285713, 2265.5956153846137, 8138777.142857142], [257850.0, 4491000.0, 11160000.0, 490500000.0, 3343500.0, 205650000.0], [93268.305, 715745.25, 2472563.25, 40441986.0, 324914.76, 14882269.5], [0.0, 1214.6109070859882, 0.0, 93411.89890556158, 1308.042057301154, 106839.72403864145]]
[600.0, 200.0, 0.278598, [136.62362499999998, 273.24750000000006, 0.0, 1122636.937499999, 234.21214285714288, 848433.3749999993], [1318500.0, 675000.0, 490500.0, 50850000.0, 44370.0, 122850000.0], [290230.605, 97331.71500000001, 163210.5, 3284453.25, 4089.27015, 10095439.5], [136.62368480611255, 273.24736961222527, 0.0, 26271.743004010004, 234.21203109619307, 22839.051671424517]]
[600.0, 100.0, 0.169099, [173.93237499999992, 357.29775000000024, 0.0, 679044.3749999994, 229474.51874999978, 536482.7437499996], [1318500.0, 6480000.0, 490500.0, 50850000.0, 363150000.0, 122850000.0], [290230.605, 938812.0499999999, 163210.5, 3284453.25, 38385760.5, 10095439.5], [173.93241323859098, 357.2978949200315, 0.0, 20605.512100072865, 11978.472829544036, 18315.21940132712]]
[600.0, 800.0, 0.548128, [883.6662857142863, 236.67042857142863, 0.0, 2399925.9374999977, 833730.1874999993, 1791712.6874999984], [15255000.0, 136800.0, 490500.0, 50850000.0, 363150000.0, 122850000.0], [3065951.25, 19503.6525, 163210.5, 3284453.25, 38385760.5, 10095439.5], [624.8463127368335, 236.67030154341944, 0.0, 38613.172946547624, 22758.801439635372, 33363.434618325016]]
[600.0, 600.0, 0.530143, [308.91403125000016, 2118.268607142859, 0.0, 2300792.062499998, 809354.8124999993, 1783670.0624999981], [3744000.0, 6480000.0, 490500.0, 50850000.0, 363150000.0, 122850000.0], [793030.05, 938812.0499999999, 163210.5, 3284453.25, 38385760.5, 10095439.5], [308.91404580451274, 864.7793041568239, 0.0, 37702.70542141171, 22361.621349423636, 33196.40823238634]]
[600.0, 400.0, 0.545038, [137.77012499999995, 275.54024999999973, 0.0, 2386867.4999999977, 820214.4374999993, 1740243.3749999986], [1318500.0, 284850.0, 490500.0, 50850000.0, 363150000.0, 122850000.0], [290230.605, 40449.663, 163210.5, 3284453.25, 38385760.5, 10095439.5], [137.77013237636083, 275.5402647527215, 0.0, 38467.85295461, 22550.04902295113, 32846.47937041728]]
[600.0, 500.0, 0.547179, [142.09587209302333, 233.7529285714286, 0.0, 2388750.187499998, 545.4235000000002, 1853075.8124999984], [258750.0, 136800.0, 490500.0, 50850000.0, 220950.0, 122850000.0], [63615.06, 19503.6525, 163210.5, 3284453.25, 18554.5395, 10095439.5], [142.0958945205279, 233.75291114633796, 0.0, 38284.987215535904, 385.6725456912899, 33720.169629522155]]
[600.0, 300.0, 0.534779, [137.16787499999995, 235.1449285714286, 0.0, 2330755.312499998, 791938.6874999993, 1725845.6249999986], [1318500.0, 136800.0, 490500.0, 50850000.0, 363150000.0, 122850000.0], [290230.605, 19503.6525, 163210.5, 3284453.25, 38385760.5, 10095439.5], [137.16783742918741, 235.14486416432138, 0.0, 37929.817539684365, 22109.455874410367, 32638.734716686675]]
[600.0, 1000.0, 0.551477, [331.4762999999997, 621.5180625000003, 0.0, 2419570.1249999977, 780626.8124999993, 1787486.0624999984], [8010000.0, 1534500.0, 490500.0, 50850000.0, 363150000.0, 122850000.0], [1682271.45, 220619.07, 163210.5, 3284453.25, 38385760.5, 10095439.5], [331.47624349265175, 439.47965169938493, 0.0, 38778.94337419146, 22026.65537195784, 33330.9895920823]]
[600.0, 700.0, 0.542525, [0.0, 925.6575937500005, 0.0, 2370917.249999998, 838028.8124999992, 1764920.2499999984], [15255000.0, 1534500.0, 490500.0, 50850000.0, 363150000.0, 122850000.0], [3065951.25, 220619.07, 163210.5, 3284453.25, 38385760.5, 10095439.5], [0.0, 534.4285828398873, 0.0, 38250.558359895185, 22740.971336856943, 33002.13913521361]]
[600.0, 900.0, 0.622471, [924.8723437500005, 274.0362499999997, 0.0, 2385554.0624999977, 189.71740384615367, 1781920.6874999984], [3744000.0, 284850.0, 490500.0, 50850000.0, 2772.0, 122850000.0], [793030.05, 40449.663, 163210.5, 3284453.25, 352.984005, 10095439.5], [533.9752534425755, 274.0362658481535, 0.0, 38352.16411348253, 189.71741481795243, 33146.636389025174]]
[700.0, 100.0, 0.244851, [0.0, 149.91152500000004, 0.0, 263544.4500000001, 123826.90000000005, 348994.0500000001], [257850.0, 499500.0, 11160000.0, 42705000.0, 122850000.0, 18360000.0], [93268.305, 78834.69, 2472563.25, 3289510.35, 12706092.0, 1158521.8499999999], [0.0, 149.91151556835123, 0.0, 8889.133816070049, 6093.125224381986, 10229.195960582634]]
[700.0, 1000.0, 0.707404, [54.44151428571426, 148.20190000000005, 0.0, 1495060.5000000005, 559017.5000000002, 1184726.0000000005], [43155.0, 675000.0, 490500.0, 23445000.0, 168300000.0, 55800000.0], [11976.975, 97331.71500000001, 163210.5, 1469695.05, 17681724.0, 4414411.350000001], [54.44151036490593, 148.20188932668847, 0.0, 21050.92634541293, 12872.253105031772, 18739.190217295953]]
[700.0, 600.0, 0.714948, [0.0, 126.63737142857144, 166.21155000000007, 917192.0000000003, 388861.1000000001, 1195245.5000000005], [257850.0, 102600.0, 2974500.0, 42705000.0, 122850000.0, 18360000.0], [93268.305, 16113.1005, 659668.95, 3289510.35, 12706092.0, 1158521.8499999999], [0.0, 126.63734578290395, 166.2115163400615, 16462.63952104887, 10719.302682544238, 18793.077182835183]]
[700.0, 200.0, 0.326141, [0.0, 756.7701428571434, 0.0, 347273.5000000001, 168045.05000000008, 471762.20000000024], [257850.0, 4491000.0, 11160000.0, 42705000.0, 122850000.0, 18360000.0], [93268.305, 715745.25, 2472563.25, 3289510.35, 12706092.0, 1158521.8499999999], [0.0, 378.38519003895556, 0.0, 10109.521502029662, 7032.4675612476185, 11783.013196971313]]
[700.0, 400.0, 0.717957, [0.0, 120.94504772727286, 177.38606999999985, 906443.0000000003, 388179.8500000001, 1204156.0000000005], [257850.0, 39960.0, 5805000.0, 42705000.0, 122850000.0, 18360000.0], [93268.305, 6668.5635, 1289598.75, 3289510.35, 12706092.0, 1158521.8499999999], [0.0, 120.94504805390076, 177.3860704790541, 16370.216858673564, 10712.741245824995, 18867.982139063]]
[700.0, 800.0, 0.722266, [0.0, 381.14775000000026, 0.0, 891716.0000000003, 417991.8500000002, 1217216.0000000002], [257850.0, 4491000.0, 11160000.0, 42705000.0, 122850000.0, 18360000.0], [93268.305, 715745.25, 2472563.25, 3289510.35, 12706092.0, 1158521.8499999999], [0.0, 269.512059099403, 0.0, 16258.76686590961, 11131.617133193186, 18995.828489434203]]
[700.0, 700.0, 0.719548, [0.0, 295.2154999999998, 189.78142500000013, 917825.0000000003, 415073.0000000002, 1207431.5000000005], [257850.0, 224550.0, 11160000.0, 42705000.0, 122850000.0, 18360000.0], [93268.305, 35449.4385, 2472563.25, 3289510.35, 12706092.0, 1158521.8499999999], [0.0, 208.74886227234848, 189.78140217693868, 16460.748767902394, 11069.598005347803, 18879.949682136346]]
[700.0, 900.0, 0.711429, [0.0, 499.47215625000024, 73.99587499999997, 900382.0000000002, 404609.40000000014, 1187485.5000000002], [257850.0, 1089000.0, 922500.0, 42705000.0, 122850000.0, 18360000.0], [93268.305, 172321.11, 212045.84999999998, 3289510.35, 12706092.0, 1158521.8499999999], [0.0, 288.3704130405676, 73.9958719287772, 16324.766460810402, 10943.386130444274, 18747.699858916032]]
[700.0, 300.0, 0.568085, [0.0, 529.0370999999994, 0.0, 663941.5000000002, 285680.00000000006, 879671.0000000002], [257850.0, 2223000.0, 11160000.0, 42705000.0, 122850000.0, 18360000.0], [93268.305, 353915.37, 2472563.25, 3289510.35, 12706092.0, 1158521.8499999999], [0.0, 305.4396339704457, 0.0, 13969.20452280659, 9163.189946737983, 16079.287919556644]]
[700.0, 500.0, 0.727109, [150.26339325842696, 121.22490681818196, 62.02204534883726, 906169.5000000003, 409228.2500000001, 1227092.0000000005], [4770.0, 39960.0, 181350.0, 42705000.0, 122850000.0, 18360000.0], [2592.1998, 6668.5635, 47397.015, 3289510.35, 12706092.0, 1158521.8499999999], [150.26337659057498, 121.2248779035364, 62.0220393843097, 16386.671413072276, 11012.066109500074, 19068.855497905486]]
[800.0, 300.0, 0.581324, [0.0, 48839.04500000002, 216.52775357142872, 317453.80000000016, 153253.55000000005, 417826.5000000001], [257850.0, 162000000.0, 11160000.0, 20430000.0, 57600000.0, 8865000.0], [93268.305, 23358969.0, 2472563.25, 1549753.65, 5954985.0, 534283.2000000001], [0.0, 2867.9278233595774, 153.10827501330897, 7311.808941705195, 5080.305108947691, 8388.46678481831]]
[800.0, 100.0, 0.311991, [0.0, 19396.145000000008, 220.68941785714298, 154997.50000000006, 74494.90000000002, 207693.25000000006], [257850.0, 162000000.0, 11160000.0, 20430000.0, 57600000.0, 8865000.0], [93268.305, 23358969.0, 2472563.25, 1549753.65, 5954985.0, 534283.2000000001], [0.0, 1824.6355800542756, 156.05097283403592, 5157.993796041249, 3575.8708729482955, 5970.760001875809]]
[800.0, 800.0, 0.85111, [0.0, 76248.45000000003, 0.0, 573878.5000000002, 271404.2000000001, 745186.0000000002], [257850.0, 162000000.0, 11160000.0, 20430000.0, 57600000.0, 8865000.0], [93268.305, 23358969.0, 2472563.25, 1549753.65, 5954985.0, 534283.2000000001], [0.0, 3578.5171509998395, 0.0, 9817.427106935913, 6751.431329725574, 11187.161168053319]]
[800.0, 400.0, 0.854699, [0.0, 76276.20000000004, 42.28169999999999, 568942.5000000002, 259778.80000000008, 752783.5000000002], [257850.0, 162000000.0, 922500.0, 20430000.0, 57600000.0, 8865000.0], [93268.305, 23358969.0, 212045.84999999998, 1549753.65, 5954985.0, 534283.2000000001], [0.0, 3591.7057229121665, 42.28171886288446, 9809.355228556056, 6628.391584690817, 11283.433652926758]]
[800.0, 200.0, 0.385307, [0.0, 28448.53000000001, 0.0, 204694.7500000001, 97465.70000000003, 259403.45000000007], [257850.0, 162000000.0, 11160000.0, 20430000.0, 57600000.0, 8865000.0], [93268.305, 23358969.0, 2472563.25, 1549753.65, 5954985.0, 534283.2000000001], [0.0, 2188.348692507664, 0.0, 5870.025553607073, 4050.535458430158, 6608.06703961151]]
[800.0, 600.0, 0.843531, [174.72160465116292, 77549.45000000003, 41.87337499999999, 571655.0000000002, 268827.0000000001, 730774.0000000002], [257850.0, 162000000.0, 922500.0, 20430000.0, 57600000.0, 8865000.0], [93268.305, 23358969.0, 212045.84999999998, 1549753.65, 5954985.0, 534283.2000000001], [174.7216274722283, 3604.0296891118983, 41.87337683421292, 9785.117526120986, 6710.199326398585, 11063.447699519355]]
[800.0, 1000.0, 0.848608, [0.0, 83404.50000000003, 0.0, 552178.0000000001, 268468.6500000001, 742266.5000000003], [257850.0, 162000000.0, 11160000.0, 20430000.0, 57600000.0, 8865000.0], [93268.305, 23358969.0, 2472563.25, 1549753.65, 5954985.0, 534283.2000000001], [0.0, 3737.4446484195605, 0.0, 9616.556036336506, 6705.434363260893, 11149.61770645075]]
[800.0, 900.0, 0.848216, [0.0, 74792.40000000004, 107.56340357142864, 564708.0000000002, 265203.4500000001, 740394.5000000002], [257850.0, 162000000.0, 11160000.0, 20430000.0, 57600000.0, 8865000.0], [93268.305, 23358969.0, 2472563.25, 1549753.65, 5954985.0, 534283.2000000001], [0.0, 3537.5588334330228, 107.5633712121865, 9720.459094096332, 6661.384991126097, 11130.291999763533]]
[800.0, 500.0, 0.851721, [0.0, 76280.55000000002, 94.51057500000005, 570928.0000000001, 265469.7500000001, 746675.5000000003], [257850.0, 162000000.0, 2974500.0, 20430000.0, 57600000.0, 8865000.0], [93268.305, 23358969.0, 659668.95, 1549753.65, 5954985.0, 534283.2000000001], [0.0, 3580.0233937783155, 94.51058813451148, 9794.213853086936, 6678.616997552715, 11200.694174916127]]
[800.0, 700.0, 0.857379, [0.0, 85050.20000000003, 100.65110999999992, 566330.5000000002, 261860.65000000008, 758406.0000000003], [257850.0, 162000000.0, 5805000.0, 20430000.0, 57600000.0, 8865000.0], [93268.305, 23358969.0, 1289598.75, 1549753.65, 5954985.0, 534283.2000000001], [0.0, 3777.2116038157046, 100.65109537406924, 9746.945675441106, 6627.789978567519, 11279.362792285747]]
[900.0, 200.0, 0.424644, [0.0, 15555.199500000004, 59.94296999999995, 109335.96000000002, 49722.70500000001, 136400.22000000003], [257850.0, 81900000.0, 5805000.0, 10080000.0, 29700000.0, 4374000.0], [93268.305, 11728300.500000002, 1289598.75, 731936.25, 3062768.4, 252722.61000000002], [0.0, 1182.639896587292, 59.94296539211247, 3135.423882826691, 2114.4240173153544, 3502.0493607315143]]
[900.0, 300.0, 0.578112, [0.0, 22968.382500000007, 24.825312499999995, 152288.41500000004, 71139.42000000001, 195990.88500000004], [257850.0, 81900000.0, 922500.0, 10080000.0, 29700000.0, 4374000.0], [93268.305, 11728300.500000002, 212045.84999999998, 731936.25, 3062768.4, 252722.61000000002], [0.0, 1432.7282017186653, 24.825317847914853, 3689.1989679332833, 2521.4701069019247, 4185.20370471976]]
[900.0, 1000.0, 0.913245, [0.0, 50175.720000000016, 24.756137499999994, 327880.03500000003, 160597.93500000006, 417715.0650000001], [257850.0, 81900000.0, 922500.0, 10080000.0, 29700000.0, 4374000.0], [93268.305, 11728300.500000002, 212045.84999999998, 731936.25, 3062768.4, 252722.61000000002], [0.0, 2114.654333454998, 24.75612297998214, 5405.676391535106, 3783.228442745694, 6101.4441118476225]]
[900.0, 900.0, 0.918199, [0.0, 48044.115000000005, 18.224752040816316, 325503.18000000005, 157170.28500000003, 425163.4200000001], [257850.0, 81900000.0, 30735.0, 10080000.0, 29700000.0, 4374000.0], [93268.305, 11728300.500000002, 8999.64, 731936.25, 3062768.4, 252722.61000000002], [0.0, 2071.3275634239994, 18.224751837821746, 5391.462000237043, 3746.399321348434, 6161.788397048378]]
[900.0, 700.0, 0.918651, [0.0, 45925.65000000001, 55.84342500000003, 315492.97500000003, 158505.97500000003, 426733.1100000001], [257850.0, 81900000.0, 2974500.0, 10080000.0, 29700000.0, 4374000.0], [93268.305, 11728300.500000002, 659668.95, 731936.25, 3062768.4, 252722.61000000002], [0.0, 2025.6928814605637, 55.843425170431914, 5309.344027278701, 3763.299715675062, 6174.818276678271]]
[900.0, 500.0, 0.913256, [0.0, 45151.470000000016, 55.77007500000002, 320968.03500000003, 34.32004615384612, 417427.96500000014], [257850.0, 81900000.0, 2974500.0, 10080000.0, 1975.5, 4374000.0], [93268.305, 11728300.500000002, 659668.95, 731936.25, 273.63528, 252722.61000000002], [0.0, 2007.2275095265115, 55.770087906315226, 5351.697721284341, 34.320054096193935, 6103.113283398893]]
[900.0, 800.0, 0.917713, [0.0, 85.3645285714286, 64.02336428571434, 324918.63000000006, 154347.57000000004, 424500.6150000001], [257850.0, 102600.0, 11160000.0, 10080000.0, 29700000.0, 4374000.0], [93268.305, 16113.1005, 2472563.25, 731936.25, 3062768.4, 252722.61000000002], [0.0, 60.36182103594549, 64.02338350324894, 5396.605182890446, 3719.4883317467215, 6168.398698203612]]
[900.0, 400.0, 0.834962, [0.0, 38350.386000000006, 41.386050000000026, 260355.51000000007, 117720.54000000002, 339102.85500000004], [257850.0, 81900000.0, 181350.0, 10080000.0, 29700000.0, 4374000.0], [93268.305, 11728300.500000002, 47397.015, 731936.25, 3062768.4, 252722.61000000002], [0.0, 1847.2732946156077, 29.264359332638943, 4813.153384217047, 3236.475895939904, 5493.0292871966385]]
[900.0, 100.0, 0.351757, [0.0, 12780.256500000003, 197.02343571428585, 86059.84500000002, 46523.79000000001, 111344.53500000003], [257850.0, 81900000.0, 11160000.0, 10080000.0, 29700000.0, 4374000.0], [93268.305, 11728300.500000002, 2472563.25, 731936.25, 3062768.4, 252722.61000000002], [0.0, 1084.007128666597, 113.751568726568, 2812.954283311409, 2068.2354435605253, 3199.6082260176795]]
[900.0, 600.0, 0.914306, [0.0, 43543.77300000001, 59.36435999999995, 323060.895, 161975.7, 419676.43500000006], [257850.0, 81900000.0, 5805000.0, 10080000.0, 29700000.0, 4374000.0], [93268.305, 11728300.500000002, 1289598.75, 731936.25, 3062768.4, 252722.61000000002], [0.0, 1969.1169086674367, 59.36436810073864, 5363.529971017222, 3797.812317637617, 6113.161804663771]]
[1000.0, 700.0, 0.94921, [0.0, 23.785082608695653, 78.15098571428577, 180280.10454545438, 88623.20454545447, 228421.10454545432], [257850.0, 16380.0, 11160000.0, 4995000.0, 14310000.0, 2119500.0], [93268.305, 2745.59085, 2472563.25, 344700.225, 1477480.95, 121382.235], [0.0, 23.78508482062626, 55.261097094075325, 2994.289482353404, 2099.392606965598, 3370.451066632175]]
[1000.0, 500.0, 0.95018, [0.0, 27472.921363636342, 116.89097142857152, 170788.37727272708, 20.980436538461518, 230296.4999999998], [257850.0, 40545000.0, 11160000.0, 4995000.0, 1975.5, 2119500.0], [93268.305, 5774310.0, 2472563.25, 344700.225, 273.63528, 121382.235], [0.0, 1167.2126444817218, 67.48704212359468, 2910.22597529345, 20.980428591326227, 3379.4125699863575]]
[1000.0, 1000.0, 0.944903, [0.0, 28021.36499999998, 0.0, 173406.8863636362, 86530.78636363629, 224664.2590909089], [257850.0, 40545000.0, 11160000.0, 4995000.0, 14310000.0, 2119500.0], [93268.305, 5774310.0, 2472563.25, 344700.225, 1477480.95, 121382.235], [0.0, 1175.7504030748091, 0.0, 2924.8500915177215, 2066.1213212320276, 3329.1814662972592]]
[1000.0, 200.0, 0.420016, [0.0, 8288.779090909084, 0.0, 55409.236363636315, 27227.38909090907, 64250.59090909085], [257850.0, 40545000.0, 11160000.0, 4995000.0, 14310000.0, 2119500.0], [93268.305, 5774310.0, 2472563.25, 344700.225, 1477480.95, 121382.235], [0.0, 645.2807096255669, 0.0, 1668.377855709396, 1169.5164289936026, 1796.5608156872408]]
[1000.0, 800.0, 0.943736, [0.0, 27340.85863636361, 33.807262500000014, 171617.97272727257, 83645.34545454539, 223693.44545454523], [257850.0, 40545000.0, 2974500.0, 4995000.0, 14310000.0, 2119500.0], [93268.305, 5774310.0, 659668.95, 344700.225, 1477480.95, 121382.235], [0.0, 1159.5106485991723, 33.80726781953662, 2905.0262406177453, 2028.1009315193721, 3316.616841410424]]
[1000.0, 400.0, 0.78838, [0.0, 24.564743181818212, 12.568008139534893, 111278.3318181817, 51880.74545454542, 146455.03636363626], [257850.0, 39960.0, 181350.0, 4995000.0, 14310000.0, 2119500.0], [93268.305, 6668.5635, 47397.015, 344700.225, 1477480.95, 121382.235], [0.0, 24.56475093780446, 12.568012107713905, 2338.171965552546, 1596.5199240124095, 2682.3985157915386]]
[1000.0, 300.0, 0.577503, [0.0, 11964.05999999999, 78.01103571428575, 71486.50909090902, 36190.03499999997, 94024.59545454539], [257850.0, 40545000.0, 11160000.0, 4995000.0, 14310000.0, 2119500.0], [93268.305, 5774310.0, 2472563.25, 344700.225, 1477480.95, 121382.235], [0.0, 770.6726601959828, 55.16214387917626, 1883.8345422686734, 1340.371864646967, 2160.486128147401]]
[1000.0, 600.0, 0.945551, [0.0, 25318.59545454543, 15.021824999999996, 175017.88636363624, 83723.44090909083, 225163.4318181816], [257850.0, 40545000.0, 922500.0, 4995000.0, 14310000.0, 2119500.0], [93268.305, 5774310.0, 212045.84999999998, 344700.225, 1477480.95, 121382.235], [0.0, 1115.6707142172286, 15.021822667372954, 2933.3061974389702, 2028.8022155331107, 3327.0946394218186]]
[1000.0, 100.0, 0.388706, [0.0, 8126.17772727272, 37.716449999999966, 47574.12272727268, 22938.45136363634, 59351.97272727267], [257850.0, 40545000.0, 5805000.0, 4995000.0, 14310000.0, 2119500.0], [93268.305, 5774310.0, 1289598.75, 344700.225, 1477480.95, 121382.235], [0.0, 646.4840221607104, 37.71643143246717, 1564.227980044378, 1086.1671798401853, 1747.1577804873118]]
[1000.0, 900.0, 0.948428, [0.0, 24162.173181818158, 11.002353061224484, 177270.95454545438, 84003.99545454538, 227898.77727272705], [257850.0, 40545000.0, 30735.0, 4995000.0, 14310000.0, 2119500.0], [93268.305, 5774310.0, 8999.64, 344700.225, 1477480.95, 121382.235], [0.0, 1088.209500673179, 11.002355111179742, 2947.564301235401, 2029.0579176203532, 3342.0699281969933]]
[1100.0, 700.0, 0.941698, [0.0, 12551.670000000013, 22.36378199999998, 88253.06250000009, 40758.000000000044, 111064.1250000001], [257850.0, 19440000.0, 5805000.0, 2421000.0, 6885000.0, 1035000.0], [93268.305, 2936707.1999999997, 1289598.75, 161563.45500000002, 691334.1, 61260.12], [0.0, 592.3499810078505, 22.36378165695594, 1570.6972476419526, 1067.4166682931282, 1762.035178068249]]
[1100.0, 900.0, 0.947713, [0.0, 12761.602500000012, 24.146832857142876, 87725.43750000007, 41918.88750000003, 114150.11250000012], [257850.0, 19440000.0, 11160000.0, 2421000.0, 6885000.0, 1035000.0], [93268.305, 2936707.1999999997, 2472563.25, 161563.45500000002, 691334.1, 61260.12], [0.0, 599.5924006147849, 24.14682804939273, 1572.0494684487524, 1086.6968801717442, 1793.2533720169065]]
[1100.0, 200.0, 0.455457, [0.0, 15.78300136363638, 9.645167499999998, 26418.116250000025, 12992.040000000012, 35735.34750000003], [257850.0, 39960.0, 922500.0, 2421000.0, 6885000.0, 1035000.0], [93268.305, 6668.5635, 212045.84999999998, 161563.45500000002, 691334.1, 61260.12], [0.0, 15.783006147684661, 9.645170423585057, 874.312077793165, 613.1323394056137, 1016.8679394346161]]
[1100.0, 800.0, 0.944051, [0.0, 13224.345000000012, 0.0, 88586.17500000009, 40549.01250000003, 112180.87500000012], [257850.0, 19440000.0, 11160000.0, 2421000.0, 6885000.0, 1035000.0], [93268.305, 2936707.1999999997, 2472563.25, 161563.45500000002, 691334.1, 61260.12], [0.0, 611.2956654721189, 0.0, 1582.1480651317072, 1070.420273771009, 1780.4248088588313]]
[1100.0, 500.0, 0.899534, [0.0, 10738.64625000001, 7.886398604651168, 73333.65000000007, 36313.58250000003, 96704.3625000001], [257850.0, 19440000.0, 181350.0, 2421000.0, 6885000.0, 1035000.0], [93268.305, 2936707.1999999997, 47397.015, 161563.45500000002, 691334.1, 61260.12], [0.0, 550.880998946234, 7.886399421509596, 1439.5761094850125, 1013.0188948139131, 1653.126157844587]]
[1100.0, 400.0, 0.708584, [0.0, 6473.287500000006, 22.51578899999998, 45172.275000000045, 22234.338750000024, 62312.43750000006], [257850.0, 19440000.0, 5805000.0, 2421000.0, 6885000.0, 1035000.0], [93268.305, 2936707.1999999997, 1289598.75, 161563.45500000002, 691334.1, 61260.12], [0.0, 426.8359974861544, 22.515782464751233, 1127.546991814533, 791.0622111281775, 1324.2985761337975]]
[1100.0, 600.0, 0.944507, [0.0, 13791.873750000012, 7.854888139534888, 85200.00000000009, 41094.150000000045, 112783.7625000001], [257850.0, 19440000.0, 181350.0, 2421000.0, 6885000.0, 1035000.0], [93268.305, 2936707.1999999997, 47397.015, 161563.45500000002, 691334.1, 61260.12], [0.0, 623.0534437349663, 7.854889294584523, 1548.5792884124482, 1075.483328845688, 1781.7098090738589]]
[1100.0, 100.0, 0.396707, [0.0, 3541.233375000004, 22.13270718750001, 23047.526250000024, 11863.132500000012, 30602.15625000003], [257850.0, 19440000.0, 2974500.0, 2421000.0, 6885000.0, 1035000.0], [93268.305, 2936707.1999999997, 659668.95, 161563.45500000002, 691334.1, 61260.12], [0.0, 323.2688799590833, 22.132706020305122, 824.7053166889378, 591.6791782714688, 950.3042358239817]]
[1100.0, 1000.0, 0.951503, [0.0, 14041.282500000014, 0.0, 86249.55000000009, 43561.83750000004, 116362.2000000001], [257850.0, 19440000.0, 11160000.0, 2421000.0, 6885000.0, 1035000.0], [93268.305, 2936707.1999999997, 2472563.25, 161563.45500000002, 691334.1, 61260.12], [0.0, 629.2049671013419, 0.0, 1559.434693246243, 1108.2600805993159, 1811.317933508639]]
[1100.0, 300.0, 0.532295, [0.0, 4705.076250000004, 24.294712500000017, 34466.100000000035, 15702.483750000016, 42515.73750000004], [257850.0, 19440000.0, 11160000.0, 2421000.0, 6885000.0, 1035000.0], [93268.305, 2936707.1999999997, 2472563.25, 161563.45500000002, 691334.1, 61260.12], [0.0, 365.18477343668127, 24.294716687555184, 988.3832679558077, 667.1345909934523, 1097.7519571264731]]
[1200.0, 100.0, 0.360688, [97.35058928571435, 2236.567846153844, 0.0, 17385.819230769215, 6604.86461538461, 13943.603076923066], [15255000.0, 12690000.0, 490500.0, 630000.0, 4338000.0, 1512000.0], [3065951.25, 1841460.75, 163210.5, 39092.9085, 407158.695, 94610.25], [39.74322285314949, 197.6865492277157, 0.0, 551.1675853137511, 339.7175608558468, 493.59814944557303]]
[1200.0, 700.0, 0.930315, [91.72395000000006, 8198.709230769224, 0.0, 67976.86153846148, 24843.08076923075, 48863.00769230765], [15255000.0, 12690000.0, 490500.0, 630000.0, 4338000.0, 1512000.0], [3065951.25, 1841460.75, 163210.5, 39092.9085, 407158.695, 94610.25], [37.44615266605901, 367.39302271014134, 0.0, 1057.885457888439, 639.5298869727358, 896.9085292064693]]
[1200.0, 200.0, 0.396243, [14.769056999999986, 2505.059653846152, 0.0, 19256.579999999984, 7856.00307692307, 15405.265384615372], [8010000.0, 12690000.0, 490500.0, 630000.0, 4338000.0, 1512000.0], [1682271.45, 1841460.75, 163210.5, 39092.9085, 407158.695, 94610.25], [14.769058196107146, 206.6138345494291, 0.0, 572.8487439385306, 365.89051010461475, 512.3715396804898]]
[1200.0, 800.0, 0.92385, [5.021216162790702, 8503.6223076923, 0.0, 66235.22307692302, 23667.3069230769, 49576.776923076875], [258750.0, 12690000.0, 490500.0, 630000.0, 4338000.0, 1512000.0], [63615.06, 1841460.75, 163210.5, 39092.9085, 407158.695, 94610.25], [5.021215792153165, 375.81054414260007, 0.0, 1048.84558263503, 626.9623088243741, 907.4154197956077]]
[1200.0, 1000.0, 0.921098, [4.988986744186049, 7904.474999999993, 0.0, 65381.053846153794, 24010.45615384613, 50958.27692307688], [258750.0, 12690000.0, 490500.0, 630000.0, 4338000.0, 1512000.0], [63615.06, 1841460.75, 163210.5, 39092.9085, 407158.695, 94610.25], [4.988986667297117, 361.16455501449246, 0.0, 1038.710912365637, 629.4611389464693, 917.0142636640458]]
[1200.0, 300.0, 0.457088, [5.055598255813957, 2876.2459615384587, 0.0, 22591.910769230748, 8060.178461538454, 17959.818461538445], [258750.0, 12690000.0, 490500.0, 630000.0, 4338000.0, 1512000.0], [63615.06, 1841460.75, 163210.5, 39092.9085, 407158.695, 94610.25], [5.0555979179791155, 219.31172391944904, 0.0, 614.6463299709394, 367.1310368585743, 548.0241836973613]]
[1200.0, 600.0, 0.91186, [123.16921071428578, 8240.493461538454, 0.0, 63254.49230769226, 24671.741538461516, 50885.48076923072], [15255000.0, 12690000.0, 490500.0, 630000.0, 4338000.0, 1512000.0], [3065951.25, 1841460.75, 163210.5, 39092.9085, 407158.695, 94610.25], [43.54689326766387, 369.63671794673974, 0.0, 1024.1041539059079, 639.5851558609162, 918.5341510724514]]
[1200.0, 500.0, 0.784657, [92.17816071428578, 5989.216153846149, 0.0, 46358.51538461535, 17487.851538461524, 33900.28961538459], [15255000.0, 12690000.0, 490500.0, 630000.0, 4338000.0, 1512000.0], [3065951.25, 1841460.75, 163210.5, 39092.9085, 407158.695, 94610.25], [37.63157173606402, 314.7862440416825, 0.0, 875.7809971845612, 537.8967917545904, 748.9148658768631]]
[1200.0, 900.0, 0.918087, [137.97543214285724, 8.254941923076917, 0.0, 64949.884615384566, 25937.027307692286, 48737.18076923073], [15255000.0, 8190.0, 490500.0, 630000.0, 4338000.0, 1512000.0], [3065951.25, 1271.6946, 163210.5, 39092.9085, 407158.695, 94610.25], [45.991823668862686, 8.254940088987984, 0.0, 1035.5263904533972, 654.3831324412846, 897.020074086198]]
[1200.0, 400.0, 0.581989, [46.03303928571432, 3701.5303846153815, 0.0, 30190.596923076893, 11154.160384615376, 23018.88461538459], [15255000.0, 12690000.0, 490500.0, 630000.0, 4338000.0, 1512000.0], [3065951.25, 1841460.75, 163210.5, 39092.9085, 407158.695, 94610.25], [26.57719270716677, 247.31882018271057, 0.0, 706.321473316958, 429.3238577718115, 616.7494096628923]]
[1300.0, 900.0, 0.939962, [0.0, 8932.690384615376, 3.234228488372095, 46599.749999999956, 23995.242692307667, 57629.21538461534], [257850.0, 9765000.0, 181350.0, 1174500.0, 3343500.0, 504000.0], [93268.305, 1469262.15, 47397.015, 77947.245, 324914.76, 32331.5505], [0.0, 309.12854438350166, 3.2342285670640214, 706.0570352190024, 506.65288702324955, 785.1801672039437]]
[1300.0, 200.0, 0.417768, [0.0, 2691.7134230769207, 123.42953571428579, 13369.949999999988, 6712.667307692302, 16892.439230769214], [257850.0, 9765000.0, 11160000.0, 1174500.0, 3343500.0, 504000.0], [93268.305, 1469262.15, 2472563.25, 77947.245, 324914.76, 32331.5505], [0.0, 172.67349520625774, 35.631034934593266, 384.8363730518055, 272.68349150335706, 432.5709983795179]]
[1300.0, 1000.0, 0.942531, [0.0, 8727.24807692307, 199.11240000000012, 45684.034615384575, 23876.636538461516, 58410.38076923072], [257850.0, 9765000.0, 11160000.0, 1174500.0, 3343500.0, 504000.0], [93268.305, 1469262.15, 2472563.25, 77947.245, 324914.76, 32331.5505], [0.0, 305.88990797150603, 44.52288135650833, 699.8559657394256, 505.95639414979695, 791.3552378205596]]
[1300.0, 500.0, 0.736016, [0.0, 5297.718461538457, 98.78136428571436, 26456.690769230743, 14425.120384615371, 34392.63115384612], [257850.0, 9765000.0, 11160000.0, 1174500.0, 3343500.0, 504000.0], [93268.305, 1469262.15, 2472563.25, 77947.245, 324914.76, 32331.5505], [0.0, 237.39653741436766, 31.23741354693186, 530.5148470670537, 391.7325365316423, 604.8707402627729]]
[1300.0, 100.0, 0.382828, [0.0, 2138.76346153846, 105.07908214285722, 12255.452307692296, 6291.809999999994, 15333.462692307678], [257850.0, 9765000.0, 11160000.0, 1174500.0, 3343500.0, 504000.0], [93268.305, 1469262.15, 2472563.25, 77947.245, 324914.76, 32331.5505], [0.0, 155.57214454960527, 33.22892131464239, 372.4047533207085, 266.8322606534743, 416.55325991185686]]
[1300.0, 600.0, 0.894235, [0.0, 7545.198461538455, 218.016417857143, 41087.69999999997, 21354.940384615365, 49422.63461538457], [257850.0, 9765000.0, 11160000.0, 1174500.0, 3343500.0, 504000.0], [93268.305, 1469262.15, 2472563.25, 77947.245, 324914.76, 32331.5505], [0.0, 283.76640061561733, 46.48126103658359, 662.1884172952583, 477.39158594529147, 726.2541977595122]]
[1300.0, 300.0, 0.466036, [0.0, 2952.295961538459, 141.1023857142858, 15770.904230769216, 8021.128846153839, 19005.403846153833], [257850.0, 9765000.0, 11160000.0, 1174500.0, 3343500.0, 504000.0], [93268.305, 1469262.15, 2472563.25, 77947.245, 324914.76, 32331.5505], [0.0, 179.00923705960727, 37.71120218725684, 413.7365382425424, 295.0619526763144, 454.18629691756655]]
[1300.0, 400.0, 0.579952, [0.0, 3853.3638461538426, 99.6692464285715, 19728.373846153827, 10293.528461538453, 24740.96884615382], [257850.0, 9765000.0, 11160000.0, 1174500.0, 3343500.0, 504000.0], [93268.305, 1469262.15, 2472563.25, 77947.245, 324914.76, 32331.5505], [0.0, 203.37285256337245, 31.51817842814798, 460.1702363796509, 332.3954451442777, 515.3249635398395]]
[1300.0, 700.0, 0.938124, [0.0, 9112.911923076914, 229.51147500000016, 46327.534615384575, 23588.25576923075, 57213.588461538406], [257850.0, 9765000.0, 11160000.0, 1174500.0, 3343500.0, 504000.0], [93268.305, 1469262.15, 2472563.25, 77947.245, 324914.76, 32331.5505], [0.0, 312.9386611163625, 47.85645068795829, 705.5865368236165, 503.4757417048081, 784.1160175599538]]
[1300.0, 800.0, 0.937477, [0.0, 9180.823846153839, 196.65630000000013, 46486.52307692303, 23582.11846153844, 57033.346153846105], [257850.0, 9765000.0, 11160000.0, 1174500.0, 3343500.0, 504000.0], [93268.305, 1469262.15, 2472563.25, 77947.245, 324914.76, 32331.5505], [0.0, 311.7971426041209, 43.97368415267461, 701.6085048535539, 499.71537016929096, 777.1337328654544]]
[1400.0, 400.0, 0.605445, [0.0, 1830.0407142857157, 481.93232142857175, 10433.18571428572, 5177.51678571429, 13174.990714285723], [257850.0, 4491000.0, 11160000.0, 567000.0, 1593000.0, 234900.0], [93268.305, 715745.25, 2472563.25, 38025.585, 150221.835, 16351.298999999999], [0.0, 109.17107432551796, 56.02349702926228, 260.6667405277226, 183.62758833840746, 292.9222148960231]]
[1400.0, 600.0, 0.886391, [0.0, 3156.3835714285733, 737.7727500000005, 18758.671071428584, 9809.167500000007, 24577.450714285733], [257850.0, 4491000.0, 11160000.0, 567000.0, 1593000.0, 234900.0], [93268.305, 715745.25, 2472563.25, 38025.585, 150221.835, 16351.298999999999], [0.0, 142.30078851947843, 68.79764666196438, 346.90721168694137, 250.85826909525917, 397.0825590144568]]
[1400.0, 900.0, 0.962589, [0.0, 4718.356071428574, 1166.7673928571437, 25438.091785714303, 13571.68500000001, 32220.73928571431], [257850.0, 4491000.0, 11160000.0, 567000.0, 1593000.0, 234900.0], [93268.305, 715745.25, 2472563.25, 38025.585, 150221.835, 16351.298999999999], [0.0, 173.92089818802876, 86.48654984199241, 403.8300704074752, 294.9669282741886, 454.4897705456225]]
[1400.0, 100.0, 0.429526, [0.0, 1345.8172500000007, 299.8452857142859, 7056.826071428576, 3116.997000000002, 8765.247857142864], [257850.0, 4491000.0, 11160000.0, 567000.0, 1593000.0, 234900.0], [93268.305, 715745.25, 2472563.25, 38025.585, 150221.835, 16351.298999999999], [0.0, 96.87406023243982, 45.72599068899217, 221.82940563433354, 147.42888289003656, 247.22734517864666]]
[1400.0, 700.0, 0.965381, [2.113451162790699, 4355.668928571432, 1051.592464285715, 26361.21535714287, 13365.610714285724, 32631.814285714307], [257850.0, 4491000.0, 11160000.0, 567000.0, 1593000.0, 234900.0], [93268.305, 715745.25, 2472563.25, 38025.585, 150221.835, 16351.298999999999], [2.11345089581497, 168.1487759153684, 82.62090560728171, 413.66520957441554, 294.55108181081, 460.2427279408652]]
[1400.0, 800.0, 0.968536, [0.0, 4676.7792857142895, 1201.6722857142865, 26794.041428571447, 13686.071785714297, 33231.11785714288], [257850.0, 4491000.0, 11160000.0, 567000.0, 1593000.0, 234900.0], [93268.305, 715745.25, 2472563.25, 38025.585, 150221.835, 16351.298999999999], [0.0, 174.29326096073413, 88.34869935981763, 417.1827112199361, 298.158068054377, 464.60040022341286]]
[1400.0, 300.0, 0.501259, [0.0, 1544.6921785714294, 455.48614285714314, 8363.783571428577, 4231.401428571432, 10456.380000000006], [257850.0, 4491000.0, 11160000.0, 567000.0, 1593000.0, 234900.0], [93268.305, 715745.25, 2472563.25, 38025.585, 150221.835, 16351.298999999999], [0.0, 100.97969530948255, 54.83409393017141, 234.97110113234567, 167.13027768596507, 262.7264023656551]]
[1400.0, 500.0, 0.734192, [0.0, 2596.2878571428587, 388.4721428571431, 13395.808928571438, 6986.021785714291, 17254.629642857155], [257850.0, 4491000.0, 11160000.0, 567000.0, 1593000.0, 234900.0], [93268.305, 715745.25, 2472563.25, 38025.585, 150221.835, 16351.298999999999], [0.0, 129.65242880840447, 50.151520542802146, 294.50230478811255, 212.67634219774493, 334.2388875169549]]
[1400.0, 1000.0, 0.965558, [0.0, 4846.3135714285745, 1148.993357142858, 25906.91464285716, 12985.550357142867, 32736.696428571453], [257850.0, 4491000.0, 11160000.0, 567000.0, 1593000.0, 234900.0], [93268.305, 715745.25, 2472563.25, 38025.585, 150221.835, 16351.298999999999], [0.0, 176.37541673246605, 85.87980759201098, 407.7933009203443, 288.7104279801648, 458.4053771455115]]
[1400.0, 200.0, 0.453837, [0.0, 1310.611500000001, 322.61207142857165, 7077.3010714285765, 4032.652500000003, 9382.635000000007], [257850.0, 4491000.0, 11160000.0, 567000.0, 1593000.0, 234900.0], [93268.305, 715745.25, 2472563.25, 38025.585, 150221.835, 16351.298999999999], [0.0, 93.85483668888872, 46.565038863805945, 218.09893783252028, 164.63228157853837, 251.12044024771092]]
[1500.0, 400.0, 0.534753, [0.0, 683.2955999999995, 141.5109299999999, 4544.519999999996, 2227.786199999998, 6068.795999999995], [257850.0, 2223000.0, 5805000.0, 270450.0, 774000.0, 113850.0], [93268.305, 353915.37, 1289598.75, 18954.9, 71142.075, 8798.985], [0.0, 52.56119005502059, 23.919711327689534, 135.55170600180568, 94.9068859461735, 156.64344225022623]]
[1500.0, 200.0, 0.404544, [0.0, 545.7929999999996, 220.4164285714287, 3480.4799999999964, 1599.5936999999985, 4383.137999999996], [257850.0, 2223000.0, 11160000.0, 270450.0, 774000.0, 113850.0], [93268.305, 353915.37, 2472563.25, 18954.9, 71142.075, 8798.985], [0.0, 47.869218710983745, 31.488063882872158, 120.8820954484161, 81.94966625923493, 135.654712413539]]
[1500.0, 500.0, 0.621772, [0.0, 924.0146999999992, 234.9864899999998, 5683.487999999995, 3014.996999999997, 7288.562999999994], [257850.0, 2223000.0, 5805000.0, 270450.0, 774000.0, 113850.0], [93268.305, 353915.37, 1289598.75, 18954.9, 71142.075, 8798.985], [0.0, 60.66454730730291, 30.59264617518397, 150.45372378243073, 109.58191456622748, 170.37916245832395]]
[1500.0, 600.0, 0.768336, [0.0, 2.2209283333333336, 347.7974999999997, 7819.445999999993, 3797.789999999997, 9878.24699999999], [257850.0, 2461.5, 5805000.0, 270450.0, 774000.0, 113850.0], [93268.305, 475.8471, 1289598.75, 18954.9, 71142.075, 8798.985], [0.0, 2.220928859734143, 37.2878036360416, 176.803798036128, 123.21654109737042, 198.72089220814186]]
[1500.0, 1000.0, 0.949343, [0.0, 1952.3633999999984, 447.1670999999996, 12305.08199999999, 5749.2899999999945, 16225.778999999986], [257850.0, 2223000.0, 5805000.0, 270450.0, 774000.0, 113850.0], [93268.305, 353915.37, 1289598.75, 18954.9, 71142.075, 8798.985], [0.0, 88.28892965712059, 42.25331466287582, 221.6502041505938, 151.5071285451611, 254.52394975718866]]
[1500.0, 800.0, 0.945454, [0.0, 2015.0699999999983, 421.1180999999996, 12035.31899999999, 5816.939999999994, 15971.003999999986], [257850.0, 2223000.0, 5805000.0, 270450.0, 774000.0, 113850.0], [93268.305, 353915.37, 1289598.75, 18954.9, 71142.075, 8798.985], [0.0, 89.05434688997492, 40.711027989968485, 217.6400859216884, 151.30642088160025, 250.71260438996657]]
[1500.0, 300.0, 0.436925, [0.0, 650.3387999999994, 134.9759399999999, 4000.1969999999965, 1828.3106999999984, 4736.429999999995], [257850.0, 2223000.0, 5805000.0, 270450.0, 774000.0, 113850.0], [93268.305, 353915.37, 1289598.75, 18954.9, 71142.075, 8798.985], [0.0, 51.57520916099124, 23.496298006281737, 127.91216908488406, 86.4761279197906, 139.18638942080497]]
[1500.0, 100.0, 0.349675, [0.0, 563.7986999999995, 1.141292368421053, 3178.955999999997, 1604.6573999999985, 3703.7219999999966], [257850.0, 2223000.0, 3946.5, 270450.0, 774000.0, 113850.0], [93268.305, 353915.37, 1304.07345, 18954.9, 71142.075, 8798.985], [0.0, 49.44840037857641, 1.1412925497919133, 117.41744759617276, 83.42216252291705, 126.73879832158727]]
[1500.0, 900.0, 0.945534, [1.3850644186046521, 1826.4380999999983, 424.8452999999996, 12249.047999999988, 5872.394999999994, 15941.627999999984], [257850.0, 2223000.0, 5805000.0, 270450.0, 774000.0, 113850.0], [93268.305, 353915.37, 1289598.75, 18954.9, 71142.075, 8798.985], [1.3850643664034485, 85.15811646578373, 41.071347676938935, 220.53356887331213, 152.69722983734826, 251.58800249614424]]
[1500.0, 700.0, 0.906201, [0.0, 1723.3058999999985, 412.0088999999996, 10648.84199999999, 5165.954999999995, 13893.410999999987], [257850.0, 2223000.0, 5805000.0, 270450.0, 774000.0, 113850.0], [93268.305, 353915.37, 1289598.75, 18954.9, 71142.075, 8798.985], [0.0, 82.62619802459743, 40.400789596244245, 205.3940091628768, 143.05791834078937, 234.60703953632742]]
[1600.0, 100.0, 0.315396, [0.0, 569.6408999999994, 138.0058199999999, 2898.1217999999976, 1450.5290999999988, 3309.203999999997], [257850.0, 2223000.0, 5805000.0, 270450.0, 774000.0, 113850.0], [93268.305, 353915.37, 1289598.75, 18954.9, 71142.075, 8798.985], [0.0, 40.897834906019135, 20.130214603923115, 92.24823900758207, 65.26239882198625, 98.57380990912333]]
[1600.0, 900.0, 0.879009, [0.0, 2222.444699999998, 605.1602999999996, 10559.91599999999, 5755.628999999994, 12726.86699999999], [257850.0, 2223000.0, 5805000.0, 270450.0, 774000.0, 113850.0], [93268.305, 353915.37, 1289598.75, 18954.9, 71142.075, 8798.985], [0.0, 76.63602612348835, 39.99012378075363, 167.05046842197106, 123.32864630733597, 183.39108211687923]]
[1600.0, 300.0, 0.368469, [0.0, 715.1036999999994, 194.5301099999998, 3254.9549999999967, 1791.8687999999984, 3937.1789999999964], [257850.0, 2223000.0, 5805000.0, 270450.0, 774000.0, 113850.0], [93268.305, 353915.37, 1289598.75, 18954.9, 71142.075, 8798.985], [0.0, 44.26380801512672, 23.086476560965277, 94.43581153354899, 70.06761234693238, 103.86206237120453]]
[1600.0, 500.0, 0.51958, [0.0, 867.6944999999993, 251.73848999999976, 4708.046999999996, 2474.5358999999976, 5808.731999999995], [257850.0, 2223000.0, 5805000.0, 270450.0, 774000.0, 113850.0], [93268.305, 353915.37, 1289598.75, 18954.9, 71142.075, 8798.985], [0.0, 48.20523934179764, 25.96484315377235, 112.28743919067698, 81.40625344529737, 124.72443625849736]]
[1600.0, 1000.0, 0.884072, [0.8111022244897955, 2037.5426999999981, 561.7151999999995, 10402.331999999991, 5458.175999999995, 12959.195999999989], [57600.0, 2223000.0, 5805000.0, 270450.0, 774000.0, 113850.0], [24462.171, 353915.37, 1289598.75, 18954.9, 71142.075, 8798.985], [0.8111020200199639, 73.47566535935547, 38.578763588274796, 166.0181405750587, 120.25798518185798, 185.30160010102435]]
[1600.0, 800.0, 0.886666, [0.0, 2255.879999999998, 600.1391999999995, 10454.207999999991, 5578.0799999999945, 13055.70599999999], [257850.0, 2223000.0, 5805000.0, 270450.0, 774000.0, 113850.0], [93268.305, 353915.37, 1289598.75, 18954.9, 71142.075, 8798.985], [0.0, 77.74275850521377, 40.09847628027775, 167.35840881174735, 122.24869324454956, 187.02604898783468]]
[1600.0, 200.0, 0.340106, [0.0, 536.0243999999996, 138.23786999999987, 2967.8819999999973, 1551.6494999999986, 3616.7519999999968], [257850.0, 2223000.0, 5805000.0, 270450.0, 774000.0, 113850.0], [93268.305, 353915.37, 1289598.75, 18954.9, 71142.075, 8798.985], [0.0, 38.8872909830448, 19.748266506202494, 91.50373271074784, 66.16255663137567, 101.01245467762864]]
[1600.0, 700.0, 0.760932, [0.0, 1708.2725999999984, 424.41539999999964, 8169.9989999999925, 4427.183999999997, 9634.232999999993], [257850.0, 2223000.0, 5805000.0, 270450.0, 774000.0, 113850.0], [93268.305, 353915.37, 1289598.75, 18954.9, 71142.075, 8798.985], [0.0, 67.31536748766949, 33.55299837570404, 147.21318215431648, 108.36758279116489, 159.86160889969787]]
[1600.0, 400.0, 0.433619, [0.0, 792.6824999999993, 249.74927999999977, 3645.7949999999964, 2006.1377999999982, 4750.664999999996], [257850.0, 2223000.0, 5805000.0, 270450.0, 774000.0, 113850.0], [93268.305, 353915.37, 1289598.75, 18954.9, 71142.075, 8798.985], [0.0, 46.38822695469182, 26.038157768935935, 99.48427011342035, 73.79697554778238, 113.56262149140437]]
[1600.0, 600.0, 0.625646, [0.0, 1262.2898999999989, 324.20909999999975, 6088.223999999995, 3183.629999999997, 7284.077999999994], [257850.0, 2223000.0, 5805000.0, 270450.0, 774000.0, 113850.0], [93268.305, 353915.37, 1289598.75, 18954.9, 71142.075, 8798.985], [0.0, 57.91783404099288, 29.352523400893464, 127.19734667043953, 91.98011741675472, 139.12976676470052]]
[1700.0, 900.0, 0.935783, [0.0, 1207.7159062500007, 316.06903125000014, 6313.061250000003, 3305.4159375000017, 8099.682187500003], [257850.0, 1089000.0, 2974500.0, 128700.0, 373500.0, 54900.0], [93268.305, 172321.11, 659668.95, 9741.402, 34284.636, 4671.072], [0.0, 44.82254169656856, 22.930050497552614, 102.478832132086, 74.15272925428557, 116.07750054516386]]
[1700.0, 700.0, 0.78425, [0.0, 864.2565000000004, 201.8823187500001, 4331.295000000002, 2177.326125000001, 5397.432187500002], [257850.0, 1089000.0, 2974500.0, 128700.0, 373500.0, 54900.0], [93268.305, 172321.11, 659668.95, 9741.402, 34284.636, 4671.072], [0.0, 37.97324973336495, 18.352938525998027, 85.0090721835948, 60.27236059067107, 94.89647576849869]]
[1700.0, 500.0, 0.556879, [0.0, 468.9514687500003, 113.02070625000006, 2543.8095000000008, 1329.2586562500007, 3368.6915625000015], [257850.0, 1089000.0, 2974500.0, 128700.0, 373500.0, 54900.0], [93268.305, 172321.11, 659668.95, 9741.402, 34284.636, 4671.072], [0.0, 28.12584373734414, 13.807679376550759, 65.5064277022683, 47.35287071798686, 75.38280218481123]]
[1700.0, 300.0, 0.420022, [0.0, 344.75512500000013, 124.25180625000007, 1939.028062500001, 1037.7649687500004, 2411.5350937500016], [257850.0, 1089000.0, 2974500.0, 128700.0, 373500.0, 54900.0], [93268.305, 172321.11, 659668.95, 9741.402, 34284.636, 4671.072], [0.0, 24.56277677563528, 14.74597531823303, 58.25245627533125, 42.61590915245886, 64.96343525339373]]
[1700.0, 800.0, 0.908917, [0.0, 1063.6489687500004, 308.42493750000017, 5751.708750000003, 3007.558125000002, 7397.195625000004], [257850.0, 1089000.0, 2974500.0, 128700.0, 373500.0, 54900.0], [93268.305, 172321.11, 659668.95, 9741.402, 34284.636, 4671.072], [0.0, 42.11027306556265, 22.675846438859796, 97.92356015184757, 70.8102159274176, 111.05098464852195]]
[1700.0, 400.0, 0.457486, [0.0, 408.8098125000002, 100.91958750000005, 2167.205062500001, 1110.1154062500007, 2647.856250000001], [257850.0, 1089000.0, 2974500.0, 128700.0, 373500.0, 54900.0], [93268.305, 172321.11, 659668.95, 9741.402, 34284.636, 4671.072], [0.0, 26.443709211000225, 13.138611134327048, 60.885201115244364, 43.57583704553192, 67.29904069826148]]
[1700.0, 1000.0, 0.939096, [0.0, 1172.7033750000007, 353.64600000000013, 6430.685625000003, 3396.3356250000015, 8195.577187500005], [257850.0, 1089000.0, 2974500.0, 128700.0, 373500.0, 54900.0], [93268.305, 172321.11, 659668.95, 9741.402, 34284.636, 4671.072], [0.0, 44.22934137732414, 24.288504768041776, 103.57261803696603, 75.2699670483064, 116.92469406430475]]
[1700.0, 100.0, 0.366248, [0.0, 337.12396875000013, 76.78932187500004, 1562.0070937500009, 825.9533437500004, 2095.7866875000013], [257850.0, 1089000.0, 2974500.0, 128700.0, 373500.0, 54900.0], [93268.305, 172321.11, 659668.95, 9741.402, 34284.636, 4671.072], [0.0, 25.127727172419775, 11.99247823344648, 54.08788502650689, 39.33112063978412, 62.6515797823068]]
[1700.0, 600.0, 0.676425, [0.0, 621.5878125000003, 160.8421218750001, 3128.042812500001, 1682.1405000000007, 4361.166562500002], [257850.0, 1089000.0, 2974500.0, 128700.0, 373500.0, 54900.0], [93268.305, 172321.11, 659668.95, 9741.402, 34284.636, 4671.072], [0.0, 32.27122847832108, 16.415880923190667, 72.39369536711229, 53.08788758835439, 85.48022694880237]]
[1700.0, 200.0, 0.377466, [0.0, 304.42893750000013, 93.11945625000004, 1733.4545625000007, 906.1239375000005, 2143.538156250001], [257850.0, 1089000.0, 2974500.0, 128700.0, 373500.0, 54900.0], [93268.305, 172321.11, 659668.95, 9741.402, 34284.636, 4671.072], [0.0, 23.348635783890042, 12.913344977798168, 55.71533395305105, 40.28211900245724, 61.95611302693427]]
[1800.0, 600.0, 0.49444, [35.168312499999985, 256.22625000000005, 0.4206176162790701, 1881.0022500000005, 813.8952500000003, 1495.1557500000006], [1318500.0, 675000.0, 490500.0, 31725.0, 220950.0, 75150.0], [290230.605, 97331.71500000001, 163210.5, 3036.6909, 18554.5395, 6143.949], [4.203417508409079, 16.045511444014494, 0.4206176164714227, 43.474683725129054, 28.597366574564177, 38.76010352153359]]
[1800.0, 400.0, 0.37623, [72.86864062500003, 186.09137500000008, 0.0, 1394.1430000000005, 541.8240000000002, 1061.0292500000003], [3744000.0, 675000.0, 490500.0, 31725.0, 220950.0, 75150.0], [793030.05, 97331.71500000001, 163210.5, 3036.6909, 18554.5395, 6143.949], [9.18058764203714, 13.832061939566355, 0.0, 37.85972464242181, 23.602227119490237, 33.028396872994016]]
[1800.0, 500.0, 0.42433, [31.326274999999995, 181.89452500000007, 0.4230104651162793, 1590.5665000000004, 577.0097500000002, 1214.6510000000003], [1318500.0, 675000.0, 490500.0, 31725.0, 220950.0, 75150.0], [290230.605, 97331.71500000001, 163210.5, 3036.6909, 18554.5395, 6143.949], [3.9784419060732796, 13.557615479869613, 0.42301056336993875, 40.091239691483736, 24.14710904021433, 35.034777364784276]]
[1800.0, 1000.0, 0.85581, [85.41826249999997, 617.7925000000001, 0.0, 4161.657500000002, 1582.2242500000007, 3107.8325000000013], [1318500.0, 675000.0, 490500.0, 31725.0, 220950.0, 75150.0], [290230.605, 97331.71500000001, 163210.5, 3036.6909, 18554.5395, 6143.949], [6.513080588323776, 24.771221962188307, 0.0, 64.29234013473148, 39.64241730772736, 55.55907891605118]]
[1800.0, 700.0, 0.621573, [136.20093750000007, 324.18075000000016, 0.0, 2499.393500000001, 958.5342500000004, 1929.0755000000006], [3744000.0, 675000.0, 490500.0, 31725.0, 220950.0, 75150.0], [793030.05, 97331.71500000001, 163210.5, 3036.6909, 18554.5395, 6143.949], [12.38190148462667, 18.010040602397325, 0.0, 50.00787437994142, 30.968835141154415, 43.93348665881188]]
[1800.0, 200.0, 0.30824, [0.0, 122.06012500000006, 0.3441544736842106, 725.8217500000002, 321.49775000000017, 921.9897500000003], [257850.0, 499500.0, 3946.5, 59850.0, 171000.0, 26685.0], [93268.305, 78834.69, 1304.07345, 4944.438, 15894.558, 2501.0208000000002], [0.0, 11.533597660747496, 0.3441544799856351, 28.125022222213452, 18.718316564264004, 31.69866913610098]]
[1800.0, 800.0, 0.762639, [174.0789562500001, 440.0957500000002, 0.42060767441860497, 3362.010000000001, 1291.1485000000005, 2541.1000000000013], [3744000.0, 675000.0, 490500.0, 31725.0, 220950.0, 75150.0], [793030.05, 97331.71500000001, 163210.5, 3036.6909, 18554.5395, 6143.949], [14.027683149089523, 21.028587684388132, 0.42060759188271707, 58.12139236116081, 36.01842410489389, 50.529787007269306]]
[1800.0, 900.0, 0.860627, [72.36417499999997, 597.1310000000002, 0.0, 4210.280000000002, 1639.5800000000004, 3154.672500000001], [1318500.0, 675000.0, 490500.0, 31725.0, 220950.0, 75150.0], [290230.605, 97331.71500000001, 163210.5, 3036.6909, 18554.5395, 6143.949], [6.051397049442383, 24.583491666156792, 0.0, 65.27760910143694, 40.73568767064085, 56.50488363849625]]
[1800.0, 100.0, 0.285367, [24.062762499999995, 144.37657500000006, 0.0, 1039.2822500000002, 420.52550000000014, 789.4877500000002], [1318500.0, 675000.0, 490500.0, 31725.0, 220950.0, 75150.0], [290230.605, 97331.71500000001, 163210.5, 3036.6909, 18554.5395, 6143.949], [3.7129648278027076, 12.862088185827373, 0.0, 34.50880322468458, 21.951248540800595, 30.077088456165445]]
[1800.0, 300.0, 0.333071, [28.90596249999999, 178.69142500000007, 0.0, 1224.5617500000005, 465.6487500000001, 923.9397500000003], [1318500.0, 675000.0, 490500.0, 31725.0, 220950.0, 75150.0], [290230.605, 97331.71500000001, 163210.5, 3036.6909, 18554.5395, 6143.949], [3.8976795981711976, 13.705005928491973, 0.0, 35.877134082866775, 22.123642613728876, 31.16371086696834]]
[1900.0, 300.0, 0.329232, [0.3024841395348839, 151.02357500000005, 22.761924999999994, 774.6280000000004, 421.99900000000014, 988.5180000000005], [257850.0, 499500.0, 922500.0, 59850.0, 171000.0, 26685.0], [93268.305, 78834.69, 212045.84999999998, 4944.438, 15894.558, 2501.0208000000002], [0.30248409820134964, 10.44651855883098, 2.867733207604919, 23.658970286130383, 17.4624382604492, 26.72646160643044]]
[1900.0, 600.0, 0.476041, [0.0, 240.88147500000008, 31.730849999999993, 1156.6405000000004, 572.5200000000002, 1483.5022500000005], [257850.0, 499500.0, 922500.0, 59850.0, 171000.0, 26685.0], [93268.305, 78834.69, 212045.84999999998, 4944.438, 15894.558, 2501.0208000000002], [0.0, 12.820827781387603, 3.2903352792686635, 28.09399402007483, 19.765584041459544, 31.816947135135397]]
[1900.0, 500.0, 0.414829, [0.8688827093023261, 193.03680000000008, 22.486362499999995, 1048.9022500000003, 500.92700000000013, 1258.5445000000004], [257850.0, 499500.0, 922500.0, 59850.0, 171000.0, 26685.0], [93268.305, 78834.69, 212045.84999999998, 4944.438, 15894.558, 2501.0208000000002], [0.5016496906354643, 11.556810762489802, 2.789090073393112, 26.939248783141682, 18.616805244187315, 29.50884401327847]]
[1900.0, 800.0, 0.6996, [0.2833523372093025, 370.9397500000001, 61.93611249999998, 1954.8797500000005, 1011.9615000000003, 2394.8630000000007], [257850.0, 499500.0, 922500.0, 59850.0, 171000.0, 26685.0], [93268.305, 78834.69, 212045.84999999998, 4944.438, 15894.558, 2501.0208000000002], [0.2833523721320524, 15.845762446155762, 4.578449860487716, 36.37654635888351, 26.172397196282965, 40.26259895982872]]
[1900.0, 1000.0, 0.858298, [0.0, 534.3500000000001, 88.71713749999998, 2717.475000000001, 1401.7307500000004, 3410.8325000000013], [257850.0, 499500.0, 922500.0, 59850.0, 171000.0, 26685.0], [93268.305, 78834.69, 212045.84999999998, 4944.438, 15894.558, 2501.0208000000002], [0.0, 19.096117079134185, 5.502003896309051, 43.06404387653348, 30.92889021610702, 48.24610735593082]]
[1900.0, 100.0, 0.294235, [0.0, 173.57005000000004, 26.795374999999993, 713.4770000000002, 380.73425000000015, 872.6495000000003], [257850.0, 499500.0, 922500.0, 59850.0, 171000.0, 26685.0], [93268.305, 78834.69, 212045.84999999998, 4944.438, 15894.558, 2501.0208000000002], [0.0, 11.782704485813099, 3.2735765036119124, 23.888973659410325, 17.450929416509602, 26.419677798943738]]
[1900.0, 900.0, 0.829427, [0.28496532558139553, 520.0932500000002, 77.60554999999998, 2480.6540000000005, 1317.9330000000004, 3191.357500000001], [257850.0, 499500.0, 922500.0, 59850.0, 171000.0, 26685.0], [93268.305, 78834.69, 212045.84999999998, 4944.438, 15894.558, 2501.0208000000002], [0.2849653084405233, 18.81631605814486, 5.1395525097035435, 41.09387880207953, 29.95301529061808, 46.610279177451844]]
[1900.0, 200.0, 0.304251, [0.15123974157303371, 155.54165000000003, 27.668462499999997, 749.2920000000003, 382.87175000000013, 901.8422500000003], [4770.0, 499500.0, 922500.0, 59850.0, 171000.0, 26685.0], [2592.1998, 78834.69, 212045.84999999998, 4944.438, 15894.558, 2501.0208000000002], [0.15123972731826485, 10.784873666390352, 3.2163935548996485, 23.67103187442407, 16.920701078856048, 25.969104239461174]]
[1900.0, 400.0, 0.354392, [0.0, 201.99652500000008, 27.704387499999992, 826.2217500000004, 460.1032500000002, 1071.7037500000004], [257850.0, 499500.0, 922500.0, 59850.0, 171000.0, 26685.0], [93268.305, 78834.69, 212045.84999999998, 4944.438, 15894.558, 2501.0208000000002], [0.0, 11.902759659003458, 3.1169867259903428, 24.072658245403655, 17.96401089679029, 27.41656661582556]]
[1900.0, 700.0, 0.563822, [0.0, 292.75625000000014, 40.262525, 1459.6870000000004, 802.5207500000001, 1802.2595000000006], [257850.0, 499500.0, 922500.0, 59850.0, 171000.0, 26685.0], [93268.305, 78834.69, 212045.84999999998, 4944.438, 15894.558, 2501.0208000000002], [0.0, 14.134408371063861, 3.706465423756168, 31.56125987662724, 23.40198041833213, 35.069787567078315]]
[2000.0, 300.0, 0.301101, [0.0, 62.57697499999995, 22.527712499999996, 359.4419999999997, 165.70379999999986, 439.0399999999996], [257850.0, 224550.0, 922500.0, 27225.0, 75150.0, 11610.0], [93268.305, 35449.4385, 212045.84999999998, 2502.8127, 7199.217, 1219.4923500000002], [0.0, 5.597054470880192, 2.3746289183786162, 13.414260136138694, 9.107905220191954, 14.825328832778032]]
[2000.0, 900.0, 0.783488, [0.19349937209302337, 186.28614999999982, 51.77183749999999, 1113.094499999999, 517.7184999999995, 1410.3202499999989], [257850.0, 224550.0, 922500.0, 27225.0, 75150.0, 11610.0], [93268.305, 35449.4385, 212045.84999999998, 2502.8127, 7199.217, 1219.4923500000002], [0.19349937741230808, 9.279574343686235, 3.4591513590763836, 22.683171074609454, 15.469795166711146, 25.53269962224909]]
[2000.0, 500.0, 0.386205, [0.1976929534883722, 101.0650249999999, 29.280524999999994, 443.4582499999996, 223.8542999999998, 577.5819999999995], [257850.0, 224550.0, 922500.0, 27225.0, 75150.0, 11610.0], [93268.305, 35449.4385, 212045.84999999998, 2502.8127, 7199.217, 1219.4923500000002], [0.19769294372839932, 6.908663492311658, 2.62946851806596, 14.471711629935129, 10.281968439943773, 16.515829528061843]]
[2000.0, 600.0, 0.452357, [0.0, 77.27149999999993, 36.996662499999985, 537.6222499999996, 263.65974999999975, 686.5454999999995], [257850.0, 224550.0, 922500.0, 27225.0, 75150.0, 11610.0], [93268.305, 35449.4385, 212045.84999999998, 2502.8127, 7199.217, 1219.4923500000002], [0.0, 6.015578214103773, 2.9432961433569673, 15.867421419373708, 11.111930525340762, 17.93091255346474]]
[2000.0, 200.0, 0.29128, [0.19074958163265301, 66.46567499999995, 20.510887499999995, 343.2327499999997, 162.01004999999984, 424.75724999999966], [57600.0, 224550.0, 922500.0, 27225.0, 75150.0, 11610.0], [24462.171, 35449.4385, 212045.84999999998, 2502.8127, 7199.217, 1219.4923500000002], [0.19074967323274933, 5.874789889859887, 2.307655398342655, 13.350210672495011, 9.172012456380543, 14.851285718751747]]
[2000.0, 400.0, 0.346495, [0.0, 78.49069999999993, 26.082312499999993, 403.1789999999997, 218.8963999999998, 511.89574999999957], [257850.0, 224550.0, 922500.0, 27225.0, 75150.0, 11610.0], [93268.305, 35449.4385, 212045.84999999998, 2502.8127, 7199.217, 1219.4923500000002], [0.0, 6.185933134944147, 2.521472164232633, 14.01990326286168, 10.33035877886145, 15.79744836991087]]
[2000.0, 100.0, 0.291355, [0.23285752325581408, 75.09652499999993, 19.747599999999995, 327.64324999999974, 165.76859999999985, 427.7719999999996], [257850.0, 224550.0, 922500.0, 27225.0, 75150.0, 11610.0], [93268.305, 35449.4385, 212045.84999999998, 2502.8127, 7199.217, 1219.4923500000002], [0.2328574207981529, 6.463278966592726, 2.343609329111829, 13.500307866859917, 9.602717714272343, 15.425852893762457]]
[2000.0, 700.0, 0.550048, [0.0, 106.9646499999999, 37.34542499999999, 658.3859999999995, 328.2707499999997, 865.8604999999992], [257850.0, 224550.0, 922500.0, 27225.0, 75150.0, 11610.0], [93268.305, 35449.4385, 212045.84999999998, 2502.8127, 7199.217, 1219.4923500000002], [0.0, 7.022573869316002, 2.934133176936588, 17.422738375467834, 12.302469264338756, 19.98021365000883]]
[2000.0, 1000.0, 0.85745, [0.5859143372093027, 226.7488249999998, 68.35124999999998, 1283.043749999999, 657.8514999999994, 1680.0874999999985], [257850.0, 224550.0, 922500.0, 27225.0, 75150.0, 11610.0], [93268.305, 35449.4385, 212045.84999999998, 2502.8127, 7199.217, 1219.4923500000002], [0.3382778219194929, 10.285535960755755, 3.993122994599589, 24.46668525771317, 17.51936607015218, 27.99756685856824]]
[2000.0, 800.0, 0.649951, [0.09265292696629213, 149.34622499999986, 44.20831249999999, 822.7784999999992, 394.89724999999964, 1069.703999999999], [4770.0, 224550.0, 922500.0, 27225.0, 75150.0, 11610.0], [2592.1998, 35449.4385, 212045.84999999998, 2502.8127, 7199.217, 1219.4923500000002], [0.09265293198860514, 8.271521172069855, 3.182184293060349, 19.414661019446086, 13.450250927027335, 22.137068742270266]]
