[100.0, 800.0, 0.927601, [573.3370080000001], [2932.04], [313.353196], [12.004590660576477]]
[100.0, 500.0, 0.929564, [577.33864], [2932.04], [313.353196], [12.046201903006608]]
[100.0, 600.0, 0.927425, [572.985384], [2932.04], [313.353196], [12.02626167684705]]
[100.0, 100.0, 0.927025, [572.1802], [2932.04], [313.353196], [12.00671694411091]]
[100.0, 1000.0, 0.929488, [577.184632], [2932.04], [313.353196], [12.07192856175019]]
[100.0, 400.0, 0.926137, [570.411592], [2932.04], [313.353196], [11.998694881027687]]
[100.0, 900.0, 0.924385, [566.970608], [2932.04], [313.353196], [11.950134946853114]]
[100.0, 200.0, 0.933123, [584.8349840000001], [2932.04], [313.353196], [12.126306383066526]]
[100.0, 700.0, 0.926676, [571.484128], [2932.04], [313.353196], [12.007985766813682]]
[100.0, 300.0, 0.928247, [574.646352], [2932.04], [313.353196], [12.050511053063268]]
[200.0, 700.0, 0.953803, [265.90829], [1319.28], [127.221418], [4.501751639084501]]
[200.0, 400.0, 0.949252, [260.53342], [1319.28], [127.221418], [4.455026380393274]]
[200.0, 500.0, 0.945402, [256.2936], [1319.28], [127.221418], [4.418856107636907]]
[200.0, 100.0, 0.948462, [259.64148], [1319.28], [127.221418], [4.438479192245921]]
[200.0, 600.0, 0.9544, [266.64751], [1319.28], [127.221418], [4.5123250935631845]]
[200.0, 1000.0, 0.955116, [267.54336], [1319.28], [127.221418], [4.518438246783948]]
[200.0, 300.0, 0.949497, [260.81103], [1319.28], [127.221418], [4.450026899918695]]
[200.0, 900.0, 0.949542, [260.86255], [1319.28], [127.221418], [4.453497311102814]]
[200.0, 800.0, 0.951191, [262.77155], [1319.28], [127.221418], [4.472422595193795]]
[200.0, 200.0, 0.94386, [254.6652], [1319.28], [127.221418], [4.396009440390227]]
[300.0, 400.0, 0.925184, [107.24860899999999], [516.58], [54.743863999999995], [1.7648262846524017]]
[300.0, 1000.0, 0.925229, [24.458476], [112.60799999999999], [7.11574], [0.8438972372273772]]
[300.0, 200.0, 0.913005, [23.425707], [112.60799999999999], [7.11574], [0.8251350574299943]]
[300.0, 800.0, 0.918014, [104.663363], [516.58], [54.743863999999995], [1.7475476585775853]]
[300.0, 700.0, 0.929778, [24.880043], [112.60799999999999], [7.11574], [0.8533784195771533]]
[300.0, 300.0, 0.911736, [102.54757], [516.58], [54.743863999999995], [1.7318865603728206]]
[300.0, 900.0, 0.916086, [103.999583], [516.58], [54.743863999999995], [1.739376273553253]]
[300.0, 600.0, 0.914, [103.29582900000001], [516.58], [54.743863999999995], [1.7371074897656738]]
[300.0, 500.0, 0.916645, [104.190667], [516.58], [54.743863999999995], [1.7425721979304043]]
[300.0, 100.0, 0.632081, [53.788306], [516.58], [54.743863999999995], [1.25326533583276]]
[400.0, 900.0, 0.890918, [21.9124151], [110.078], [7.3977108], [0.546106364273481]]
[400.0, 200.0, 0.885759, [21.5794073], [110.078], [7.3977108], [0.5398226905197668]]
[400.0, 500.0, 0.880977, [21.281801100000003], [110.078], [7.3977108], [0.5374466158605894]]
[400.0, 300.0, 0.87215, [20.7571573], [110.078], [7.3977108], [0.529974801853824]]
[400.0, 800.0, 0.879282, [50.942148], [235.704], [28.113567], [0.8315490881481381]]
[400.0, 100.0, 0.496836, [8.8252012], [110.078], [7.3977108], [0.3458868900377694]]
[400.0, 1000.0, 0.896414, [22.281664000000003], [110.078], [7.3977108], [0.549202724865782]]
[400.0, 400.0, 0.894868, [22.176282599999997], [110.078], [7.3977108], [0.5491130904467677]]
[400.0, 600.0, 0.875375, [20.9453295], [110.078], [7.3977108], [0.5330445880974687]]
[400.0, 700.0, 0.892239, [21.999709300000003], [110.078], [7.3977108], [0.5460818562267016]]
[500.0, 300.0, 0.827322, [11.0414237], [40.6456], [3.71427414], [0.27955220353272126]]
[500.0, 600.0, 0.826625, [11.021857599999999], [40.6456], [3.71427414], [0.2788780113239479]]
[500.0, 800.0, 0.807028, [10.4967515], [40.6456], [3.71427414], [0.2725739694101401]]
[500.0, 1000.0, 0.802722, [10.387184099999999], [40.6456], [3.71427414], [0.2707347184976467]]
[500.0, 700.0, 0.787579, [10.016605799999999], [40.6456], [3.71427414], [0.2659067590340644]]
[500.0, 100.0, 0.394642, [3.9493277000000004], [40.6456], [3.71427414], [0.16674076802030152]]
[500.0, 200.0, 0.621411, [6.8987902], [40.6456], [3.71427414], [0.22026141865973714]]
[500.0, 900.0, 0.808422, [10.532583200000001], [40.6456], [3.71427414], [0.2716785858325974]]
[500.0, 500.0, 0.818407, [10.796029799999998], [40.6456], [3.71427414], [0.2757357568397686]]
[500.0, 400.0, 0.782725, [9.9022797], [40.6456], [3.71427414], [0.26408427329169]]
[600.0, 200.0, 0.369494, [3.1207120666666666], [30.3278], [2.9384317], [0.09050296559904666]]
[600.0, 100.0, 0.247403, [2.0180184666666667], [30.3278], [2.9384317], [0.07267715324945277]]
[600.0, 800.0, 0.637352, [4.736083333333333], [18.768], [1.88428282], [0.11126027690859742]]
[600.0, 600.0, 0.623616, [5.9276903333333335], [30.3278], [2.9384317], [0.12444238036581876]]
[600.0, 400.0, 0.627074, [4.6260912], [18.768], [1.88428282], [0.10986511489599922]]
[600.0, 500.0, 0.625361, [4.607977933333333], [18.768], [1.88428282], [0.10977600134415132]]
[600.0, 300.0, 0.646934, [4.8407962], [18.768], [1.88428282], [0.11263759587475419]]
[600.0, 1000.0, 0.611597, [4.464721666666667], [18.768], [1.88428282], [0.10818997248667117]]
[600.0, 700.0, 0.63913, [4.755352733333333], [18.768], [1.88428282], [0.11146718506657764]]
[600.0, 900.0, 0.628863, [4.645072333333333], [18.768], [1.88428282], [0.11025371465649379]]
[700.0, 100.0, 0.195241, [0.9404013066666667], [11.7484], [1.33514954], [0.038044564739555406]]
[700.0, 1000.0, 0.540412, [3.0079262000000004], [11.7484], [1.33514954], [0.06775225539501331]]
[700.0, 600.0, 0.536108, [2.976311933333333], [11.7484], [1.33514954], [0.06752149590233386]]
[700.0, 200.0, 0.254332, [1.2469802666666667], [11.7484], [1.33514954], [0.04370663587043861]]
[700.0, 400.0, 0.52673, [2.908178266666667], [11.7484], [1.33514954], [0.06677093622560976]]
[700.0, 800.0, 0.518551, [2.8495696666666666], [11.7484], [1.33514954], [0.0661083645741344]]
[700.0, 700.0, 0.541522, [3.0161157333333337], [11.7484], [1.33514954], [0.06786792117373601]]
[700.0, 900.0, 0.517679, [2.843367333333333], [11.7484], [1.33514954], [0.06594672189645888]]
[700.0, 300.0, 0.406517, [2.111407666666667], [11.7484], [1.33514954], [0.05694045256035272]]
[700.0, 500.0, 0.523702, [2.8863926666666666], [11.7484], [1.33514954], [0.06655200132227429]]
[800.0, 300.0, 0.269969, [0.9673257200000001], [6.2008], [0.82986346], [0.029966700304022646]]
[800.0, 100.0, 0.157046, [0.54002528], [6.2008], [0.82986346], [0.022365562883842453]]
[800.0, 800.0, 0.432402, [1.6727010666666666], [6.2008], [0.82986346], [0.0393494951033541]]
[800.0, 400.0, 0.447355, [1.7450207333333334], [6.2008], [0.82986346], [0.04028880237595663]]
[800.0, 200.0, 0.189189, [0.65765142], [6.2008], [0.82986346], [0.024646529275606604]]
[800.0, 600.0, 0.433595, [1.6784142666666666], [6.2008], [0.82986346], [0.03946206637603595]]
[800.0, 1000.0, 0.442062, [1.7192438666666667], [6.2008], [0.82986346], [0.03986403337457073]]
[800.0, 900.0, 0.434288, [1.6817385333333332], [6.2008], [0.82986346], [0.03949659816012288]]
[800.0, 500.0, 0.431378, [1.6678020666666666], [6.2008], [0.82986346], [0.03934326871693979]]
[800.0, 700.0, 0.431569, [1.6687174666666669], [6.2008], [0.82986346], [0.03943076902341341]]
[900.0, 200.0, 0.153335, [0.36583562333333336], [3.01392], [0.44629673799999997], [0.010281800366559244]]
[900.0, 300.0, 0.194055, [0.47156486], [3.01392], [0.44629673799999997], [0.011644462851978666]]
[900.0, 1000.0, 0.361528, [0.9597976666666667], [3.01392], [0.44629673799999997], [0.016682675474875126]]
[900.0, 900.0, 0.357957, [0.94829], [3.01392], [0.44629673799999997], [0.01656291733562257]]
[900.0, 700.0, 0.360177, [0.9554383999999999], [3.01392], [0.44629673799999997], [0.01662701694030933]]
[900.0, 500.0, 0.356363, [0.9431702000000001], [3.01392], [0.44629673799999997], [0.016491101580347306]]
[900.0, 800.0, 0.349363, [0.9208218666666668], [3.01392], [0.44629673799999997], [0.016277989003559378]]
[900.0, 400.0, 0.297515, [0.7615306133333334], [3.01392], [0.44629673799999997], [0.014838141613947333]]
[900.0, 100.0, 0.116883, [0.27456526000000003], [3.01392], [0.44629673799999997], [0.008917467110489763]]
[900.0, 600.0, 0.359531, [0.9533538333333333], [3.01392], [0.44629673799999997], [0.016580695941030007]]
[1000.0, 700.0, 0.220363, [0.698639904], [5.1888000000000005], [0.5894283600000001], [0.012383261515448989]]
[1000.0, 500.0, 0.226583, [0.7201461920000001], [5.1888000000000005], [0.5894283600000001], [0.012581974624040537]]
[1000.0, 1000.0, 0.231931, [0.738733872], [5.1888000000000005], [0.5894283600000001], [0.012738684911716749]]
[1000.0, 200.0, 0.085143, [0.2573424], [5.1888000000000005], [0.5894283600000001], [0.0075170514038418014]]
[1000.0, 800.0, 0.223776, [0.7104257479999999], [5.1888000000000005], [0.5894283600000001], [0.01249828041932169]]
[1000.0, 400.0, 0.151854, [0.3620654633333333], [3.01392], [0.44629673799999997], [0.008116346277044178]]
[1000.0, 300.0, 0.114873, [0.35053223599999994], [5.1888000000000005], [0.5894283600000001], [0.008768787810410286]]
[1000.0, 600.0, 0.228192, [0.5636077166666666], [3.01392], [0.44629673799999997], [0.010147272846544642]]
[1000.0, 100.0, 0.076749, [0.23136850000000003], [5.1888000000000005], [0.5894283600000001], [0.007126627253897878]]
[1000.0, 900.0, 0.218171, [0.691092592], [5.1888000000000005], [0.5894283600000001], [0.012293985163485434]]
[1100.0, 700.0, 0.187475, [0.281448148], [1.08698], [0.199501126], [0.0036322695739410336]]
[1100.0, 900.0, 0.186122, [0.27915047866666665], [1.08698], [0.199501126], [0.0036265547360178276]]
[1100.0, 200.0, 0.068837, [0.09550145866666666], [1.08698], [0.199501126], [0.002122779140655005]]
[1100.0, 800.0, 0.186417, [0.279650744], [1.08698], [0.199501126], [0.0036220669899934207]]
[1100.0, 500.0, 0.167714, [0.24833385200000002], [1.08698], [0.199501126], [0.0034179055913104318]]
[1100.0, 400.0, 0.113055, [0.16135959733333335], [1.08698], [0.199501126], [0.0027551657663378443]]
[1100.0, 600.0, 0.18941, [0.2847420853333334], [1.08698], [0.199501126], [0.003663509105883168]]
[1100.0, 100.0, 0.063657, [0.08802857466666668], [1.08698], [0.199501126], [0.0020318496169199575]]
[1100.0, 1000.0, 0.188097, [0.2825063933333333], [1.08698], [0.199501126], [0.0036438039903375703]]
[1100.0, 300.0, 0.08812, [0.12375631466666664], [1.08698], [0.199501126], [0.002417318358107687]]
[1200.0, 100.0, 0.045077, [0.061620557333333326], [1.08698], [0.199501126], [0.0013761585942195923]]
[1200.0, 700.0, 0.136067, [0.19718485733333332], [1.08698], [0.199501126], [0.0024628875212283287]]
[1200.0, 200.0, 0.049111, [0.067302692], [1.08698], [0.199501126], [0.0014391566400731599]]
[1200.0, 800.0, 0.136498, [0.19786685333333334], [1.08698], [0.199501126], [0.0024658341845667114]]
[1200.0, 1000.0, 0.137537, [0.19951095466666666], [1.08698], [0.199501126], [0.002477107284627688]]
[1200.0, 300.0, 0.055675, [0.07660895200000001], [1.08698], [0.199501126], [0.0015361780944206235]]
[1200.0, 600.0, 0.138144, [0.20047348933333334], [1.08698], [0.199501126], [0.0024763026664767775]]
[1200.0, 500.0, 0.09953, [0.14081093733333336], [1.08698], [0.199501126], [0.0020799911670752623]]
[1200.0, 900.0, 0.135827, [0.19680468266666667], [1.08698], [0.199501126], [0.002454122106533776]]
[1200.0, 400.0, 0.070409, [0.097778704], [1.08698], [0.199501126], [0.001733381893678751]]
[1300.0, 900.0, 0.105645, [0.065076292], [0.16951], [0.074564344], [0.001145929667804947]]
[1300.0, 200.0, 0.040081, [0.022328197600000002], [0.16951], [0.074564344], [0.0006719997379629119]]
[1300.0, 1000.0, 0.108665, [0.067250528], [0.16951], [0.074564344], [0.0011673257703924051]]
[1300.0, 500.0, 0.069806, [0.04069083333333333], [0.16951], [0.074564344], [0.0009049116030002292]]
[1300.0, 100.0, 0.036864, [0.020436352533333334], [0.16951], [0.074564344], [0.0006420940940391836]]
[1300.0, 600.0, 0.096354, [0.058506786666666664], [0.16951], [0.074564344], [0.001086256449360729]]
[1300.0, 300.0, 0.046975, [0.026444320533333336], [0.16951], [0.074564344], [0.0007345644861790933]]
[1300.0, 400.0, 0.052991, [0.030105420666666667], [0.16951], [0.074564344], [0.0007796613264745149]]
[1300.0, 700.0, 0.107163, [0.066166584], [0.16951], [0.074564344], [0.0011553187935226651]]
[1300.0, 800.0, 0.106981, [0.06603588266666667], [0.16951], [0.074564344], [0.001153564077110587]]
[1400.0, 400.0, 0.051659, [0.029289040266666663], [0.16951], [0.074564344], [0.0006267275622894954]]
[1400.0, 600.0, 0.083418, [0.049652216], [0.16951], [0.074564344], [0.0008152863537296437]]
[1400.0, 900.0, 0.107989, [0.06676213066666666], [0.16951], [0.074564344], [0.0009463379060121999]]
[1400.0, 100.0, 0.036242, [0.020072422], [0.16951], [0.074564344], [0.0005170626448184656]]
[1400.0, 700.0, 0.107001, [0.06605017333333334], [0.16951], [0.074564344], [0.0009397461629846883]]
[1400.0, 800.0, 0.108313, [0.06699562666666666], [0.16951], [0.074564344], [0.0009474612455047084]]
[1400.0, 300.0, 0.04451, [0.024962924266666665], [0.16951], [0.074564344], [0.0005781925733794158]]
[1400.0, 500.0, 0.0633, [0.036532494666666665], [0.16951], [0.074564344], [0.0006979176837803533]]
[1400.0, 1000.0, 0.111697, [0.069452272], [0.16951], [0.074564344], [0.0009656400133475093]]
[1400.0, 200.0, 0.038815, [0.021581142266666666], [0.16951], [0.074564344], [0.0005360223675266629]]
[1500.0, 400.0, 0.036191, [0.0200425588], [0.16951], [0.074564344], [0.0004230986545318558]]
[1500.0, 200.0, 0.027972, [0.015299259600000002], [0.16951], [0.074564344], [0.0003691125405016139]]
[1500.0, 500.0, 0.04505, [0.025286705999999996], [0.16951], [0.074564344], [0.0004735803201616854]]
[1500.0, 600.0, 0.055805, [0.031840556], [0.16951], [0.074564344], [0.0005325280573933275]]
[1500.0, 1000.0, 0.083161, [0.04947950133333333], [0.16951], [0.074564344], [0.0006633926574477258]]
[1500.0, 800.0, 0.082476, [0.04902035999999999], [0.16951], [0.074564344], [0.0006600310943517065]]
[1500.0, 300.0, 0.031878, [0.017539085466666667], [0.16951], [0.074564344], [0.00039496035626657806]]
[1500.0, 100.0, 0.027286, [0.014908587733333332], [0.16951], [0.074564344], [0.0003642746941526408]]
[1500.0, 900.0, 0.080656, [0.047804610666666664], [0.16951], [0.074564344], [0.0006509602288585345]]
[1500.0, 700.0, 0.073086, [0.04281756666666667], [0.16951], [0.074564344], [0.0006895303675852299]]
[1600.0, 100.0, 0.01985, [0.011531083733333333], [0.19789199999999998], [0.073314892], [0.0002622055414619098]]
[1600.0, 900.0, 0.061529, [0.037908385333333336], [0.19789199999999998], [0.073314892], [0.00047441105364675283]]
[1600.0, 300.0, 0.023454, [0.013693813600000002], [0.19789199999999998], [0.073314892], [0.000285287765707228]]
[1600.0, 500.0, 0.030139, [0.017762847866666667], [0.19789199999999998], [0.073314892], [0.00032435781202588945]]
[1600.0, 1000.0, 0.062595, [0.038623991999999996], [0.19789199999999998], [0.073314892], [0.0004795143005630223]]
[1600.0, 800.0, 0.061618, [0.03796806266666666], [0.19789199999999998], [0.073314892], [0.00047367672182618386]]
[1600.0, 200.0, 0.020778, [0.012086110533333333], [0.19789199999999998], [0.073314892], [0.0002688458708876395]]
[1600.0, 700.0, 0.05073, [0.030779949333333334], [0.19789199999999998], [0.073314892], [0.000428036145098882]]
[1600.0, 400.0, 0.026374, [0.015462176266666667], [0.19789199999999998], [0.073314892], [0.0003029470736613906]]
[1600.0, 600.0, 0.039429, [0.023544505066666666], [0.19789199999999998], [0.073314892], [0.0003743832334802282]]
[1700.0, 900.0, 0.042593, [0.025547617999999998], [0.19789199999999998], [0.073314892], [0.00031788333569268955]]
[1700.0, 700.0, 0.029922, [0.017629576666666664], [0.19789199999999998], [0.073314892], [0.0002657154915903684]]
[1700.0, 500.0, 0.020203, [0.0117422912], [0.19789199999999998], [0.073314892], [0.0002162663907519818]]
[1700.0, 300.0, 0.01536, [0.00886719], [0.19789199999999998], [0.073314892], [0.00018785742702615965]]
[1700.0, 800.0, 0.039566, [0.023630601733333333], [0.19789199999999998], [0.073314892], [0.0003059121665082606]]
[1700.0, 400.0, 0.017156, [0.009928774933333332], [0.19789199999999998], [0.073314892], [0.00022195867282997627]]
[1700.0, 1000.0, 0.042827, [0.025696213333333332], [0.19789199999999998], [0.073314892], [0.00031936164189068025]]
[1700.0, 100.0, 0.013445, [0.0077408616], [0.19789199999999998], [0.073314892], [0.00017552114286065686]]
[1700.0, 600.0, 0.023743, [0.013868349866666666], [0.19789199999999998], [0.073314892], [0.00023519196165402138]]
[1700.0, 200.0, 0.013957, [0.008041588133333335], [0.19789199999999998], [0.073314892], [0.00017883450131957822]]
[1800.0, 600.0, 0.016772, [0.006045047066666667], [0.075118], [0.0390613692], [0.0001272148553170318]]
[1800.0, 400.0, 0.012355, [0.004408541866666667], [0.075118], [0.0390613692], [0.00010833396619302329]]
[1800.0, 500.0, 0.0151, [0.0054216244], [0.075118], [0.0390613692], [0.0001202136853736342]]
[1800.0, 1000.0, 0.03302, [0.012349092533333333], [0.075118], [0.0390613692], [0.000181408251288511]]
[1800.0, 700.0, 0.020842, [0.0075819193333333335], [0.075118], [0.0390613692], [0.00014222210142355983]]
[1800.0, 200.0, 0.010708, [0.003806699333333333], [0.075118], [0.0390613692], [0.00010080656248479063]]
[1800.0, 800.0, 0.026271, [0.009675554133333333], [0.075118], [0.0390613692], [0.0001606578930384547]]
[1800.0, 900.0, 0.03276, [0.0122448044], [0.075118], [0.0390613692], [0.00018077572118204615]]
[1800.0, 100.0, 0.010418, [0.0037012090666666666], [0.075118], [0.0390613692], [9.916724719157811e-05]]
[1800.0, 300.0, 0.011682, [0.004162168933333333], [0.075118], [0.0390613692], [0.00010514414495243079]]
[1900.0, 300.0, 0.009549, [0.0033858821333333333], [0.075118], [0.0390613692], [7.777987458633929e-05]]
[1900.0, 600.0, 0.013624, [0.004875644266666666], [0.075118], [0.0390613692], [0.00010440088224403726]]
[1900.0, 500.0, 0.012421, [0.00443302], [0.075118], [0.0390613692], [8.896343973166106e-05]]
[1900.0, 800.0, 0.020027, [0.0072716585333333335], [0.075118], [0.0390613692], [0.00011419263615098441]]
[1900.0, 1000.0, 0.027933, [0.010326441866666668], [0.075118], [0.0390613692], [0.00013589776850428577]]
[1900.0, 100.0, 0.008909, [0.0031542384000000003], [0.075118], [0.0390613692], [7.525038881553298e-05]]
[1900.0, 900.0, 0.026189, [0.009643219199999999], [0.075118], [0.0390613692], [0.00013113046585578637]]
[1900.0, 200.0, 0.009145, [0.0032394825333333334], [0.075118], [0.0390613692], [7.608111374345439e-05]]
[1900.0, 400.0, 0.010771, [0.003829634933333333], [0.075118], [0.0390613692], [8.251534427540666e-05]]
[1900.0, 700.0, 0.016433, [0.005918249600000001], [0.075118], [0.0390613692], [0.00010286776676879886]]
[2000.0, 300.0, 0.006305, [0.0022190994933333334], [0.075118], [0.0390613692], [5.160697064027946e-05]]
[2000.0, 900.0, 0.016573, [0.0059704779999999995], [0.075118], [0.0390613692], [8.47579899819349e-05]]
[2000.0, 500.0, 0.007756, [0.002738745853333333], [0.075118], [0.0390613692], [5.729392690717267e-05]]
[2000.0, 600.0, 0.009058, [0.0032080584], [0.075118], [0.0390613692], [6.19459379495092e-05]]
[2000.0, 200.0, 0.006254, [0.00220089852], [0.075118], [0.0390613692], [5.133661369605301e-05]]
[2000.0, 400.0, 0.007156, [0.0025234548133333335], [0.075118], [0.0390613692], [5.504008874346851e-05]]
[2000.0, 100.0, 0.006062, [0.0021324345733333334], [0.075118], [0.0390613692], [5.062894848689719e-05]]
[2000.0, 700.0, 0.010575, [0.003758138666666666], [0.075118], [0.0390613692], [6.70988979276941e-05]]
[2000.0, 1000.0, 0.019256, [0.006979475733333334], [0.075118], [0.0390613692], [9.156608606538412e-05]]
[2000.0, 800.0, 0.012775, [0.004562789066666667], [0.075118], [0.0390613692], [7.416473229537368e-05]]
