[100.0, 1800.0, 0.201655, [72.35337], [5130.0], [273.72431386341987], [7.462680751579823]]
[100.0, 800.0, 0.174293, [21.95182], [1611.0], [91.00686787270509], [2.367125471959609]]
[100.0, 500.0, 0.191888, [68.77446], [5130.0], [273.72431386341987], [7.249466945920921]]
[100.0, 1100.0, 0.178431, [63.86154], [5130.0], [273.72431386341987], [7.009712975578958]]
[100.0, 600.0, 0.149298, [18.756990000000002], [1611.0], [91.00686787270509], [2.1953400647735646]]
[100.0, 1400.0, 0.173249, [61.97517], [5130.0], [273.72431386341987], [6.8861299726333955]]
[100.0, 1700.0, 0.184603, [23.276600000000002], [1611.0], [91.00686787270509], [2.440050614229139]]
[100.0, 100.0, 0.175958, [62.96094], [5130.0], [273.72431386341987], [6.9528719965205745]]
[100.0, 1200.0, 0.140891, [7.930191], [603.0], [37.10795063055894], [1.4243040405756067]]
[100.0, 1000.0, 0.161653, [57.76386], [5130.0], [273.72431386341987], [6.669995877060195]]
[100.0, 2000.0, 0.198114, [71.05472999999999], [5130.0], [273.72431386341987], [7.368033591128639]]
[100.0, 400.0, 0.168677, [21.23188], [1611.0], [91.00686787270509], [2.3305016627327255]]
[100.0, 1600.0, 0.161734, [20.34368], [1611.0], [91.00686787270509], [2.2744926906895087]]
[100.0, 1300.0, 0.160937, [20.24183], [1611.0], [91.00686787270509], [2.2773840255872524]]
[100.0, 1500.0, 0.176053, [62.99565], [5130.0], [273.72431386341987], [6.9567050390253]]
[100.0, 900.0, 0.171998, [61.52028], [5130.0], [273.72431386341987], [6.878176357145839]]
[100.0, 1900.0, 0.184871, [23.31102], [1611.0], [91.00686787270509], [2.4436585276998093]]
[100.0, 200.0, 0.172035, [21.662219999999998], [1611.0], [91.00686787270509], [2.349598050731231]]
[100.0, 700.0, 0.16202, [57.89688], [5130.0], [273.72431386341987], [6.685355787091664]]
[100.0, 300.0, 0.151033, [18.97805], [1611.0], [91.00686787270509], [2.20615366645209]]
[200.0, 1800.0, 0.096435, [12.065779999999998], [1611.0], [91.00686787270509], [0.8618411686616043]]
[200.0, 700.0, 0.089164, [31.69719], [5130.0], [273.72431386341987], [2.423945605825345]]
[200.0, 2000.0, 0.080284, [28.527933], [5130.0], [273.72431386341987], [2.2914183817016047]]
[200.0, 1300.0, 0.097806, [34.78578], [5130.0], [273.72431386341987], [2.537013638118644]]
[200.0, 1400.0, 0.095917, [34.11009], [5130.0], [273.72431386341987], [2.5146299926629365]]
[200.0, 400.0, 0.098389, [12.31183], [1611.0], [91.00686787270509], [0.8727627970989598]]
[200.0, 1900.0, 0.099941, [35.54931], [5130.0], [273.72431386341987], [2.5722579769533227]]
[200.0, 1700.0, 0.09742, [34.64754], [5130.0], [273.72431386341987], [2.5336800113668656]]
[200.0, 500.0, 0.092244, [32.79756], [5130.0], [273.72431386341987], [2.4652155686673733]]
[200.0, 1500.0, 0.096403, [34.28391], [5130.0], [273.72431386341987], [2.5206045703362516]]
[200.0, 100.0, 0.106921, [38.04776999999999], [5130.0], [273.72431386341987], [2.644502977876939]]
[200.0, 600.0, 0.107122, [13.412450000000002], [1611.0], [91.00686787270509], [0.9126017203577912]]
[200.0, 1000.0, 0.101823, [12.744359999999999], [1611.0], [91.00686787270509], [0.8879415521305442]]
[200.0, 1200.0, 0.101324, [36.04410000000001], [5130.0], [273.72431386341987], [2.587814850409511]]
[200.0, 300.0, 0.088277, [31.38045], [5130.0], [273.72431386341987], [2.4067698892914544]]
[200.0, 1600.0, 0.102391, [36.42603], [5130.0], [273.72431386341987], [2.595247271456036]]
[200.0, 900.0, 0.09262, [11.58569], [1611.0], [91.00686787270509], [0.8449729581471824]]
[200.0, 800.0, 0.092419, [32.86002], [5130.0], [273.72431386341987], [2.4699104032332833]]
[200.0, 1100.0, 0.098192, [12.287030000000001], [1611.0], [91.00686787270509], [0.8710043627904512]]
[200.0, 200.0, 0.085857, [30.51663], [5130.0], [273.72431386341987], [2.375715513271739]]
[300.0, 2000.0, 0.063226, [7.8964170000000005], [1611.0], [91.00686787270509], [0.4307848651008993]]
[300.0, 400.0, 0.06046, [21.46632], [5130.0], [273.72431386341987], [1.2291578824544875]]
[300.0, 1000.0, 0.059414, [21.094176], [5130.0], [273.72431386341987], [1.2219526995755605]]
[300.0, 200.0, 0.058246, [20.67861], [5130.0], [273.72431386341987], [1.2080572006324868]]
[300.0, 1600.0, 0.059795, [21.22968], [5130.0], [273.72431386341987], [1.2277439065212257]]
[300.0, 1300.0, 0.063073, [22.396151999999997], [5130.0], [273.72431386341987], [1.2598817801682822]]
[300.0, 800.0, 0.058819, [20.882499], [5130.0], [273.72431386341987], [1.2158260155137328]]
[300.0, 700.0, 0.056898, [20.198907], [5130.0], [273.72431386341987], [1.1985846653449226]]
[300.0, 300.0, 0.064347, [22.849614], [5130.0], [273.72431386341987], [1.273359179493359]]
[300.0, 900.0, 0.064649, [8.074607], [1611.0], [91.00686787270509], [0.43662478170621516]]
[300.0, 600.0, 0.060918, [7.607366], [1611.0], [91.00686787270509], [0.42460181346762993]]
[300.0, 1400.0, 0.057849, [20.537418], [5130.0], [273.72431386341987], [1.2059988805964956]]
[300.0, 500.0, 0.059579, [7.439668000000001], [1611.0], [91.00686787270509], [0.4191777665859677]]
[300.0, 1200.0, 0.0585, [7.304592999999999], [1611.0], [91.00686787270509], [0.4155437401766509]]
[300.0, 100.0, 0.036504, [12.951558], [5130.0], [273.72431386341987], [0.9600332806731233]]
[300.0, 1100.0, 0.061436, [7.672234], [1611.0], [91.00686787270509], [0.425579017339906]]
[300.0, 1900.0, 0.063976, [7.99025], [1611.0], [91.00686787270509], [0.43461235601395415]]
[300.0, 1500.0, 0.06792, [8.484484], [1611.0], [91.00686787270509], [0.4465517887098875]]
[300.0, 1700.0, 0.059512, [7.431264], [1611.0], [91.00686787270509], [0.4180412659056519]]
[300.0, 1800.0, 0.060999, [7.617496], [1611.0], [91.00686787270509], [0.42319416347582106]]
[400.0, 900.0, 0.044881, [5.600999000000001], [1611.0], [91.00686787270509], [0.24801641074735356]]
[400.0, 1200.0, 0.043574, [15.462492], [5130.0], [273.72431386341987], [0.7124741047925882]]
[400.0, 1500.0, 0.045139, [5.633217], [1611.0], [91.00686787270509], [0.24944303959020384]]
[400.0, 200.0, 0.043605, [5.4415059999999995], [1611.0], [91.00686787270509], [0.24359525857454617]]
[400.0, 1600.0, 0.04506, [5.623386999999999], [1611.0], [91.00686787270509], [0.2485209447913797]]
[400.0, 500.0, 0.043932, [5.482443], [1611.0], [91.00686787270509], [0.24542787127789706]]
[400.0, 1700.0, 0.045808, [5.716922], [1611.0], [91.00686787270509], [0.2502228806484331]]
[400.0, 300.0, 0.044712, [5.579945], [1611.0], [91.00686787270509], [0.24708411523203994]]
[400.0, 1300.0, 0.04612, [5.755951], [1611.0], [91.00686787270509], [0.2516901666732334]]
[400.0, 1400.0, 0.045147, [5.634219], [1611.0], [91.00686787270509], [0.2487568692518862]]
[400.0, 1100.0, 0.04179, [5.214683999999999], [1611.0], [91.00686787270509], [0.23926610708581356]]
[400.0, 800.0, 0.043828, [5.4693760000000005], [1611.0], [91.00686787270509], [0.24508861662672138]]
[400.0, 100.0, 0.023346, [2.9116610000000005], [1611.0], [91.00686787270509], [0.17852537634745377]]
[400.0, 1000.0, 0.04068, [5.076014000000001], [1611.0], [91.00686787270509], [0.23564802142178065]]
[400.0, 400.0, 0.046372, [5.787395], [1611.0], [91.00686787270509], [0.25210287582651647]]
[400.0, 1800.0, 0.044139, [15.663303], [5130.0], [273.72431386341987], [0.7186816054415196]]
[400.0, 2000.0, 0.043877, [5.475484000000001], [1611.0], [91.00686787270509], [0.24438281445306256]]
[400.0, 600.0, 0.044777, [5.588015], [1611.0], [91.00686787270509], [0.24719925161699013]]
[400.0, 700.0, 0.043012, [5.367388], [1611.0], [91.00686787270509], [0.24222681519600592]]
[400.0, 1900.0, 0.044645, [5.571465], [1611.0], [91.00686787270509], [0.2469508453113696]]
[500.0, 1700.0, 0.035187, [4.389851], [1611.0], [91.00686787270509], [0.15850832785692995]]
[500.0, 1100.0, 0.036217, [4.518471999999999], [1611.0], [91.00686787270509], [0.16076003856680304]]
[500.0, 300.0, 0.035804, [4.466901], [1611.0], [91.00686787270509], [0.15973603225321456]]
[500.0, 1300.0, 0.03301, [4.117934], [1611.0], [91.00686787270509], [0.15283085421471673]]
[500.0, 1800.0, 0.033303, [4.154556], [1611.0], [91.00686787270509], [0.1536618039722299]]
[500.0, 1400.0, 0.033808, [4.217567], [1611.0], [91.00686787270509], [0.155250797099403]]
[500.0, 600.0, 0.037337, [4.658388], [1611.0], [91.00686787270509], [0.16267796408856364]]
[500.0, 1900.0, 0.036063, [4.499256000000001], [1611.0], [91.00686787270509], [0.15977327686443688]]
[500.0, 1200.0, 0.034881, [4.351623000000001], [1611.0], [91.00686787270509], [0.15702569853371134]]
[500.0, 800.0, 0.032987, [4.115033], [1611.0], [91.00686787270509], [0.1535716445181206]]
[500.0, 1000.0, 0.035482, [4.426629], [1611.0], [91.00686787270509], [0.15880443948454337]]
[500.0, 2000.0, 0.037124, [4.6317200000000005], [1611.0], [91.00686787270509], [0.16264169207186696]]
[500.0, 700.0, 0.035892, [4.477836000000001], [1611.0], [91.00686787270509], [0.1598208371896481]]
[500.0, 100.0, 0.015547, [1.9386210000000001], [1611.0], [91.00686787270509], [0.10498218896555739]]
[500.0, 200.0, 0.02552, [3.1829160000000005], [1611.0], [91.00686787270509], [0.13438281140086333]]
[500.0, 1500.0, 0.035846, [4.47206], [1611.0], [91.00686787270509], [0.1591087678288032]]
[500.0, 900.0, 0.034967, [4.362337], [1611.0], [91.00686787270509], [0.15720772881763798]]
[500.0, 1600.0, 0.036115, [4.5057670000000005], [1611.0], [91.00686787270509], [0.16020661659244917]]
[500.0, 500.0, 0.03378, [4.214096], [1611.0], [91.00686787270509], [0.15460019404903733]]
[500.0, 400.0, 0.034739, [4.333837], [1611.0], [91.00686787270509], [0.15730832781515414]]
[600.0, 200.0, 0.01542, [1.922821], [1611.0], [91.00686787270509], [0.07810926321506305]]
[600.0, 1400.0, 0.02825, [3.523609], [1611.0], [91.00686787270509], [0.10561855897521043]]
[600.0, 1900.0, 0.028344, [3.53539], [1611.0], [91.00686787270509], [0.10587657909093966]]
[600.0, 100.0, 0.011442, [1.4265599999999998], [1611.0], [91.00686787270509], [0.06732351743633126]]
[600.0, 800.0, 0.028545, [3.5605230000000003], [1611.0], [91.00686787270509], [0.10601301806853722]]
[600.0, 1200.0, 0.028328, [3.533377], [1611.0], [91.00686787270509], [0.10586378039726335]]
[600.0, 600.0, 0.027896, [3.479519], [1611.0], [91.00686787270509], [0.10491143884248275]]
[600.0, 1600.0, 0.029029, [3.620939], [1611.0], [91.00686787270509], [0.10710210081973182]]
[600.0, 400.0, 0.02949, [3.678493], [1611.0], [91.00686787270509], [0.1078648691650808]]
[600.0, 500.0, 0.027892, [3.47902], [1611.0], [91.00686787270509], [0.10508763009983622]]
[600.0, 1100.0, 0.028154, [3.5117130000000003], [1611.0], [91.00686787270509], [0.10559455478385237]]
[600.0, 300.0, 0.027492, [3.429048], [1611.0], [91.00686787270509], [0.10419798462542355]]
[600.0, 1700.0, 0.027907, [3.480833], [1611.0], [91.00686787270509], [0.10485575806792873]]
[600.0, 1500.0, 0.027943, [3.485331], [1611.0], [91.00686787270509], [0.10489613910912068]]
[600.0, 1800.0, 0.029555, [3.6865889999999997], [1611.0], [91.00686787270509], [0.1082419973947266]]
[600.0, 1000.0, 0.028161, [3.5125509999999998], [1611.0], [91.00686787270509], [0.10561974247270252]]
[600.0, 2000.0, 0.028345, [3.5354990000000006], [1611.0], [91.00686787270509], [0.10607025973381982]]
[600.0, 700.0, 0.029769, [3.713253], [1611.0], [91.00686787270509], [0.10841904814192015]]
[600.0, 1300.0, 0.027653, [3.4490809999999996], [1611.0], [91.00686787270509], [0.10432617121317164]]
[600.0, 900.0, 0.028527, [3.5582700000000003], [1611.0], [91.00686787270509], [0.10608713399842602]]
[700.0, 2000.0, 0.02268, [2.828481], [1611.0], [91.00686787270509], [0.07254901791202965]]
[700.0, 100.0, 0.008833, [1.1012400000000002], [1611.0], [91.00686787270509], [0.045337324579202955]]
[700.0, 1000.0, 0.022597, [2.818089], [1611.0], [91.00686787270509], [0.07206940404915252]]
[700.0, 600.0, 0.022131, [2.760045], [1611.0], [91.00686787270509], [0.0715508420635285]]
[700.0, 1400.0, 0.021605, [2.694357], [1611.0], [91.00686787270509], [0.0706841920092463]]
[700.0, 1900.0, 0.022078, [2.753354], [1611.0], [91.00686787270509], [0.07166693798398253]]
[700.0, 200.0, 0.010928, [1.3625699999999998], [1611.0], [91.00686787270509], [0.050259168317830324]]
[700.0, 400.0, 0.02322, [2.895938], [1611.0], [91.00686787270509], [0.0732972714362547]]
[700.0, 1300.0, 0.022617, [2.820647], [1611.0], [91.00686787270509], [0.07234807530266442]]
[700.0, 1100.0, 0.023155, [2.887714], [1611.0], [91.00686787270509], [0.07311254338347149]]
[700.0, 800.0, 0.02356, [2.9383369999999998], [1611.0], [91.00686787270509], [0.07392189797346928]]
[700.0, 1500.0, 0.022468, [2.802022], [1611.0], [91.00686787270509], [0.07201263083654144]]
[700.0, 1600.0, 0.022571, [2.814891], [1611.0], [91.00686787270509], [0.07227179256113687]]
[700.0, 1800.0, 0.021676, [2.7031590000000003], [1611.0], [91.00686787270509], [0.07059996458922625]]
[700.0, 1200.0, 0.02119, [2.6425739999999998], [1611.0], [91.00686787270509], [0.06992992206487864]]
[700.0, 700.0, 0.023363, [2.913721], [1611.0], [91.00686787270509], [0.07327941730117672]]
[700.0, 900.0, 0.022809, [2.844569], [1611.0], [91.00686787270509], [0.07246281805174291]]
[700.0, 300.0, 0.018136, [2.261602], [1611.0], [91.00686787270509], [0.06480261568794889]]
[700.0, 500.0, 0.022013, [2.745269], [1611.0], [91.00686787270509], [0.07133577643791367]]
[700.0, 1700.0, 0.021932, [2.73521], [1611.0], [91.00686787270509], [0.07117056976025976]]
[800.0, 300.0, 0.010541, [1.314219], [1611.0], [91.00686787270509], [0.03843797601331267]]
[800.0, 100.0, 0.006849, [0.8538344], [1611.0], [91.00686787270509], [0.030971827521152188]]
[800.0, 1800.0, 0.018298, [2.281716], [1611.0], [91.00686787270509], [0.05058007512845349]]
[800.0, 800.0, 0.016901, [2.107533], [1611.0], [91.00686787270509], [0.048554989444958174]]
[800.0, 400.0, 0.017541, [2.187289], [1611.0], [91.00686787270509], [0.049659832863190354]]
[800.0, 200.0, 0.007814, [0.9742666999999999], [1611.0], [91.00686787270509], [0.033030728117920745]]
[800.0, 1700.0, 0.016832, [2.098917], [1611.0], [91.00686787270509], [0.048511235811922994]]
[800.0, 600.0, 0.017717, [2.209333], [1611.0], [91.00686787270509], [0.049814867258680916]]
[800.0, 1600.0, 0.017116, [2.13427], [1611.0], [91.00686787270509], [0.04887357159038001]]
[800.0, 1000.0, 0.016775, [2.0917890000000003], [1611.0], [91.00686787270509], [0.04825635709416947]]
[800.0, 1100.0, 0.017346, [2.1630000000000003], [1611.0], [91.00686787270509], [0.04918449959082638]]
[800.0, 1500.0, 0.017263, [2.152615], [1611.0], [91.00686787270509], [0.0491136946278734]]
[800.0, 1400.0, 0.017435, [2.174109], [1611.0], [91.00686787270509], [0.049449883720793515]]
[800.0, 1200.0, 0.018003, [2.245012], [1611.0], [91.00686787270509], [0.05022512319546861]]
[800.0, 900.0, 0.017927, [2.2354629999999998], [1611.0], [91.00686787270509], [0.05012449500992504]]
[800.0, 1300.0, 0.017537, [2.1867790000000005], [1611.0], [91.00686787270509], [0.04971237270539398]]
[800.0, 2000.0, 0.016833, [2.099052], [1611.0], [91.00686787270509], [0.04855326971481941]]
[800.0, 500.0, 0.017289, [2.155908], [1611.0], [91.00686787270509], [0.0491760409142501]]
[800.0, 1900.0, 0.017173, [2.1414809999999997], [1611.0], [91.00686787270509], [0.049090192503187434]]
[800.0, 700.0, 0.018281, [2.2796589999999997], [1611.0], [91.00686787270509], [0.05069665669450008]]
[900.0, 200.0, 0.006655, [0.11900113548387097], [144.0], [7.70275924588066], [0.004920091557737971]]
[900.0, 1100.0, 0.014224, [0.25453829032258063], [144.0], [7.70275924588066], [0.0071736506669742]]
[900.0, 300.0, 0.00754, [0.13484107741935486], [144.0], [7.70275924588066], [0.005217158166475985]]
[900.0, 1000.0, 0.014799, [0.26484067741935485], [144.0], [7.70275924588066], [0.007342535294961294]]
[900.0, 900.0, 0.015052, [0.2693756612903226], [144.0], [7.70275924588066], [0.007405909949845713]]
[900.0, 1600.0, 0.014761, [0.2641682032258065], [144.0], [7.70275924588066], [0.007309857911389484]]
[900.0, 700.0, 0.014819, [0.2651910387096774], [144.0], [7.70275924588066], [0.007346603581461473]]
[900.0, 1900.0, 0.014293, [0.2557708258064516], [144.0], [7.70275924588066], [0.007202668600149503]]
[900.0, 500.0, 0.014606, [0.2613763741935484], [144.0], [7.70275924588066], [0.007280142485541165]]
[900.0, 1400.0, 0.014296, [0.25583124193548384], [144.0], [7.70275924588066], [0.007192972051265107]]
[900.0, 1200.0, 0.014318, [0.25622338064516126], [144.0], [7.70275924588066], [0.007178505115411392]]
[900.0, 1500.0, 0.015403, [0.275674935483871], [144.0], [7.70275924588066], [0.00746431776160433]]
[900.0, 800.0, 0.014534, [0.2600861225806452], [144.0], [7.70275924588066], [0.007249830942806294]]
[900.0, 400.0, 0.012273, [0.2195892], [144.0], [7.70275924588066], [0.006675707494453965]]
[900.0, 100.0, 0.005213, [0.09320391290322581], [144.0], [7.70275924588066], [0.004350385787909163]]
[900.0, 600.0, 0.014504, [0.2595508548387097], [144.0], [7.70275924588066], [0.007260341449302358]]
[900.0, 1800.0, 0.014186, [0.25385748387096774], [144.0], [7.70275924588066], [0.007194577823057384]]
[900.0, 2000.0, 0.014675, [0.26262052258064517], [144.0], [7.70275924588066], [0.007283781600354649]]
[900.0, 1700.0, 0.014918, [0.26697881612903224], [144.0], [7.70275924588066], [0.007387630442759905]]
[900.0, 1300.0, 0.014859, [0.2659207064516129], [144.0], [7.70275924588066], [0.0073611706826386385]]
[1000.0, 1600.0, 0.012643, [0.2262042580645161], [144.0], [7.70275924588066], [0.005387342866698896]]
[1000.0, 1400.0, 0.012364, [0.22121579032258065], [144.0], [7.70275924588066], [0.00533553745536146]]
[1000.0, 1500.0, 0.012546, [0.224469], [144.0], [7.70275924588066], [0.005364303450481242]]
[1000.0, 700.0, 0.012608, [0.2255812258064516], [144.0], [7.70275924588066], [0.005392422102268354]]
[1000.0, 1900.0, 0.011994, [0.21459335806451613], [144.0], [7.70275924588066], [0.005257493448110028]]
[1000.0, 1800.0, 0.012031, [0.2152462935483871], [144.0], [7.70275924588066], [0.00526717176852302]]
[1000.0, 500.0, 0.012862, [0.23012750322580647], [144.0], [7.70275924588066], [0.005434734800495509]]
[1000.0, 1000.0, 0.012964, [0.23195961290322584], [144.0], [7.70275924588066], [0.005461275651143527]]
[1000.0, 200.0, 0.00467, [0.08348902258064517], [144.0], [7.70275924588066], [0.003277231452576474]]
[1000.0, 1100.0, 0.01207, [0.21594736451612903], [144.0], [7.70275924588066], [0.005267009342022189]]
[1000.0, 2000.0, 0.011807, [0.21124117741935483], [144.0], [7.70275924588066], [0.005198823888448322]]
[1000.0, 1700.0, 0.012384, [0.22156321935483872], [144.0], [7.70275924588066], [0.005314626637453048]]
[1000.0, 800.0, 0.012742, [0.22797862258064516], [144.0], [7.70275924588066], [0.005424987970946254]]
[1000.0, 1300.0, 0.013172, [0.23569661612903225], [144.0], [7.70275924588066], [0.005526332074882313]]
[1000.0, 400.0, 0.008417, [0.15054311612903226], [144.0], [7.70275924588066], [0.004384338150709988]]
[1000.0, 300.0, 0.006093, [0.10894229999999999], [144.0], [7.70275924588066], [0.003738890474072111]]
[1000.0, 600.0, 0.012212, [0.2184962516129032], [144.0], [7.70275924588066], [0.005289985738686324]]
[1000.0, 1200.0, 0.012119, [0.21681856451612905], [144.0], [7.70275924588066], [0.005261718540355312]]
[1000.0, 100.0, 0.004137, [0.07396954838709677], [144.0], [7.70275924588066], [0.0030820651177771246]]
[1000.0, 900.0, 0.012177, [0.21786633870967745], [144.0], [7.70275924588066], [0.00528714645019864]]
[1100.0, 1300.0, 0.010557, [0.1888455193548387], [144.0], [7.70275924588066], [0.003943707141075279]]
[1100.0, 1800.0, 0.009996, [0.178798935483871], [144.0], [7.70275924588066], [0.003843583704303513]]
[1100.0, 2000.0, 0.010321, [0.18463383870967742], [144.0], [7.70275924588066], [0.0039080870288116494]]
[1100.0, 700.0, 0.009929, [0.17760930967741934], [144.0], [7.70275924588066], [0.0038277510153597936]]
[1100.0, 900.0, 0.009896, [0.17702282903225805], [144.0], [7.70275924588066], [0.0038248950527317834]]
[1100.0, 200.0, 0.003732, [0.06672306774193548], [144.0], [7.70275924588066], [0.0023516792105347157]]
[1100.0, 1900.0, 0.010797, [0.19314592258064517], [144.0], [7.70275924588066], [0.0040022186614876555]]
[1100.0, 1500.0, 0.009714, [0.1737528677419355], [144.0], [7.70275924588066], [0.0037915984537589616]]
[1100.0, 800.0, 0.010459, [0.18710425161290323], [144.0], [7.70275924588066], [0.003930553892543038]]
[1100.0, 500.0, 0.008821, [0.15777821612903226], [144.0], [7.70275924588066], [0.0036111379471952137]]
[1100.0, 1700.0, 0.010449, [0.18691737096774194], [144.0], [7.70275924588066], [0.003930098178945386]]
[1100.0, 400.0, 0.00598, [0.10693175806451614], [144.0], [7.70275924588066], [0.0029749211901173027]]
[1100.0, 600.0, 0.010007, [0.17900114516129031], [144.0], [7.70275924588066], [0.0038426066286302765]]
[1100.0, 1400.0, 0.010212, [0.1826809258064516], [144.0], [7.70275924588066], [0.003877187140810968]]
[1100.0, 100.0, 0.003651, [0.06527476451612903], [144.0], [7.70275924588066], [0.0023194381361505982]]
[1100.0, 1100.0, 0.010112, [0.1808764258064516], [144.0], [7.70275924588066], [0.003860687801644804]]
[1100.0, 1000.0, 0.009909, [0.17725624838709678], [144.0], [7.70275924588066], [0.0038263679074500103]]
[1100.0, 300.0, 0.004233, [0.07568126129032257], [144.0], [7.70275924588066], [0.0025060568813600106]]
[1100.0, 1200.0, 0.010367, [0.18545516129032258], [144.0], [7.70275924588066], [0.003921958275116984]]
[1100.0, 1600.0, 0.010221, [0.1828263193548387], [144.0], [7.70275924588066], [0.0038698279370311607]]
[1200.0, 100.0, 0.002824, [0.05048250967741935], [144.0], [7.70275924588066], [0.0016527233508684155]]
[1200.0, 1400.0, 0.008291, [0.14828321612903225], [144.0], [7.70275924588066], [0.0028281642726273276]]
[1200.0, 1700.0, 0.008604, [0.15389361290322578], [144.0], [7.70275924588066], [0.002893371210456488]]
[1200.0, 1800.0, 0.008216, [0.14693574193548384], [144.0], [7.70275924588066], [0.002814778109629889]]
[1200.0, 700.0, 0.008231, [0.1472172387096774], [144.0], [7.70275924588066], [0.002820688493897293]]
[1200.0, 200.0, 0.003135, [0.05604151935483871], [144.0], [7.70275924588066], [0.0017377735764827788]]
[1200.0, 1900.0, 0.007987, [0.14284283225806452], [144.0], [7.70275924588066], [0.002773778005262243]]
[1200.0, 1200.0, 0.007993, [0.1429579741935484], [144.0], [7.70275924588066], [0.002778109956852342]]
[1200.0, 1100.0, 0.008494, [0.1519159064516129], [144.0], [7.70275924588066], [0.002853667321188791]]
[1200.0, 1300.0, 0.008222, [0.14705030322580645], [144.0], [7.70275924588066], [0.002816456149940372]]
[1200.0, 2000.0, 0.008388, [0.15002419354838709], [144.0], [7.70275924588066], [0.0028489604983073583]]
[1200.0, 800.0, 0.00808, [0.1445138129032258], [144.0], [7.70275924588066], [0.0027946580396880265]]
[1200.0, 1600.0, 0.008326, [0.14890227096774195], [144.0], [7.70275924588066], [0.002839454579684917]]
[1200.0, 1000.0, 0.008291, [0.14827590000000002], [144.0], [7.70275924588066], [0.0028347351593256765]]
[1200.0, 1500.0, 0.007935, [0.14191333548387097], [144.0], [7.70275924588066], [0.0027635548579055718]]
[1200.0, 300.0, 0.003377, [0.06037641290322581], [144.0], [7.70275924588066], [0.001808941967168302]]
[1200.0, 600.0, 0.008321, [0.1488236806451613], [144.0], [7.70275924588066], [0.0028287134848174965]]
[1200.0, 500.0, 0.00595, [0.10639013225806453], [144.0], [7.70275924588066], [0.0023963928212190106]]
[1200.0, 900.0, 0.007889, [0.1410957], [144.0], [7.70275924588066], [0.0027570588998632756]]
[1200.0, 400.0, 0.004385, [0.07838985483870968], [144.0], [7.70275924588066], [0.0020571998714598045]]
[1300.0, 1600.0, 0.006498, [0.11619290322580646], [144.0], [7.70275924588066], [0.002032848785114761]]
[1300.0, 1700.0, 0.00647, [0.11570112580645162], [144.0], [7.70275924588066], [0.002020537538846952]]
[1300.0, 900.0, 0.006705, [0.11989622903225808], [144.0], [7.70275924588066], [0.002062583079397597]]
[1300.0, 200.0, 0.002351, [0.04202483225806452], [144.0], [7.70275924588066], [0.001222871656572975]]
[1300.0, 1800.0, 0.006342, [0.11341155483870968], [144.0], [7.70275924588066], [0.002001414679171231]]
[1300.0, 1000.0, 0.006523, [0.11663759032258064], [144.0], [7.70275924588066], [0.0020396926912439137]]
[1300.0, 1400.0, 0.006415, [0.11470781612903226], [144.0], [7.70275924588066], [0.002017079306373399]]
[1300.0, 1200.0, 0.006589, [0.11783267419354838], [144.0], [7.70275924588066], [0.002043477716017104]]
[1300.0, 500.0, 0.003957, [0.07075164193548387], [144.0], [7.70275924588066], [0.0015804749052479848]]
[1300.0, 100.0, 0.002092, [0.037403012903225806], [144.0], [7.70275924588066], [0.0011520898443113038]]
[1300.0, 1100.0, 0.006368, [0.11387313870967741], [144.0], [7.70275924588066], [0.0020108138892991918]]
[1300.0, 2000.0, 0.006088, [0.10885970322580645], [144.0], [7.70275924588066], [0.0019637484595759693]]
[1300.0, 1300.0, 0.006142, [0.10981878387096775], [144.0], [7.70275924588066], [0.0019708145893720143]]
[1300.0, 1500.0, 0.00663, [0.11856492580645162], [144.0], [7.70275924588066], [0.002053707337802646]]
[1300.0, 600.0, 0.005796, [0.1036296870967742], [144.0], [7.70275924588066], [0.0019161134163586551]]
[1300.0, 300.0, 0.002722, [0.04866395806451613], [144.0], [7.70275924588066], [0.001324956685526879]]
[1300.0, 1900.0, 0.006349, [0.11353067419354838], [144.0], [7.70275924588066], [0.002006644068147884]]
[1300.0, 400.0, 0.003236, [0.05784198387096774], [144.0], [7.70275924588066], [0.001432680604629075]]
[1300.0, 700.0, 0.006342, [0.11340902903225807], [144.0], [7.70275924588066], [0.002004181539192381]]
[1300.0, 800.0, 0.006404, [0.11451498387096774], [144.0], [7.70275924588066], [0.002011823205916127]]
[1400.0, 1100.0, 0.004892, [0.08746676129032258], [144.0], [7.70275924588066], [0.001432150726143495]]
[1400.0, 400.0, 0.002302, [0.04114033548387097], [144.0], [7.70275924588066], [0.0009840042638419332]]
[1400.0, 1500.0, 0.00493, [0.08814422903225806], [144.0], [7.70275924588066], [0.0014422765887945376]]
[1400.0, 1800.0, 0.004921, [0.08798527741935484], [144.0], [7.70275924588066], [0.0014356453080661394]]
[1400.0, 1600.0, 0.004935, [0.08823974516129032], [144.0], [7.70275924588066], [0.0014440328219409947]]
[1400.0, 1400.0, 0.005009, [0.08955711290322581], [144.0], [7.70275924588066], [0.001449379766160571]]
[1400.0, 600.0, 0.00383, [0.06847278387096775], [144.0], [7.70275924588066], [0.001268667158068048]]
[1400.0, 1700.0, 0.004989, [0.08919795483870968], [144.0], [7.70275924588066], [0.0014506129781878395]]
[1400.0, 900.0, 0.004993, [0.0892655129032258], [144.0], [7.70275924588066], [0.001449986766597907]]
[1400.0, 100.0, 0.001669, [0.029836219354838708], [144.0], [7.70275924588066], [0.0008345997102676061]]
[1400.0, 700.0, 0.004842, [0.08658014516129031], [144.0], [7.70275924588066], [0.0014245244784117164]]
[1400.0, 2000.0, 0.004957, [0.0886321741935484], [144.0], [7.70275924588066], [0.0014366700246143476]]
[1400.0, 800.0, 0.004881, [0.08726312903225805], [144.0], [7.70275924588066], [0.0014318905696798136]]
[1400.0, 1300.0, 0.004962, [0.08871465483870968], [144.0], [7.70275924588066], [0.001446007856162354]]
[1400.0, 300.0, 0.001909, [0.03412143870967742], [144.0], [7.70275924588066], [0.0008982438016258221]]
[1400.0, 1200.0, 0.005033, [0.08998882258064517], [144.0], [7.70275924588066], [0.0014537034623690079]]
[1400.0, 500.0, 0.002731, [0.048824506451612903], [144.0], [7.70275924588066], [0.001070291036693201]]
[1400.0, 1000.0, 0.005023, [0.08980693548387096], [144.0], [7.70275924588066], [0.0014562862514635893]]
[1400.0, 200.0, 0.001848, [0.03303020322580645], [144.0], [7.70275924588066], [0.0008786991206556422]]
[1400.0, 1900.0, 0.004929, [0.08813357419354838], [144.0], [7.70275924588066], [0.0014409452867679942]]
[1500.0, 1500.0, 0.00359, [0.06418065483870967], [144.0], [7.70275924588066], [0.0027721826770624627]]
[1500.0, 1100.0, 0.00356, [0.06364492258064516], [144.0], [7.70275924588066], [0.002754185217496978]]
[1500.0, 1800.0, 0.003698, [0.06610961612903225], [144.0], [7.70275924588066], [0.002831824816227566]]
[1500.0, 400.0, 0.001432, [0.025598366129032258], [144.0], [7.70275924588066], [0.0017457939524622298]]
[1500.0, 200.0, 0.001155, [0.020642019677419354], [144.0], [7.70275924588066], [0.001569383817655065]]
[1500.0, 500.0, 0.001816, [0.03246221612903226], [144.0], [7.70275924588066], [0.001982944244604784]]
[1500.0, 1300.0, 0.003323, [0.05941361612903226], [144.0], [7.70275924588066], [0.0026785728335361266]]
[1500.0, 600.0, 0.002297, [0.04105306451612903], [144.0], [7.70275924588066], [0.0022296957534528477]]
[1500.0, 1000.0, 0.003477, [0.06216343548387097], [144.0], [7.70275924588066], [0.0027313047847619034]]
[1500.0, 2000.0, 0.003733, [0.06674478387096774], [144.0], [7.70275924588066], [0.0028460070994271243]]
[1500.0, 800.0, 0.003391, [0.06062257741935484], [144.0], [7.70275924588066], [0.002703026867342891]]
[1500.0, 1700.0, 0.003456, [0.061779048387096774], [144.0], [7.70275924588066], [0.002693693727969841]]
[1500.0, 1200.0, 0.003719, [0.06648105483870967], [144.0], [7.70275924588066], [0.0028321879170532804]]
[1500.0, 300.0, 0.001235, [0.022074372580645162], [144.0], [7.70275924588066], [0.0016229400999908062]]
[1500.0, 1400.0, 0.00363, [0.06488616774193548], [144.0], [7.70275924588066], [0.002776871970337524]]
[1500.0, 100.0, 0.001175, [0.021001587096774195], [144.0], [7.70275924588066], [0.0015921262264392585]]
[1500.0, 900.0, 0.003755, [0.0671296935483871], [144.0], [7.70275924588066], [0.0028216715826423467]]
[1500.0, 700.0, 0.003143, [0.05619074516129032], [144.0], [7.70275924588066], [0.0025891325189785993]]
[1500.0, 1900.0, 0.003558, [0.06360056129032257], [144.0], [7.70275924588066], [0.002762631482032138]]
[1500.0, 1600.0, 0.003533, [0.06316368387096774], [144.0], [7.70275924588066], [0.0027436552974561337]]
[1600.0, 1500.0, 0.002619, [0.04681518387096774], [144.0], [7.70275924588066], [0.0019523279388599852]]
[1600.0, 100.0, 0.000699, [0.012496903548387096], [144.0], [7.70275924588066], [0.001007029393707991]]
[1600.0, 1300.0, 0.002716, [0.04855116774193548], [144.0], [7.70275924588066], [0.0019625647546598532]]
[1600.0, 900.0, 0.002761, [0.04935292258064516], [144.0], [7.70275924588066], [0.001990102314365802]]
[1600.0, 300.0, 0.000988, [0.017662372258064517], [144.0], [7.70275924588066], [0.0011989999214572643]]
[1600.0, 500.0, 0.001347, [0.024071307096774193], [144.0], [7.70275924588066], [0.001385148169927494]]
[1600.0, 1000.0, 0.002802, [0.050091096774193544], [144.0], [7.70275924588066], [0.0020068570174403386]]
[1600.0, 1200.0, 0.002509, [0.04484755161290322], [144.0], [7.70275924588066], [0.0018867510353257554]]
[1600.0, 1800.0, 0.00276, [0.04934247096774193], [144.0], [7.70275924588066], [0.0019848459052102157]]
[1600.0, 1100.0, 0.00265, [0.04737666774193549], [144.0], [7.70275924588066], [0.0019504665254788476]]
[1600.0, 1900.0, 0.00275, [0.049152077419354845], [144.0], [7.70275924588066], [0.001990109937927154]]
[1600.0, 1700.0, 0.002688, [0.04805367096774194], [144.0], [7.70275924588066], [0.0019800174533333493]]
[1600.0, 800.0, 0.002852, [0.05099144516129032], [144.0], [7.70275924588066], [0.0020235333919007507]]
[1600.0, 200.0, 0.00093, [0.01662259935483871], [144.0], [7.70275924588066], [0.001158151322112767]]
[1600.0, 1600.0, 0.002796, [0.04998562258064516], [144.0], [7.70275924588066], [0.0019930567981430807]]
[1600.0, 2000.0, 0.002766, [0.049447364516129036], [144.0], [7.70275924588066], [0.0019890648140639725]]
[1600.0, 1400.0, 0.002657, [0.04749953225806451], [144.0], [7.70275924588066], [0.001962187639596803]]
[1600.0, 700.0, 0.002029, [0.03627380322580646], [144.0], [7.70275924588066], [0.0017061766776506474]]
[1600.0, 400.0, 0.001093, [0.01954118032258064], [144.0], [7.70275924588066], [0.0012509959237538303]]
[1600.0, 600.0, 0.001584, [0.028316499677419355], [144.0], [7.70275924588066], [0.0015028836589715607]]
[1700.0, 900.0, 0.002058, [0.03677902258064516], [144.0], [7.70275924588066], [0.0013971190142798985]]
[1700.0, 1500.0, 0.001977, [0.03533858709677419], [144.0], [7.70275924588066], [0.0013850282889104491]]
[1700.0, 1800.0, 0.002007, [0.035872025806451616], [144.0], [7.70275924588066], [0.0013900131569459444]]
[1700.0, 700.0, 0.001396, [0.024951544838709677], [144.0], [7.70275924588066], [0.0011684630904553654]]
[1700.0, 500.0, 0.000827, [0.014776745806451613], [144.0], [7.70275924588066], [0.0008894555245052115]]
[1700.0, 300.0, 0.000696, [0.012438110322580645], [144.0], [7.70275924588066], [0.0008166020228260904]]
[1700.0, 800.0, 0.001927, [0.03445234838709678], [144.0], [7.70275924588066], [0.0013639810893376638]]
[1700.0, 1300.0, 0.001978, [0.035353596774193544], [144.0], [7.70275924588066], [0.0013845538355806999]]
[1700.0, 400.0, 0.000821, [0.014673826451612904], [144.0], [7.70275924588066], [0.0008848650296557076]]
[1700.0, 1000.0, 0.002043, [0.03651186774193548], [144.0], [7.70275924588066], [0.0013889773823120384]]
[1700.0, 2000.0, 0.001996, [0.03567454838709677], [144.0], [7.70275924588066], [0.0014025104962129564]]
[1700.0, 1600.0, 0.002021, [0.03612684193548387], [144.0], [7.70275924588066], [0.0013957014617171303]]
[1700.0, 1400.0, 0.001882, [0.033646529032258066], [144.0], [7.70275924588066], [0.0013545587959692901]]
[1700.0, 1200.0, 0.002056, [0.03675701612903226], [144.0], [7.70275924588066], [0.0014106050907906195]]
[1700.0, 100.0, 0.000589, [0.010531004516129032], [144.0], [7.70275924588066], [0.0007484058896416864]]
[1700.0, 1700.0, 0.001882, [0.033640635483870966], [144.0], [7.70275924588066], [0.0013467031543945354]]
[1700.0, 1900.0, 0.001925, [0.03440165806451613], [144.0], [7.70275924588066], [0.0013695088822508585]]
[1700.0, 1100.0, 0.001945, [0.03475744838709677], [144.0], [7.70275924588066], [0.001358086395502246]]
[1700.0, 600.0, 0.001116, [0.019948296774193547], [144.0], [7.70275924588066], [0.0010412928408651645]]
[1700.0, 200.0, 0.000682, [0.01218106741935484], [144.0], [7.70275924588066], [0.0008175397784095878]]
[1800.0, 600.0, 0.000838, [0.014974406129032256], [144.0], [7.70275924588066], [0.0007440842006162069]]
[1800.0, 1800.0, 0.001495, [0.026716601612903228], [144.0], [7.70275924588066], [0.0009794779981211065]]
[1800.0, 400.0, 0.000473, [0.00845806935483871], [144.0], [7.70275924588066], [0.0005552994467368988]]
[1800.0, 1300.0, 0.001485, [0.026547697741935484], [144.0], [7.70275924588066], [0.00097525400517495]]
[1800.0, 1200.0, 0.001406, [0.02513353935483871], [144.0], [7.70275924588066], [0.0009506377836113777]]
[1800.0, 1700.0, 0.001491, [0.02664740322580645], [144.0], [7.70275924588066], [0.0009903430490687101]]
[1800.0, 500.0, 0.000635, [0.011352480967741937], [144.0], [7.70275924588066], [0.0006386269301237558]]
[1800.0, 1600.0, 0.001412, [0.025229302258064516], [144.0], [7.70275924588066], [0.0009522186754245389]]
[1800.0, 1000.0, 0.00139, [0.02484351870967742], [144.0], [7.70275924588066], [0.0009471504445547113]]
[1800.0, 700.0, 0.000934, [0.01669637612903226], [144.0], [7.70275924588066], [0.0007759463947285248]]
[1800.0, 200.0, 0.000468, [0.008356929677419356], [144.0], [7.70275924588066], [0.0005534512490903486]]
[1800.0, 800.0, 0.001189, [0.02124561483870968], [144.0], [7.70275924588066], [0.0008769004074932402]]
[1800.0, 2000.0, 0.001449, [0.02590481612903226], [144.0], [7.70275924588066], [0.0009681084950937227]]
[1800.0, 1100.0, 0.001399, [0.025003797096774194], [144.0], [7.70275924588066], [0.0009423662569993183]]
[1800.0, 900.0, 0.001518, [0.02713077], [144.0], [7.70275924588066], [0.0009946622788199963]]
[1800.0, 1500.0, 0.001421, [0.025406628387096772], [144.0], [7.70275924588066], [0.0009568690488729097]]
[1800.0, 1400.0, 0.001471, [0.026284700322580647], [144.0], [7.70275924588066], [0.0009735075025084124]]
[1800.0, 1900.0, 0.00141, [0.025195450645161287], [144.0], [7.70275924588066], [0.0009612663506428651]]
[1800.0, 100.0, 0.000488, [0.008723621612903226], [144.0], [7.70275924588066], [0.0005550706566942598]]
[1800.0, 300.0, 0.000491, [0.008769335806451612], [144.0], [7.70275924588066], [0.000556853392116969]]
[1900.0, 300.0, 0.000372, [0.0066538393548387096], [144.0], [7.70275924588066], [0.0004005140739263869]]
[1900.0, 1600.0, 0.001047, [0.018710114516129032], [144.0], [7.70275924588066], [0.0006725211507685163]]
[1900.0, 600.0, 0.000484, [0.008656173870967742], [144.0], [7.70275924588066], [0.00045622038940020475]]
[1900.0, 1500.0, 0.001015, [0.01813590870967742], [144.0], [7.70275924588066], [0.0006569946117550205]]
[1900.0, 500.0, 0.000412, [0.007361750322580645], [144.0], [7.70275924588066], [0.00042084318513244877]]
[1900.0, 1700.0, 0.00099, [0.017687229677419352], [144.0], [7.70275924588066], [0.000651517572873324]]
[1900.0, 1800.0, 0.001102, [0.01970142387096774], [144.0], [7.70275924588066], [0.0006935229185121144]]
[1900.0, 800.0, 0.000772, [0.013803125806451613], [144.0], [7.70275924588066], [0.0005812163803173648]]
[1900.0, 1300.0, 0.001068, [0.01909364516129032], [144.0], [7.70275924588066], [0.0006836622132692703]]
[1900.0, 1000.0, 0.001047, [0.01870748419354839], [144.0], [7.70275924588066], [0.0006702651835155176]]
[1900.0, 1900.0, 0.001127, [0.02014053677419355], [144.0], [7.70275924588066], [0.0007003551328967454]]
[1900.0, 1200.0, 0.001033, [0.018460898709677417], [144.0], [7.70275924588066], [0.0006745465698689427]]
[1900.0, 100.0, 0.000327, [0.0058400970967741935], [144.0], [7.70275924588066], [0.0003793550855825398]]
[1900.0, 2000.0, 0.001039, [0.018576188709677418], [144.0], [7.70275924588066], [0.0006690051585639858]]
[1900.0, 1100.0, 0.001001, [0.017899670322580642], [144.0], [7.70275924588066], [0.0006566751509705429]]
[1900.0, 900.0, 0.000955, [0.01707616741935484], [144.0], [7.70275924588066], [0.0006444984086491608]]
[1900.0, 200.0, 0.000318, [0.005677403225806452], [144.0], [7.70275924588066], [0.0003727397104943294]]
[1900.0, 400.0, 0.000387, [0.00691195064516129], [144.0], [7.70275924588066], [0.0004065852430100074]]
[1900.0, 700.0, 0.000598, [0.010682073870967741], [144.0], [7.70275924588066], [0.000504680611130228]]
[1900.0, 1400.0, 0.001001, [0.01789434], [144.0], [7.70275924588066], [0.0006560383322979906]]
[2000.0, 1500.0, 0.000731, [0.013062103548387096], [144.0], [7.70275924588066], [0.00045895555884507713]]
[2000.0, 1200.0, 0.000773, [0.01381090064516129], [144.0], [7.70275924588066], [0.0004759550724694141]]
[2000.0, 1300.0, 0.000781, [0.013964077741935484], [144.0], [7.70275924588066], [0.0004784014027835032]]
[2000.0, 300.0, 0.000244, [0.004355767741935484], [144.0], [7.70275924588066], [0.00026656874875869503]]
[2000.0, 900.0, 0.000629, [0.01123564935483871], [144.0], [7.70275924588066], [0.0004296057154643376]]
[2000.0, 1900.0, 0.000764, [0.01365174870967742], [144.0], [7.70275924588066], [0.00047414477366008995]]
[2000.0, 1600.0, 0.000722, [0.012903027096774192], [144.0], [7.70275924588066], [0.00045533790382498295]]
[2000.0, 500.0, 0.000316, [0.005654354516129032], [144.0], [7.70275924588066], [0.00030223793784334916]]
[2000.0, 600.0, 0.000358, [0.00640683], [144.0], [7.70275924588066], [0.00032400741406709736]]
[2000.0, 200.0, 0.00025, [0.004460246129032258], [144.0], [7.70275924588066], [0.0002684752315353707]]
[2000.0, 1800.0, 0.000784, [0.014006874193548388], [144.0], [7.70275924588066], [0.0004815662304805331]]
[2000.0, 2000.0, 0.000735, [0.013137003870967742], [144.0], [7.70275924588066], [0.0004593245470711788]]
[2000.0, 400.0, 0.000292, [0.00521153129032258], [144.0], [7.70275924588066], [0.0002941037957318671]]
[2000.0, 1100.0, 0.000803, [0.014353882258064516], [144.0], [7.70275924588066], [0.00048386924515822407]]
[2000.0, 100.0, 0.000264, [0.004717097419354839], [144.0], [7.70275924588066], [0.00027844139305290895]]
[2000.0, 1400.0, 0.000806, [0.014407687741935484], [144.0], [7.70275924588066], [0.0004873473346164441]]
[2000.0, 1700.0, 0.000743, [0.013271577096774193], [144.0], [7.70275924588066], [0.00046066317394980334]]
[2000.0, 700.0, 0.0004, [0.007143805161290323], [144.0], [7.70275924588066], [0.0003378903361926821]]
[2000.0, 1000.0, 0.000818, [0.014626463225806453], [144.0], [7.70275924588066], [0.000489455974408828]]
[2000.0, 800.0, 0.000514, [0.009186346451612901], [144.0], [7.70275924588066], [0.0003854504345061478]]
[2100.0, 200.0, 0.000166, [0.00296716064516129], [144.0], [7.70275924588066], [0.000179910563108457]]
[2100.0, 100.0, 0.000177, [0.0031593629032258064], [144.0], [7.70275924588066], [0.00018488766789554763]]
[2100.0, 400.0, 0.000199, [0.0035536441935483873], [144.0], [7.70275924588066], [0.00019712071577307307]]
[2100.0, 1400.0, 0.000521, [0.009303633870967741], [144.0], [7.70275924588066], [0.0003174358473292123]]
[2100.0, 500.0, 0.000221, [0.003949025806451613], [144.0], [7.70275924588066], [0.00020871245697904814]]
[2100.0, 800.0, 0.000316, [0.005644053870967741], [144.0], [7.70275924588066], [0.00024585886791906307]]
[2100.0, 300.0, 0.000187, [0.0033485864516129035], [144.0], [7.70275924588066], [0.00019080332639984172]]
[2100.0, 600.0, 0.000247, [0.00440887935483871], [144.0], [7.70275924588066], [0.00021747391892139659]]
[2100.0, 700.0, 0.000294, [0.005258987419354839], [144.0], [7.70275924588066], [0.0002385525367695081]]
[2100.0, 1000.0, 0.00052, [0.009298393548387096], [144.0], [7.70275924588066], [0.0003198744892387713]]
[2100.0, 1700.0, 0.000547, [0.009773930322580645], [144.0], [7.70275924588066], [0.0003276228257019277]]
[2100.0, 1800.0, 0.000513, [0.009170213225806452], [144.0], [7.70275924588066], [0.00031621420511604095]]
[2100.0, 1900.0, 0.000562, [0.010041384193548386], [144.0], [7.70275924588066], [0.00033268586302206266]]
[2100.0, 900.0, 0.000432, [0.007728076451612904], [144.0], [7.70275924588066], [0.00028901371574307176]]
[2100.0, 2000.0, 0.00054, [0.009643462258064516], [144.0], [7.70275924588066], [0.00032216546184762293]]
[2100.0, 1200.0, 0.000519, [0.009279415161290322], [144.0], [7.70275924588066], [0.00031753500548543755]]
[2100.0, 1500.0, 0.000532, [0.009499732258064516], [144.0], [7.70275924588066], [0.0003200541463685486]]
[2100.0, 1100.0, 0.000522, [0.009323425161290321], [144.0], [7.70275924588066], [0.00031682282164038444]]
[2100.0, 1300.0, 0.000534, [0.00954178258064516], [144.0], [7.70275924588066], [0.0003253720946854539]]
[2100.0, 1600.0, 0.000533, [0.009526845483870968], [144.0], [7.70275924588066], [0.00032280489785808]]
[2200.0, 1700.0, 0.000385, [0.006885958064516129], [144.0], [7.70275924588066], [0.0002249544990412901]]
[2200.0, 1100.0, 0.00038, [0.006799636451612904], [144.0], [7.70275924588066], [0.00022237189790562067]]
[2200.0, 200.0, 0.00011, [0.001958742870967742], [144.0], [7.70275924588066], [0.00011942665581278925]]
[2200.0, 1800.0, 0.000393, [0.007023858387096774], [144.0], [7.70275924588066], [0.00022704905679951282]]
[2200.0, 900.0, 0.000259, [0.004627948064516129], [144.0], [7.70275924588066], [0.00018408995194150947]]
[2200.0, 1000.0, 0.000327, [0.005839873548387098], [144.0], [7.70275924588066], [0.00020582853380370653]]
[2200.0, 1300.0, 0.000381, [0.006804929032258065], [144.0], [7.70275924588066], [0.00022278334108625963]]
[2200.0, 1900.0, 0.000385, [0.006886872580645162], [144.0], [7.70275924588066], [0.00022320484495094042]]
[2200.0, 1400.0, 0.000366, [0.0065496338709677415], [144.0], [7.70275924588066], [0.0002192980011752476]]
[2200.0, 1600.0, 0.000388, [0.006936053225806452], [144.0], [7.70275924588066], [0.00022432801421235345]]
[2200.0, 800.0, 0.000213, [0.003812373870967742], [144.0], [7.70275924588066], [0.00016766796383869753]]
[2200.0, 400.0, 0.000145, [0.0025938348387096774], [144.0], [7.70275924588066], [0.0001370884042985845]]
[2200.0, 600.0, 0.000164, [0.0029302316129032257], [144.0], [7.70275924588066], [0.00014596523184439553]]
[2200.0, 2000.0, 0.000382, [0.006835325806451613], [144.0], [7.70275924588066], [0.00022188405372772338]]
[2200.0, 500.0, 0.000145, [0.0025980616451612903], [144.0], [7.70275924588066], [0.00013828086154683616]]
[2200.0, 700.0, 0.000193, [0.0034493051612903224], [144.0], [7.70275924588066], [0.00015944411988946377]]
[2200.0, 300.0, 0.000117, [0.002087219612903226], [144.0], [7.70275924588066], [0.00012363621530802365]]
[2200.0, 1200.0, 0.000371, [0.006636652258064516], [144.0], [7.70275924588066], [0.0002184480550555308]]
[2200.0, 1500.0, 0.000383, [0.00684446806451613], [144.0], [7.70275924588066], [0.00022516647119466998]]
[2200.0, 100.0, 0.000109, [0.0019540466129032256], [144.0], [7.70275924588066], [0.00011981029359622194]]
[2300.0, 700.0, 0.000128, [0.0022946077741935484], [144.0], [7.70275924588066], [0.00010517317664865109]]
[2300.0, 100.0, 8.3e-05, [0.0014781164516129031], [144.0], [7.70275924588066], [8.395137640572805e-05]]
[2300.0, 1800.0, 0.000268, [0.004783970322580645], [144.0], [7.70275924588066], [0.00015313116737776338]]
[2300.0, 1000.0, 0.000189, [0.0033812187096774193], [144.0], [7.70275924588066], [0.00012761587988635088]]
[2300.0, 1500.0, 0.00026, [0.004645190322580645], [144.0], [7.70275924588066], [0.00014992290110157902]]
[2300.0, 1200.0, 0.00026, [0.004645036451612903], [144.0], [7.70275924588066], [0.00015054646556277677]]
[2300.0, 500.0, 9.9e-05, [0.0017719856129032258], [144.0], [7.70275924588066], [9.262314130891547e-05]]
[2300.0, 1900.0, 0.000273, [0.004878121935483871], [144.0], [7.70275924588066], [0.0001547246404424377]]
[2300.0, 1300.0, 0.000266, [0.004748638064516129], [144.0], [7.70275924588066], [0.0001533415328682785]]
[2300.0, 1600.0, 0.000274, [0.004898586774193549], [144.0], [7.70275924588066], [0.0001545980417939854]]
[2300.0, 1700.0, 0.000277, [0.004942881290322581], [144.0], [7.70275924588066], [0.00015476758850487045]]
[2300.0, 1400.0, 0.000272, [0.004856321612903226], [144.0], [7.70275924588066], [0.00015311170862274945]]
[2300.0, 1100.0, 0.000259, [0.00462339], [144.0], [7.70275924588066], [0.00014945294938235342]]
[2300.0, 900.0, 0.000161, [0.002886215516129032], [144.0], [7.70275924588066], [0.00011763335736000959]]
[2300.0, 2000.0, 0.000268, [0.004796346774193548], [144.0], [7.70275924588066], [0.00015352734607800822]]
[2300.0, 300.0, 0.000102, [0.0018192634838709678], [144.0], [7.70275924588066], [9.407186351233095e-05]]
[2300.0, 200.0, 8.5e-05, [0.0015146282903225807], [144.0], [7.70275924588066], [8.52045038820707e-05]]
[2300.0, 400.0, 9.9e-05, [0.0017712188709677421], [144.0], [7.70275924588066], [9.309319287592141e-05]]
[2300.0, 800.0, 0.000138, [0.0024738273870967744], [144.0], [7.70275924588066], [0.00010943567095331907]]
[2300.0, 600.0, 0.000116, [0.002080354935483871], [144.0], [7.70275924588066], [0.00010009112549424907]]
[2400.0, 1200.0, 0.000194, [0.003474647419354839], [144.0], [7.70275924588066], [0.0001058281758775675]]
[2400.0, 1500.0, 0.000177, [0.003163468064516129], [144.0], [7.70275924588066], [0.00010023825934660192]]
[2400.0, 1100.0, 0.000161, [0.002885170935483871], [144.0], [7.70275924588066], [9.63330396413134e-05]]
[2400.0, 1600.0, 0.000193, [0.003442935483870968], [144.0], [7.70275924588066], [0.00010554992752641977]]
[2400.0, 400.0, 6.1e-05, [0.0010845182903225807], [144.0], [7.70275924588066], [5.872996902081819e-05]]
[2400.0, 1300.0, 0.000188, [0.0033669580645161287], [144.0], [7.70275924588066], [0.00010435479483471183]]
[2400.0, 200.0, 6.2e-05, [0.0011096735806451613], [144.0], [7.70275924588066], [6.0092187763276674e-05]]
[2400.0, 1700.0, 0.000177, [0.0031674629032258064], [144.0], [7.70275924588066], [0.00010077037806167558]]
[2400.0, 2000.0, 0.000191, [0.0034182667741935483], [144.0], [7.70275924588066], [0.00010504077995071003]]
[2400.0, 600.0, 8.2e-05, [0.0014617352903225807], [144.0], [7.70275924588066], [6.890685202491368e-05]]
[2400.0, 1900.0, 0.00018, [0.00322470870967742], [144.0], [7.70275924588066], [0.0001022301208385265]]
[2400.0, 700.0, 8.6e-05, [0.0015382158387096771], [144.0], [7.70275924588066], [7.057818367176806e-05]]
[2400.0, 100.0, 5.5e-05, [0.000991615064516129], [144.0], [7.70275924588066], [5.631995421212428e-05]]
[2400.0, 1800.0, 0.000191, [0.003410039032258065], [144.0], [7.70275924588066], [0.00010463988640696847]]
[2400.0, 500.0, 6.8e-05, [0.0012150194516129032], [144.0], [7.70275924588066], [6.265983906651716e-05]]
[2400.0, 900.0, 0.000108, [0.0019349227741935484], [144.0], [7.70275924588066], [7.866578952255595e-05]]
[2400.0, 1400.0, 0.000182, [0.003245635161290323], [144.0], [7.70275924588066], [0.00010238039645129048]]
[2400.0, 800.0, 8.6e-05, [0.0015443007096774194], [144.0], [7.70275924588066], [7.04873630935311e-05]]
[2400.0, 300.0, 7e-05, [0.0012452896451612904], [144.0], [7.70275924588066], [6.346583093405335e-05]]
[2400.0, 1000.0, 0.000123, [0.002190377612903226], [144.0], [7.70275924588066], [8.381246346611025e-05]]
[2500.0, 400.0, 4.1e-05, [0.0007355784193548387], [144.0], [7.70275924588066], [3.977552858602393e-05]]
[2500.0, 1300.0, 0.000126, [0.00225901364516129], [144.0], [7.70275924588066], [6.954928136955731e-05]]
[2500.0, 500.0, 4.6e-05, [0.000823201258064516], [144.0], [7.70275924588066], [4.2063624322626393e-05]]
[2500.0, 900.0, 6.9e-05, [0.0012300572903225808], [144.0], [7.70275924588066], [5.1163636605679255e-05]]
[2500.0, 1400.0, 0.000124, [0.002212237161290323], [144.0], [7.70275924588066], [6.827111878950008e-05]]
[2500.0, 200.0, 4e-05, [0.0007108737096774194], [144.0], [7.70275924588066], [3.883917211170419e-05]]
[2500.0, 1900.0, 0.000127, [0.0022614834193548385], [144.0], [7.70275924588066], [6.933022368890341e-05]]
[2500.0, 1000.0, 8.7e-05, [0.001555249935483871], [144.0], [7.70275924588066], [5.768103284848723e-05]]
[2500.0, 1800.0, 0.000129, [0.0023142260322580642], [144.0], [7.70275924588066], [7.055043007794596e-05]]
[2500.0, 1700.0, 0.00012, [0.0021514250322580645], [144.0], [7.70275924588066], [6.762947208338089e-05]]
[2500.0, 800.0, 6e-05, [0.001079581935483871], [144.0], [7.70275924588066], [4.780469632405121e-05]]
[2500.0, 700.0, 5.3e-05, [0.0009557712580645162], [144.0], [7.70275924588066], [4.500550642689064e-05]]
[2500.0, 1600.0, 0.000122, [0.0021852182903225807], [144.0], [7.70275924588066], [6.802287183449302e-05]]
[2500.0, 1100.0, 9.5e-05, [0.0016961995161290323], [144.0], [7.70275924588066], [5.970905081492723e-05]]
[2500.0, 600.0, 4.9e-05, [0.0008697611612903225], [144.0], [7.70275924588066], [4.327222760133439e-05]]
[2500.0, 300.0, 4.2e-05, [0.0007544871290322582], [144.0], [7.70275924588066], [4.010053780380017e-05]]
[2500.0, 2000.0, 0.000129, [0.002296990451612903], [144.0], [7.70275924588066], [7.028676100171627e-05]]
[2500.0, 1200.0, 0.000119, [0.002125977677419355], [144.0], [7.70275924588066], [6.722931991933145e-05]]
[2500.0, 100.0, 4.4e-05, [0.0007805125161290323], [144.0], [7.70275924588066], [4.0798039678681976e-05]]
[2500.0, 1500.0, 0.000125, [0.002239755677419355], [144.0], [7.70275924588066], [6.889110757880092e-05]]
[2600.0, 800.0, 4e-05, [0.0007133504516129032], [144.0], [7.70275924588066], [3.187014724031985e-05]]
[2600.0, 2000.0, 8.8e-05, [0.0015737879032258065], [144.0], [7.70275924588066], [4.696305841146848e-05]]
[2600.0, 900.0, 4.4e-05, [0.0007866403548387096], [144.0], [7.70275924588066], [3.312352908402468e-05]]
[2600.0, 1000.0, 5.7e-05, [0.0010202214193548386], [144.0], [7.70275924588066], [3.842376305253802e-05]]
[2600.0, 200.0, 2.8e-05, [0.0004967364193548387], [144.0], [7.70275924588066], [2.6401243348831205e-05]]
[2600.0, 1100.0, 6.3e-05, [0.001121639806451613], [144.0], [7.70275924588066], [3.970562254918981e-05]]
[2600.0, 1500.0, 8.5e-05, [0.0015193988709677419], [144.0], [7.70275924588066], [4.583243788107707e-05]]
[2600.0, 700.0, 3.3e-05, [0.0005955050322580645], [144.0], [7.70275924588066], [2.881851089559164e-05]]
[2600.0, 1800.0, 7.9e-05, [0.001414662677419355], [144.0], [7.70275924588066], [4.4447581164603044e-05]]
[2600.0, 1600.0, 8.2e-05, [0.001460695935483871], [144.0], [7.70275924588066], [4.4971108311073753e-05]]
[2600.0, 1400.0, 8.4e-05, [0.0015016096451612904], [144.0], [7.70275924588066], [4.5841328725887064e-05]]
[2600.0, 1300.0, 8.1e-05, [0.0014541642580645161], [144.0], [7.70275924588066], [4.479125151498757e-05]]
[2600.0, 600.0, 3.4e-05, [0.000607000935483871], [144.0], [7.70275924588066], [2.927219081392485e-05]]
[2600.0, 1700.0, 8.5e-05, [0.0015257743548387098], [144.0], [7.70275924588066], [4.608770153837714e-05]]
[2600.0, 400.0, 3.1e-05, [0.0005505776129032258], [144.0], [7.70275924588066], [2.746031441637174e-05]]
[2600.0, 300.0, 2.9e-05, [0.0005122953870967742], [144.0], [7.70275924588066], [2.6851569635376152e-05]]
[2600.0, 1900.0, 8.6e-05, [0.0015388835806451613], [144.0], [7.70275924588066], [4.656873741997671e-05]]
[2600.0, 1200.0, 7.6e-05, [0.0013501657741935482], [144.0], [7.70275924588066], [4.355373838089094e-05]]
[2600.0, 100.0, 2.4e-05, [0.00043747170967741936], [144.0], [7.70275924588066], [2.4806745373486097e-05]]
[2600.0, 500.0, 2.9e-05, [0.0005094272903225807], [144.0], [7.70275924588066], [2.6664639447745247e-05]]
[2700.0, 1400.0, 5.9e-05, [0.001052617064516129], [144.0], [7.70275924588066], [3.118951036345006e-05]]
[2700.0, 1000.0, 3.5e-05, [0.0006310529999999999], [144.0], [7.70275924588066], [2.404120253553966e-05]]
[2700.0, 800.0, 2.5e-05, [0.00044835619354838713], [144.0], [7.70275924588066], [2.0254668556534508e-05]]
[2700.0, 900.0, 2.9e-05, [0.0005198864516129032], [144.0], [7.70275924588066], [2.1930090299903343e-05]]
[2700.0, 600.0, 2.2e-05, [0.0003948378387096774], [144.0], [7.70275924588066], [1.9129956051239965e-05]]
[2700.0, 1100.0, 3.7e-05, [0.0006656942903225805], [144.0], [7.70275924588066], [2.4571226541980263e-05]]
[2700.0, 1300.0, 5.4e-05, [0.0009712068387096774], [144.0], [7.70275924588066], [3.0029348807496463e-05]]
[2700.0, 400.0, 2.1e-05, [0.0003783544838709677], [144.0], [7.70275924588066], [1.8640192886418105e-05]]
[2700.0, 1700.0, 6.2e-05, [0.0011061664838709676], [144.0], [7.70275924588066], [3.209314892802739e-05]]
[2700.0, 100.0, 1.7e-05, [0.0003118610322580645], [144.0], [7.70275924588066], [1.6888221979335454e-05]]
[2700.0, 2000.0, 6e-05, [0.0010649621612903225], [144.0], [7.70275924588066], [3.141767896437999e-05]]
[2700.0, 1200.0, 4.9e-05, [0.0008733457741935484], [144.0], [7.70275924588066], [2.8320178309461763e-05]]
[2700.0, 700.0, 2.3e-05, [0.00040364274193548387], [144.0], [7.70275924588066], [1.9177646977677324e-05]]
[2700.0, 300.0, 1.8e-05, [0.00032147506451612903], [144.0], [7.70275924588066], [1.723286462864062e-05]]
[2700.0, 1800.0, 5.8e-05, [0.001031011258064516], [144.0], [7.70275924588066], [3.075248016697833e-05]]
[2700.0, 200.0, 1.9e-05, [0.0003441933870967742], [144.0], [7.70275924588066], [1.7726855233289934e-05]]
[2700.0, 1500.0, 5.7e-05, [0.001023497129032258], [144.0], [7.70275924588066], [3.088768937357908e-05]]
[2700.0, 500.0, 2.1e-05, [0.00036900377419354837], [144.0], [7.70275924588066], [1.8450183877665472e-05]]
[2700.0, 1900.0, 5.9e-05, [0.0010473204193548386], [144.0], [7.70275924588066], [3.0803540480591485e-05]]
[2700.0, 1600.0, 5.9e-05, [0.0010578158709677419], [144.0], [7.70275924588066], [3.1329801831967994e-05]]
[2800.0, 1500.0, 3.8e-05, [0.0006806313870967741], [144.0], [7.70275924588066], [2.030153587788472e-05]]
[2800.0, 200.0, 1.3e-05, [0.0002271359322580645], [144.0], [7.70275924588066], [1.1713640091959213e-05]]
[2800.0, 400.0, 1.2e-05, [0.0002224256806451613], [144.0], [7.70275924588066], [1.1610525966354867e-05]]
[2800.0, 900.0, 1.9e-05, [0.0003358492258064516], [144.0], [7.70275924588066], [1.4141800351073233e-05]]
[2800.0, 600.0, 1.5e-05, [0.00026495088387096775], [144.0], [7.70275924588066], [1.2688847225520176e-05]]
[2800.0, 1200.0, 3e-05, [0.0005405492903225806], [144.0], [7.70275924588066], [1.8068570483965437e-05]]
[2800.0, 1000.0, 2.1e-05, [0.00037282964516129036], [144.0], [7.70275924588066], [1.5107821950204613e-05]]
[2800.0, 1400.0, 3.7e-05, [0.0006609144193548387], [144.0], [7.70275924588066], [1.9891184180851207e-05]]
[2800.0, 800.0, 1.6e-05, [0.00029386712903225803], [144.0], [7.70275924588066], [1.3302740948894024e-05]]
[2800.0, 100.0, 1.2e-05, [0.00020954952580645164], [144.0], [7.70275924588066], [1.1265451407797028e-05]]
[2800.0, 1100.0, 2.5e-05, [0.0004452111290322581], [144.0], [7.70275924588066], [1.6444241042855896e-05]]
[2800.0, 1300.0, 3.5e-05, [0.0006343185483870968], [144.0], [7.70275924588066], [1.9678841064451897e-05]]
[2800.0, 2000.0, 3.7e-05, [0.0006609620322580646], [144.0], [7.70275924588066], [1.9803130724014943e-05]]
[2800.0, 500.0, 1.3e-05, [0.00023886014516129035], [144.0], [7.70275924588066], [1.1957963834343855e-05]]
[2800.0, 1900.0, 3.7e-05, [0.0006613080967741936], [144.0], [7.70275924588066], [1.988503262186232e-05]]
[2800.0, 1800.0, 3.6e-05, [0.0006442983870967742], [144.0], [7.70275924588066], [1.9524192469120965e-05]]
[2800.0, 300.0, 1.3e-05, [0.00023462886774193548], [144.0], [7.70275924588066], [1.1835462110601683e-05]]
[2800.0, 700.0, 1.5e-05, [0.00026251458387096773], [144.0], [7.70275924588066], [1.2514890194759548e-05]]
[2800.0, 1600.0, 3.7e-05, [0.0006625860967741935], [144.0], [7.70275924588066], [1.988753119374826e-05]]
[2800.0, 1700.0, 3.9e-05, [0.0007052405806451613], [144.0], [7.70275924588066], [2.0688750506074587e-05]]
[2900.0, 1300.0, 2e-05, [0.00036120832258064515], [144.0], [7.70275924588066], [1.1819099650365308e-05]]
[2900.0, 900.0, 1.3e-05, [0.00022970032258064517], [144.0], [7.70275924588066], [9.537788308998228e-06]]
[2900.0, 1600.0, 2.6e-05, [0.00046426354838709677], [144.0], [7.70275924588066], [1.3402137489296171e-05]]
[2900.0, 2000.0, 2.6e-05, [0.0004722729677419355], [144.0], [7.70275924588066], [1.3661838470169951e-05]]
[2900.0, 1200.0, 1.9e-05, [0.0003323360322580645], [144.0], [7.70275924588066], [1.1419203115449145e-05]]
[2900.0, 1700.0, 2.6e-05, [0.0004704680322580645], [144.0], [7.70275924588066], [1.3564295383881401e-05]]
[2900.0, 1100.0, 1.5e-05, [0.0002727567580645161], [144.0], [7.70275924588066], [1.0346255260664825e-05]]
[2900.0, 800.0, 1.1e-05, [0.00019394645806451616], [144.0], [7.70275924588066], [8.682234993047915e-06]]
[2900.0, 600.0, 9e-06, [0.00016069735161290325], [144.0], [7.70275924588066], [7.936276671648299e-06]]
[2900.0, 100.0, 8e-06, [0.00013986264193548387], [144.0], [7.70275924588066], [7.361192438070191e-06]]
[2900.0, 400.0, 8e-06, [0.00014422578387096775], [144.0], [7.70275924588066], [7.549122916989552e-06]]
[2900.0, 1000.0, 1.5e-05, [0.0002603313290322581], [144.0], [7.70275924588066], [1.0125713294333523e-05]]
[2900.0, 1400.0, 2.4e-05, [0.000437184], [144.0], [7.70275924588066], [1.312207963645366e-05]]
[2900.0, 200.0, 8e-06, [0.0001509453870967742], [144.0], [7.70275924588066], [7.702899308204755e-06]]
[2900.0, 500.0, 1e-05, [0.0001834605290322581], [144.0], [7.70275924588066], [8.489540605228599e-06]]
[2900.0, 1500.0, 2.5e-05, [0.00044883232258064517], [144.0], [7.70275924588066], [1.3252635926525734e-05]]
[2900.0, 1800.0, 2.6e-05, [0.00046055670967741936], [144.0], [7.70275924588066], [1.3413010054036246e-05]]
[2900.0, 300.0, 7e-06, [0.00013164172258064516], [144.0], [7.70275924588066], [7.192355658388521e-06]]
[2900.0, 700.0, 1.1e-05, [0.0001921240741935484], [144.0], [7.70275924588066], [8.652833048838502e-06]]
[2900.0, 1900.0, 2.6e-05, [0.00046079506451612905], [144.0], [7.70275924588066], [1.3442772565031802e-05]]
[3000.0, 1900.0, 1.6e-05, [0.0002937533225806452], [144.0], [7.70275924588066], [8.606365006576866e-06]]
[3000.0, 800.0, 7e-06, [0.00012421625806451612], [144.0], [7.70275924588066], [5.5774753444082384e-06]]
[3000.0, 900.0, 7e-06, [0.00013217789032258064], [144.0], [7.70275924588066], [5.7632301036734265e-06]]
[3000.0, 1600.0, 1.7e-05, [0.00029640919354838704], [144.0], [7.70275924588066], [8.650824709712282e-06]]
[3000.0, 700.0, 7e-06, [0.00012349216451612902], [144.0], [7.70275924588066], [5.607491022473204e-06]]
[3000.0, 600.0, 5e-06, [8.766598064516129e-05], [144.0], [7.70275924588066], [4.706156792817767e-06]]
[3000.0, 1300.0, 1.3e-05, [0.00023104230967741936], [144.0], [7.70275924588066], [7.638022943465904e-06]]
[3000.0, 500.0, 6e-06, [0.00010345244516129032], [144.0], [7.70275924588066], [5.134258597144452e-06]]
[3000.0, 1500.0, 1.6e-05, [0.0002916020322580645], [144.0], [7.70275924588066], [8.525067871051548e-06]]
[3000.0, 1800.0, 1.7e-05, [0.00029655], [144.0], [7.70275924588066], [8.571378770481161e-06]]
[3000.0, 2000.0, 1.7e-05, [0.00030470864516129033], [144.0], [7.70275924588066], [8.81456505018446e-06]]
[3000.0, 100.0, 5e-06, [9.351339677419355e-05], [144.0], [7.70275924588066], [4.8225857805561185e-06]]
[3000.0, 1400.0, 1.5e-05, [0.0002742188225806452], [144.0], [7.70275924588066], [8.317303146676503e-06]]
[3000.0, 1100.0, 1e-05, [0.00017131825161290323], [144.0], [7.70275924588066], [6.498471332290981e-06]]
[3000.0, 1200.0, 1.1e-05, [0.00020509214516129033], [144.0], [7.70275924588066], [7.153409940532927e-06]]
[3000.0, 1000.0, 9e-06, [0.00015562547419354836], [144.0], [7.70275924588066], [6.245034414533652e-06]]
[3000.0, 400.0, 5e-06, [9.23318129032258e-05], [144.0], [7.70275924588066], [4.81312811893492e-06]]
[3000.0, 300.0, 5e-06, [9.071886774193548e-05], [144.0], [7.70275924588066], [4.787958947661866e-06]]
[3000.0, 1700.0, 1.6e-05, [0.0002844583258064516], [144.0], [7.70275924588066], [8.443465643369412e-06]]
[3000.0, 200.0, 5e-06, [9.129901935483872e-05], [144.0], [7.70275924588066], [4.805212342942821e-06]]
