[100.0, 1800.0, 0.298143, [89.8003], [4070.4845], [225.33805], [6.196809214785013]]
[100.0, 800.0, 0.37155, [3778.105901451492], [167950.65000000002], [7796.205000000001], [479.81985264088013]]
[100.0, 500.0, 0.291494, [2918.874140565319], [167950.65000000002], [7796.205000000001], [421.3030200816457]]
[100.0, 1100.0, 0.303421, [91.47501666666668], [4070.4845], [225.33805], [6.2531036738211485]]
[100.0, 600.0, 0.299751, [3005.708078686022], [167950.65000000002], [7796.205000000001], [429.38690238435765]]
[100.0, 1400.0, 0.326487, [5610.920000000002], [243430.50000000003], [13307.53], [845.8780940537473]]
[100.0, 1700.0, 0.292658, [2931.094824293356], [167950.65000000002], [7796.205000000001], [423.06700079174016]]
[100.0, 100.0, 0.267592, [80.19415000000001], [4070.4845], [225.33805], [5.848758177786309]]
[100.0, 1200.0, 0.264731, [79.30188333333332], [4070.4845], [225.33805], [5.814696418940927]]
[100.0, 1000.0, 0.329134, [3493.485007639422], [168034.45], [8210.1], [462.723433216036]]
[100.0, 2000.0, 0.334221, [5730.220000000001], [246773.2], [13256.265000000001], [854.2110394978517]]
[100.0, 400.0, 0.321539, [3236.6572765469846], [167950.65000000002], [7796.205000000001], [444.58890743294825]]
[100.0, 1600.0, 0.270015, [80.9509], [4070.4845], [225.33805], [5.85740272361963]]
[100.0, 1300.0, 0.299483, [5508.855000000001], [241137.1], [14313.945], [840.0922568384976]]
[100.0, 1500.0, 0.274017, [16.218391666666665], [510.6155], [39.97982], [1.8603770525830985]]
[100.0, 900.0, 0.281631, [84.59038333333334], [4070.4845], [225.33805], [6.01157679444882]]
[100.0, 1900.0, 0.278058, [4739.053000000001], [243430.50000000003], [13307.53], [779.0956295603257]]
[100.0, 200.0, 0.322882, [97.69238333333334], [4070.4845], [225.33805], [6.441644027558319]]
[100.0, 700.0, 0.340512, [3440.0997899159693], [167950.65000000002], [7796.205000000001], [459.7026602163594]]
[100.0, 300.0, 0.334232, [3551.0623567608886], [168034.45], [8210.1], [466.27729658208295]]
[200.0, 1800.0, 0.17845, [48.17075], [1626.9325000000001], [209.49545], [2.722773172704623]]
[200.0, 700.0, 0.188919, [19.978091666666668], [793.31], [78.43589999999999], [1.0142341116987406]]
[200.0, 2000.0, 0.175283, [18.507366666666666], [793.31], [78.43589999999999], [0.9727256236415739]]
[200.0, 1300.0, 0.165677, [17.475125000000002], [793.31], [78.43589999999999], [0.9477216832429703]]
[200.0, 1400.0, 0.179394, [18.950058333333335], [793.31], [78.43589999999999], [0.987839955548356]]
[200.0, 400.0, 0.18152, [19.179241666666666], [793.31], [78.43589999999999], [0.9943971512652501]]
[200.0, 1900.0, 0.177698, [18.767308333333332], [793.31], [78.43589999999999], [0.9850282003859359]]
[200.0, 1700.0, 0.179299, [18.939833333333336], [793.31], [78.43589999999999], [0.9873072948400838]]
[200.0, 500.0, 0.164472, [17.345850000000002], [793.31], [78.43589999999999], [0.9448886618715103]]
[200.0, 1500.0, 0.157765, [16.627191666666665], [793.31], [78.43589999999999], [0.9251617726406315]]
[200.0, 100.0, 0.171255, [18.074225], [793.31], [78.43589999999999], [0.960634194454661]]
[200.0, 600.0, 0.174965, [18.473166666666668], [793.31], [78.43589999999999], [0.9777038718912343]]
[200.0, 1000.0, 0.172894, [18.250416666666666], [793.31], [78.43589999999999], [0.9699985681547277]]
[200.0, 1200.0, 0.183136, [19.353566666666666], [793.31], [78.43589999999999], [0.9994140644508772]]
[200.0, 300.0, 0.168633, [17.792508333333334], [793.31], [78.43589999999999], [0.9551516022775302]]
[200.0, 1600.0, 0.173693, [18.336283333333334], [793.31], [78.43589999999999], [0.9704591553600915]]
[200.0, 900.0, 0.172236, [18.179666666666666], [793.31], [78.43589999999999], [0.9662384108834975]]
[200.0, 800.0, 0.184908, [19.544800000000002], [793.31], [78.43589999999999], [1.003949146565148]]
[200.0, 1100.0, 0.160094, [16.876658333333335], [793.31], [78.43589999999999], [0.9318574640648285]]
[200.0, 200.0, 0.191017, [51.63165], [1626.9325000000001], [209.49545], [2.8209384520049348]]
[300.0, 2000.0, 0.184516, [10.63431125], [316.11505], [41.70535], [0.5589271251692836]]
[300.0, 400.0, 0.172246, [9.91204375], [316.11505], [41.70535], [0.5391439974626444]]
[300.0, 1000.0, 0.178231, [10.263945000000001], [316.11505], [41.70535], [0.5502052173962002]]
[300.0, 200.0, 0.176213, [10.145221249999999], [316.11505], [41.70535], [0.5462003695989229]]
[300.0, 1600.0, 0.161629, [9.28946375], [316.11505], [41.70535], [0.5242347100774614]]
[300.0, 1300.0, 0.173427, [9.98140625], [316.11505], [41.70535], [0.5429168905090355]]
[300.0, 800.0, 0.179739, [10.352763750000001], [316.11505], [41.70535], [0.5525896420491431]]
[300.0, 700.0, 0.183587, [10.579532500000001], [316.11505], [41.70535], [0.5599282878190742]]
[300.0, 300.0, 0.179166, [10.31899], [316.11505], [41.70535], [0.5523628223369129]]
[300.0, 900.0, 0.184349, [10.6244825], [316.11505], [41.70535], [0.5599594014301394]]
[300.0, 600.0, 0.177487, [10.220176250000002], [316.11505], [41.70535], [0.5502357449312066]]
[300.0, 1400.0, 0.184821, [10.652308750000001], [316.11505], [41.70535], [0.5606479231656887]]
[300.0, 500.0, 0.185411, [10.68714], [316.11505], [41.70535], [0.5617037419761418]]
[300.0, 1200.0, 0.175041, [10.07632], [316.11505], [41.70535], [0.5456633004884972]]
[300.0, 100.0, 0.086195, [8.8953], [773.8245000000001], [77.21495], [0.726298234198597]]
[300.0, 1100.0, 0.175307, [10.091940000000001], [316.11505], [41.70535], [0.5457095438509391]]
[300.0, 1900.0, 0.172027, [9.89916375], [316.11505], [41.70535], [0.5408490142821746]]
[300.0, 1500.0, 0.17255, [9.9299025], [316.11505], [41.70535], [0.5401154390498386]]
[300.0, 1700.0, 0.163043, [16.931994999999997], [773.8245000000001], [77.21495], [0.9977274176848102]]
[300.0, 1800.0, 0.186581, [10.75618625], [316.11505], [41.70535], [0.5622347985939682]]
[400.0, 900.0, 0.171191, [4.46158], [112.0686], [17.457115], [0.2474839641269713]]
[400.0, 1200.0, 0.166499, [4.3361737499999995], [112.0686], [17.457115], [0.24354375890176286]]
[400.0, 1500.0, 0.168536, [4.390594999999999], [112.0686], [17.457115], [0.24621237022131928]]
[400.0, 200.0, 0.158774, [4.13020125], [112.0686], [17.457115], [0.2372738396873958]]
[400.0, 1600.0, 0.159888, [4.15987875], [112.0686], [17.457115], [0.23897878436170858]]
[400.0, 500.0, 0.172286, [4.49087875], [112.0686], [17.457115], [0.24834618604882983]]
[400.0, 1700.0, 0.18807, [4.914691250000001], [112.0686], [17.457115], [0.2593874695797775]]
[400.0, 300.0, 0.175162, [4.5678962499999995], [112.0686], [17.457115], [0.2499441500115576]]
[400.0, 1300.0, 0.177707, [4.6361275], [112.0686], [17.457115], [0.2525459426025292]]
[400.0, 1400.0, 0.177861, [4.640267499999999], [112.0686], [17.457115], [0.25239731823060246]]
[400.0, 1100.0, 0.181367, [4.73438375], [112.0686], [17.457115], [0.25489066283408657]]
[400.0, 800.0, 0.179393, [4.681368749999999], [112.0686], [17.457115], [0.2535103240008186]]
[400.0, 100.0, 0.057497, [1.4777225], [112.0686], [17.457115], [0.14219391469046766]]
[400.0, 1000.0, 0.162862, [4.23912875], [112.0686], [17.457115], [0.24076628968773844]]
[400.0, 400.0, 0.154193, [4.0083475], [112.0686], [17.457115], [0.234570751586808]]
[400.0, 1800.0, 0.161558, [4.20436], [112.0686], [17.457115], [0.2403472747921224]]
[400.0, 2000.0, 0.167501, [4.362935], [112.0686], [17.457115], [0.24389553347693763]]
[400.0, 600.0, 0.172522, [4.49720375], [112.0686], [17.457115], [0.2479388785567927]]
[400.0, 700.0, 0.167352, [4.3589525], [112.0686], [17.457115], [0.2440545213164468]]
[400.0, 1900.0, 0.186445, [4.8709275000000005], [112.0686], [17.457115], [0.25815862371805437]]
[500.0, 1700.0, 0.16254, [1.7313299999999998], [38.072655], [5.44904], [0.09087124591053725]]
[500.0, 1100.0, 0.152072, [1.6157825000000001], [38.072655], [5.44904], [0.08775728048303329]]
[500.0, 300.0, 0.141037, [1.4946791666666668], [38.072655], [5.44904], [0.08434963610538643]]
[500.0, 1300.0, 0.159427, [1.6968983333333334], [38.072655], [5.44904], [0.08955887262949813]]
[500.0, 1800.0, 0.15716, [1.6718633333333335], [38.072655], [5.44904], [0.08898427607666926]]
[500.0, 1400.0, 0.14892, [1.581111666666667], [38.072655], [5.44904], [0.0867747723195579]]
[500.0, 600.0, 0.149789, [1.5906691666666668], [38.072655], [5.44904], [0.08677813344641866]]
[500.0, 1900.0, 0.169708, [1.8108608333333331], [38.072655], [5.44904], [0.09253066308587175]]
[500.0, 1200.0, 0.148983, [1.5818074999999998], [38.072655], [5.44904], [0.08642337646724987]]
[500.0, 800.0, 0.172217, [1.8387741666666668], [38.072655], [5.44904], [0.09371258512660459]]
[500.0, 1000.0, 0.16482, [1.7565991666666667], [38.072655], [5.44904], [0.09132124311705597]]
[500.0, 2000.0, 0.151855, [1.6133916666666668], [38.072655], [5.44904], [0.08762740724225497]]
[500.0, 700.0, 0.143019, [1.51638], [38.072655], [5.44904], [0.08490096354642337]]
[500.0, 100.0, 0.057306, [0.5969360833333334], [38.072655], [5.44904], [0.05317929578322752]]
[500.0, 200.0, 0.107418, [1.1300016666666668], [38.072655], [5.44904], [0.07309371838035512]]
[500.0, 1500.0, 0.132893, [1.4057741666666665], [38.072655], [5.44904], [0.08143431657886413]]
[500.0, 900.0, 0.152825, [1.6240733333333335], [38.072655], [5.44904], [0.08756418280958894]]
[500.0, 1600.0, 0.163942, [1.7468633333333334], [38.072655], [5.44904], [0.09106152529410479]]
[500.0, 500.0, 0.164968, [1.7582366666666667], [38.072655], [5.44904], [0.09116030599383093]]
[500.0, 400.0, 0.157005, [1.6701541666666668], [38.072655], [5.44904], [0.08914625934696058]]
[600.0, 200.0, 0.050922, [0.26838054166666664], [13.56206], [1.8869829999999999], [0.018836619366719355]]
[600.0, 1400.0, 0.106849, [1.1238825], [38.072655], [5.44904], [0.05445229180974235]]
[600.0, 1900.0, 0.110495, [0.59451625], [13.56206], [1.8869829999999999], [0.028025766294410025]]
[600.0, 100.0, 0.037091, [0.19460308333333332], [13.56206], [1.8869829999999999], [0.016050592754717125]]
[600.0, 800.0, 0.100415, [1.0547941666666667], [38.072655], [5.44904], [0.052673905093298126]]
[600.0, 1200.0, 0.102616, [1.0784091666666666], [38.072655], [5.44904], [0.05338922852244844]]
[600.0, 600.0, 0.107251, [1.1282075], [38.072655], [5.44904], [0.054533972592015215]]
[600.0, 1600.0, 0.105934, [1.1140533333333333], [38.072655], [5.44904], [0.054231288375705115]]
[600.0, 400.0, 0.100616, [1.0569475], [38.072655], [5.44904], [0.052781434814820165]]
[600.0, 500.0, 0.095784, [1.0051916666666667], [38.072655], [5.44904], [0.05156522972572378]]
[600.0, 1100.0, 0.098034, [1.0292766666666666], [38.072655], [5.44904], [0.05218641798612185]]
[600.0, 300.0, 0.10588, [1.1134641666666667], [38.072655], [5.44904], [0.05420259705750065]]
[600.0, 1700.0, 0.105386, [1.1081599999999998], [38.072655], [5.44904], [0.05400840340992213]]
[600.0, 1500.0, 0.105088, [1.1049508333333333], [38.072655], [5.44904], [0.05391608062535703]]
[600.0, 1800.0, 0.098617, [1.0355291666666666], [38.072655], [5.44904], [0.05236895682452429]]
[600.0, 1000.0, 0.113077, [1.1909641666666666], [38.072655], [5.44904], [0.0561425949900984]]
[600.0, 2000.0, 0.102454, [1.0766674999999999], [38.072655], [5.44904], [0.05343409102186855]]
[600.0, 700.0, 0.109046, [1.1475316666666666], [38.072655], [5.44904], [0.05501992063486339]]
[600.0, 1300.0, 0.106265, [1.1176116666666667], [38.072655], [5.44904], [0.054212121953181897]]
[600.0, 900.0, 0.104053, [1.0938383333333332], [38.072655], [5.44904], [0.05369442863711901]]
[700.0, 2000.0, 0.060138, [0.4349720833333333], [20.807265], [3.4006055], [0.018364533111105464]]
[700.0, 100.0, 0.020734, [0.14854295833333334], [20.807265], [3.4006055], [0.01074819025464287]]
[700.0, 1000.0, 0.059855, [0.31639758333333334], [13.56206], [1.8869829999999999], [0.015587789024318578]]
[700.0, 600.0, 0.056787, [0.41038979166666667], [20.807265], [3.4006055], [0.01780939787802434]]
[700.0, 1400.0, 0.063086, [0.45663125000000004], [20.807265], [3.4006055], [0.018783303756261836]]
[700.0, 1900.0, 0.060072, [0.43448624999999996], [20.807265], [3.4006055], [0.01837681869306485]]
[700.0, 200.0, 0.028733, [0.20623941666666665], [20.807265], [3.4006055], [0.012621647657232922]]
[700.0, 400.0, 0.061537, [0.4452433333333334], [20.807265], [3.4006055], [0.018551813702888102]]
[700.0, 1300.0, 0.059969, [0.3170135416666666], [13.56206], [1.8869829999999999], [0.01565618000095241]]
[700.0, 1100.0, 0.056674, [0.4095555833333333], [20.807265], [3.4006055], [0.017773199822891893]]
[700.0, 800.0, 0.05873, [0.4246333333333333], [20.807265], [3.4006055], [0.01813942912246383]]
[700.0, 1500.0, 0.060527, [0.320024], [13.56206], [1.8869829999999999], [0.01570936115116645]]
[700.0, 1600.0, 0.060391, [0.4368308333333334], [20.807265], [3.4006055], [0.018377612248179697]]
[700.0, 1800.0, 0.060165, [0.318072875], [13.56206], [1.8869829999999999], [0.01563242601311631]]
[700.0, 1200.0, 0.0617, [0.4464433333333333], [20.807265], [3.4006055], [0.018553549563059057]]
[700.0, 700.0, 0.061033, [0.4415425], [20.807265], [3.4006055], [0.018413602686299303]]
[700.0, 900.0, 0.062595, [0.45302041666666665], [20.807265], [3.4006055], [0.018666387646724198]]
[700.0, 300.0, 0.049973, [0.3605317916666667], [20.807265], [3.4006055], [0.016701312947390294]]
[700.0, 500.0, 0.062433, [0.45182958333333334], [20.807265], [3.4006055], [0.01868084933680598]]
[700.0, 1700.0, 0.058846, [0.310959625], [13.56206], [1.8869829999999999], [0.015490000134495372]]
[800.0, 300.0, 0.026678, [0.087752], [5.751765], [0.9788095], [0.0052348451166258705]]
[800.0, 100.0, 0.016969, [0.05554916666666666], [5.751765], [0.9788095], [0.004163585898100842]]
[800.0, 1800.0, 0.05052, [0.1681855], [5.751765], [0.9788095], [0.007237551040353941]]
[800.0, 800.0, 0.052497, [0.17494411111111113], [5.751765], [0.9788095], [0.007373015008030432]]
[800.0, 400.0, 0.047303, [0.15721919444444446], [5.751765], [0.9788095], [0.007017036697377724]]
[800.0, 200.0, 0.021616, [0.07092363888888889], [5.751765], [0.9788095], [0.004697032488447452]]
[800.0, 1700.0, 0.048145, [0.1600847777777778], [5.751765], [0.9788095], [0.007061036803525438]]
[800.0, 600.0, 0.046486, [0.15443991666666665], [5.751765], [0.9788095], [0.006941557733350066]]
[800.0, 1600.0, 0.048698, [0.16196977777777777], [5.751765], [0.9788095], [0.007096024578227925]]
[800.0, 1000.0, 0.048537, [0.16142066666666666], [5.751765], [0.9788095], [0.007065191364170235]]
[800.0, 1100.0, 0.053665, [0.17894519444444446], [5.751765], [0.9788095], [0.007456049722818095]]
[800.0, 1500.0, 0.050126, [0.16684038888888889], [5.751765], [0.9788095], [0.007206407364197879]]
[800.0, 1400.0, 0.051679, [0.1721466111111111], [5.751765], [0.9788095], [0.007333691594784131]]
[800.0, 1200.0, 0.051264, [0.17072930555555554], [5.751765], [0.9788095], [0.007299858361555067]]
[800.0, 900.0, 0.051003, [0.16983572222222224], [5.751765], [0.9788095], [0.007281647084228901]]
[800.0, 1300.0, 0.046304, [0.15382169444444443], [5.751765], [0.9788095], [0.0069489557568825485]]
[800.0, 2000.0, 0.049961, [0.16627941666666665], [5.751765], [0.9788095], [0.007202361581153713]]
[800.0, 500.0, 0.048988, [0.1629581388888889], [5.751765], [0.9788095], [0.007125662195781881]]
[800.0, 1900.0, 0.049875, [0.16598444444444446], [5.751765], [0.9788095], [0.007203112003215291]]
[800.0, 700.0, 0.048313, [0.16065847222222224], [5.751765], [0.9788095], [0.0070932441558373685]]
[900.0, 200.0, 0.012432, [0.03386578333333334], [4.157417], [0.706357], [0.0019886678958539053]]
[900.0, 1100.0, 0.034688, [0.0957523], [4.157417], [0.706357], [0.0033336674832515753]]
[900.0, 300.0, 0.017726, [0.04843841666666667], [4.157417], [0.706357], [0.0023692005215074368]]
[900.0, 1000.0, 0.034051, [0.09395748333333333], [4.157417], [0.706357], [0.00331362507099266]]
[900.0, 900.0, 0.034514, [0.09526295], [4.157417], [0.706357], [0.003336915575131555]]
[900.0, 1600.0, 0.033715, [0.09301175], [4.157417], [0.706357], [0.003286408458417115]]
[900.0, 700.0, 0.03259, [0.08984805], [4.157417], [0.706357], [0.003240003858022395]]
[900.0, 1900.0, 0.032398, [0.08930981666666668], [4.157417], [0.706357], [0.0032247902601909204]]
[900.0, 500.0, 0.033962, [0.09370813333333333], [4.157417], [0.706357], [0.003302777450705525]]
[900.0, 1400.0, 0.033379, [0.09206703333333333], [4.157417], [0.706357], [0.0032693963934918896]]
[900.0, 1200.0, 0.033362, [0.09201860000000002], [4.157417], [0.706357], [0.0032594657026369625]]
[900.0, 1500.0, 0.033688, [0.09293586666666667], [4.157417], [0.706357], [0.003283727556705438]]
[900.0, 800.0, 0.034755, [0.09594273333333334], [4.157417], [0.706357], [0.0033362553859079794]]
[900.0, 400.0, 0.029925, [0.08237038333333332], [4.157417], [0.706357], [0.0030978567860162074]]
[900.0, 100.0, 0.01007, [0.027394116666666666], [4.157417], [0.706357], [0.0017869946838197368]]
[900.0, 600.0, 0.032854, [0.09059006666666665], [4.157417], [0.706357], [0.00324990042582504]]
[900.0, 1800.0, 0.034438, [0.09504835], [4.157417], [0.706357], [0.0033355434339849333]]
[900.0, 2000.0, 0.032889, [0.09069011666666665], [4.157417], [0.706357], [0.003243071674953992]]
[900.0, 1700.0, 0.033149, [0.09141951666666666], [4.157417], [0.706357], [0.0032754444142911524]]
[900.0, 1300.0, 0.035039, [0.096742], [4.157417], [0.706357], [0.003364048899763498]]
[1000.0, 1600.0, 0.023955, [0.0657024], [4.157417], [0.706357], [0.0021998794158872535]]
[1000.0, 1400.0, 0.023547, [0.06456833333333332], [4.157417], [0.706357], [0.0021840564960132736]]
[1000.0, 1500.0, 0.023669, [0.06490926666666666], [4.157417], [0.706357], [0.0021856088650788166]]
[1000.0, 700.0, 0.023825, [0.06534216666666667], [4.157417], [0.706357], [0.0021989391381603387]]
[1000.0, 1900.0, 0.024844, [0.06817735], [4.157417], [0.706357], [0.002245301266596039]]
[1000.0, 1800.0, 0.02337, [0.06407743333333334], [4.157417], [0.706357], [0.0021774398830839035]]
[1000.0, 500.0, 0.024915, [0.06837606666666668], [4.157417], [0.706357], [0.002244554521503098]]
[1000.0, 1000.0, 0.023687, [0.06495708333333333], [4.157417], [0.706357], [0.0021897025419499844]]
[1000.0, 200.0, 0.008018, [0.021785866666666664], [4.157417], [0.706357], [0.0012684217008200039]]
[1000.0, 1100.0, 0.023029, [0.06312798333333333], [4.157417], [0.706357], [0.0021576697821698502]]
[1000.0, 2000.0, 0.0241, [0.06610616666666667], [4.157417], [0.706357], [0.002203538820473407]]
[1000.0, 1700.0, 0.022987, [0.06301138333333334], [4.157417], [0.706357], [0.0021474222272814033]]
[1000.0, 800.0, 0.023327, [0.06395611666666666], [4.157417], [0.706357], [0.002177091586906205]]
[1000.0, 1300.0, 0.023332, [0.06397156666666666], [4.157417], [0.706357], [0.0021814126411825686]]
[1000.0, 400.0, 0.01603, [0.043761216666666665], [4.157417], [0.706357], [0.0017910277930717757]]
[1000.0, 300.0, 0.011848, [0.03226495], [4.157417], [0.706357], [0.0015416786486020864]]
[1000.0, 600.0, 0.022801, [0.06249593333333334], [4.157417], [0.706357], [0.002143593167246683]]
[1000.0, 1200.0, 0.023578, [0.06465398333333333], [4.157417], [0.706357], [0.0021770131168899996]]
[1000.0, 100.0, 0.008193, [0.022264116666666667], [4.157417], [0.706357], [0.0012811559450572581]]
[1000.0, 900.0, 0.024325, [0.06673421666666665], [4.157417], [0.706357], [0.002217095823118362]]
[1100.0, 1300.0, 0.016517, [0.045104399999999996], [4.157417], [0.706357], [0.0014603089475252221]]
[1100.0, 1800.0, 0.015985, [0.04363786666666667], [4.157417], [0.706357], [0.0014386976170597256]]
[1100.0, 2000.0, 0.016486, [0.04501875], [4.157417], [0.706357], [0.0014621407440994028]]
[1100.0, 700.0, 0.016115, [0.0439952], [4.157417], [0.706357], [0.0014434359085952594]]
[1100.0, 900.0, 0.01776, [0.04853481666666667], [4.157417], [0.706357], [0.0015174541911445706]]
[1100.0, 200.0, 0.005594, [0.015178846666666666], [4.157417], [0.706357], [0.000849852274744787]]
[1100.0, 1900.0, 0.016562, [0.04522801666666667], [4.157417], [0.706357], [0.001467390825013341]]
[1100.0, 1500.0, 0.016455, [0.04493365], [4.157417], [0.706357], [0.001460919041030147]]
[1100.0, 800.0, 0.015717, [0.04289831666666667], [4.157417], [0.706357], [0.0014259884486052315]]
[1100.0, 500.0, 0.013023, [0.035490383333333334], [4.157417], [0.706357], [0.0012976567556775389]]
[1100.0, 1700.0, 0.016194, [0.04421208333333333], [4.157417], [0.706357], [0.0014482147055369012]]
[1100.0, 400.0, 0.008722, [0.02370896666666667], [4.157417], [0.706357], [0.001061359191477293]]
[1100.0, 600.0, 0.016578, [0.0452712], [4.157417], [0.706357], [0.0014641748719178168]]
[1100.0, 1400.0, 0.016606, [0.045350216666666665], [4.157417], [0.706357], [0.0014636720374910951]]
[1100.0, 100.0, 0.004832, [0.013105931666666666], [4.157417], [0.706357], [0.0007874591700173696]]
[1100.0, 1100.0, 0.015548, [0.042433399999999996], [4.157417], [0.706357], [0.001416809992749753]]
[1100.0, 1000.0, 0.016995, [0.04642185], [4.157417], [0.706357], [0.0014836487492365274]]
[1100.0, 300.0, 0.00658, [0.017864566666666668], [4.157417], [0.706357], [0.0009225226585594283]]
[1100.0, 1200.0, 0.015925, [0.043471616666666664], [4.157417], [0.706357], [0.0014387007062701478]]
[1100.0, 1600.0, 0.016684, [0.04556551666666667], [4.157417], [0.706357], [0.0014637749902981067]]
[1200.0, 100.0, 0.003818, [0.006234557142857143], [1.5741675], [0.33299695], [0.0003719224814387354]]
[1200.0, 1400.0, 0.011549, [0.01899985714285714], [1.5741675], [0.33299695], [0.0006482667017156504]]
[1200.0, 1700.0, 0.011203, [0.018425], [1.5741675], [0.33299695], [0.0006410879535386198]]
[1200.0, 1800.0, 0.011305, [0.018595023809523808], [1.5741675], [0.33299695], [0.000641207871141337]]
[1200.0, 700.0, 0.011037, [0.018149940476190476], [1.5741675], [0.33299695], [0.0006342104783421686]]
[1200.0, 200.0, 0.003681, [0.00601015], [1.5741675], [0.33299695], [0.00036441889877838123]]
[1200.0, 1900.0, 0.011067, [0.018199190476190476], [1.5741675], [0.33299695], [0.0006339988223985287]]
[1200.0, 1200.0, 0.011917, [0.019613904761904763], [1.5741675], [0.33299695], [0.0006589419601169144]]
[1200.0, 1100.0, 0.01186, [0.019518940476190478], [1.5741675], [0.33299695], [0.0006550128307064089]]
[1200.0, 1300.0, 0.011762, [0.01935477380952381], [1.5741675], [0.33299695], [0.00065431077532236]]
[1200.0, 2000.0, 0.011689, [0.019234035714285717], [1.5741675], [0.33299695], [0.0006532222156651967]]
[1200.0, 800.0, 0.011117, [0.018282761904761906], [1.5741675], [0.33299695], [0.0006365240295040356]]
[1200.0, 1600.0, 0.011539, [0.01898342857142857], [1.5741675], [0.33299695], [0.0006492195078613666]]
[1200.0, 1000.0, 0.011028, [0.018133619047619048], [1.5741675], [0.33299695], [0.0006348036102471114]]
[1200.0, 1500.0, 0.010819, [0.017786392857142858], [1.5741675], [0.33299695], [0.0006264991091668431]]
[1200.0, 300.0, 0.005111, [0.008356217857142858], [1.5741675], [0.33299695], [0.00043093906188310354]]
[1200.0, 600.0, 0.011074, [0.018210666666666667], [1.5741675], [0.33299695], [0.000633630099643793]]
[1200.0, 500.0, 0.007764, [0.012726892857142858], [1.5741675], [0.33299695], [0.0005307482791565738]]
[1200.0, 900.0, 0.011295, [0.01857865476190476], [1.5741675], [0.33299695], [0.0006406431230498858]]
[1200.0, 400.0, 0.005428, [0.008877229761904762], [1.5741675], [0.33299695], [0.0004433076625476593]]
[1300.0, 1600.0, 0.0082, [0.013446249999999998], [1.5741675], [0.33299695], [0.00044282882013886387]]
[1300.0, 1700.0, 0.007698, [0.012616892857142858], [1.5741675], [0.33299695], [0.0004272620540274919]]
[1300.0, 900.0, 0.008093, [0.013269428571428571], [1.5741675], [0.33299695], [0.00043939458581190584]]
[1300.0, 200.0, 0.002835, [0.004625461904761905], [1.5741675], [0.33299695], [0.00025979182861993]]
[1300.0, 1800.0, 0.00838, [0.013744309523809523], [1.5741675], [0.33299695], [0.00044615928386167614]]
[1300.0, 1000.0, 0.007683, [0.012593130952380953], [1.5741675], [0.33299695], [0.00042917285841910844]]
[1300.0, 1400.0, 0.007684, [0.012595369047619046], [1.5741675], [0.33299695], [0.00042800789669956816]]
[1300.0, 1200.0, 0.0081, [0.013281892857142858], [1.5741675], [0.33299695], [0.0004393262015153074]]
[1300.0, 500.0, 0.005153, [0.008425615476190477], [1.5741675], [0.33299695], [0.0003492529888587317]]
[1300.0, 100.0, 0.002436, [0.0039725428571428575], [1.5741675], [0.33299695], [0.0002404292151195299]]
[1300.0, 1100.0, 0.008468, [0.013890273809523809], [1.5741675], [0.33299695], [0.0004497141004114097]]
[1300.0, 2000.0, 0.008062, [0.013218607142857143], [1.5741675], [0.33299695], [0.0004381927621782414]]
[1300.0, 1300.0, 0.008172, [0.01340067857142857], [1.5741675], [0.33299695], [0.00044085006655226707]]
[1300.0, 1500.0, 0.007698, [0.01261760714285714], [1.5741675], [0.33299695], [0.0004290113482898223]]
[1300.0, 600.0, 0.007412, [0.012145190476190476], [1.5741675], [0.33299695], [0.00042005037625754405]]
[1300.0, 300.0, 0.003182, [0.005192095238095239], [1.5741675], [0.33299695], [0.00027713354999917895]]
[1300.0, 1900.0, 0.007728, [0.012667345238095238], [1.5741675], [0.33299695], [0.0004292166109238673]]
[1300.0, 400.0, 0.003832, [0.006256966666666666], [1.5741675], [0.33299695], [0.0003017377392128902]]
[1300.0, 700.0, 0.008482, [0.013913357142857144], [1.5741675], [0.33299695], [0.00044951993163178024]]
[1300.0, 800.0, 0.007912, [0.012971202380952382], [1.5741675], [0.33299695], [0.00043357953497821756]]
[1400.0, 1100.0, 0.005549, [0.009077079761904762], [1.5741675], [0.33299695], [0.0002954337869116862]]
[1400.0, 400.0, 0.002361, [0.0038506952380952383], [1.5741675], [0.33299695], [0.0001927758867623407]]
[1400.0, 1500.0, 0.005449, [0.008912565476190477], [1.5741675], [0.33299695], [0.00029367901516039283]]
[1400.0, 1800.0, 0.005941, [0.009720863095238093], [1.5741675], [0.33299695], [0.0003055727216369563]]
[1400.0, 1600.0, 0.005575, [0.009118417857142859], [1.5741675], [0.33299695], [0.0002972519402567367]]
[1400.0, 1400.0, 0.005668, [0.009272163095238095], [1.5741675], [0.33299695], [0.00029863628539141213]]
[1400.0, 600.0, 0.004172, [0.006814542857142857], [1.5741675], [0.33299695], [0.00025628729472535643]]
[1400.0, 1700.0, 0.005394, [0.008822323809523809], [1.5741675], [0.33299695], [0.0002921363079950515]]
[1400.0, 900.0, 0.005456, [0.008923933333333333], [1.5741675], [0.33299695], [0.0002935758698926394]]
[1400.0, 100.0, 0.001774, [0.002891077380952381], [1.5741675], [0.33299695], [0.0001663627756718783]]
[1400.0, 700.0, 0.005821, [0.009524342857142858], [1.5741675], [0.33299695], [0.00030255071162794506]]
[1400.0, 2000.0, 0.005767, [0.009434511904761906], [1.5741675], [0.33299695], [0.00030015179455276063]]
[1400.0, 800.0, 0.005554, [0.009085325], [1.5741675], [0.33299695], [0.0002958588903399681]]
[1400.0, 1300.0, 0.005431, [0.008881804761904763], [1.5741675], [0.33299695], [0.000292983712486399]]
[1400.0, 300.0, 0.002094, [0.0034130571428571434], [1.5741675], [0.33299695], [0.00018191660395261008]]
[1400.0, 1200.0, 0.005868, [0.009600595238095238], [1.5741675], [0.33299695], [0.00030405388832705746]]
[1400.0, 500.0, 0.003148, [0.0051374428571428574], [1.5741675], [0.33299695], [0.00022231890258015498]]
[1400.0, 1000.0, 0.005317, [0.00869560476190476], [1.5741675], [0.33299695], [0.00029017609889056496]]
[1400.0, 200.0, 0.001706, [0.0027797583333333334], [1.5741675], [0.33299695], [0.0001632329970865832]]
[1400.0, 1900.0, 0.005493, [0.008984139285714286], [1.5741675], [0.33299695], [0.0002946015603575096]]
[1500.0, 1500.0, 0.003549, [0.005793771428571429], [1.5741675], [0.33299695], [0.00053335990580062]]
[1500.0, 1100.0, 0.003055, [0.004984970238095238], [1.5741675], [0.33299695], [0.000493585699148211]]
[1500.0, 1800.0, 0.003383, [0.005521169047619048], [1.5741675], [0.33299695], [0.0005240460775382446]]
[1500.0, 400.0, 0.001678, [0.002734020238095238], [1.5741675], [0.33299695], [0.00036534880283425913]]
[1500.0, 200.0, 0.001253, [0.0009418389583333332], [0.31281535], [0.21190715000000002], [0.000283975146237405]]
[1500.0, 500.0, 0.001923, [0.0017384053571428571], [0.504541], [0.110999], [0.0002077791950065045]]
[1500.0, 1300.0, 0.003488, [0.0056945404761904765], [1.5741675], [0.33299695], [0.000531018573708663]]
[1500.0, 600.0, 0.002102, [0.0034263738095238095], [1.5741675], [0.33299695], [0.0004124868581703728]]
[1500.0, 1000.0, 0.004037, [0.006594015476190477], [1.5741675], [0.33299695], [0.0005696362018818073]]
[1500.0, 2000.0, 0.003506, [0.005722586904761904], [1.5741675], [0.33299695], [0.000533633923583474]]
[1500.0, 800.0, 0.004115, [0.006721174999999999], [1.5741675], [0.33299695], [0.0005763359468077334]]
[1500.0, 1700.0, 0.003334, [0.005442190476190476], [1.5741675], [0.33299695], [0.0005119581921174721]]
[1500.0, 1200.0, 0.003818, [0.0062338559523809536], [1.5741675], [0.33299695], [0.0005553559306882091]]
[1500.0, 300.0, 0.001382, [0.0022506833333333334], [1.5741675], [0.33299695], [0.00033184512598759584]]
[1500.0, 1400.0, 0.003701, [0.006042561904761904], [1.5741675], [0.33299695], [0.0005426380614734255]]
[1500.0, 100.0, 0.000973, [0.0015837726190476187], [1.5741675], [0.33299695], [0.00027997403305248414]]
[1500.0, 900.0, 0.003604, [0.005884689285714286], [1.5741675], [0.33299695], [0.0005349717075613966]]
[1500.0, 700.0, 0.003357, [0.005479005952380952], [1.5741675], [0.33299695], [0.0005177174140993115]]
[1500.0, 1900.0, 0.003827, [0.006249260714285715], [1.5741675], [0.33299695], [0.0005545323201620519]]
[1500.0, 1600.0, 0.003801, [0.006206335714285714], [1.5741675], [0.33299695], [0.0005507232155000395]]
[1600.0, 1500.0, 0.002518, [0.004106425], [1.5741675], [0.33299695], [0.0003702638560935319]]
[1600.0, 100.0, 0.000858, [0.0013975619047619046], [1.5741675], [0.33299695], [0.00021564841183821566]]
[1600.0, 1300.0, 0.002155, [0.003513273809523809], [1.5741675], [0.33299695], [0.0003380649089347506]]
[1600.0, 900.0, 0.002301, [0.0037513071428571425], [1.5741675], [0.33299695], [0.00035134205768253625]]
[1600.0, 300.0, 0.000881, [0.0014351511904761906], [1.5741675], [0.33299695], [0.00021885851697732656]]
[1600.0, 500.0, 0.001384, [0.002255182142857143], [1.5741675], [0.33299695], [0.0002714920821686557]]
[1600.0, 1000.0, 0.002224, [0.003626645238095238], [1.5741675], [0.33299695], [0.0003457869815671423]]
[1600.0, 1200.0, 0.002335, [0.003808167857142857], [1.5741675], [0.33299695], [0.00035206527446340565]]
[1600.0, 1800.0, 0.002449, [0.003994222619047619], [1.5741675], [0.33299695], [0.0003616199537217287]]
[1600.0, 1100.0, 0.002322, [0.0037866071428571428], [1.5741675], [0.33299695], [0.00035310294439781103]]
[1600.0, 1900.0, 0.002613, [0.0042622785714285715], [1.5741675], [0.33299695], [0.00037527265220378567]]
[1600.0, 1700.0, 0.002584, [0.0042152345238095235], [1.5741675], [0.33299695], [0.0003755229724457175]]
[1600.0, 800.0, 0.002624, [0.004280621428571429], [1.5741675], [0.33299695], [0.00037543529157934164]]
[1600.0, 200.0, 0.000996, [0.001621315476190476], [1.5741675], [0.33299695], [0.00023161655847268381]]
[1600.0, 1600.0, 0.002318, [0.0037800035714285712], [1.5741675], [0.33299695], [0.00035096453587531726]]
[1600.0, 2000.0, 0.002615, [0.004265185714285714], [1.5741675], [0.33299695], [0.0003740815282741429]]
[1600.0, 1400.0, 0.001998, [0.0032573], [1.5741675], [0.33299695], [0.00032903693732231487]]
[1600.0, 700.0, 0.001898, [0.003093303571428572], [1.5741675], [0.33299695], [0.00031904990670821634]]
[1600.0, 400.0, 0.000726, [0.0011822339285714285], [1.5741675], [0.33299695], [0.00019703898661152812]]
[1600.0, 600.0, 0.001405, [0.0022895440476190477], [1.5741675], [0.33299695], [0.0002736529055179439]]
[1700.0, 900.0, 0.001429, [0.0023285761904761905], [1.5741675], [0.33299695], [0.00022511196508714684]]
[1700.0, 1500.0, 0.001394, [0.0022704309523809522], [1.5741675], [0.33299695], [0.00022480613341065145]]
[1700.0, 1800.0, 0.001626, [0.00265034880952381], [1.5741675], [0.33299695], [0.00024194260577623756]]
[1700.0, 700.0, 0.000951, [0.0015481809523809524], [1.5741675], [0.33299695], [0.00018637903769364725]]
[1700.0, 500.0, 0.000634, [0.0010318284523809524], [1.5741675], [0.33299695], [0.0001505076443919317]]
[1700.0, 300.0, 0.000513, [0.0008353913095238095], [1.5741675], [0.33299695], [0.0001355183422582913]]
[1700.0, 800.0, 0.001223, [0.001992877380952381], [1.5741675], [0.33299695], [0.0002100676788685385]]
[1700.0, 1300.0, 0.001406, [0.0022901464285714286], [1.5741675], [0.33299695], [0.00022565478545678237]]
[1700.0, 400.0, 0.000551, [0.0008970866666666667], [1.5741675], [0.33299695], [0.00014010139671161105]]
[1700.0, 1000.0, 0.001396, [0.002275020238095238], [1.5741675], [0.33299695], [0.000222019277369803]]
[1700.0, 2000.0, 0.001319, [0.0021479166666666665], [1.5741675], [0.33299695], [0.0002203716454799012]]
[1700.0, 1600.0, 0.001195, [0.0019457083333333336], [1.5741675], [0.33299695], [0.0002074132061736622]]
[1700.0, 1400.0, 0.0014, [0.002280842857142857], [1.5741675], [0.33299695], [0.0002258370672683759]]
[1700.0, 1200.0, 0.001376, [0.002241980952380952], [1.5741675], [0.33299695], [0.00022308539135661637]]
[1700.0, 100.0, 0.000563, [0.0009159964285714286], [1.5741675], [0.33299695], [0.00014134131306891607]]
[1700.0, 1700.0, 0.001479, [0.0024096059523809523], [1.5741675], [0.33299695], [0.00023079839613798003]]
[1700.0, 1900.0, 0.001359, [0.0022132238095238094], [1.5741675], [0.33299695], [0.00022243734627052405]]
[1700.0, 1100.0, 0.001816, [0.0029592761904761906], [1.5741675], [0.33299695], [0.00025375585736568185]]
[1700.0, 600.0, 0.00089, [0.0014487488095238095], [1.5741675], [0.33299695], [0.0001796951547467426]]
[1700.0, 200.0, 0.00065, [0.0010574752380952382], [1.5741675], [0.33299695], [0.00015424859929830004]]
[1800.0, 600.0, 0.000335, [0.0005458042857142858], [1.5741675], [0.33299695], [9.096738532432251e-05]]
[1800.0, 1800.0, 0.000805, [0.0013105035714285713], [1.5741675], [0.33299695], [0.00013891311580083648]]
[1800.0, 400.0, 0.000312, [0.0005082788095238096], [1.5741675], [0.33299695], [8.7169102214904e-05]]
[1800.0, 1300.0, 0.000788, [0.0005913089583333333], [0.31281535], [0.21190715000000002], [0.00012329642958582016]]
[1800.0, 1200.0, 0.000951, [0.0015481238095238095], [1.5741675], [0.33299695], [0.0001510814192351106]]
[1800.0, 1700.0, 0.000908, [0.001479047619047619], [1.5741675], [0.33299695], [0.0001494064219221002]]
[1800.0, 500.0, 0.000407, [0.000662912380952381], [1.5741675], [0.33299695], [9.882114102676714e-05]]
[1800.0, 1600.0, 0.00086, [0.0014000119047619048], [1.5741675], [0.33299695], [0.00014363814291396711]]
[1800.0, 1000.0, 0.000773, [0.0012585880952380953], [1.5741675], [0.33299695], [0.00013651300055206423]]
[1800.0, 700.0, 0.000527, [0.0008576479761904761], [1.5741675], [0.33299695], [0.00011261470594671397]]
[1800.0, 200.0, 0.000332, [0.0005410710714285715], [1.5741675], [0.33299695], [9.017851249408729e-05]]
[1800.0, 800.0, 0.00083, [0.0006233335416666667], [0.31281535], [0.21190715000000002], [0.0001272374066023388]]
[1800.0, 2000.0, 0.000984, [0.0016022535714285714], [1.5741675], [0.33299695], [0.00015417687041062455]]
[1800.0, 1100.0, 0.001037, [0.001689395238095238], [1.5741675], [0.33299695], [0.00015685638570667583]]
[1800.0, 900.0, 0.000845, [0.0013756785714285715], [1.5741675], [0.33299695], [0.00014342436991885763]]
[1800.0, 1500.0, 0.000799, [0.0013004107142857142], [1.5741675], [0.33299695], [0.00013862424333067528]]
[1800.0, 1400.0, 0.000754, [0.001227138095238095], [1.5741675], [0.33299695], [0.00013469589709370346]]
[1800.0, 1900.0, 0.000757, [0.001233159523809524], [1.5741675], [0.33299695], [0.00013617965324960873]]
[1800.0, 100.0, 0.000304, [0.00022809729166666667], [0.31281535], [0.21190715000000002], [7.603244807134794e-05]]
[1800.0, 300.0, 0.000241, [0.0003914882142857143], [1.5741675], [0.33299695], [7.534193595153479e-05]]
[1900.0, 300.0, 0.000219, [0.00035588166666666664], [1.5741675], [0.33299695], [5.931361697561664e-05]]
[1900.0, 1600.0, 0.000536, [0.0008722842857142858], [1.5741675], [0.33299695], [9.298581591539242e-05]]
[1900.0, 600.0, 0.000224, [0.00036480857142857145], [1.5741675], [0.33299695], [5.9974165356460626e-05]]
[1900.0, 1500.0, 0.000432, [0.0007026785714285713], [1.5741675], [0.33299695], [8.28114696915328e-05]]
[1900.0, 500.0, 0.000184, [0.00013811077083333332], [0.31281535], [0.21190715000000002], [4.8829533590793643e-05]]
[1900.0, 1700.0, 0.000597, [0.0004477583333333334], [0.31281535], [0.21190715000000002], [8.781263592318464e-05]]
[1900.0, 1800.0, 0.000504, [0.0008208765476190477], [1.5741675], [0.33299695], [9.065064634375027e-05]]
[1900.0, 800.0, 0.000281, [0.00021074499999999998], [0.31281535], [0.21190715000000002], [6.083686847605013e-05]]
[1900.0, 1300.0, 0.000426, [0.0006926011904761905], [1.5741675], [0.33299695], [8.337940053218526e-05]]
[1900.0, 1000.0, 0.000514, [0.0008370217857142857], [1.5741675], [0.33299695], [9.078776239369223e-05]]
[1900.0, 1900.0, 0.000515, [0.0008388508333333334], [1.5741675], [0.33299695], [9.152612912674264e-05]]
[1900.0, 1200.0, 0.000627, [0.0010207804761904762], [1.5741675], [0.33299695], [0.00010157143973388638]]
[1900.0, 100.0, 0.000141, [0.00010609647916666665], [0.31281535], [0.21190715000000002], [4.331370248451022e-05]]
[1900.0, 2000.0, 0.000498, [0.0008101323809523809], [1.5741675], [0.33299695], [8.946416294386913e-05]]
[1900.0, 1100.0, 0.000691, [0.0005186272916666666], [0.31281535], [0.21190715000000002], [9.468794691863725e-05]]
[1900.0, 900.0, 0.000489, [0.00036656458333333335], [0.31281535], [0.21190715000000002], [7.999096628682516e-05]]
[1900.0, 200.0, 0.000148, [0.00024083130952380952], [1.5741675], [0.33299695], [4.915947428079989e-05]]
[1900.0, 400.0, 0.000193, [0.00031382857142857144], [1.5741675], [0.33299695], [5.547758275383505e-05]]
[1900.0, 700.0, 0.000222, [0.00036175892857142857], [1.5741675], [0.33299695], [5.9472787656669735e-05]]
[1900.0, 1400.0, 0.000509, [0.0008284416666666666], [1.5741675], [0.33299695], [9.03903963529006e-05]]
[2000.0, 1500.0, 0.000309, [0.00023143875000000003], [0.31281535], [0.21190715000000002], [5.175127480984835e-05]]
[2000.0, 1200.0, 0.000361, [0.00027071708333333336], [0.31281535], [0.21190715000000002], [5.644841933251e-05]]
[2000.0, 1300.0, 0.000264, [0.0004301228571428571], [1.5741675], [0.33299695], [5.3765363252881365e-05]]
[2000.0, 300.0, 0.000109, [8.194635416666667e-05], [0.31281535], [0.21190715000000002], [3.0972805332079446e-05]]
[2000.0, 900.0, 0.000251, [0.00018859920833333332], [0.31281535], [0.21190715000000002], [4.714981018725786e-05]]
[2000.0, 1900.0, 0.000315, [0.0005132005952380953], [1.5741675], [0.33299695], [5.886815084299378e-05]]
[2000.0, 1600.0, 0.000354, [0.000265205], [0.31281535], [0.21190715000000002], [5.5299080292984975e-05]]
[2000.0, 500.0, 0.000118, [0.00019211130952380951], [1.5741675], [0.33299695], [3.567417191680997e-05]]
[2000.0, 600.0, 0.000111, [0.0001814136904761905], [1.5741675], [0.33299695], [3.491308856051649e-05]]
[2000.0, 200.0, 0.000155, [0.00011596518749999999], [0.31281535], [0.21190715000000002], [3.667141304507125e-05]]
[2000.0, 1800.0, 0.000242, [0.00039376654761904764], [1.5741675], [0.33299695], [5.170406809523185e-05]]
[2000.0, 2000.0, 0.000267, [0.00043463714285714287], [1.5741675], [0.33299695], [5.350013774962663e-05]]
[2000.0, 400.0, 0.0001, [0.00016333785714285715], [1.5741675], [0.33299695], [3.334120655317933e-05]]
[2000.0, 1100.0, 0.000296, [0.0009363858333333334], [5.176589999999999], [1.0898085], [0.00020938214332756375]]
[2000.0, 100.0, 9.7e-05, [8.761452380952381e-05], [0.504541], [0.110999], [1.7182621705145335e-05]]
[2000.0, 1400.0, 0.000331, [0.00024841625000000003], [0.31281535], [0.21190715000000002], [5.420887778358408e-05]]
[2000.0, 1700.0, 0.000275, [0.00020653554166666664], [0.31281535], [0.21190715000000002], [4.8680898318653806e-05]]
[2000.0, 700.0, 0.000173, [0.00028179309523809526], [1.5741675], [0.33299695], [4.297304104011989e-05]]
[2000.0, 1000.0, 0.000253, [0.0007992354166666666], [5.176589999999999], [1.0898085], [0.00019384307800096676]]
[2000.0, 800.0, 0.000206, [0.00018569166666666668], [0.504541], [0.110999], [2.481409049918186e-05]]
[2100.0, 200.0, 8.4e-05, [6.262391666666666e-05], [0.31281535], [0.21190715000000002], [2.2140893930186688e-05]]
[2100.0, 100.0, 9.3e-05, [6.987743750000001e-05], [0.31281535], [0.21190715000000002], [2.329247725184631e-05]]
[2100.0, 400.0, 7.4e-05, [0.00012105821428571427], [1.5741675], [0.33299695], [2.3297661629763744e-05]]
[2100.0, 1400.0, 0.000166, [0.00012435329166666668], [0.31281535], [0.21190715000000002], [3.108832483380573e-05]]
[2100.0, 500.0, 6.3e-05, [4.749370833333333e-05], [0.31281535], [0.21190715000000002], [1.938922640783908e-05]]
[2100.0, 800.0, 0.000154, [0.00011527887500000002], [0.31281535], [0.21190715000000002], [2.9764884523452206e-05]]
[2100.0, 300.0, 0.000125, [9.362025e-05], [0.31281535], [0.21190715000000002], [2.702583640395489e-05]]
[2100.0, 600.0, 6.8e-05, [0.00010996796428571429], [1.5741675], [0.33299695], [2.1993589305103018e-05]]
[2100.0, 700.0, 0.000145, [0.00010871058333333335], [0.31281535], [0.21190715000000002], [2.9054128125123822e-05]]
[2100.0, 1000.0, 0.00019, [0.0006001264999999999], [5.176589999999999], [1.0898085], [0.00013767844481496244]]
[2100.0, 1700.0, 0.000231, [0.000173372375], [0.31281535], [0.21190715000000002], [3.696311271239056e-05]]
[2100.0, 1800.0, 0.000184, [0.00029956988095238094], [1.5741675], [0.33299695], [3.6598287740451465e-05]]
[2100.0, 1900.0, 0.000211, [0.0001581915], [0.31281535], [0.21190715000000002], [3.537269328953558e-05]]
[2100.0, 900.0, 0.000145, [0.000108585375], [0.31281535], [0.21190715000000002], [2.9020668819825636e-05]]
[2100.0, 2000.0, 0.000216, [0.00016218929166666665], [0.31281535], [0.21190715000000002], [3.539260211855328e-05]]
[2100.0, 1200.0, 0.000187, [0.00014035025], [0.31281535], [0.21190715000000002], [3.308086682661142e-05]]
[2100.0, 1500.0, 0.000196, [0.0001470168125], [0.31281535], [0.21190715000000002], [3.3727969919061405e-05]]
[2100.0, 1100.0, 0.000165, [0.00012361054166666667], [0.31281535], [0.21190715000000002], [3.090263186607251e-05]]
[2100.0, 1300.0, 0.000149, [0.000111464625], [0.31281535], [0.21190715000000002], [2.9790180615617475e-05]]
[2100.0, 1600.0, 0.000187, [0.0003049859523809524], [1.5741675], [0.33299695], [3.6984978105200725e-05]]
[2200.0, 1700.0, 0.000148, [0.00011074447916666667], [0.31281535], [0.21190715000000002], [2.4166424208553855e-05]]
[2200.0, 1100.0, 0.000125, [9.3934375e-05], [0.31281535], [0.21190715000000002], [2.2140541073509878e-05]]
[2200.0, 200.0, 3.3e-05, [0.00010450400000000001], [5.176589999999999], [1.0898085], [4.673562613253405e-05]]
[2200.0, 1800.0, 9.8e-05, [0.00015950690476190476], [1.5741675], [0.33299695], [2.1909959916380835e-05]]
[2200.0, 900.0, 0.000112, [8.407549999999999e-05], [0.31281535], [0.21190715000000002], [2.101887172875842e-05]]
[2200.0, 1000.0, 0.00011, [0.00017848380952380954], [1.5741675], [0.33299695], [2.3042157951977944e-05]]
[2200.0, 1300.0, 0.000181, [0.00013607964583333334], [0.31281535], [0.21190715000000002], [2.6687410551502453e-05]]
[2200.0, 1900.0, 8.8e-05, [0.0001423857142857143], [1.5741675], [0.33299695], [2.0551598411775946e-05]]
[2200.0, 1400.0, 0.000141, [0.0001053805], [0.31281535], [0.21190715000000002], [2.356378938411411e-05]]
[2200.0, 1600.0, 9.7e-05, [7.288875e-05], [0.31281535], [0.21190715000000002], [1.9480337531655407e-05]]
[2200.0, 800.0, 7.8e-05, [0.00012699714285714287], [1.5741675], [0.33299695], [1.959608428422312e-05]]
[2200.0, 400.0, 4.9e-05, [3.6394458333333334e-05], [0.31281535], [0.21190715000000002], [1.3755811587491142e-05]]
[2200.0, 600.0, 5.1e-05, [4.621346428571428e-05], [0.504541], [0.110999], [8.30018278696633e-06]]
[2200.0, 2000.0, 0.000117, [8.786579166666667e-05], [0.31281535], [0.21190715000000002], [2.131058560968651e-05]]
[2200.0, 500.0, 5.3e-05, [0.00016900616666666666], [5.176589999999999], [1.0898085], [5.975270798140542e-05]]
[2200.0, 700.0, 6.7e-05, [0.00021155508333333333], [5.176589999999999], [1.0898085], [6.689959827981031e-05]]
[2200.0, 300.0, 7e-05, [5.255345833333334e-05], [0.31281535], [0.21190715000000002], [1.6618859820580687e-05]]
[2200.0, 1200.0, 0.000172, [0.00012899275], [0.31281535], [0.21190715000000002], [2.57985484895307e-05]]
[2200.0, 1500.0, 0.000177, [0.00013288797916666666], [0.31281535], [0.21190715000000002], [2.6577593750814492e-05]]
[2200.0, 100.0, 3.5e-05, [5.7233035714285715e-05], [1.5741675], [0.33299695], [1.3130159065963581e-05]]
[2300.0, 700.0, 3.2e-05, [2.4214604166666666e-05], [0.31281535], [0.21190715000000002], [9.152263779615766e-06]]
[2300.0, 100.0, 3.2e-05, [2.395095833333333e-05], [0.31281535], [0.21190715000000002], [9.052611942755037e-06]]
[2300.0, 1800.0, 8.4e-05, [6.331245833333333e-05], [0.31281535], [0.21190715000000002], [1.492289063588404e-05]]
[2300.0, 1000.0, 6.5e-05, [4.8388500000000006e-05], [0.31281535], [0.21190715000000002], [1.2932371165348347e-05]]
[2300.0, 1500.0, 9.7e-05, [7.291714583333333e-05], [0.31281535], [0.21190715000000002], [1.591182572543662e-05]]
[2300.0, 1200.0, 0.000107, [8.053002083333333e-05], [0.31281535], [0.21190715000000002], [1.679167312861745e-05]]
[2300.0, 500.0, 3.5e-05, [0.000111175], [5.176589999999999], [1.0898085], [3.930628483814997e-05]]
[2300.0, 1900.0, 8e-05, [5.986779166666667e-05], [0.31281535], [0.21190715000000002], [1.4520069623627843e-05]]
[2300.0, 1300.0, 6.3e-05, [0.00019898325000000002], [5.176589999999999], [1.0898085], [5.3180497156173504e-05]]
[2300.0, 1600.0, 0.000112, [8.40284375e-05], [0.31281535], [0.21190715000000002], [1.7152234021970562e-05]]
[2300.0, 1700.0, 8.3e-05, [6.259366666666667e-05], [0.31281535], [0.21190715000000002], [1.4753467400825552e-05]]
[2300.0, 1400.0, 8.8e-05, [6.58174375e-05], [0.31281535], [0.21190715000000002], [1.5099556767777436e-05]]
[2300.0, 1100.0, 5.1e-05, [8.320276190476192e-05], [1.5741675], [0.33299695], [1.2838461957811647e-05]]
[2300.0, 900.0, 6e-05, [4.472533333333333e-05], [0.31281535], [0.21190715000000002], [1.2404574998877542e-05]]
[2300.0, 2000.0, 8e-05, [5.994979166666666e-05], [0.31281535], [0.21190715000000002], [1.4539960800134382e-05]]
[2300.0, 300.0, 2.8e-05, [2.09436875e-05], [0.31281535], [0.21190715000000002], [8.550224371649877e-06]]
[2300.0, 200.0, 2.8e-05, [0.0041274154999999995], [336.96265000000005], [114.66195], [0.0018458365312237158]]
[2300.0, 400.0, 3.3e-05, [2.4577604166666666e-05], [0.31281535], [0.21190715000000002], [9.289463957893372e-06]]
[2300.0, 800.0, 6e-05, [4.516164583333334e-05], [0.31281535], [0.21190715000000002], [1.2525588392699695e-05]]
[2300.0, 600.0, 2.8e-05, [0.0041467974999999995], [336.96265000000005], [114.66195], [0.0018545046508434537]]
[2400.0, 1200.0, 7.4e-05, [5.551127083333334e-05], [0.31281535], [0.21190715000000002], [1.1331190437730322e-05]]
[2400.0, 1500.0, 4.9e-05, [3.646714583333333e-05], [0.31281535], [0.21190715000000002], [9.116786638454972e-06]]
[2400.0, 1100.0, 5.8e-05, [4.3854125e-05], [0.31281535], [0.21190715000000002], [1.006083060686343e-05]]
[2400.0, 1600.0, 4.6e-05, [3.4830229166666665e-05], [0.31281535], [0.21190715000000002], [8.993127680963455e-06]]
[2400.0, 400.0, 2.4e-05, [1.82578875e-05], [0.31281535], [0.21190715000000002], [6.45513697784778e-06]]
[2400.0, 1300.0, 6.2e-05, [4.641891666666667e-05], [0.31281535], [0.21190715000000002], [1.0379581903242112e-05]]
[2400.0, 200.0, 2.4e-05, [7.4725475e-05], [5.176589999999999], [1.0898085], [2.6419453060197898e-05]]
[2400.0, 1700.0, 5.8e-05, [4.371052083333333e-05], [0.31281535], [0.21190715000000002], [1.0027882136268299e-05]]
[2400.0, 2000.0, 4.6e-05, [3.47439375e-05], [0.31281535], [0.21190715000000002], [8.970848815592772e-06]]
[2400.0, 600.0, 1.9e-05, [1.3985739583333333e-05], [0.31281535], [0.21190715000000002], [5.709653512181511e-06]]
[2400.0, 1900.0, 6.5e-05, [4.883875e-05], [0.31281535], [0.21190715000000002], [1.0657491170794163e-05]]
[2400.0, 700.0, 3.1e-05, [2.3238145833333335e-05], [0.31281535], [0.21190715000000002], [7.348548963911175e-06]]
[2400.0, 100.0, 2e-05, [6.427134166666667e-05], [5.176589999999999], [1.0898085], [2.429228415453031e-05]]
[2400.0, 1800.0, 6.5e-05, [4.838739583333333e-05], [0.31281535], [0.21190715000000002], [1.055899432290363e-05]]
[2400.0, 500.0, 1.5e-05, [1.159426875e-05], [0.31281535], [0.21190715000000002], [5.185114076480006e-06]]
[2400.0, 900.0, 2.8e-05, [2.065516666666667e-05], [0.31281535], [0.21190715000000002], [6.885055777229081e-06]]
[2400.0, 1400.0, 6.8e-05, [5.098404166666667e-05], [0.31281535], [0.21190715000000002], [1.0869836337953248e-05]]
[2400.0, 800.0, 2.8e-05, [2.0778352083333334e-05], [0.31281535], [0.21190715000000002], [6.926116787204791e-06]]
[2400.0, 300.0, 3.7e-05, [2.7852791666666664e-05], [0.31281535], [0.21190715000000002], [8.040411711231653e-06]]
[2400.0, 1000.0, 4e-05, [2.9917104166666668e-05], [0.31281535], [0.21190715000000002], [8.297511549655515e-06]]
[2500.0, 400.0, 2.3e-05, [0.003333762], [336.96265000000005], [114.66195], [0.0011112539088795144]]
[2500.0, 1300.0, 4.3e-05, [3.2267375e-05], [0.31281535], [0.21190715000000002], [7.041318408547901e-06]]
[2500.0, 500.0, 6e-06, [0.000740332], [279.73765000000003], [102.25025000000001], [0.0005234937917492432]]
[2500.0, 900.0, 2.4e-05, [1.83255375e-05], [0.31281535], [0.21190715000000002], [5.290126498303756e-06]]
[2500.0, 1400.0, 3.6e-05, [2.7214020833333333e-05], [0.31281535], [0.21190715000000002], [6.414407408002187e-06]]
[2500.0, 200.0, 2e-05, [0.0029236595], [336.96265000000005], [114.66195], [0.001033669555515688]]
[2500.0, 1900.0, 3.7e-05, [2.7453791666666666e-05], [0.31281535], [0.21190715000000002], [6.470919188097537e-06]]
[2500.0, 1000.0, 1.8e-05, [1.3816125e-05], [0.31281535], [0.21190715000000002], [4.6053750299695105e-06]]
[2500.0, 1800.0, 4.3e-05, [3.2410875e-05], [0.31281535], [0.21190715000000002], [7.072632848993837e-06]]
[2500.0, 1700.0, 3.9e-05, [2.8985270833333334e-05], [0.31281535], [0.21190715000000002], [6.649675613433251e-06]]
[2500.0, 800.0, 2.2e-05, [1.6709216666666666e-05], [0.31281535], [0.21190715000000002], [5.038018221897046e-06]]
[2500.0, 700.0, 2.2e-05, [1.6728154166666666e-05], [0.31281535], [0.21190715000000002], [5.043728486805284e-06]]
[2500.0, 1600.0, 5.1e-05, [3.798683333333333e-05], [0.31281535], [0.21190715000000002], [7.59736568014057e-06]]
[2500.0, 1100.0, 3.8e-05, [2.8657291666666666e-05], [0.31281535], [0.21190715000000002], [6.574430623318899e-06]]
[2500.0, 600.0, 1.4e-05, [1.081420625e-05], [0.31281535], [0.21190715000000002], [4.087385319492157e-06]]
[2500.0, 300.0, 6e-06, [9.613494047619046e-06], [1.5741675], [0.33299695], [2.898576797150559e-06]]
[2500.0, 2000.0, 4.9e-05, [3.7040520833333335e-05], [0.31281535], [0.21190715000000002], [7.560864148142504e-06]]
[2500.0, 1200.0, 3.1e-05, [2.2883791666666664e-05], [0.31281535], [0.21190715000000002], [5.908568768816466e-06]]
[2500.0, 100.0, 1.3e-05, [0.0018363605], [336.96265000000005], [114.66195], [0.0008212453957252972]]
[2500.0, 1500.0, 3.9e-05, [2.8890645833333332e-05], [0.31281535], [0.21190715000000002], [6.627967102865454e-06]]
[2600.0, 800.0, 8e-06, [0.0009808765], [279.73765000000003], [102.25025000000001], [0.000490438349846339]]
[2600.0, 2000.0, 2.4e-05, [1.8101597916666667e-05], [0.31281535], [0.21190715000000002], [4.266587320225746e-06]]
[2600.0, 900.0, 1.2e-05, [0.001681451], [336.96265000000005], [114.66195], [0.0006355287168964121]]
[2600.0, 1000.0, 1.4e-05, [1.038444375e-05], [0.31281535], [0.21190715000000002], [3.283849499401917e-06]]
[2600.0, 200.0, 8e-06, [6.0416e-06], [0.31281535], [0.21190715000000002], [2.466473106144345e-06]]
[2600.0, 1100.0, 1.9e-05, [1.4120710416666666e-05], [0.31281535], [0.21190715000000002], [3.773918512302564e-06]]
[2600.0, 1500.0, 2.4e-05, [1.7857660416666668e-05], [0.31281535], [0.21190715000000002], [4.209090794043293e-06]]
[2600.0, 700.0, 1.2e-05, [9.00695625e-06], [0.31281535], [0.21190715000000002], [3.002318982192487e-06]]
[2600.0, 1800.0, 1.6e-05, [1.2025485416666667e-05], [0.31281535], [0.21190715000000002], [3.4714585271259624e-06]]
[2600.0, 1600.0, 2.7e-05, [1.9870797916666667e-05], [0.31281535], [0.21190715000000002], [4.443245986419538e-06]]
[2600.0, 1400.0, 2.4e-05, [1.8076229166666666e-05], [0.31281535], [0.21190715000000002], [4.260607677054739e-06]]
[2600.0, 1300.0, 1.6e-05, [0.0023760855], [336.96265000000005], [114.66195], [0.000751384222618495]]
[2600.0, 600.0, 1.1e-05, [8.103804166666666e-06], [0.31281535], [0.21190715000000002], [2.8651272210943013e-06]]
[2600.0, 1700.0, 3.2e-05, [2.39755625e-05], [0.31281535], [0.21190715000000002], [4.893993448606158e-06]]
[2600.0, 400.0, 1.1e-05, [0.001651124], [336.96265000000005], [114.66195], [0.0006240663025672833]]
[2600.0, 300.0, 3e-06, [3.2318183333333335e-05], [34.137235000000004], [7.55802], [1.6159091008538266e-05]]
[2600.0, 1900.0, 1.8e-05, [1.3146325e-05], [0.31281535], [0.21190715000000002], [3.6461351065584194e-06]]
[2600.0, 1200.0, 1.6e-05, [2.592484523809524e-05], [1.5741675], [0.33299695], [3.8646476813133e-06]]
[2600.0, 100.0, 7e-06, [5.047050000000001e-06], [0.31281535], [0.21190715000000002], [2.257108754702696e-06]]
[2600.0, 500.0, 6e-06, [0.000721107], [279.73765000000003], [102.25025000000001], [0.00041633132839122256]]
[2700.0, 1400.0, 1.4e-05, [1.0610712499999999e-05], [0.31281535], [0.21190715000000002], [2.6526781540339357e-06]]
[2700.0, 1000.0, 1.1e-05, [7.886889583333333e-06], [0.31281535], [0.21190715000000002], [2.2767487936626745e-06]]
[2700.0, 800.0, 9e-06, [6.5660625000000005e-06], [0.31281535], [0.21190715000000002], [2.0763714928665554e-06]]
[2700.0, 900.0, 1.1e-05, [7.965837499999998e-06], [0.31281535], [0.21190715000000002], [2.299539507041452e-06]]
[2700.0, 600.0, 1e-05, [7.316102083333334e-06], [0.31281535], [0.21190715000000002], [2.205887993593006e-06]]
[2700.0, 1100.0, 9e-06, [2.863580833333333e-05], [5.176589999999999], [1.0898085], [8.634021047255123e-06]]
[2700.0, 1300.0, 1.9e-05, [1.3991916666666666e-05], [0.31281535], [0.21190715000000002], [3.0532868787404975e-06]]
[2700.0, 400.0, 4e-06, [0.00047447380000000005], [279.73765000000003], [102.25025000000001], [0.0002739375841318602]]
[2700.0, 1700.0, 2.1e-05, [1.536773125e-05], [0.31281535], [0.21190715000000002], [3.2043942268564755e-06]]
[2700.0, 100.0, 3e-06, [1.0500375e-05], [5.176589999999999], [1.0898085], [5.250185843271539e-06]]
[2700.0, 2000.0, 2e-05, [1.4632370833333331e-05], [0.31281535], [0.21190715000000002], [3.1196321954233998e-06]]
[2700.0, 1200.0, 1.4e-05, [1.0543958333333333e-05], [0.31281535], [0.21190715000000002], [2.6359897268915484e-06]]
[2700.0, 700.0, 5e-06, [3.923039583333333e-06], [0.31281535], [0.21190715000000002], [1.6015740683864041e-06]]
[2700.0, 300.0, 3e-06, [0.00047728554999999995], [336.96265000000005], [114.66195], [0.00027556092792701945]]
[2700.0, 1800.0, 1.6e-05, [1.184806875e-05], [0.31281535], [0.21190715000000002], [2.7926164429119558e-06]]
[2700.0, 200.0, 6e-06, [4.58603125e-06], [0.31281535], [0.21190715000000002], [1.733356996032394e-06]]
[2700.0, 1500.0, 1.2e-05, [9.364622916666667e-06], [0.31281535], [0.21190715000000002], [2.5028005147567527e-06]]
[2700.0, 500.0, 6e-06, [4.6339e-06], [0.31281535], [0.21190715000000002], [1.751449672374605e-06]]
[2700.0, 1900.0, 1.6e-05, [1.1702327083333334e-05], [0.31281535], [0.21190715000000002], [2.7582648845988506e-06]]
[2700.0, 1600.0, 1.3e-05, [9.98790625e-06], [0.31281535], [0.21190715000000002], [2.5788662654891157e-06]]
[2800.0, 1500.0, 1.3e-05, [9.994281249999999e-06], [0.31281535], [0.21190715000000002], [2.083951991476238e-06]]
[2800.0, 200.0, 3e-06, [2.1674354166666665e-06], [0.31281535], [0.21190715000000002], [9.693060680054686e-07]]
[2800.0, 400.0, 2e-06, [0.001320103399936592], [5221.170000000001], [681.3824999999999], [0.0006600515076482721]]
[2800.0, 900.0, 3e-06, [8.5462e-06], [5.176589999999999], [1.0898085], [3.821976837245936e-06]]
[2800.0, 600.0, 4e-06, [3.0524937499999996e-06], [0.31281535], [0.21190715000000002], [1.1537345009191286e-06]]
[2800.0, 1200.0, 9e-06, [6.9344208333333334e-06], [0.31281535], [0.21190715000000002], [1.7336049967400943e-06]]
[2800.0, 1000.0, 6e-06, [4.832410416666668e-06], [0.31281535], [0.21190715000000002], [1.4570264977953483e-06]]
[2800.0, 1400.0, 1e-05, [7.732618749999999e-06], [0.31281535], [0.21190715000000002], [1.822595447889264e-06]]
[2800.0, 800.0, 3e-06, [4.444711904761905e-06], [1.5741675], [0.33299695], [1.0476287878335082e-06]]
[2800.0, 100.0, 2e-06, [0.0002086074], [279.73765000000003], [102.25025000000001], [0.00014750770318868096]]
[2800.0, 1100.0, 6e-06, [0.0008368375000000001], [336.96265000000005], [114.66195], [0.00029586665070602334]]
[2800.0, 1300.0, 8e-06, [6.1333499999999995e-06], [0.31281535], [0.21190715000000002], [1.6392067282428617e-06]]
[2800.0, 2000.0, 9e-06, [6.3864645833333334e-06], [0.31281535], [0.21190715000000002], [1.6489778768056423e-06]]
[2800.0, 500.0, 4e-06, [0.0005155015000000001], [279.73765000000003], [102.25025000000001], [0.00023053931335023967]]
[2800.0, 1900.0, 9e-06, [6.436029166666667e-06], [0.31281535], [0.21190715000000002], [1.661775374662091e-06]]
[2800.0, 1800.0, 8e-06, [0.001222727], [336.96265000000005], [114.66195], [0.0003529708911510976]]
[2800.0, 300.0, 2e-06, [2.6929083333333334e-06], [1.5741675], [0.33299695], [8.119422907120382e-07]]
[2800.0, 700.0, 3e-06, [8.562658333333333e-06], [5.176589999999999], [1.0898085], [3.829337591397354e-06]]
[2800.0, 1600.0, 9e-06, [6.853577083333333e-06], [0.31281535], [0.21190715000000002], [1.7133943072402607e-06]]
[2800.0, 1700.0, 1.1e-05, [0.0015678755], [336.96265000000005], [114.66195], [0.0004048237579490611]]
[2900.0, 1300.0, 6e-06, [1.7761058333333333e-05], [5.176589999999999], [1.0898085], [4.440264788150465e-06]]
[2900.0, 900.0, 2e-06, [1.7051508333333336e-06], [0.31281535], [0.21190715000000002], [6.961248765487411e-07]]
[2900.0, 1600.0, 7e-06, [4.997281249999999e-06], [0.31281535], [0.21190715000000002], [1.1778706806257544e-06]]
[2900.0, 2000.0, 8e-06, [5.671960416666667e-06], [0.31281535], [0.21190715000000002], [1.2682889487963257e-06]]
[2900.0, 1200.0, 3e-06, [9.009941666666667e-06], [5.176589999999999], [1.0898085], [3.18549555712207e-06]]
[2900.0, 1700.0, 4e-06, [1.2347958333333333e-05], [5.176589999999999], [1.0898085], [3.7230485193961384e-06]]
[2900.0, 1100.0, 3e-06, [2.534610416666667e-06], [0.31281535], [0.21190715000000002], [8.448701412380221e-07]]
[2900.0, 800.0, 4e-06, [2.78906875e-06], [0.31281535], [0.21190715000000002], [8.819810797290383e-07]]
[2900.0, 600.0, 2e-06, [0.0002025048], [279.73765000000003], [102.25025000000001], [0.00011691619862106362]]
[2900.0, 100.0, 2e-06, [1.3900883333333335e-06], [0.31281535], [0.21190715000000002], [6.216665619414568e-07]]
[2900.0, 400.0, 2e-06, [1.4177447916666665e-06], [0.31281535], [0.21190715000000002], [6.340346651384465e-07]]
[2900.0, 1000.0, 6e-06, [4.2393e-06], [0.31281535], [0.21190715000000002], [1.0945826195911896e-06]]
[2900.0, 1400.0, 5e-06, [3.956829166666667e-06], [0.31281535], [0.21190715000000002], [1.0575068541280372e-06]]
[2900.0, 200.0, 2e-06, [4.6548375e-06], [2.1897075], [0.9283549999999999], [2.081706031119668e-06]]
[2900.0, 500.0, 3e-06, [0.00040594409999999997], [336.96265000000005], [114.66195], [0.00016572597865150774]]
[2900.0, 1500.0, 6e-06, [1.7971258333333333e-05], [5.176589999999999], [1.0898085], [4.4928144791927975e-06]]
[2900.0, 1800.0, 6e-06, [4.204733333333333e-06], [0.31281535], [0.21190715000000002], [1.0856577627308606e-06]]
[2900.0, 300.0, 3e-06, [1.9738985416666666e-06], [0.31281535], [0.21190715000000002], [7.460634537915212e-07]]
[2900.0, 700.0, 3e-06, [2.0943958333333335e-06], [0.31281535], [0.21190715000000002], [8.550338585726039e-07]]
[2900.0, 1900.0, 6e-06, [4.5026458333333325e-06], [0.31281535], [0.21190715000000002], [1.1256616495668473e-06]]
[3000.0, 1900.0, 3e-06, [2.17128125e-06], [0.31281535], [0.21190715000000002], [6.267947841111067e-07]]
[3000.0, 800.0, 2e-06, [1.4376879166666666e-06], [0.31281535], [0.21190715000000002], [5.082995207333741e-07]]
[3000.0, 900.0, 1e-06, [8.655499999999999e-05], [279.73765000000003], [102.25025000000001], [6.120363551293338e-05]]
[3000.0, 1600.0, 4e-06, [3.0799979166666664e-06], [0.31281535], [0.21190715000000002], [7.470090825715872e-07]]
[3000.0, 700.0, 1e-06, [0.0005221059521144815], [3456.1555], [815.641], [0.0002334928859923657]]
[3000.0, 600.0, 2e-06, [0.00026106105], [336.96265000000005], [114.66195], [0.00010657772985009578]]
[3000.0, 1300.0, 3e-06, [1.9931552083333333e-06], [0.31281535], [0.21190715000000002], [6.009588331135688e-07]]
[3000.0, 500.0, 1e-06, [0.0003071864], [1907.8305], [483.6125], [0.0001161055446565753]]
[3000.0, 1500.0, 3e-06, [1.967322291666667e-06], [0.31281535], [0.21190715000000002], [5.931700383907168e-07]]
[3000.0, 1800.0, 3e-06, [2.4889125000000005e-06], [0.31281535], [0.21190715000000002], [6.651897703329145e-07]]
[3000.0, 2000.0, 5e-06, [3.6595270833333333e-06], [0.31281535], [0.21190715000000002], [8.182950389885871e-07]]
[3000.0, 100.0, 0.0, [0.001022554473939026], [103752.20000000001], [7976.72], [0.000457300265878142]]
[3000.0, 1400.0, 3e-06, [0.00039102045], [336.96265000000005], [114.66195], [0.00013034014155278488]]
[3000.0, 1100.0, 2e-06, [1.2382116666666666e-06], [0.31281535], [0.21190715000000002], [4.679999554843283e-07]]
[3000.0, 1200.0, 3e-06, [2.148504166666667e-06], [0.31281535], [0.21190715000000002], [6.202200200444105e-07]]
[3000.0, 1000.0, 1e-06, [0.00012947905000000002], [279.73765000000003], [102.25025000000001], [7.47547657343664e-05]]
[3000.0, 400.0, 1e-06, [0.0005776872715327411], [5304.4400000000005], [737.245], [0.00021834525610319274]]
[3000.0, 300.0, 2e-06, [1.2693435416666667e-06], [0.31281535], [0.21190715000000002], [4.797667438164324e-07]]
[3000.0, 1700.0, 3e-06, [2.337997916666667e-06], [0.31281535], [0.21190715000000002], [6.484439173042561e-07]]
[3000.0, 200.0, 2e-06, [1.8148341666666668e-06], [0.31281535], [0.21190715000000002], [5.739008970051653e-07]]
