[100.0, 800.0, 0.310209, [93.57448333333332], [4070.4845], [225.33805], [4.615689427256657]]
[100.0, 500.0, 0.292815, [2934.976604278077], [167950.65000000002], [7796.205000000001], [309.37373550574705]]
[100.0, 600.0, 0.303318, [3045.743411000766], [167950.65000000002], [7796.205000000001], [315.82880237492657]]
[100.0, 100.0, 0.271618, [2713.228132161958], [167950.65000000002], [7796.205000000001], [297.81547911419756]]
[100.0, 1000.0, 0.319811, [3603.492647058826], [166436.40000000002], [8725.5], [343.57968291942325]]
[100.0, 400.0, 0.309272, [93.27621666666667], [4070.4845], [225.33805], [4.617860555615675]]
[100.0, 900.0, 0.2882, [3039.2093200916747], [168034.45], [8210.1], [315.1512790269226]]
[100.0, 200.0, 0.319574, [96.56516666666667], [4070.4845], [225.33805], [4.6896188544486215]]
[100.0, 700.0, 0.306291, [3077.2058823529437], [167950.65000000002], [7796.205000000001], [317.38949144950834]]
[100.0, 300.0, 0.291572, [87.66776666666667], [4070.4845], [225.33805], [4.479613388576197]]
[200.0, 700.0, 0.187259, [19.771291666666666], [793.31], [78.43589999999999], [0.7388877715112688]]
[200.0, 400.0, 0.184357, [19.45885], [793.31], [78.43589999999999], [0.7328627751647795]]
[200.0, 500.0, 0.162763, [17.142116666666666], [793.31], [78.43589999999999], [0.6878893342036283]]
[200.0, 100.0, 0.17039, [45.93687500000001], [1626.9325000000001], [209.49545], [1.9464082305621297]]
[200.0, 600.0, 0.1835, [19.36655], [793.31], [78.43589999999999], [0.7319867371293918]]
[200.0, 1000.0, 0.18287, [19.298733333333335], [793.31], [78.43589999999999], [0.7304677439832645]]
[200.0, 300.0, 0.173519, [18.29413333333333], [793.31], [78.43589999999999], [0.7094160842238886]]
[200.0, 900.0, 0.170668, [17.988500000000002], [793.31], [78.43589999999999], [0.7039443929269793]]
[200.0, 800.0, 0.178578, [18.837316666666666], [793.31], [78.43589999999999], [0.7207899312559798]]
[200.0, 200.0, 0.185732, [50.149125000000005], [1626.9325000000001], [209.49545], [2.033815687322723]]
[300.0, 400.0, 0.178575, [10.2590675], [316.11505], [41.70535], [0.4023936194822179]]
[300.0, 1000.0, 0.182813, [10.5075175], [316.11505], [41.70535], [0.4077708072557426]]
[300.0, 200.0, 0.186255, [10.709505], [316.11505], [41.70535], [0.41129616002340696]]
[300.0, 800.0, 0.190749, [10.97366375], [316.11505], [41.70535], [0.4171561083695167]]
[300.0, 700.0, 0.190797, [10.976488750000001], [316.11505], [41.70535], [0.41786772727742444]]
[300.0, 300.0, 0.187145, [10.76178625], [316.11505], [41.70535], [0.4136091149866018]]
[300.0, 900.0, 0.184806, [10.6244625], [316.11505], [41.70535], [0.4098475326264634]]
[300.0, 600.0, 0.179339, [10.3038], [316.11505], [41.70535], [0.4044595158974505]]
[300.0, 500.0, 0.194567, [11.19835875], [316.11505], [41.70535], [0.4211576308224748]]
[300.0, 100.0, 0.095165, [5.42758375], [316.11505], [41.70535], [0.29349009778866475]]
[400.0, 900.0, 0.177607, [4.60823375], [112.0686], [17.457115], [0.184625]]
[400.0, 200.0, 0.174868, [4.53558625], [112.0686], [17.457115], [0.18244802342037034]]
[400.0, 500.0, 0.180462, [4.68401375], [112.0686], [17.457115], [0.18587945522569188]]
[400.0, 300.0, 0.174105, [4.5153675], [112.0686], [17.457115], [0.1822253927146269]]
[400.0, 800.0, 0.181588, [4.713915], [112.0686], [17.457115], [0.18647959841494727]]
[400.0, 100.0, 0.063727, [1.6356062500000002], [112.0686], [17.457115], [0.10977471247969633]]
[400.0, 1000.0, 0.168338, [4.3626925000000005], [112.0686], [17.457115], [0.17915430674421423]]
[400.0, 400.0, 0.171581, [4.44849875], [112.0686], [17.457115], [0.18130727543317174]]
[400.0, 600.0, 0.182037, [4.72585125], [112.0686], [17.457115], [0.18665990966193033]]
[400.0, 700.0, 0.175791, [4.5600675], [112.0686], [17.457115], [0.18328461473893548]]
[500.0, 300.0, 0.152597, [1.6027708333333333], [38.072655], [5.44904], [0.06411084151686047]]
[500.0, 600.0, 0.160685, [1.6899200000000003], [38.072655], [5.44904], [0.06573026742342948]]
[500.0, 800.0, 0.173961, [1.8336258333333333], [38.072655], [5.44904], [0.0685737184430822]]
[500.0, 1000.0, 0.173682, [1.8306025000000001], [38.072655], [5.44904], [0.06841280947308041]]
[500.0, 700.0, 0.159559, [1.6777716666666667], [38.072655], [5.44904], [0.06550598997207982]]
[500.0, 100.0, 0.05828, [0.6045045833333332], [38.072655], [5.44904], [0.03926679576945387]]
[500.0, 200.0, 0.110335, [1.1516841666666666], [38.072655], [5.44904], [0.05417065369941756]]
[500.0, 900.0, 0.153953, [1.6173583333333335], [38.072655], [5.44904], [0.06408207085882568]]
[500.0, 500.0, 0.167224, [1.760605], [38.072655], [5.44904], [0.067025093766771]]
[500.0, 400.0, 0.162279, [1.7071316666666667], [38.072655], [5.44904], [0.0660015098733018]]
[600.0, 200.0, 0.055998, [0.29313379166666664], [13.56206], [1.8869829999999999], [0.014459221874714498]]
[600.0, 100.0, 0.039112, [0.20412904166666665], [13.56206], [1.8869829999999999], [0.012049355964808519]]
[600.0, 800.0, 0.112781, [1.1776], [38.072655], [5.44904], [0.040899741917142816]]
[600.0, 600.0, 0.110316, [1.1514741666666666], [38.072655], [5.44904], [0.04043371633509176]]
[600.0, 400.0, 0.107367, [1.1202491666666667], [38.072655], [5.44904], [0.039856687714304055]]
[600.0, 500.0, 0.105327, [1.0986666666666667], [38.072655], [5.44904], [0.03951631168123979]]
[600.0, 300.0, 0.11107, [1.1594625], [38.072655], [5.44904], [0.04063911293323219]]
[600.0, 1000.0, 0.110968, [1.1583833333333335], [38.072655], [5.44904], [0.04062628630442227]]
[600.0, 700.0, 0.112207, [1.1715141666666666], [38.072655], [5.44904], [0.04078687833659796]]
[600.0, 900.0, 0.106472, [1.1107783333333334], [38.072655], [5.44904], [0.03974675912714282]]
[700.0, 100.0, 0.021822, [0.15600304166666668], [20.807265], [3.4006055], [0.008077530133373414]]
[700.0, 1000.0, 0.062715, [0.4507775], [20.807265], [3.4006055], [0.013672483518203835]]
[700.0, 600.0, 0.063866, [0.4591275], [20.807265], [3.4006055], [0.01382437586495519]]
[700.0, 200.0, 0.030538, [0.21854791666666665], [20.807265], [3.4006055], [0.009538212620821577]]
[700.0, 400.0, 0.067532, [0.4857408333333333], [20.807265], [3.4006055], [0.014225100077757706]]
[700.0, 800.0, 0.064153, [0.33632508333333333], [13.56206], [1.8869829999999999], [0.011839203356269843]]
[700.0, 700.0, 0.067275, [0.4838733333333334], [20.807265], [3.4006055], [0.014170410044643499]]
[700.0, 900.0, 0.067504, [0.3541157916666666], [13.56206], [1.8869829999999999], [0.012131807224308247]]
[700.0, 300.0, 0.05244, [0.37638154166666665], [20.807265], [3.4006055], [0.012532133004356795]]
[700.0, 500.0, 0.069375, [0.4991295833333333], [20.807265], [3.4006055], [0.014426664404266612]]
[800.0, 300.0, 0.02972, [0.09720616666666666], [5.751765], [0.9788095], [0.004043243296912107]]
[800.0, 100.0, 0.018164, [0.059235388888888886], [5.751765], [0.9788095], [0.0031527814488475935]]
[800.0, 800.0, 0.054955, [0.1809432777777778], [5.751765], [0.9788095], [0.005508479714533957]]
[800.0, 400.0, 0.051483, [0.1693537777777778], [5.751765], [0.9788095], [0.005342098555372096]]
[800.0, 200.0, 0.022195, [0.0724543611111111], [5.751765], [0.9788095], [0.0034819341953490077]]
[800.0, 600.0, 0.051102, [0.16808208333333335], [5.751765], [0.9788095], [0.005315222432426778]]
[800.0, 1000.0, 0.050561, [0.16627805555555555], [5.751765], [0.9788095], [0.005276673861158849]]
[800.0, 900.0, 0.055922, [0.18417566666666668], [5.751765], [0.9788095], [0.005563229422281475]]
[800.0, 500.0, 0.052982, [0.17435566666666666], [5.751765], [0.9788095], [0.005414354207242216]]
[800.0, 700.0, 0.051567, [0.1696346111111111], [5.751765], [0.9788095], [0.005350956848782362]]
[900.0, 200.0, 0.013189, [0.035807116666666666], [4.157417], [0.706357], [0.0014997950785949985]]
[900.0, 300.0, 0.019076, [0.05188213333333334], [4.157417], [0.706357], [0.0018008555065733493]]
[900.0, 1000.0, 0.037133, [0.10155221666666665], [4.157417], [0.706357], [0.002530122965830361]]
[900.0, 900.0, 0.037456, [0.10244615], [4.157417], [0.706357], [0.0025382534458866703]]
[900.0, 700.0, 0.036259, [0.09913435], [4.157417], [0.706357], [0.0024971583850448894]]
[900.0, 500.0, 0.035703, [0.09759783333333333], [4.157417], [0.706357], [0.002473408579268698]]
[900.0, 800.0, 0.037306, [0.10202860000000001], [4.157417], [0.706357], [0.002526358270537081]]
[900.0, 400.0, 0.032064, [0.08755176666666666], [4.157417], [0.706357], [0.0023457911482293366]]
[900.0, 100.0, 0.011254, [0.030536633333333334], [4.157417], [0.706357], [0.0013865971537063916]]
[900.0, 600.0, 0.035843, [0.0979834], [4.157417], [0.706357], [0.00247840954825648]]
[1000.0, 700.0, 0.026606, [0.07252746666666667], [4.157417], [0.706357], [0.0016982049346295045]]
[1000.0, 500.0, 0.027269, [0.07435018333333333], [4.157417], [0.706357], [0.0017207185191722156]]
[1000.0, 1000.0, 0.026033, [0.07095343333333334], [4.157417], [0.706357], [0.001680342227047812]]
[1000.0, 200.0, 0.009183, [0.024901116666666664], [4.157417], [0.706357], [0.0009952491312899164]]
[1000.0, 800.0, 0.026406, [0.07197816666666666], [4.157417], [0.706357], [0.0016932529508480285]]
[1000.0, 400.0, 0.017879, [0.048610266666666666], [4.157417], [0.706357], [0.0013866029632803247]]
[1000.0, 300.0, 0.012313, [0.03342013333333334], [4.157417], [0.706357], [0.001152418230408465]]
[1000.0, 600.0, 0.025606, [0.06978076666666666], [4.157417], [0.706357], [0.0016647530681088345]]
[1000.0, 100.0, 0.008668, [0.0235024], [4.157417], [0.706357], [0.0009667594783031035]]
[1000.0, 900.0, 0.026684, [0.07274158333333333], [4.157417], [0.706357], [0.0016976429738512944]]
[1100.0, 700.0, 0.017571, [0.047768450000000004], [4.157417], [0.706357], [0.001103165017372993]]
[1100.0, 900.0, 0.018559, [0.050468316666666665], [4.157417], [0.706357], [0.001136777609444052]]
[1100.0, 200.0, 0.006266, [0.016976166666666667], [4.157417], [0.706357], [0.0006597975278657671]]
[1100.0, 800.0, 0.018042, [0.049055100000000004], [4.157417], [0.706357], [0.0011183599102654249]]
[1100.0, 500.0, 0.015208, [0.041315000000000004], [4.157417], [0.706357], [0.0010277491587607033]]
[1100.0, 400.0, 0.009437, [0.02559275], [4.157417], [0.706357], [0.0008089094167114415]]
[1100.0, 600.0, 0.018258, [0.049645383333333334], [4.157417], [0.706357], [0.0011277215229538423]]
[1100.0, 100.0, 0.005514, [0.014936168333333333], [4.157417], [0.706357], [0.0006170073383320133]]
[1100.0, 1000.0, 0.017981, [0.048888383333333334], [4.157417], [0.706357], [0.0011174670017499398]]
[1100.0, 300.0, 0.007206, [0.01952841666666667], [4.157417], [0.706357], [0.0007079047723152223]]
[1200.0, 100.0, 0.004237, [0.0069078666666666675], [1.5741675], [0.33299695], [0.00028708115502268865]]
[1200.0, 700.0, 0.012476, [0.02042047619047619], [1.5741675], [0.33299695], [0.0004938189373213049]]
[1200.0, 200.0, 0.004067, [0.006630263095238095], [1.5741675], [0.33299695], [0.0002814390206343124]]
[1200.0, 800.0, 0.012919, [0.02115034523809524], [1.5741675], [0.33299695], [0.0005022999821907658]]
[1200.0, 1000.0, 0.012451, [0.02038029761904762], [1.5741675], [0.33299695], [0.0004932802416734292]]
[1200.0, 300.0, 0.005315, [0.008669535714285715], [1.5741675], [0.33299695], [0.0003219784538079424]]
[1200.0, 600.0, 0.012492, [0.020447380952380953], [1.5741675], [0.33299695], [0.0004927438333056751]]
[1200.0, 500.0, 0.008658, [0.01414572619047619], [1.5741675], [0.33299695], [0.00041075517394814404]]
[1200.0, 900.0, 0.012548, [0.020540261904761905], [1.5741675], [0.33299695], [0.0004939790543357572]]
[1200.0, 400.0, 0.006396, [0.010437736904761904], [1.5741675], [0.33299695], [0.0003528599141977154]]
[1300.0, 900.0, 0.008793, [0.014366357142857144], [1.5741675], [0.33299695], [0.000335464784016434]]
[1300.0, 200.0, 0.003017, [0.0049148821428571425], [1.5741675], [0.33299695], [0.00019643820322705772]]
[1300.0, 1000.0, 0.008901, [0.014543857142857143], [1.5741675], [0.33299695], [0.00033822909824924045]]
[1300.0, 500.0, 0.005737, [0.009358936904761904], [1.5741675], [0.33299695], [0.0002703946735393618]]
[1300.0, 100.0, 0.002812, [0.004581460714285715], [1.5741675], [0.33299695], [0.0001894201005431998]]
[1300.0, 600.0, 0.008144, [0.013301666666666668], [1.5741675], [0.33299695], [0.0003227077281035857]]
[1300.0, 300.0, 0.003655, [0.0059566130952380955], [1.5741675], [0.33299695], [0.00021721532442609313]]
[1300.0, 400.0, 0.004293, [0.006999591666666667], [1.5741675], [0.33299695], [0.00023423244530887296]]
[1300.0, 700.0, 0.009554, [0.015615083333333333], [1.5741675], [0.33299695], [0.0003496886775430598]]
[1300.0, 800.0, 0.008857, [0.01447202380952381], [1.5741675], [0.33299695], [0.00033646780935877636]]
[1400.0, 400.0, 0.002764, [0.004503215476190476], [1.5741675], [0.33299695], [0.0001531139365016144]]
[1400.0, 600.0, 0.004815, [0.007852363095238095], [1.5741675], [0.33299695], [0.00020200777919957154]]
[1400.0, 900.0, 0.006277, [0.01024285238095238], [1.5741675], [0.33299695], [0.00023095041727196603]]
[1400.0, 100.0, 0.00213, [0.003469470238095238], [1.5741675], [0.33299695], [0.00013393740711594842]]
[1400.0, 700.0, 0.006485, [0.010583235714285714], [1.5741675], [0.33299695], [0.00023437422713402432]]
[1400.0, 800.0, 0.00646, [0.010543489285714285], [1.5741675], [0.33299695], [0.00023418412673667594]]
[1400.0, 300.0, 0.002285, [0.0037223452380952377], [1.5741675], [0.33299695], [0.0001391105940236563]]
[1400.0, 500.0, 0.003535, [0.005760739285714286], [1.5741675], [0.33299695], [0.00017267548338533258]]
[1400.0, 1000.0, 0.006301, [0.01028312857142857], [1.5741675], [0.33299695], [0.000231505719063663]]
[1400.0, 200.0, 0.002044, [0.0033283690476190483], [1.5741675], [0.33299695], [0.00013115611856730788]]
[1500.0, 400.0, 0.001869, [0.003044240476190476], [1.5741675], [0.33299695], [0.00010273813662196373]]
[1500.0, 200.0, 0.001319, [0.002146807142857143], [1.5741675], [0.33299695], [8.614840462276489e-05]]
[1500.0, 500.0, 0.002152, [0.003505072619047619], [1.5741675], [0.33299695], [0.00010985583084856521]]
[1500.0, 600.0, 0.002867, [0.004671044047619048], [1.5741675], [0.33299695], [0.00012708265027138835]]
[1500.0, 1000.0, 0.004339, [0.0070747690476190474], [1.5741675], [0.33299695], [0.00015629361069398895]]
[1500.0, 800.0, 0.004137, [0.006744553571428572], [1.5741675], [0.33299695], [0.00015253860891880573]]
[1500.0, 300.0, 0.001535, [0.002499727380952381], [1.5741675], [0.33299695], [9.290164531884161e-05]]
[1500.0, 100.0, 0.001233, [0.002007483333333333], [1.5741675], [0.33299695], [8.328444143980941e-05]]
[1500.0, 900.0, 0.00435, [0.007092042857142857], [1.5741675], [0.33299695], [0.00015621846620573855]]
[1500.0, 700.0, 0.003819, [0.006224525000000001], [1.5741675], [0.33299695], [0.00016380329445519836]]
[1600.0, 100.0, 0.000929, [0.0015114047619047622], [1.5741675], [0.33299695], [5.914587159712947e-05]]
[1600.0, 900.0, 0.002909, [0.0047386166666666665], [1.5741675], [0.33299695], [0.0001045057067521395]]
[1600.0, 300.0, 0.000961, [0.0015643202380952383], [1.5741675], [0.33299695], [6.0077366503421187e-05]]
[1600.0, 500.0, 0.00137, [0.002230292857142857], [1.5741675], [0.33299695], [7.16104133758134e-05]]
[1600.0, 1000.0, 0.002928, [0.004769907142857143], [1.5741675], [0.33299695], [0.00010499173247874751]]
[1600.0, 800.0, 0.002892, [0.004711942857142857], [1.5741675], [0.33299695], [0.00010396802829249711]]
[1600.0, 200.0, 0.000911, [0.0014834583333333332], [1.5741675], [0.33299695], [5.868469255768126e-05]]
[1600.0, 700.0, 0.002281, [0.0037156380952380955], [1.5741675], [0.33299695], [9.265958838527123e-05]]
[1600.0, 400.0, 0.00107, [0.0017419630952380954], [1.5741675], [0.33299695], [6.335456590024245e-05]]
[1600.0, 600.0, 0.001739, [0.0028309571428571426], [1.5741675], [0.33299695], [8.088449534553323e-05]]
[1700.0, 900.0, 0.001748, [0.002846747619047619], [1.5741675], [0.33299695], [6.611410033448651e-05]]
[1700.0, 700.0, 0.001289, [0.002098842857142857], [1.5741675], [0.33299695], [5.712324812360092e-05]]
[1700.0, 500.0, 0.000755, [0.0012292678571428572], [1.5741675], [0.33299695], [4.359763718659497e-05]]
[1700.0, 300.0, 0.00061, [0.0009934269047619047], [1.5741675], [0.33299695], [3.917692368226925e-05]]
[1700.0, 800.0, 0.001601, [0.0026073464285714283], [1.5741675], [0.33299695], [6.331197052884153e-05]]
[1700.0, 400.0, 0.000692, [0.0011268305952380952], [1.5741675], [0.33299695], [4.6588704313540556e-05]]
[1700.0, 1000.0, 0.001755, [0.0028582119047619045], [1.5741675], [0.33299695], [6.636247565155459e-05]]
[1700.0, 100.0, 0.000557, [0.0009069051190476189], [1.5741675], [0.33299695], [3.743198101821283e-05]]
[1700.0, 600.0, 0.000919, [0.0014957238095238095], [1.5741675], [0.33299695], [4.812412204340958e-05]]
[1700.0, 200.0, 0.000594, [0.0009664717857142857], [1.5741675], [0.33299695], [3.862798983430869e-05]]
[1800.0, 600.0, 0.000524, [0.0008522045238095238], [1.5741675], [0.33299695], [2.9760273764833265e-05]]
[1800.0, 400.0, 0.000398, [0.0006479720238095238], [1.5741675], [0.33299695], [2.5877510504038473e-05]]
[1800.0, 500.0, 0.000454, [0.0007388066666666666], [1.5741675], [0.33299695], [2.764914462352675e-05]]
[1800.0, 1000.0, 0.001047, [0.0017038321428571427], [1.5741675], [0.33299695], [4.19836243856255e-05]]
[1800.0, 700.0, 0.00061, [0.0009921439285714288], [1.5741675], [0.33299695], [3.2054716011752535e-05]]
[1800.0, 200.0, 0.000319, [0.0005191835714285714], [1.5741675], [0.33299695], [2.319541357433305e-05]]
[1800.0, 800.0, 0.000858, [0.0013969940476190475], [1.5741675], [0.33299695], [3.803544414540033e-05]]
[1800.0, 900.0, 0.000987, [0.0016069202380952381], [1.5741675], [0.33299695], [4.080265750426596e-05]]
[1800.0, 100.0, 0.000307, [0.000499220357142857], [1.5741675], [0.33299695], [2.269183151900866e-05]]
[1800.0, 300.0, 0.000362, [0.0005897946428571428], [1.5741675], [0.33299695], [2.4660552652827087e-05]]
[1900.0, 300.0, 0.000215, [0.0003502741666666667], [1.5741675], [0.33299695], [1.5586998004834704e-05]]
[1900.0, 600.0, 0.000304, [0.00022780312500000002], [0.31281535], [0.21190715000000002], [1.8600053203328927e-05]]
[1900.0, 500.0, 0.000262, [0.0001964854583333333], [0.31281535], [0.21190715000000002], [1.5437355206248537e-05]]
[1900.0, 800.0, 0.000448, [0.0007295550000000001], [1.5741675], [0.33299695], [2.2536028725197963e-05]]
[1900.0, 1000.0, 0.000596, [0.0009698945238095239], [1.5741675], [0.33299695], [2.5949339052833533e-05]]
[1900.0, 100.0, 0.000191, [0.0003108221428571429], [1.5741675], [0.33299695], [1.4717853820731995e-05]]
[1900.0, 900.0, 0.000546, [0.0008881085714285713], [1.5741675], [0.33299695], [2.4794349737622974e-05]]
[1900.0, 200.0, 0.000195, [0.00031699202380952384], [1.5741675], [0.33299695], [1.4828259087758622e-05]]
[1900.0, 400.0, 0.00022, [0.00035751619047619043], [1.5741675], [0.33299695], [1.5708359272069383e-05]]
[1900.0, 700.0, 0.000337, [0.0005483357142857143], [1.5741675], [0.33299695], [1.9508911999193864e-05]]
[2000.0, 300.0, 0.000111, [0.0001807697619047619], [1.5741675], [0.33299695], [9.177193244687622e-06]]
[2000.0, 900.0, 0.000319, [0.00023950354166666667], [0.31281535], [0.21190715000000002], [1.3991951121289538e-05]]
[2000.0, 500.0, 0.000144, [0.0002340386904761905], [1.5741675], [0.33299695], [1.0435268424794144e-05]]
[2000.0, 600.0, 0.000157, [0.0001178266875], [0.31281535], [0.21190715000000002], [9.784973332871173e-06]]
[2000.0, 200.0, 0.000126, [9.436364583333332e-05], [0.31281535], [0.21190715000000002], [8.76144340990684e-06]]
[2000.0, 400.0, 0.000131, [0.00021251119047619048], [1.5741675], [0.33299695], [9.951747957769329e-06]]
[2000.0, 100.0, 0.00011, [8.247752083333333e-05], [0.31281535], [0.21190715000000002], [8.206820926657424e-06]]
[2000.0, 700.0, 0.000217, [0.00016277222916666665], [0.31281535], [0.21190715000000002], [1.1509735085401014e-05]]
[2000.0, 1000.0, 0.000387, [0.0002905285416666667], [0.31281535], [0.21190715000000002], [1.539798135669449e-05]]
[2000.0, 800.0, 0.000225, [0.00036688904761904767], [1.5741675], [0.33299695], [1.3103179410265142e-05]]
