[100.0, 1800.0, 0.826267, [72.1635152], [559.22573], [45.9422579], [3.0120468593964467]]
[100.0, 800.0, 0.827741, [72.4180212], [559.22573], [45.9422579], [3.009590371196718]]
[100.0, 500.0, 0.806447, [915.29501], [6401.9333], [698.12554], [137.98590051563642]]
[100.0, 1100.0, 0.792455, [66.73145360000001], [559.22573], [45.9422579], [2.895898175972353]]
[100.0, 600.0, 0.823198, [71.63886240000001], [559.22573], [45.9422579], [3.0032572887450053]]
[100.0, 1400.0, 0.816294, [70.48336400000001], [559.22573], [45.9422579], [2.9678849798467595]]
[100.0, 1700.0, 0.800322, [67.93185559999999], [559.22573], [45.9422579], [2.9179231342172125]]
[100.0, 100.0, 0.82596, [72.1107422], [559.22573], [45.9422579], [3.0072259305213502]]
[100.0, 1200.0, 0.835045, [73.70471219999999], [559.22573], [45.9422579], [3.0395312592569272]]
[100.0, 1000.0, 0.819855, [71.0752154], [559.22573], [45.9422579], [2.9901566581702705]]
[100.0, 2000.0, 0.801638, [68.1361562], [559.22573], [45.9422579], [2.915958175763157]]
[100.0, 400.0, 0.849185, [1002.7587033333333], [6115.6802], [692.13725], [144.73574845213605]]
[100.0, 1600.0, 0.805705, [913.7704566666667], [6401.9333], [698.12554], [137.75606343178592]]
[100.0, 1300.0, 0.832186, [73.19600399999999], [559.22573], [45.9422579], [3.0314687083326457]]
[100.0, 1500.0, 0.808004, [69.13900000000001], [559.22573], [45.9422579], [2.945420446523722]]
[100.0, 900.0, 0.837705, [983.8972966666666], [6401.9333], [698.12554], [143.51615865663197]]
[100.0, 1900.0, 0.862568, [1046.00741], [6401.9333], [698.12554], [147.9277547581176]]
[100.0, 200.0, 0.822699, [71.55414139999999], [559.22573], [45.9422579], [2.9892171986658984]]
[100.0, 700.0, 0.84085, [1008.6922766666664], [5983.4341], [710.82732], [145.59219452902607]]
[100.0, 300.0, 0.828988, [72.63465020000001], [559.22573], [45.9422579], [3.0212029939744203]]
[200.0, 1800.0, 0.869785, [45.774525999999994], [232.580215], [24.307993500000002], [1.8579312948142082]]
[200.0, 700.0, 0.843236, [42.6892655], [232.580215], [24.307993500000002], [1.7975428106167597]]
[200.0, 2000.0, 0.860493, [44.641597000000004], [232.580215], [24.307993500000002], [1.8316674197981464]]
[200.0, 1300.0, 0.870476, [45.861403], [232.580215], [24.307993500000002], [1.8614572136501017]]
[200.0, 1400.0, 0.858736, [44.434278], [232.580215], [24.307993500000002], [1.833998881201949]]
[200.0, 400.0, 0.877466, [46.761778], [232.580215], [24.307993500000002], [1.8825579039567417]]
[200.0, 1900.0, 0.880725, [47.195893500000004], [232.580215], [24.307993500000002], [1.893906098781035]]
[200.0, 1700.0, 0.873345, [46.226061], [232.580215], [24.307993500000002], [1.8701066817163132]]
[200.0, 500.0, 0.858565, [44.414139], [232.580215], [24.307993500000002], [1.8331673754052027]]
[200.0, 1500.0, 0.860533, [44.6463255], [232.580215], [24.307993500000002], [1.8380601479549032]]
[200.0, 100.0, 0.876299, [46.60853049999999], [232.580215], [24.307993500000002], [1.8703353595679038]]
[200.0, 600.0, 0.874108, [46.324183500000004], [232.580215], [24.307993500000002], [1.877150765055913]]
[200.0, 1000.0, 0.883646, [47.59338150000001], [232.580215], [24.307993500000002], [1.8991825733062107]]
[200.0, 1200.0, 0.869567, [45.7472085], [232.580215], [24.307993500000002], [1.862969915148927]]
[200.0, 300.0, 0.879516, [47.033727999999996], [232.580215], [24.307993500000002], [1.8828566409182617]]
[200.0, 1600.0, 0.847109, [43.111841500000004], [232.580215], [24.307993500000002], [1.80417441063773]]
[200.0, 900.0, 0.863432, [44.993123], [232.580215], [24.307993500000002], [1.8429905768885526]]
[200.0, 800.0, 0.87169, [46.014871], [232.580215], [24.307993500000002], [1.867685474524552]]
[200.0, 1100.0, 0.841547, [42.507549000000004], [232.580215], [24.307993500000002], [1.793073136196625]]
[200.0, 200.0, 0.86911, [45.6901725], [232.580215], [24.307993500000002], [1.8575690931295126]]
[300.0, 2000.0, 0.805054, [14.2217747], [58.226357], [5.8080827], [0.639867912287372]]
[300.0, 400.0, 0.805167, [14.22583435], [58.226357], [5.8080827], [0.6394037205475113]]
[300.0, 1000.0, 0.781511, [13.4115548], [58.226357], [5.8080827], [0.6226158155315362]]
[300.0, 200.0, 0.803053, [14.14979125], [58.226357], [5.8080827], [0.6385711038521865]]
[300.0, 1600.0, 0.807027, [14.293349000000001], [58.226357], [5.8080827], [0.6437400525639212]]
[300.0, 1300.0, 0.823927, [14.933129749999999], [58.226357], [5.8080827], [0.6573943525198555]]
[300.0, 800.0, 0.816739, [14.65491265], [58.226357], [5.8080827], [0.6508475148028146]]
[300.0, 700.0, 0.821558, [14.840387449999998], [58.226357], [5.8080827], [0.6565001183358614]]
[300.0, 300.0, 0.800344, [14.05333965], [58.226357], [5.8080827], [0.6381293440792392]]
[300.0, 900.0, 0.802862, [14.142958199999999], [58.226357], [5.8080827], [0.6395666694332969]]
[300.0, 600.0, 0.826577, [15.038173500000001], [58.226357], [5.8080827], [0.6607394729959759]]
[300.0, 1400.0, 0.814615, [14.574486499999999], [58.226357], [5.8080827], [0.6491991489519993]]
[300.0, 500.0, 0.7854, [13.540194499999998], [58.226357], [5.8080827], [0.6258956936063708]]
[300.0, 1200.0, 0.829243, [15.14521155], [58.226357], [5.8080827], [0.6622538528577995]]
[300.0, 100.0, 0.502013, [6.9739152], [58.226357], [5.8080827], [0.450164349404748]]
[300.0, 1100.0, 0.798733, [13.9965168], [58.226357], [5.8080827], [0.6362053273904581]]
[300.0, 1900.0, 0.794306, [13.842279499999998], [58.226357], [5.8080827], [0.6331311502169199]]
[300.0, 1500.0, 0.816729, [14.654537800000002], [58.226357], [5.8080827], [0.6495509566616001]]
[300.0, 1700.0, 0.845809, [15.844348449999998], [58.226357], [5.8080827], [0.6756053028026053]]
[300.0, 1800.0, 0.791266, [13.73794135], [58.226357], [5.8080827], [0.629017114810877]]
[400.0, 900.0, 0.651877, [5.7714993], [20.9567463], [2.31092232], [0.278650639870071]]
[400.0, 1200.0, 0.672626, [6.0725577500000005], [20.9567463], [2.31092232], [0.2853136241927469]]
[400.0, 1500.0, 0.644584, [5.66939065], [20.9567463], [2.31092232], [0.2769678134278422]]
[400.0, 200.0, 0.659324, [5.877699450000001], [20.9567463], [2.31092232], [0.28020824693431134]]
[400.0, 1600.0, 0.659454, [5.8795688], [20.9567463], [2.31092232], [0.28125797255366825]]
[400.0, 500.0, 0.655836, [5.82770475], [20.9567463], [2.31092232], [0.2800616850802694]]
[400.0, 1700.0, 0.654536, [5.809192550000001], [20.9567463], [2.31092232], [0.2791719904019742]]
[400.0, 300.0, 0.65129, [5.7632085], [20.9567463], [2.31092232], [0.2779265572952682]]
[400.0, 1300.0, 0.658415, [5.86463115], [20.9567463], [2.31092232], [0.28118753639697475]]
[400.0, 1400.0, 0.6759, [6.1215847], [20.9567463], [2.31092232], [0.28698432426702336]]
[400.0, 1100.0, 0.682816, [6.2266064], [20.9567463], [2.31092232], [0.28937497516198596]]
[400.0, 800.0, 0.6471, [5.70440605], [20.9567463], [2.31092232], [0.27703043898640456]]
[400.0, 100.0, 0.320102, [2.292932705], [20.9567463], [2.31092232], [0.1753449441386891]]
[400.0, 1000.0, 0.684009, [6.2449201500000004], [20.9567463], [2.31092232], [0.28929033141465343]]
[400.0, 400.0, 0.663121, [5.93262845], [20.9567463], [2.31092232], [0.28250614188013684]]
[400.0, 1800.0, 0.653179, [5.78992575], [20.9567463], [2.31092232], [0.27921498925559135]]
[400.0, 2000.0, 0.66127, [5.9057789], [20.9567463], [2.31092232], [0.2809092477562816]]
[400.0, 600.0, 0.669636, [6.0281662], [20.9567463], [2.31092232], [0.28417053511052126]]
[400.0, 700.0, 0.633463, [5.5171501], [20.9567463], [2.31092232], [0.2718104687093564]]
[400.0, 1900.0, 0.647652, [5.71211865], [20.9567463], [2.31092232], [0.2767530671013422]]
[500.0, 1700.0, 0.515099, [2.5871216], [7.791122499999999], [0.8690443999999999], [0.13468017918387248]]
[500.0, 1100.0, 0.533888, [2.33316195], [5.1860277], [0.62919969], [0.12785648411402525]]
[500.0, 300.0, 0.553083, [2.87592515], [7.791122499999999], [0.8690443999999999], [0.14185889286541045]]
[500.0, 1300.0, 0.528852, [2.6889925999999997], [7.791122499999999], [0.8690443999999999], [0.13668923050116275]]
[500.0, 1800.0, 0.519278, [2.61776865], [7.791122499999999], [0.8690443999999999], [0.13500109151410591]]
[500.0, 1400.0, 0.499957, [2.4782485000000003], [7.791122499999999], [0.8690443999999999], [0.13171747775067666]]
[500.0, 600.0, 0.488208, [2.039038715], [5.1860277], [0.62919969], [0.11912193774657966]]
[500.0, 1900.0, 0.518673, [2.61331455], [7.791122499999999], [0.8690443999999999], [0.134771335583647]]
[500.0, 1200.0, 0.542144, [2.79030745], [7.791122499999999], [0.8690443999999999], [0.13916793639340924]]
[500.0, 800.0, 0.546269, [2.822351], [7.791122499999999], [0.8690443999999999], [0.14076607136487115]]
[500.0, 1000.0, 0.512506, [2.5682419], [7.791122499999999], [0.8690443999999999], [0.13387890438750985]]
[500.0, 2000.0, 0.532234, [2.7144971], [7.791122499999999], [0.8690443999999999], [0.13780767613779718]]
[500.0, 700.0, 0.518685, [2.6134027499999997], [7.791122499999999], [0.8690443999999999], [0.13513581267561905]]
[500.0, 100.0, 0.236676, [0.807853445], [5.1860277], [0.62919969], [0.07500731318178248]]
[500.0, 200.0, 0.409724, [1.8904591999999998], [7.791122499999999], [0.8690443999999999], [0.114625940988504]]
[500.0, 1500.0, 0.51121, [2.5588387999999997], [7.791122499999999], [0.8690443999999999], [0.13320785409464414]]
[500.0, 900.0, 0.523784, [2.6511107], [7.791122499999999], [0.8690443999999999], [0.1356426519480506]]
[500.0, 1600.0, 0.524791, [2.6586028], [7.791122499999999], [0.8690443999999999], [0.13620431204627848]]
[500.0, 500.0, 0.539796, [2.7721995], [7.791122499999999], [0.8690443999999999], [0.1387836014358325]]
[500.0, 400.0, 0.520935, [2.62999415], [7.791122499999999], [0.8690443999999999], [0.1356315884206183]]
[600.0, 200.0, 0.231406, [0.563599225], [2.4049655700000003], [0.37064237], [0.046804356525327856]]
[600.0, 1400.0, 0.410264, [1.19835968], [2.4049655700000003], [0.37064237], [0.06817230109252584]]
[600.0, 1900.0, 0.389911, [1.31673486], [3.79467711], [0.488997607], [0.07151521462772799]]
[600.0, 100.0, 0.186501, [0.43591086], [2.4049655700000003], [0.37064237], [0.04118971011065749]]
[600.0, 800.0, 0.408487, [1.40361284], [3.79467711], [0.488997607], [0.07367056708754183]]
[600.0, 1200.0, 0.400056, [1.36379152], [3.79467711], [0.488997607], [0.07279381272986049]]
[600.0, 600.0, 0.377263, [1.2593485100000001], [3.79467711], [0.488997607], [0.06985608658878624]]
[600.0, 1600.0, 0.395613, [1.137047695], [2.4049655700000003], [0.37064237], [0.06642703212548337]]
[600.0, 400.0, 0.389492, [1.112008695], [2.4049655700000003], [0.37064237], [0.06563980724948848]]
[600.0, 500.0, 0.394277, [1.13155455], [2.4049655700000003], [0.37064237], [0.06633289826322983]]
[600.0, 1100.0, 0.411089, [1.201872735], [2.4049655700000003], [0.37064237], [0.06837215223868559]]
[600.0, 300.0, 0.382697, [1.28383479], [3.79467711], [0.488997607], [0.07056594610362707]]
[600.0, 1700.0, 0.399487, [1.153065305], [2.4049655700000003], [0.37064237], [0.06679527250674257]]
[600.0, 1500.0, 0.37446, [1.051913135], [2.4049655700000003], [0.37064237], [0.06378160810923476]]
[600.0, 1800.0, 0.412263, [1.20688127], [2.4049655700000003], [0.37064237], [0.06854624956735415]]
[600.0, 1000.0, 0.402091, [1.3733406400000001], [3.79467711], [0.488997607], [0.07309555188929077]]
[600.0, 2000.0, 0.419768, [1.4579558], [3.79467711], [0.488997607], [0.0753890996464343]]
[600.0, 700.0, 0.414994, [1.4348099150000002], [3.79467711], [0.488997607], [0.07459221250908167]]
[600.0, 1300.0, 0.422807, [1.2524610699999998], [2.4049655700000003], [0.37064237], [0.06958118185615994]]
[600.0, 900.0, 0.372897, [1.2398594950000001], [3.79467711], [0.488997607], [0.06931025751106397]]
[700.0, 2000.0, 0.323335, [0.7134936550000001], [1.3927583600000002], [0.327988752], [0.040329054018164126]]
[700.0, 100.0, 0.110086, [0.1897772205], [1.3927583600000002], [0.327988752], [0.020830756704330256]]
[700.0, 1000.0, 0.309225, [0.6705632850000001], [1.3927583600000002], [0.327988752], [0.03891002655486116]]
[700.0, 600.0, 0.295249, [0.6294035299999999], [1.3927583600000002], [0.327988752], [0.037817192432807595]]
[700.0, 1400.0, 0.298914, [0.77687589], [2.4049655700000003], [0.37064237], [0.04200864192341857]]
[700.0, 1900.0, 0.293326, [0.62384154], [1.3927583600000002], [0.327988752], [0.03775661447680393]]
[700.0, 200.0, 0.144604, [0.258888315], [1.3927583600000002], [0.327988752], [0.024247121599274418]]
[700.0, 400.0, 0.295797, [0.704505095], [1.9087754], [0.35448364], [0.04001319568279945]]
[700.0, 1300.0, 0.299462, [0.71606395], [1.9087754], [0.35448364], [0.04034563117612612]]
[700.0, 1100.0, 0.290082, [0.6145185550000001], [1.3927583600000002], [0.327988752], [0.037329342007996875]]
[700.0, 800.0, 0.311997, [0.678885935], [1.3927583600000002], [0.327988752], [0.03932681970042835]]
[700.0, 1500.0, 0.297887, [0.6370712949999999], [1.3927583600000002], [0.327988752], [0.03800449129050407]]
[700.0, 1600.0, 0.298728, [0.71374282], [1.9087754], [0.35448364], [0.04027884199241582]]
[700.0, 1800.0, 0.296302, [0.6324579450000001], [1.3927583600000002], [0.327988752], [0.03779658442901951]]
[700.0, 1200.0, 0.298117, [0.711810995], [1.9087754], [0.35448364], [0.04016981776470986]]
[700.0, 700.0, 0.281968, [0.59149811], [1.3927583600000002], [0.327988752], [0.03654288135191312]]
[700.0, 900.0, 0.301125, [0.721341005], [1.9087754], [0.35448364], [0.04038734155029271]]
[700.0, 300.0, 0.235164, [0.525432635], [1.9087754], [0.35448364], [0.034570923783578594]]
[700.0, 500.0, 0.313349, [0.760695355], [1.9087754], [0.35448364], [0.0415612298121699]]
[700.0, 1700.0, 0.3118, [0.6782930349999999], [1.3927583600000002], [0.327988752], [0.03922671121187704]]
[800.0, 300.0, 0.142513, [0.22447960849999998], [1.0282880300000001], [0.292274857], [0.01758259872501787]]
[800.0, 100.0, 0.080265, [0.116980934], [1.0282880300000001], [0.292274857], [0.012688362901690668]]
[800.0, 1800.0, 0.221952, [0.38733127999999994], [1.0282880300000001], [0.292274857], [0.023065237403937556]]
[800.0, 800.0, 0.233545, [0.413843955], [1.0282880300000001], [0.292274857], [0.0238140352880397]]
[800.0, 400.0, 0.214882, [0.371529025], [1.0282880300000001], [0.292274857], [0.022652522993035454]]
[800.0, 200.0, 0.097653, [0.14541210599999999], [1.0282880300000001], [0.292274857], [0.014123673080151637]]
[800.0, 1700.0, 0.213613, [0.41342059500000006], [1.3927583600000002], [0.327988752], [0.02382916022072536]]
[800.0, 600.0, 0.22529, [0.39488879499999996], [1.0282880300000001], [0.292274857], [0.02330954901590762]]
[800.0, 1600.0, 0.223458, [0.390732615], [1.0282880300000001], [0.292274857], [0.023145003601209482]]
[800.0, 1000.0, 0.204007, [0.34775030500000004], [1.0282880300000001], [0.292274857], [0.02177696526435674]]
[800.0, 1100.0, 0.238789, [0.42608538], [1.0282880300000001], [0.292274857], [0.024161079675792636]]
[800.0, 1500.0, 0.218793, [0.38023730499999997], [1.0282880300000001], [0.292274857], [0.022846248029490535]]
[800.0, 1400.0, 0.219424, [0.38164997500000003], [1.0282880300000001], [0.292274857], [0.022931123113576448]]
[800.0, 1200.0, 0.217409, [0.377146385], [1.0282880300000001], [0.292274857], [0.022784243912186333]]
[800.0, 900.0, 0.216834, [0.375864545], [1.0282880300000001], [0.292274857], [0.022748358844650752]]
[800.0, 1300.0, 0.219004, [0.380708685], [1.0282880300000001], [0.292274857], [0.022957596852131543]]
[800.0, 2000.0, 0.212984, [0.36733413500000006], [1.0282880300000001], [0.292274857], [0.022480478285058794]]
[800.0, 500.0, 0.218964, [0.38062097500000003], [1.0282880300000001], [0.292274857], [0.022869300556641426]]
[800.0, 1900.0, 0.203264, [0.38874125499999995], [1.3927583600000002], [0.327988752], [0.02314920198732561]]
[800.0, 700.0, 0.214876, [0.37151555], [1.0282880300000001], [0.292274857], [0.022651709485158066]]
[900.0, 200.0, 0.055258, [0.0781073475], [1.0282880300000001], [0.292274857], [0.00818787654095981]]
[900.0, 1100.0, 0.129616, [0.221967795], [1.36322116], [0.208233144], [0.006153912321442353]]
[900.0, 300.0, 0.069449, [0.111235733], [1.36322116], [0.208233144], [0.0043529896769921245]]
[900.0, 1000.0, 0.131615, [0.22590112299999998], [1.36322116], [0.208233144], [0.006229534403950267]]
[900.0, 900.0, 0.146975, [0.232821491], [1.0282880300000001], [0.292274857], [0.014142897425916658]]
[900.0, 1600.0, 0.134627, [0.209955739], [1.0282880300000001], [0.292274857], [0.013386287481038199]]
[900.0, 700.0, 0.152371, [0.243027897], [1.0282880300000001], [0.292274857], [0.014446509709961088]]
[900.0, 1900.0, 0.139142, [0.2182384785], [1.0282880300000001], [0.292274857], [0.01366662398601059]]
[900.0, 500.0, 0.135234, [0.23306433499999998], [1.36322116], [0.208233144], [0.00631520280671967]]
[900.0, 1400.0, 0.132425, [0.227498474], [1.36322116], [0.208233144], [0.00623108168137764]]
[900.0, 1200.0, 0.133969, [0.2087563415], [1.0282880300000001], [0.292274857], [0.013309819769628738]]
[900.0, 1500.0, 0.133386, [0.22939844899999998], [1.36322116], [0.208233144], [0.006255029932782097]]
[900.0, 800.0, 0.129749, [0.22852237800000003], [1.3927583600000002], [0.327988752], [0.013959224112571587]]
[900.0, 400.0, 0.113353, [0.172121467], [1.0282880300000001], [0.292274857], [0.01214051266524606]]
[900.0, 100.0, 0.050564, [0.07933918300000001], [1.36322116], [0.208233144], [0.0036872042555301976]]
[900.0, 600.0, 0.13039, [0.22348811799999999], [1.36322116], [0.208233144], [0.0061889308349665694]]
[900.0, 1800.0, 0.133284, [0.229197647], [1.36322116], [0.208233144], [0.006279976568427624]]
[900.0, 2000.0, 0.132643, [0.227930213], [1.36322116], [0.208233144], [0.00623356076331979]]
[900.0, 1700.0, 0.137261, [0.21477721649999998], [1.0282880300000001], [0.292274857], [0.013610952894635995]]
[900.0, 1300.0, 0.138758, [0.21752913000000001], [1.0282880300000001], [0.292274857], [0.013675940818642058]]
[1000.0, 1600.0, 0.091154, [0.149529674], [1.36322116], [0.208233144], [0.004023746220377224]]
[1000.0, 1400.0, 0.095172, [0.156816807], [1.36322116], [0.208233144], [0.004126758647534406]]
[1000.0, 1500.0, 0.093234, [0.15329405000000002], [1.36322116], [0.208233144], [0.0040723062492892155]]
[1000.0, 700.0, 0.09097, [0.13434364299999998], [1.0282880300000001], [0.292274857], [0.008548081248151542]]
[1000.0, 1900.0, 0.095012, [0.156526923], [1.36322116], [0.208233144], [0.00412484665945293]]
[1000.0, 1800.0, 0.092732, [0.152385149], [1.36322116], [0.208233144], [0.004071210639600953]]
[1000.0, 500.0, 0.089318, [0.146220165], [1.36322116], [0.208233144], [0.003979609141863055]]
[1000.0, 1000.0, 0.087774, [0.143447353], [1.36322116], [0.208233144], [0.003945271142012929]]
[1000.0, 200.0, 0.032659, [0.050263318], [1.36322116], [0.208233144], [0.0023359333530732418]]
[1000.0, 1100.0, 0.091855, [0.150796961], [1.36322116], [0.208233144], [0.004043235823941018]]
[1000.0, 2000.0, 0.090084, [0.147599662], [1.36322116], [0.208233144], [0.003992096790284524]]
[1000.0, 1700.0, 0.091575, [0.150289811], [1.36322116], [0.208233144], [0.004020974752469854]]
[1000.0, 800.0, 0.090998, [0.14924826700000002], [1.36322116], [0.208233144], [0.004032264156277463]]
[1000.0, 1300.0, 0.091851, [0.15078917], [1.36322116], [0.208233144], [0.004060579474163756]]
[1000.0, 400.0, 0.066104, [0.105490924], [1.36322116], [0.208233144], [0.0033715044557289255]]
[1000.0, 300.0, 0.044593, [0.06951992600000001], [1.36322116], [0.208233144], [0.0027437317993929365]]
[1000.0, 600.0, 0.089746, [0.146990445], [1.36322116], [0.208233144], [0.003985838429740975]]
[1000.0, 1200.0, 0.089919, [0.14730331], [1.36322116], [0.208233144], [0.003984082398620791]]
[1000.0, 100.0, 0.030422, [0.0467082014], [1.36322116], [0.208233144], [0.002249854622858997]]
[1000.0, 900.0, 0.090315, [0.148015182], [1.36322116], [0.208233144], [0.004003335385400529]]
[1100.0, 1300.0, 0.06293, [0.050248863000000005], [0.299048666], [0.074228532], [0.001321423574691325]]
[1100.0, 1800.0, 0.064515, [0.051701615], [0.299048666], [0.074228532], [0.0013425593150769913]]
[1100.0, 2000.0, 0.061333, [0.048795474], [0.299048666], [0.074228532], [0.0013050464929457494]]
[1100.0, 700.0, 0.062296, [0.0496707855], [0.299048666], [0.074228532], [0.0013148885459422026]]
[1100.0, 900.0, 0.060165, [0.0477384705], [0.299048666], [0.074228532], [0.0012902291782857804]]
[1100.0, 200.0, 0.02593, [0.01902542355], [0.299048666], [0.074228532], [0.0008157083585755389]]
[1100.0, 1900.0, 0.061315, [0.048779132499999996], [0.299048666], [0.074228532], [0.0013064798152860992]]
[1100.0, 1500.0, 0.061422, [0.04887603000000001], [0.299048666], [0.074228532], [0.0013062670769218674]]
[1100.0, 800.0, 0.059887, [0.047487027], [0.299048666], [0.074228532], [0.0012862546666582012]]
[1100.0, 500.0, 0.05588, [0.043905813], [0.299048666], [0.074228532], [0.0012373974763591528]]
[1100.0, 1700.0, 0.061277, [0.048743828], [0.299048666], [0.074228532], [0.0013036647757379961]]
[1100.0, 400.0, 0.037415, [0.0281820805], [0.299048666], [0.074228532], [0.0009920560983381938]]
[1100.0, 600.0, 0.065028, [0.0521738525], [0.299048666], [0.074228532], [0.0013475726071347695]]
[1100.0, 1400.0, 0.063567, [0.05083193849999999], [0.299048666], [0.074228532], [0.0013285137142686934]]
[1100.0, 100.0, 0.020628, [0.014953535799999999], [0.299048666], [0.074228532], [0.0007211235708427508]]
[1100.0, 1100.0, 0.063075, [0.050381506], [0.299048666], [0.074228532], [0.0013235395705266993]]
[1100.0, 1000.0, 0.059169, [0.0468410355], [0.299048666], [0.074228532], [0.0012776936743601728]]
[1100.0, 300.0, 0.028646, [0.02114879935], [0.299048666], [0.074228532], [0.0008605322886155987]]
[1100.0, 1200.0, 0.06213, [0.049519792], [0.299048666], [0.074228532], [0.0013164385997835222]]
[1100.0, 1600.0, 0.062101, [0.049492891000000004], [0.299048666], [0.074228532], [0.0013078902260893303]]
[1200.0, 100.0, 0.017905, [0.012899208350000002], [0.299048666], [0.074228532], [0.0005426737832943472]]
[1200.0, 1400.0, 0.051915, [0.040421790500000006], [0.299048666], [0.074228532], [0.0009591663952359883]]
[1200.0, 1700.0, 0.055418, [0.043496271], [0.299048666], [0.074228532], [0.0009991888799171056]]
[1200.0, 1800.0, 0.053123, [0.041476588999999994], [0.299048666], [0.074228532], [0.000971425463429902]]
[1200.0, 700.0, 0.053932, [0.042186991], [0.299048666], [0.074228532], [0.00098082775042308]]
[1200.0, 200.0, 0.019948, [0.014437950449999999], [0.299048666], [0.074228532], [0.0005729525496278029]]
[1200.0, 1900.0, 0.050696, [0.0393629985], [0.299048666], [0.074228532], [0.0009458323288247237]]
[1200.0, 1200.0, 0.053336, [0.0416638425], [0.299048666], [0.074228532], [0.0009742100838628187]]
[1200.0, 1100.0, 0.053232, [0.0415723105], [0.299048666], [0.074228532], [0.0009696866634382469]]
[1200.0, 1300.0, 0.053635, [0.0419261395], [0.299048666], [0.074228532], [0.0009768777074178733]]
[1200.0, 2000.0, 0.055046, [0.0431676525], [0.299048666], [0.074228532], [0.0009926875763552195]]
[1200.0, 800.0, 0.054114, [0.0423462655], [0.299048666], [0.074228532], [0.000982673285100394]]
[1200.0, 1600.0, 0.054412, [0.042609126], [0.299048666], [0.074228532], [0.000986650316601581]]
[1200.0, 1000.0, 0.056549, [0.044499251999999996], [0.299048666], [0.074228532], [0.001008744471608147]]
[1200.0, 1500.0, 0.052615, [0.041032355], [0.299048666], [0.074228532], [0.0009652667316602184]]
[1200.0, 300.0, 0.022701, [0.01653391075], [0.299048666], [0.074228532], [0.0006149028039657975]]
[1200.0, 600.0, 0.051895, [0.040404077000000004], [0.299048666], [0.074228532], [0.000957399374999796]]
[1200.0, 500.0, 0.038544, [0.029107224999999997], [0.299048666], [0.074228532], [0.000814208024862197]]
[1200.0, 900.0, 0.052769, [0.041167251999999994], [0.299048666], [0.074228532], [0.000967370330586999]]
[1200.0, 400.0, 0.028808, [0.02127626305], [0.299048666], [0.074228532], [0.0006961805517428651]]
[1300.0, 1600.0, 0.040551, [0.030763792499999998], [0.299048666], [0.074228532], [0.0006794581514891113]]
[1300.0, 1700.0, 0.040618, [0.030819236], [0.299048666], [0.074228532], [0.0006773866761311443]]
[1300.0, 900.0, 0.040898, [0.031051398], [0.299048666], [0.074228532], [0.0006818313905761452]]
[1300.0, 200.0, 0.014228, [0.0101648246], [0.299048666], [0.074228532], [0.0003906659252161622]]
[1300.0, 1800.0, 0.03988, [0.030208279499999997], [0.299048666], [0.074228532], [0.0006709637561187639]]
[1300.0, 1000.0, 0.040768, [0.030943475499999998], [0.299048666], [0.074228532], [0.000682429281977261]]
[1300.0, 1400.0, 0.039691, [0.030051895999999998], [0.299048666], [0.074228532], [0.0006706409931364172]]
[1300.0, 1200.0, 0.039695, [0.0300555955], [0.299048666], [0.074228532], [0.0006703897533151891]]
[1300.0, 500.0, 0.024889, [0.018218829649999997], [0.299048666], [0.074228532], [0.0005209633935556317]]
[1300.0, 100.0, 0.012703, [0.00904395205], [0.299048666], [0.074228532], [0.0003679931807452416]]
[1300.0, 1100.0, 0.040599, [0.030803556000000003], [0.299048666], [0.074228532], [0.000679343119877577]]
[1300.0, 2000.0, 0.040566, [0.030776287500000003], [0.299048666], [0.074228532], [0.0006782472667840248]]
[1300.0, 1300.0, 0.039677, [0.030040969000000004], [0.299048666], [0.074228532], [0.0006695640675469376]]
[1300.0, 1500.0, 0.04045, [0.030680125000000003], [0.299048666], [0.074228532], [0.0006786043152493211]]
[1300.0, 600.0, 0.03541, [0.026549523000000002], [0.299048666], [0.074228532], [0.000629992001477003]]
[1300.0, 300.0, 0.016613, [0.01193347715], [0.299048666], [0.074228532], [0.00042619558060238023]]
[1300.0, 1900.0, 0.041709, [0.031726250500000004], [0.299048666], [0.074228532], [0.0006890499449967325]]
[1300.0, 400.0, 0.019626, [0.014194466999999999], [0.299048666], [0.074228532], [0.00046101487964056]]
[1300.0, 700.0, 0.039167, [0.02962001], [0.299048666], [0.074228532], [0.0006653244196818571]]
[1300.0, 800.0, 0.04138, [0.031452071000000005], [0.299048666], [0.074228532], [0.0006848742638251199]]
[1400.0, 1100.0, 0.025562, [0.01873999855], [0.299048666], [0.074228532], [0.00043060546513020483]]
[1400.0, 400.0, 0.011238, [0.00797438495], [0.299048666], [0.074228532], [0.0002814098838438338]]
[1400.0, 1500.0, 0.026255, [0.01927808225], [0.299048666], [0.074228532], [0.00043813823406546024]]
[1400.0, 1800.0, 0.025906, [0.0190072372], [0.299048666], [0.074228532], [0.00043344031512423947]]
[1400.0, 1600.0, 0.026979, [0.0198425892], [0.299048666], [0.074228532], [0.0004448071993572047]]
[1400.0, 1400.0, 0.027019, [0.019873902649999997], [0.299048666], [0.074228532], [0.00044350779457637496]]
[1400.0, 600.0, 0.019414, [0.01403424925], [0.299048666], [0.074228532], [0.000373087702189445]]
[1400.0, 1700.0, 0.025233, [0.0184848286], [0.299048666], [0.074228532], [0.00042895274206490396]]
[1400.0, 900.0, 0.025553, [0.0187331606], [0.299048666], [0.074228532], [0.0004314747718291302]]
[1400.0, 100.0, 0.008726, [0.006156700550000001], [0.299048666], [0.074228532], [0.0002462680236043649]]
[1400.0, 700.0, 0.02555, [0.018730815949999997], [0.299048666], [0.074228532], [0.00043039450618008587]]
[1400.0, 2000.0, 0.025737, [0.0188757947], [0.299048666], [0.074228532], [0.00043066693470708887]]
[1400.0, 800.0, 0.02598, [0.019064412849999997], [0.299048666], [0.074228532], [0.00043474419863869375]]
[1400.0, 1300.0, 0.02644, [0.0194224191], [0.299048666], [0.074228532], [0.0004394932621212753]]
[1400.0, 300.0, 0.010658, [0.007552872249999999], [0.299048666], [0.074228532], [0.0002745138357624257]]
[1400.0, 1200.0, 0.025457, [0.01865815385], [0.299048666], [0.074228532], [0.0004299752792021885]]
[1400.0, 500.0, 0.014647, [0.010473860250000001], [0.299048666], [0.074228532], [0.00032200597086855394]]
[1400.0, 1000.0, 0.025835, [0.01895175205], [0.299048666], [0.074228532], [0.0004345543804001981]]
[1400.0, 200.0, 0.009531, [0.006736667000000001], [0.299048666], [0.074228532], [0.00025777143819670945]]
[1400.0, 1900.0, 0.025867, [0.0189764456], [0.299048666], [0.074228532], [0.0004343220526867132]]
[1500.0, 1500.0, 0.014421, [0.01030682415], [0.299048666], [0.074228532], [0.0007216220367685565]]
[1500.0, 1100.0, 0.01524, [0.0109128341], [0.299048666], [0.074228532], [0.0007408114146495045]]
[1500.0, 1800.0, 0.01488, [0.01064600705], [0.299048666], [0.074228532], [0.0007381678018242193]]
[1500.0, 400.0, 0.007006, [0.004923287250000001], [0.299048666], [0.074228532], [0.0004973270684368588]]
[1500.0, 200.0, 0.005889, [0.0041283382000000006], [0.299048666], [0.074228532], [0.00045589859113623067]]
[1500.0, 500.0, 0.007125, [0.00500869425], [0.299048666], [0.074228532], [0.0005059544228732466]]
[1500.0, 1300.0, 0.014953, [0.01070028925], [0.299048666], [0.074228532], [0.0007383900461984845]]
[1500.0, 600.0, 0.008052, [0.005671840650000001], [0.299048666], [0.074228532], [0.0005383472365490511]]
[1500.0, 1000.0, 0.013627, [0.009722139], [0.299048666], [0.074228532], [0.0007016349164986019]]
[1500.0, 2000.0, 0.013567, [0.0096776911], [0.299048666], [0.074228532], [0.0007039483577472143]]
[1500.0, 800.0, 0.014787, [0.010577546699999999], [0.299048666], [0.074228532], [0.0007334209529833464]]
[1500.0, 1700.0, 0.014691, [0.01050621985], [0.299048666], [0.074228532], [0.0007215701301675396]]
[1500.0, 1200.0, 0.013975, [0.0099783257], [0.299048666], [0.074228532], [0.0007127374666032367]]
[1500.0, 300.0, 0.004966, [0.00347393095], [0.299048666], [0.074228532], [0.0004182119859293849]]
[1500.0, 1400.0, 0.014519, [0.010379706749999999], [0.299048666], [0.074228532], [0.000721439598511199]]
[1500.0, 100.0, 0.004879, [0.0034121885], [0.299048666], [0.074228532], [0.0004168651061494593]]
[1500.0, 900.0, 0.014492, [0.0103591439], [0.299048666], [0.074228532], [0.0007200102750655715]]
[1500.0, 700.0, 0.014506, [0.010369703400000001], [0.299048666], [0.074228532], [0.0007224914995347696]]
[1500.0, 1900.0, 0.015409, [0.01103816385], [0.299048666], [0.074228532], [0.0007475987022460646]]
[1500.0, 1600.0, 0.015646, [0.011213772499999998], [0.299048666], [0.074228532], [0.0007509297561023935]]
[1600.0, 1500.0, 0.008238, [0.00580578215], [0.299048666], [0.074228532], [0.00044659877938704674]]
[1600.0, 100.0, 0.002497, [0.061632445], [56.637238], [18.1991929], [0.020544152111975807]]
[1600.0, 1300.0, 0.009009, [0.006360001550000001], [0.299048666], [0.074228532], [0.00046140297826303636]]
[1600.0, 900.0, 0.00897, [0.006331909849999999], [0.299048666], [0.074228532], [0.0004630350923526207]]
[1600.0, 300.0, 0.003106, [0.0021636403249999997], [0.299048666], [0.074228532], [0.0002725930819921885]]
[1600.0, 500.0, 0.004524, [0.0031613721999999996], [0.299048666], [0.074228532], [0.000326070793616969]]
[1600.0, 1000.0, 0.007047, [0.004953140500000001], [0.299048666], [0.074228532], [0.00040992475748605374]]
[1600.0, 1200.0, 0.008129, [0.00572719105], [0.299048666], [0.074228532], [0.0004379693488419024]]
[1600.0, 1800.0, 0.00841, [0.0059292597], [0.299048666], [0.074228532], [0.00044693479927166113]]
[1600.0, 1100.0, 0.009069, [0.0064036801499999995], [0.299048666], [0.074228532], [0.0004657991262604515]]
[1600.0, 1900.0, 0.008581, [0.006051840550000001], [0.299048666], [0.074228532], [0.00045360458157408417]]
[1600.0, 1700.0, 0.008877, [0.006265245349999999], [0.299048666], [0.074228532], [0.0004644107967629521]]
[1600.0, 800.0, 0.008787, [0.00620054575], [0.299048666], [0.074228532], [0.0004583574824304715]]
[1600.0, 200.0, 0.002982, [0.00207690567], [0.299048666], [0.074228532], [0.0002659204989747876]]
[1600.0, 1600.0, 0.008698, [0.0061362160999999995], [0.299048666], [0.074228532], [0.00045360219964744435]]
[1600.0, 2000.0, 0.007486, [0.00526664985], [0.299048666], [0.074228532], [0.00042166955622857097]]
[1600.0, 1400.0, 0.008726, [0.006156296299999999], [0.299048666], [0.074228532], [0.00045886322025196136]]
[1600.0, 700.0, 0.007413, [0.005214717199999999], [0.299048666], [0.074228532], [0.00042021392676825926]]
[1600.0, 400.0, 0.00397, [0.0027709597999999998], [0.299048666], [0.074228532], [0.00030600127299571807]]
[1600.0, 600.0, 0.00448, [0.0031300367], [0.299048666], [0.074228532], [0.00032456970849880615]]
[1700.0, 900.0, 0.004899, [0.00342620495], [0.299048666], [0.074228532], [0.00027699230192371774]]
[1700.0, 1500.0, 0.005171, [0.0036189342], [0.299048666], [0.074228532], [0.00028790690036016846]]
[1700.0, 1800.0, 0.005163, [0.0036135515500000004], [0.299048666], [0.074228532], [0.00028657324399706266]]
[1700.0, 700.0, 0.003554, [0.08773474499999999], [56.637238], [18.1991929], [0.02012772445906392]]
[1700.0, 500.0, 0.002371, [0.001649103085], [0.299048666], [0.074228532], [0.00019301292192493226]]
[1700.0, 300.0, 0.002051, [0.001425155445], [0.299048666], [0.074228532], [0.00017955272595396595]]
[1700.0, 800.0, 0.004897, [0.0029620793999999995], [0.223889134], [0.05566596], [0.0008215328952634824]]
[1700.0, 1300.0, 0.005424, [0.0037979508000000003], [0.299048666], [0.074228532], [0.0002947781722329521]]
[1700.0, 400.0, 0.002007, [0.049532335999999996], [56.637238], [18.1991929], [0.014934555333855775]]
[1700.0, 1000.0, 0.004214, [0.0029429669500000005], [0.299048666], [0.074228532], [0.00025615239175147284]]
[1700.0, 2000.0, 0.00558, [0.00390857565], [0.299048666], [0.074228532], [0.00030155320181520206]]
[1700.0, 1600.0, 0.004687, [0.0032762183999999997], [0.299048666], [0.074228532], [0.000273018286887527]]
[1700.0, 1400.0, 0.005519, [0.0038656247000000005], [0.299048666], [0.074228532], [0.0002982394771404349]]
[1700.0, 1200.0, 0.005222, [0.0036546503], [0.299048666], [0.074228532], [0.0002889254367046972]]
[1700.0, 100.0, 0.001713, [0.001189421345], [0.299048666], [0.074228532], [0.0001633795868675154]]
[1700.0, 1700.0, 0.006322, [0.004435773999999999], [0.299048666], [0.074228532], [0.00031765239716551806]]
[1700.0, 1900.0, 0.004673, [0.00326658255], [0.299048666], [0.074228532], [0.00027412565973472823]]
[1700.0, 1100.0, 0.004708, [0.0032913888], [0.299048666], [0.074228532], [0.00027146928684475524]]
[1700.0, 600.0, 0.002539, [0.001765979845], [0.299048666], [0.074228532], [0.00020125208811960186]]
[1700.0, 200.0, 0.002264, [0.001574333005], [0.299048666], [0.074228532], [0.00019091591004942462]]
[1800.0, 600.0, 0.002021, [0.001404081525], [0.299048666], [0.074228532], [0.0001480032001681045]]
[1800.0, 1800.0, 0.003288, [0.0043940162], [1.07230816], [0.23558073000000002], [0.0008159482148090037]]
[1800.0, 400.0, 0.001153, [0.0007999112800000001], [0.299048666], [0.074228532], [0.00011092773743523303]]
[1800.0, 1300.0, 0.00376, [0.002267540905], [0.223889134], [0.05566596], [0.0005854765979097712]]
[1800.0, 1200.0, 0.005015, [0.0030343225500000003], [0.223889134], [0.05566596], [0.0006784951989513263]]
[1800.0, 1700.0, 0.003351, [0.00201890094], [0.223889134], [0.05566596], [0.000559942287494881]]
[1800.0, 500.0, 0.001442, [0.0010004673], [0.299048666], [0.074228532], [0.00012314902517884582]]
[1800.0, 1600.0, 0.002983, [0.002077514005], [0.299048666], [0.074228532], [0.00017749398651081114]]
[1800.0, 1000.0, 0.002889, [0.0020111934850000003], [0.299048666], [0.074228532], [0.00017505192564636358]]
[1800.0, 700.0, 0.001949, [0.00135421153], [0.299048666], [0.074228532], [0.00014354612514798162]]
[1800.0, 200.0, 0.001253, [0.0309312304], [56.637238], [18.1991929], [0.009781314411161722]]
[1800.0, 800.0, 0.002474, [0.061086683], [56.637238], [18.1991929], [0.01365939577397185]]
[1800.0, 2000.0, 0.003295, [0.0019845686], [0.223889134], [0.05566596], [0.0005504202955923773]]
[1800.0, 1100.0, 0.003521, [0.086919385], [56.637238], [18.1991929], [0.016140521159491723]]
[1800.0, 900.0, 0.003574, [0.002154132855], [0.223889134], [0.05566596], [0.0005757162202856543]]
[1800.0, 1500.0, 0.004031, [0.002432950205], [0.223889134], [0.05566596], [0.0006082375052765161]]
[1800.0, 1400.0, 0.003015, [0.002099470905], [0.299048666], [0.074228532], [0.00017871882655445118]]
[1800.0, 1900.0, 0.003259, [0.080468143], [56.637238], [18.1991929], [0.015781104042493353]]
[1800.0, 100.0, 0.001244, [0.00074511801], [0.223889134], [0.05566596], [0.00033322693089694893]]
[1800.0, 300.0, 0.001245, [0.00074600246], [0.223889134], [0.05566596], [0.0003336224472738608]]
[1900.0, 300.0, 0.000727, [0.001017228485], [1.16867352], [0.272979931], [0.0003216758566865098]]
[1900.0, 1600.0, 0.002149, [0.053038874], [56.637238], [18.1991929], [0.01040177442891356]]
[1900.0, 600.0, 0.000864, [0.0005985918400000001], [0.299048666], [0.074228532], [7.792999035993781e-05]]
[1900.0, 1500.0, 0.002174, [0.00130551827], [0.223889134], [0.05566596], [0.0003620856317917075]]
[1900.0, 500.0, 0.001151, [0.0284231997], [56.637238], [18.1991929], [0.0075964192867429324]]
[1900.0, 1700.0, 0.002215, [0.054681648], [56.637238], [18.1991929], [0.010523483263159591]]
[1900.0, 1800.0, 0.002671, [0.065926364], [56.637238], [18.1991929], [0.011654249041873097]]
[1900.0, 800.0, 0.001399, [0.00097069196], [0.299048666], [0.074228532], [0.00010011921327847117]]
[1900.0, 1300.0, 0.002022, [0.0014047158300000001], [0.299048666], [0.074228532], [0.00012045337232722047]]
[1900.0, 1000.0, 0.001806, [0.044584708], [56.637238], [18.1991929], [0.009505491043076101]]
[1900.0, 1900.0, 0.001599, [0.001109799775], [0.299048666], [0.074228532], [0.00010679052288241686]]
[1900.0, 1200.0, 0.002251, [0.00135197811], [0.223889134], [0.05566596], [0.00037497127940016954]]
[1900.0, 100.0, 0.000927, [0.022874400500000003], [56.637238], [18.1991929], [0.006896890558070354]]
[1900.0, 2000.0, 0.002032, [0.001219940995], [0.223889134], [0.05566596], [0.00035216659981463313]]
[1900.0, 1100.0, 0.001863, [0.0011181604000000001], [0.223889134], [0.05566596], [0.00033713807182666274]]
[1900.0, 900.0, 0.002495, [0.061582857000000005], [56.637238], [18.1991929], [0.011243439462637755]]
[1900.0, 200.0, 0.000642, [0.061953836], [385.909251], [74.467015], [0.011311172141736683]]
[1900.0, 400.0, 0.000981, [0.0242197249], [56.637238], [18.1991929], [0.00699163209844454]]
[1900.0, 700.0, 0.001088, [0.000754560555], [0.299048666], [0.074228532], [8.712914439210338e-05]]
[1900.0, 1400.0, 0.001957, [0.001359886955], [0.299048666], [0.074228532], [0.00011747633758548996]]
[2000.0, 1500.0, 0.001323, [0.0326606364], [56.637238], [18.1991929], [0.006666824107474262]]
[2000.0, 1200.0, 0.00129, [0.0318363339], [56.637238], [18.1991929], [0.006638333661394251]]
[2000.0, 1300.0, 0.001345, [0.0331947315], [56.637238], [18.1991929], [0.006775847849531452]]
[2000.0, 300.0, 0.000558, [0.0137669861], [56.637238], [18.1991929], [0.004353503162971172]]
[2000.0, 900.0, 0.001042, [0.00062379205], [0.223889134], [0.05566596], [0.00020793066427898509]]
[2000.0, 1900.0, 0.001126, [0.0277938682], [56.637238], [18.1991929], [0.006214898151216961]]
[2000.0, 1600.0, 0.001263, [0.0311881178], [56.637238], [18.1991929], [0.006503171380949452]]
[2000.0, 500.0, 0.000552, [0.013633274899999999], [56.637238], [18.1991929], [0.00431122066252703]]
[2000.0, 600.0, 0.00084, [0.0207416363], [56.637238], [18.1991929], [0.005355466875072611]]
[2000.0, 200.0, 0.000552, [0.013637503600000002], [56.637238], [18.1991929], [0.004312557895727314]]
[2000.0, 1800.0, 0.001148, [0.0007963994499999999], [0.299048666], [0.074228532], [7.45896454442572e-05]]
[2000.0, 2000.0, 0.001582, [0.0009486943900000001], [0.223889134], [0.05566596], [0.00025354919675479154]]
[2000.0, 400.0, 0.000435, [0.00030113391], [0.299048666], [0.074228532], [4.59224774103053e-05]]
[2000.0, 1100.0, 0.001784, [0.0440475651], [56.637238], [18.1991929], [0.007786584125918117]]
[2000.0, 100.0, 0.000506, [0.0124830489], [56.637238], [18.1991929], [0.0041610158355863056]]
[2000.0, 1400.0, 0.001304, [0.001738914205], [1.07230816], [0.23558073000000002], [0.00034778282886019547]]
[2000.0, 1700.0, 0.001421, [0.03508351], [56.637238], [18.1991929], [0.006880442790257034]]
[2000.0, 700.0, 0.000789, [0.00047203611], [0.223889134], [0.05566596], [0.00017841289600250315]]
[2000.0, 1000.0, 0.001456, [0.035937383999999996], [56.637238], [18.1991929], [0.007047901845939684]]
[2000.0, 800.0, 0.000885, [0.021837335099999997], [56.637238], [18.1991929], [0.005459334510725643]]
[2100.0, 200.0, 0.000298, [0.0073645726], [56.637238], [18.1991929], [0.0026037693567211367]]
[2100.0, 100.0, 0.00034, [0.000410879455], [0.88462689], [0.20394407600000003], [0.00013695977719754075]]
[2100.0, 400.0, 0.000374, [0.0092273272], [56.637238], [18.1991929], [0.0029179366288526556]]
[2100.0, 1400.0, 0.001074, [0.0265059081], [56.637238], [18.1991929], [0.004922022560899127]]
[2100.0, 500.0, 0.000339, [0.0083778877], [56.637238], [18.1991929], [0.002792629896531225]]
[2100.0, 800.0, 0.000622, [0.0153643714], [56.637238], [18.1991929], [0.0037264069918622683]]
[2100.0, 300.0, 0.000307, [0.000183495641], [0.223889134], [0.05566596], [9.174783866664107e-05]]
[2100.0, 600.0, 0.000301, [0.000208208938], [0.299048666], [0.074228532], [3.069873463597482e-05]]
[2100.0, 700.0, 0.000378, [0.00045658445000000005], [0.88462689], [0.20394407600000003], [0.00014438467579698337]]
[2100.0, 1000.0, 0.000677, [0.0167151005], [56.637238], [18.1991929], [0.003939786792835369]]
[2100.0, 1700.0, 0.001083, [0.0006487279050000001], [0.223889134], [0.05566596], [0.0001733798027885601]]
[2100.0, 1800.0, 0.00123, [0.0303656577], [56.637238], [18.1991929], [0.005285982736445514]]
[2100.0, 1900.0, 0.000867, [0.021393816500000003], [56.637238], [18.1991929], [0.004460919471476704]]
[2100.0, 900.0, 0.000762, [0.00045605868], [0.223889134], [0.05566596], [0.0001442184129020979]]
[2100.0, 2000.0, 0.00103, [0.025431284199999998], [56.637238], [18.1991929], [0.004806060283433823]]
[2100.0, 1200.0, 0.000766, [0.00045847731999999996], [0.223889134], [0.05566596], [0.0001449833119793447]]
[2100.0, 1500.0, 0.000664, [0.0163792202], [56.637238], [18.1991929], [0.0038606191695115433]]
[2100.0, 1100.0, 0.001472, [0.0363414919], [56.637238], [18.1991929], [0.005746095684027547]]
[2100.0, 1300.0, 0.00129, [0.0318342955], [56.637238], [18.1991929], [0.005459539012590715]]
[2100.0, 1600.0, 0.001047, [0.0258448687], [56.637238], [18.1991929], [0.00488422109450422]]
[2200.0, 1700.0, 0.000553, [0.0136437217], [56.637238], [18.1991929], [0.0029088510654552255]]
[2200.0, 1100.0, 0.000646, [0.0159563208], [56.637238], [18.1991929], [0.0031292920758535783]]
[2200.0, 200.0, 0.000185, [0.000245793555], [1.07230816], [0.23558073000000002], [8.690112355430165e-05]]
[2200.0, 1800.0, 0.000753, [0.0185810499], [56.637238], [18.1991929], [0.0033924204365025274]]
[2200.0, 900.0, 0.000401, [0.0098872788], [56.637238], [18.1991929], [0.002471819558139307]]
[2200.0, 1000.0, 0.000521, [0.0128561888], [56.637238], [18.1991929], [0.002805450058368532]]
[2200.0, 1300.0, 0.000739, [0.000892473015], [0.88462689], [0.20394407600000003], [0.00016572809453288236]]
[2200.0, 1900.0, 0.000569, [0.0140410088], [56.637238], [18.1991929], [0.002927752255229257]]
[2200.0, 1400.0, 0.000622, [0.000371782355], [0.223889134], [0.05566596], [0.00010732431867941207]]
[2200.0, 1600.0, 0.000614, [0.00036735937000000003], [0.223889134], [0.05566596], [0.0001060475078090004]]
[2200.0, 800.0, 0.00028, [0.00037337167000000003], [1.07230816], [0.23558073000000002], [0.00010778309924334149]]
[2200.0, 400.0, 0.000322, [0.0079485497], [56.637238], [18.1991929], [0.0022045311834945768]]
[2200.0, 600.0, 0.000308, [0.0001840786185], [0.223889134], [0.05566596], [7.514978736496864e-05]]
[2200.0, 2000.0, 0.000711, [0.00042547729], [0.223889134], [0.05566596], [0.00011371357693784856]]
[2200.0, 500.0, 0.000257, [0.00031054877], [0.88462689], [0.20394407600000003], [9.820417855162784e-05]]
[2200.0, 700.0, 0.000302, [0.0074636653], [56.637238], [18.1991929], [0.002154574073918091]]
[2200.0, 300.0, 0.000259, [0.000154507143], [0.223889134], [0.05566596], [6.909769274548898e-05]]
[2200.0, 1200.0, 0.000565, [0.013955984], [56.637238], [18.1991929], [0.0029100237392502486]]
[2200.0, 1500.0, 0.000658, [0.0162527316], [56.637238], [18.1991929], [0.003187422693964514]]
[2200.0, 100.0, 0.000226, [0.005579316399999999], [56.637238], [18.1991929], [0.0018597723911812432]]
[2300.0, 700.0, 0.000247, [0.0061020827], [56.637238], [18.1991929], [0.0015755507881372785]]
[2300.0, 100.0, 0.000202, [0.000120712872], [0.223889134], [0.05566596], [4.928081061123082e-05]]
[2300.0, 1800.0, 0.000381, [0.00022750278599999998], [0.223889134], [0.05566596], [6.859467104301909e-05]]
[2300.0, 1000.0, 0.000296, [0.0073163418999999995], [56.637238], [18.1991929], [0.0017244784075192128]]
[2300.0, 1500.0, 0.000364, [0.0089833905], [56.637238], [18.1991929], [0.0019152657773792126]]
[2300.0, 1200.0, 0.00035, [0.0086468242], [56.637238], [18.1991929], [0.0018868919592811878]]
[2300.0, 500.0, 0.000166, [0.00408567929], [56.637238], [18.1991929], [0.001292005403549072]]
[2300.0, 1900.0, 0.000554, [0.013666756600000001], [56.637238], [18.1991929], [0.002379077416773149]]
[2300.0, 1300.0, 0.000508, [0.012535939500000001], [56.637238], [18.1991929], [0.002288739593750237]]
[2300.0, 1600.0, 0.000484, [0.0119404425], [56.637238], [18.1991929], [0.002217284380948912]]
[2300.0, 1700.0, 0.000348, [0.008587852699999999], [56.637238], [18.1991929], [0.001874022920884374]]
[2300.0, 1400.0, 0.00038, [0.009369633], [56.637238], [18.1991929], [0.0019537031852356695]]
[2300.0, 1100.0, 0.000443, [0.00026500082], [0.223889134], [0.05566596], [7.349799505598775e-05]]
[2300.0, 900.0, 0.000393, [0.009710212400000001], [56.637238], [18.1991929], [0.0019820890663640725]]
[2300.0, 2000.0, 0.000353, [0.0087089415], [56.637238], [18.1991929], [0.0019004471705364504]]
[2300.0, 300.0, 0.000133, [0.0032839702], [56.637238], [18.1991929], [0.0011610589032430697]]
[2300.0, 200.0, 0.000203, [0.000121346001], [0.223889134], [0.05566596], [4.953930291697694e-05]]
[2300.0, 400.0, 0.000192, [0.000268387455], [1.16867352], [0.272979931], [7.44373061844664e-05]]
[2300.0, 800.0, 0.000248, [0.006128087], [56.637238], [18.1991929], [0.0015822660705456589]]
[2300.0, 600.0, 0.000181, [0.00447024795], [56.637238], [18.1991929], [0.0013478303976762061]]
[2400.0, 1200.0, 0.000309, [0.0076161484], [56.637238], [18.1991929], [0.0014393164281699836]]
[2400.0, 1500.0, 0.000228, [0.0056287035], [56.637238], [18.1991929], [0.001228283890393422]]
[2400.0, 1100.0, 0.000275, [0.0067858483], [56.637238], [18.1991929], [0.0013571702410898935]]
[2400.0, 1600.0, 0.000321, [0.0079190027], [56.637238], [18.1991929], [0.0014705216757668008]]
[2400.0, 400.0, 9.8e-05, [0.0024155182099999998], [56.637238], [18.1991929], [0.0008051727353804275]]
[2400.0, 1300.0, 0.00032, [0.00019106018749999999], [0.223889134], [0.05566596], [5.106299027916403e-05]]
[2400.0, 200.0, 0.0001, [0.0024715453], [56.637238], [18.1991929], [0.0008238484112990691]]
[2400.0, 1700.0, 0.000296, [0.0073047191], [56.637238], [18.1991929], [0.0014057939455339819]]
[2400.0, 2000.0, 0.000293, [0.00035411026000000003], [0.88462689], [0.20394407600000003], [6.944674422894136e-05]]
[2400.0, 600.0, 9.8e-05, [0.0001370602275], [1.16867352], [0.272979931], [4.334225194310974e-05]]
[2400.0, 1900.0, 0.000332, [0.0082049128], [56.637238], [18.1991929], [0.0014980050929819964]]
[2400.0, 700.0, 0.000155, [0.0038259298], [56.637238], [18.1991929], [0.0010225226968141098]]
[2400.0, 100.0, 9.8e-05, [0.00242945675], [56.637238], [18.1991929], [0.0008098189544583406]]
[2400.0, 1800.0, 0.000285, [0.007045205299999999], [56.637238], [18.1991929], [0.001381678189666465]]
[2400.0, 500.0, 0.000144, [0.00354506278], [56.637238], [18.1991929], [0.0009832236754167385]]
[2400.0, 900.0, 0.000164, [0.00404841234], [56.637238], [18.1991929], [0.0010452956511437326]]
[2400.0, 1400.0, 0.000331, [0.0081759881], [56.637238], [18.1991929], [0.0014927244222896602]]
[2400.0, 800.0, 9.9e-05, [0.00244353396], [56.637238], [18.1991929], [0.0008145113341752833]]
[2400.0, 300.0, 6.6e-05, [0.0016377446399999998], [56.637238], [18.1991929], [0.0006686063915339129]]
[2400.0, 1000.0, 0.000197, [0.00487142565], [56.637238], [18.1991929], [0.0011482059287862957]]
[2500.0, 400.0, 7.6e-05, [4.5376204999999995e-05], [0.223889134], [0.05566596], [2.029285469937633e-05]]
[2500.0, 1300.0, 0.000234, [0.0057823136], [56.637238], [18.1991929], [0.0010221782878735]]
[2500.0, 500.0, 6.6e-05, [0.0063483469], [385.909251], [74.467015], [0.00107306632595567]]
[2500.0, 900.0, 7.9e-05, [0.000152651709], [2.22537224], [0.39434808], [3.702348042796625e-05]]
[2500.0, 1400.0, 0.000202, [0.004978351], [56.637238], [18.1991929], [0.0009408202888437302]]
[2500.0, 200.0, 0.000109, [0.00268611189], [56.637238], [18.1991929], [0.0006935511651637535]]
[2500.0, 1900.0, 0.000189, [0.00466348239], [56.637238], [18.1991929], [0.0009145843108757114]]
[2500.0, 1000.0, 0.000151, [9.026535e-05], [0.223889134], [0.05566596], [2.8544413669753318e-05]]
[2500.0, 1800.0, 0.000206, [0.0050820252000000005], [56.637238], [18.1991929], [0.0009604124999186548]]
[2500.0, 1700.0, 0.00021, [0.00012558249200000002], [0.223889134], [0.05566596], [3.356332787805762e-05]]
[2500.0, 800.0, 0.000138, [0.0033940977000000002], [56.637238], [18.1991929], [0.0007786594918191134]]
[2500.0, 700.0, 8e-05, [0.00196723044], [56.637238], [18.1991929], [0.0005931423182508562]]
[2500.0, 1600.0, 0.00021, [0.005182014600000001], [56.637238], [18.1991929], [0.0009622754188900389]]
[2500.0, 1100.0, 0.000178, [0.0001064241045], [0.223889134], [0.05566596], [3.072198403423841e-05]]
[2500.0, 600.0, 7.6e-05, [4.541966800000001e-05], [0.223889134], [0.05566596], [2.03122908740004e-05]]
[2500.0, 300.0, 3.6e-05, [0.0008992984700000001], [56.637238], [18.1991929], [0.00040217846626839683]]
[2500.0, 2000.0, 0.000228, [0.0056264544], [56.637238], [18.1991929], [0.0010105412213759516]]
[2500.0, 1200.0, 0.000121, [0.0116615786], [385.909251], [74.467015], [0.0014464408260278054]]
[2500.0, 100.0, 7.3e-05, [0.0017996332899999998], [56.637238], [18.1991929], [0.0005690940245688756]]
[2500.0, 1500.0, 0.000225, [0.0055433553], [56.637238], [18.1991929], [0.000995615733654305]]
[2600.0, 800.0, 0.000102, [0.00252330498], [56.637238], [18.1991929], [0.0005506302916658327]]
[2600.0, 2000.0, 0.000109, [6.50450745e-05], [0.223889134], [0.05566596], [1.961182686926437e-05]]
[2600.0, 900.0, 7.9e-05, [4.7080620999999995e-05], [0.223889134], [0.05566596], [1.6645517087191977e-05]]
[2600.0, 1000.0, 0.000114, [0.00280878437], [56.637238], [18.1991929], [0.0005856719747435419]]
[2600.0, 200.0, 3.8e-05, [0.0009473228800000001], [56.637238], [18.1991929], [0.00033492917636419796]]
[2600.0, 1100.0, 0.00012, [0.0029653491699999997], [56.637238], [18.1991929], [0.0005930698558348755]]
[2600.0, 1500.0, 0.000137, [8.1669035e-05], [0.223889134], [0.05566596], [2.1826968736519507e-05]]
[2600.0, 700.0, 2.8e-05, [0.0027068908299999997], [385.909251], [74.467015], [0.0005644257656237887]]
[2600.0, 1800.0, 0.000129, [0.0031819433800000002], [56.637238], [18.1991929], [0.0006123653331957974]]
[2600.0, 1600.0, 0.000128, [0.00315468811], [56.637238], [18.1991929], [0.0006071198869251443]]
[2600.0, 1400.0, 0.000119, [7.085880200000001e-05], [0.223889134], [0.05566596], [2.045517750289642e-05]]
[2600.0, 1300.0, 0.000146, [8.7321136e-05], [0.223889134], [0.05566596], [2.2546221342499946e-05]]
[2600.0, 600.0, 4e-05, [5.36066615e-05], [1.07230816], [0.23558073000000002], [1.786888818799312e-05]]
[2600.0, 1700.0, 0.000128, [7.63622125e-05], [0.223889134], [0.05566596], [2.117906322586058e-05]]
[2600.0, 400.0, 3.9e-05, [5.2010413e-05], [1.07230816], [0.23558073000000002], [1.733680314100613e-05]]
[2600.0, 300.0, 3e-05, [1.781539795e-05], [0.223889134], [0.05566596], [1.0285723277922657e-05]]
[2600.0, 1900.0, 0.000209, [0.000124869885], [0.223889134], [0.05566596], [2.7248846691190433e-05]]
[2600.0, 1200.0, 0.00013, [0.0032011994], [56.637238], [18.1991929], [0.0006160710976015675]]
[2600.0, 100.0, 6e-05, [3.5611975e-05], [0.223889134], [0.05566596], [1.4538529969532682e-05]]
[2600.0, 500.0, 5.2e-05, [0.0012955889100000001], [56.637238], [18.1991929], [0.00039063474881274965]]
[2700.0, 1400.0, 9.8e-05, [5.8491545000000004e-05], [0.223889134], [0.05566596], [1.5102454617544794e-05]]
[2700.0, 1000.0, 7.1e-05, [4.2510342e-05], [0.223889134], [0.05566596], [1.281734774924204e-05]]
[2700.0, 800.0, 5e-05, [0.00123547032], [56.637238], [18.1991929], [0.0003088676045006986]]
[2700.0, 900.0, 3.2e-05, [0.0007806523200000001], [56.637238], [18.1991929], [0.00024686387712664643]]
[2700.0, 600.0, 4.4e-05, [0.00109502113], [56.637238], [18.1991929], [0.0002926566995303542]]
[2700.0, 1100.0, 5.6e-05, [0.00137764235], [56.637238], [18.1991929], [0.00032471346530441264]]
[2700.0, 1300.0, 7.2e-05, [4.3095107999999995e-05], [0.223889134], [0.05566596], [1.299366456200867e-05]]
[2700.0, 400.0, 2.6e-05, [1.54994791e-05], [0.223889134], [0.05566596], [7.749737668140774e-06]]
[2700.0, 1700.0, 7e-05, [0.00172866953], [56.637238], [18.1991929], [0.0003685536229641489]]
[2700.0, 100.0, 3.4e-05, [0.00084895489], [56.637238], [18.1991929], [0.0002559695935262624]]
[2700.0, 2000.0, 0.000105, [0.0025811504600000003], [56.637238], [18.1991929], [0.000449320622039541]]
[2700.0, 1200.0, 7.1e-05, [4.26239485e-05], [0.223889134], [0.05566596], [1.2851603384403054e-05]]
[2700.0, 700.0, 4.4e-05, [0.00107648198], [56.637238], [18.1991929], [0.0002877019049815277]]
[2700.0, 300.0, 2.9e-05, [3.50804965e-05], [0.88462689], [0.20394407600000003], [1.1693496071534809e-05]]
[2700.0, 1800.0, 9.1e-05, [0.00224481397], [56.637238], [18.1991929], [0.00041685149873785986]]
[2700.0, 200.0, 4.1e-05, [0.0010015894000000001], [56.637238], [18.1991929], [0.00027779084909334217]]
[2700.0, 1500.0, 7.3e-05, [0.0070009925999999995], [385.909251], [74.467015], [0.0007421036653999224]]
[2700.0, 500.0, 3.3e-05, [1.946238105e-05], [0.223889134], [0.05566596], [8.70384008354933e-06]]
[2700.0, 1900.0, 7.7e-05, [0.00191137975], [56.637238], [18.1991929], [0.0003822760052632129]]
[2700.0, 1600.0, 9.5e-05, [0.0023491555500000003], [56.637238], [18.1991929], [0.00042889521140950036]]
[2800.0, 1500.0, 5.6e-05, [3.3215777e-05], [0.223889134], [0.05566596], [9.212397464829664e-06]]
[2800.0, 200.0, 1.3e-05, [1.784231855e-05], [1.16867352], [0.272979931], [6.743762852814443e-06]]
[2800.0, 400.0, 2.7e-05, [0.00066488639], [56.637238], [18.1991929], [0.00018440634246142402]]
[2800.0, 900.0, 2.4e-05, [0.00060301997], [56.637238], [18.1991929], [0.00017407687063478592]]
[2800.0, 600.0, 1.8e-05, [0.00169230271], [385.909251], [74.467015], [0.00029459214035679903]]
[2800.0, 1200.0, 3.7e-05, [0.00091742357], [56.637238], [18.1991929], [0.00021623889314829558]]
[2800.0, 1000.0, 3.6e-05, [0.00087826865], [56.637238], [18.1991929], [0.00021301140321588417]]
[2800.0, 1400.0, 6.1e-05, [0.00151559303], [56.637238], [18.1991929], [0.0002767081672087038]]
[2800.0, 800.0, 2.1e-05, [1.27044701e-05], [0.223889134], [0.05566596], [5.681611804321024e-06]]
[2800.0, 100.0, 1.7e-05, [0.000408870553], [56.637238], [18.1991929], [0.00014455756573420847]]
[2800.0, 1100.0, 6e-05, [0.00148643215], [56.637238], [18.1991929], [0.00027602352832684394]]
[2800.0, 1300.0, 4.4e-05, [0.00108192294], [56.637238], [18.1991929], [0.0002360949463033887]]
[2800.0, 2000.0, 7.3e-05, [0.00180251547], [56.637238], [18.1991929], [0.0003004192757297707]]
[2800.0, 500.0, 1.7e-05, [1.010383185e-05], [0.223889134], [0.05566596], [5.051915446145155e-06]]
[2800.0, 1900.0, 5.1e-05, [0.00126146139], [56.637238], [18.1991929], [0.00025229228757534384]]
[2800.0, 1800.0, 4.9e-05, [0.00119827246], [56.637238], [18.1991929], [0.0002445963484805119]]
[2800.0, 300.0, 1.7e-05, [0.00166260136], [385.909251], [74.467015], [0.00028942172606768833]]
[2800.0, 700.0, 3.3e-05, [0.0008055751900000001], [56.637238], [18.1991929], [0.00020139375543943758]]
[2800.0, 1600.0, 5.5e-05, [0.0013600925100000002], [56.637238], [18.1991929], [0.00026174990964659376]]
[2800.0, 1700.0, 5.2e-05, [0.0012804317400000001], [56.637238], [18.1991929], [0.0002560863481523371]]
[2900.0, 1300.0, 3.6e-05, [2.12133691e-05], [0.223889134], [0.05566596], [5.883529492787472e-06]]
[2900.0, 900.0, 1.1e-05, [0.000267367667], [56.637238], [18.1991929], [9.452874722009172e-05]]
[2900.0, 1600.0, 3e-05, [0.0007509249999999999], [56.637238], [18.1991929], [0.00015657865470746643]]
[2900.0, 2000.0, 4.5e-05, [0.00110058704], [56.637238], [18.1991929], [0.0001915876189110351]]
[2900.0, 1200.0, 2.8e-05, [0.00069534234], [56.637238], [18.1991929], [0.00015173611723976596]]
[2900.0, 1700.0, 4.4e-05, [0.00108908968], [56.637238], [18.1991929], [0.00018958618615289458]]
[2900.0, 1100.0, 2.8e-05, [0.0006954971799999999], [56.637238], [18.1991929], [0.0001517699125222124]]
[2900.0, 800.0, 1.9e-05, [0.00045919227899999995], [56.637238], [18.1991929], [0.0001227243028458504]]
[2900.0, 600.0, 1.2e-05, [0.00029768205599999995], [56.637238], [18.1991929], [9.922734713273352e-05]]
[2900.0, 100.0, 8e-06, [0.0007519824199999999], [385.909251], [74.467015], [0.00015679915781023827]]
[2900.0, 400.0, 1.2e-05, [1.66726812e-05], [1.16867352], [0.272979931], [5.2723635686473675e-06]]
[2900.0, 1000.0, 2e-05, [0.00049854168], [56.637238], [18.1991929], [0.00012872291606392391]]
[2900.0, 1400.0, 3.9e-05, [0.00096388341], [56.637238], [18.1991929], [0.00017898862299040125]]
[2900.0, 200.0, 1.1e-05, [0.000265377336], [56.637238], [18.1991929], [9.382505874232108e-05]]
[2900.0, 500.0, 1.2e-05, [0.000298368889], [56.637238], [18.1991929], [9.945628871016654e-05]]
[2900.0, 1500.0, 3e-05, [1.816220525e-05], [0.223889134], [0.05566596], [5.4761100888313045e-06]]
[2900.0, 1800.0, 4.8e-05, [0.00118674423], [56.637238], [18.1991929], [0.0001977906713927631]]
[2900.0, 300.0, 1.7e-05, [9.948447949999998e-06], [0.223889134], [0.05566596], [4.0614364657101315e-06]]
[2900.0, 700.0, 9e-06, [0.0008550539199999999], [385.909251], [74.467015], [0.00016768985580529314]]
[2900.0, 1900.0, 3.8e-05, [0.00092664488], [56.637238], [18.1991929], [0.00017511937788263182]]
[3000.0, 1900.0, 2.2e-05, [0.00055324234], [56.637238], [18.1991929], [0.00010849975409649553]]
[3000.0, 800.0, 1.5e-05, [0.000359278339], [56.637238], [18.1991929], [8.713778990770881e-05]]
[3000.0, 900.0, 1.4e-05, [0.000339295698], [56.637238], [18.1991929], [8.482392533359912e-05]]
[3000.0, 1600.0, 2.7e-05, [1.59797477e-05], [0.223889134], [0.05566596], [4.125953485862389e-06]]
[3000.0, 700.0, 7e-06, [0.00017189885999999998], [56.637238], [18.1991929], [6.077542908939434e-05]]
[3000.0, 600.0, 6e-06, [0.00053299946], [385.909251], [74.467015], [0.00010659993639303919]]
[3000.0, 1300.0, 2.4e-05, [0.00059664213], [56.637238], [18.1991929], [0.00011275471758644957]]
[3000.0, 500.0, 9e-06, [0.000215030473], [56.637238], [18.1991929], [6.799860134591005e-05]]
[3000.0, 1500.0, 2e-05, [0.00050477938], [56.637238], [18.1991929], [0.00010303762130406543]]
[3000.0, 1800.0, 3e-05, [1.777083245e-05], [0.223889134], [0.05566596], [4.3100597481357494e-06]]
[3000.0, 2000.0, 2.3e-05, [0.00055946828], [56.637238], [18.1991929], [0.00010972078205609]]
[3000.0, 100.0, 4e-06, [0.00037778421800000004], [385.909251], [74.467015], [8.904458180035436e-05]]
[3000.0, 1400.0, 1.6e-05, [9.579999800000002e-06], [0.223889134], [0.05566596], [3.1933332330810697e-06]]
[3000.0, 1100.0, 1.6e-05, [0.000395237136], [56.637238], [18.1991929], [9.067360962816028e-05]]
[3000.0, 1200.0, 1.8e-05, [1.0527674500000001e-05], [0.223889134], [0.05566596], [3.3291434446415792e-06]]
[3000.0, 1000.0, 1.1e-05, [0.000274927191], [56.637238], [18.1991929], [7.625108514637676e-05]]
[3000.0, 400.0, 9e-06, [5.2933279e-06], [0.223889134], [0.05566596], [2.3672483966094476e-06]]
[3000.0, 300.0, 6e-06, [7.4637387999999995e-06], [0.88462689], [0.20394407600000003], [2.8210279216980468e-06]]
[3000.0, 1700.0, 2.1e-05, [0.00050759737], [56.637238], [18.1991929], [0.000103612872342195]]
[3000.0, 200.0, 7e-06, [0.000170739569], [56.637238], [18.1991929], [6.0365553927716097e-05]]
