[100.0, 1800.0, 0.590567, [262.99469600000003], [2932.04], [313.353196], [6.350602133341373]]
[100.0, 800.0, 0.565895, [249.345944], [2932.04], [313.353196], [6.200794540056944]]
[100.0, 500.0, 0.589005, [262.11609599999997], [2932.04], [313.353196], [6.3553797104500385]]
[100.0, 1100.0, 0.59537, [265.708144], [2932.04], [313.353196], [6.391941251294476]]
[100.0, 600.0, 0.586963, [260.97088], [2932.04], [313.353196], [6.333201417292837]]
[100.0, 1400.0, 0.579834, [256.999056], [2932.04], [313.353196], [6.29264935492198]]
[100.0, 1700.0, 0.580851, [257.562832], [2932.04], [313.353196], [6.287632966387272]]
[100.0, 100.0, 0.567659, [250.30624], [2932.04], [313.353196], [6.215074963345174]]
[100.0, 1200.0, 0.583053, [258.787352], [2932.04], [313.353196], [6.308136165936814]]
[100.0, 1000.0, 0.597649, [267.002584], [2932.04], [313.353196], [6.4268041949323464]]
[100.0, 2000.0, 0.561842, [247.147696], [2932.04], [313.353196], [6.170985295720611]]
[100.0, 400.0, 0.567981, [250.481776], [2932.04], [313.353196], [6.225193443420051]]
[100.0, 1600.0, 0.583085, [258.805016], [2932.04], [313.353196], [6.306694951874555]]
[100.0, 1300.0, 0.59349, [264.644072], [2932.04], [313.353196], [6.390434171165524]]
[100.0, 1500.0, 0.580136, [257.166312], [2932.04], [313.353196], [6.292972161387653]]
[100.0, 900.0, 0.574793, [254.214032], [2932.04], [313.353196], [6.258318511549249]]
[100.0, 1900.0, 0.547849, [239.64711999999997], [2932.04], [313.353196], [6.0713950001626475]]
[100.0, 200.0, 0.577316, [255.605624], [2932.04], [313.353196], [6.277375130418764]]
[100.0, 700.0, 0.552531, [242.141424], [2932.04], [313.353196], [6.0936594299320666]]
[100.0, 300.0, 0.565027, [248.87380000000002], [2932.04], [313.353196], [6.183319931557803]]
[200.0, 1800.0, 0.615265, [115.757965], [1319.28], [127.221418], [2.3828399610548754]]
[200.0, 700.0, 0.610665, [114.634714], [1319.28], [127.221418], [2.3758810744647976]]
[200.0, 2000.0, 0.609825, [114.430359], [1319.28], [127.221418], [2.3701184738320573]]
[200.0, 1300.0, 0.615718, [115.869147], [1319.28], [127.221418], [2.3907070063058753]]
[200.0, 1400.0, 0.6178, [116.380736], [1319.28], [127.221418], [2.3951515776668497]]
[200.0, 400.0, 0.610681, [114.63839399999999], [1319.28], [127.221418], [2.378512503645924]]
[200.0, 1900.0, 0.599676, [111.983504], [1319.28], [127.221418], [2.3488450885488383]]
[200.0, 1700.0, 0.607718, [113.91909199999999], [1319.28], [127.221418], [2.3635888199938666]]
[200.0, 500.0, 0.604264, [113.084951], [1319.28], [127.221418], [2.356447374757179]]
[200.0, 1500.0, 0.588977, [109.44503999999999], [1319.28], [127.221418], [2.322317870146118]]
[200.0, 100.0, 0.613496, [115.325059], [1319.28], [127.221418], [2.3835425001455293]]
[200.0, 600.0, 0.604829, [113.220996], [1319.28], [127.221418], [2.3675212860711516]]
[200.0, 1000.0, 0.611068, [114.732786], [1319.28], [127.221418], [2.3768928225732013]]
[200.0, 1200.0, 0.610897, [114.690949], [1319.28], [127.221418], [2.373988873183697]]
[200.0, 300.0, 0.622, [117.41805899999999], [1319.28], [127.221418], [2.403304106849568]]
[200.0, 1600.0, 0.624253, [117.97760299999999], [1319.28], [127.221418], [2.411727401677063]]
[200.0, 900.0, 0.626617, [118.56667900000001], [1319.28], [127.221418], [2.415205895984854]]
[200.0, 800.0, 0.596254, [111.167188], [1319.28], [127.221418], [2.3399727968504247]]
[200.0, 1100.0, 0.605738, [113.44032399999999], [1319.28], [127.221418], [2.364366439450535]]
[200.0, 200.0, 0.615892, [115.911766], [1319.28], [127.221418], [2.3926047793147953]]
[300.0, 2000.0, 0.581553, [11.013184299999999], [112.60799999999999], [7.11574], [0.4588826830465495]]
[300.0, 400.0, 0.551396, [45.492804], [516.58], [54.743863999999995], [0.9321202256147004]]
[300.0, 1000.0, 0.561834, [10.524937999999999], [112.60799999999999], [7.11574], [0.4496029975433883]]
[300.0, 200.0, 0.550153, [45.366695], [516.58], [54.743863999999995], [0.9318863766575838]]
[300.0, 1600.0, 0.589463, [11.213525800000001], [112.60799999999999], [7.11574], [0.4640190005807952]]
[300.0, 1300.0, 0.575994, [10.873933100000002], [112.60799999999999], [7.11574], [0.4558590136215363]]
[300.0, 800.0, 0.577649, [10.9152595], [112.60799999999999], [7.11574], [0.45678938056833157]]
[300.0, 700.0, 0.550848, [45.437167], [516.58], [54.743863999999995], [0.933136956721788]]
[300.0, 300.0, 0.56935, [10.7092002], [112.60799999999999], [7.11574], [0.45254637751284676]]
[300.0, 900.0, 0.569235, [10.7063597], [112.60799999999999], [7.11574], [0.4528308083600319]]
[300.0, 600.0, 0.564409, [46.825883999999995], [516.58], [54.743863999999995], [0.9473800230108296]]
[300.0, 1400.0, 0.593863, [11.326149899999999], [112.60799999999999], [7.11574], [0.465895587122265]]
[300.0, 500.0, 0.569081, [47.310241000000005], [516.58], [54.743863999999995], [0.952512448737548]]
[300.0, 1200.0, 0.587129, [11.154126000000002], [112.60799999999999], [7.11574], [0.4615610063686056]]
[300.0, 100.0, 0.203209, [3.3569903], [112.60799999999999], [7.11574], [0.25376463997176596]]
[300.0, 1100.0, 0.548744, [10.2091135], [112.60799999999999], [7.11574], [0.4417915652205234]]
[300.0, 1900.0, 0.568613, [47.261642], [516.58], [54.743863999999995], [0.9517265489624633]]
[300.0, 1500.0, 0.563849, [46.768015999999996], [516.58], [54.743863999999995], [0.9481519509023857]]
[300.0, 1700.0, 0.580429, [10.9849058], [112.60799999999999], [7.11574], [0.45810226543862453]]
[300.0, 1800.0, 0.550225, [10.2445243], [112.60799999999999], [7.11574], [0.4416727674421415]]
[400.0, 900.0, 0.511985, [9.3963648], [110.078], [7.3977108], [0.29011625997175683]]
[400.0, 1200.0, 0.522162, [9.6296354], [110.078], [7.3977108], [0.29342835360612307]]
[400.0, 1500.0, 0.521097, [9.605076], [110.078], [7.3977108], [0.2932249244180992]]
[400.0, 200.0, 0.513262, [9.425466700000001], [110.078], [7.3977108], [0.29018608805385554]]
[400.0, 1600.0, 0.518755, [9.5511824], [110.078], [7.3977108], [0.2925354981878268]]
[400.0, 500.0, 0.520242, [9.585388], [110.078], [7.3977108], [0.29262391204411164]]
[400.0, 1700.0, 0.520301, [9.586731200000001], [110.078], [7.3977108], [0.29307487712187136]]
[400.0, 300.0, 0.507575, [9.296273400000002], [110.078], [7.3977108], [0.2884038591974802]]
[400.0, 1300.0, 0.52565, [9.7103355], [110.078], [7.3977108], [0.29493040891030553]]
[400.0, 1400.0, 0.541109, [10.072889100000001], [110.078], [7.3977108], [0.30004890634694875]]
[400.0, 1100.0, 0.518105, [9.5362531], [110.078], [7.3977108], [0.29235261910918464]]
[400.0, 800.0, 0.51917, [9.560720499999999], [110.078], [7.3977108], [0.2925533096719297]]
[400.0, 100.0, 0.133704, [2.18994454], [110.078], [7.3977108], [0.13991041976922236]]
[400.0, 1000.0, 0.515147, [9.468495100000002], [110.078], [7.3977108], [0.2906854251592261]]
[400.0, 400.0, 0.525092, [9.6974072], [110.078], [7.3977108], [0.2941310646633572]]
[400.0, 1800.0, 0.513102, [9.421816600000001], [110.078], [7.3977108], [0.2897991785702644]]
[400.0, 2000.0, 0.497191, [9.0628832], [110.078], [7.3977108], [0.2851712485507612]]
[400.0, 600.0, 0.505552, [9.2505632], [110.078], [7.3977108], [0.2876788843485041]]
[400.0, 700.0, 0.521382, [9.6116402], [110.078], [7.3977108], [0.2932886915651539]]
[400.0, 1900.0, 0.55202, [10.3337735], [110.078], [7.3977108], [0.3040660891977269]]
[500.0, 1700.0, 0.454149, [4.8362099999999995], [40.6456], [3.71427414], [0.15039900312169624]]
[500.0, 1100.0, 0.432676, [4.560290500000001], [40.6456], [3.71427414], [0.14559888361522558]]
[500.0, 300.0, 0.462075, [4.9399883], [40.6456], [3.71427414], [0.15173054850622533]]
[500.0, 1300.0, 0.438848, [4.6388400999999995], [40.6456], [3.71427414], [0.14669298306326722]]
[500.0, 1800.0, 0.447462, [4.7494793], [40.6456], [3.71427414], [0.14856641656175193]]
[500.0, 1400.0, 0.46207, [4.9399262], [40.6456], [3.71427414], [0.1519437516319773]]
[500.0, 600.0, 0.450277, [4.7858998], [40.6456], [3.71427414], [0.14926813943370498]]
[500.0, 1900.0, 0.441516, [4.6729813], [40.6456], [3.71427414], [0.1473312750572668]]
[500.0, 1200.0, 0.430021, [4.5266898], [40.6456], [3.71427414], [0.14489581978097227]]
[500.0, 800.0, 0.458639, [4.8948646], [40.6456], [3.71427414], [0.15141972747961213]]
[500.0, 1000.0, 0.461615, [4.933932400000001], [40.6456], [3.71427414], [0.1514730828233188]]
[500.0, 2000.0, 0.444391, [4.709898600000001], [40.6456], [3.71427414], [0.14805441405105083]]
[500.0, 700.0, 0.443796, [4.7022419], [40.6456], [3.71427414], [0.14766782767414166]]
[500.0, 100.0, 0.094652, [0.8916088], [40.6456], [3.71427414], [0.06434632191508696]]
[500.0, 200.0, 0.21223, [2.06012978], [40.6456], [3.71427414], [0.09787971510992459]]
[500.0, 1500.0, 0.429375, [4.5185248], [40.6456], [3.71427414], [0.1450063451025506]]
[500.0, 900.0, 0.459735, [4.9092327000000004], [40.6456], [3.71427414], [0.15114274607138775]]
[500.0, 1600.0, 0.452567, [4.8156158], [40.6456], [3.71427414], [0.1499762437521356]]
[500.0, 500.0, 0.431656, [4.5473645000000005], [40.6456], [3.71427414], [0.1454086848850508]]
[500.0, 400.0, 0.441524, [4.6730802], [40.6456], [3.71427414], [0.14762825515462819]]
[600.0, 200.0, 0.107656, [0.65795364], [18.768], [1.88428282], [0.03366383659392111]]
[600.0, 1400.0, 0.330335, [2.2055988], [18.768], [1.88428282], [0.061744917343679206]]
[600.0, 1900.0, 0.32109, [2.1344551999999997], [18.768], [1.88428282], [0.06071244902544014]]
[600.0, 100.0, 0.061237, [0.36888642], [18.768], [1.88428282], [0.025275687307942565]]
[600.0, 800.0, 0.31192, [2.0646164666666666], [18.768], [1.88428282], [0.059699935082786225]]
[600.0, 1200.0, 0.307668, [2.0324686], [18.768], [1.88428282], [0.05929320894222767]]
[600.0, 600.0, 0.311262, [2.0596316], [18.768], [1.88428282], [0.05970572397647947]]
[600.0, 1600.0, 0.308366, [2.037734066666667], [18.768], [1.88428282], [0.05944682116536314]]
[600.0, 400.0, 0.303603, [2.0018724666666667], [18.768], [1.88428282], [0.058777008883859796]]
[600.0, 500.0, 0.307604, [2.031981], [18.768], [1.88428282], [0.059329499501606375]]
[600.0, 1100.0, 0.31858, [2.1152701333333335], [18.768], [1.88428282], [0.06046096852975112]]
[600.0, 300.0, 0.307199, [2.0289266], [18.768], [1.88428282], [0.05921508212534296]]
[600.0, 1700.0, 0.305491, [2.0160634666666666], [18.768], [1.88428282], [0.05909186967952717]]
[600.0, 1500.0, 0.323239, [2.1509262666666666], [18.768], [1.88428282], [0.06095942107482467]]
[600.0, 1800.0, 0.299015, [1.9675012666666667], [18.768], [1.88428282], [0.05834916615609096]]
[600.0, 1000.0, 0.304776, [2.0106891333333334], [18.768], [1.88428282], [0.0588333226440028]]
[600.0, 2000.0, 0.322679, [2.146628333333333], [18.768], [1.88428282], [0.06100938532535611]]
[600.0, 700.0, 0.312023, [2.065392333333333], [18.768], [1.88428282], [0.05979740507190369]]
[600.0, 1300.0, 0.324812, [2.163005866666667], [18.768], [1.88428282], [0.06113015596977393]]
[600.0, 900.0, 0.322267, [2.1434727333333337], [18.768], [1.88428282], [0.06094430036243477]]
[700.0, 2000.0, 0.254785, [1.3055838066666665], [11.7484], [1.33514954], [0.03632231383965877]]
[700.0, 100.0, 0.047762, [0.22394318000000002], [11.7484], [1.33514954], [0.015064043684659618]]
[700.0, 1000.0, 0.248943, [1.27195428], [11.7484], [1.33514954], [0.0358617264007806]]
[700.0, 600.0, 0.248931, [1.2718826733333335], [11.7484], [1.33514954], [0.03587396772653458]]
[700.0, 1400.0, 0.246808, [1.2597129133333334], [11.7484], [1.33514954], [0.03561581500775557]]
[700.0, 1900.0, 0.247744, [1.2650743666666668], [11.7484], [1.33514954], [0.035781709101470015]]
[700.0, 200.0, 0.069202, [0.23560310666666665], [6.2008], [0.82986346], [0.015401858214009257]]
[700.0, 400.0, 0.246556, [1.2582711199999999], [11.7484], [1.33514954], [0.035775801548594895]]
[700.0, 1300.0, 0.257769, [1.3228463799999999], [11.7484], [1.33514954], [0.03663284160422175]]
[700.0, 1100.0, 0.248918, [0.9392973066666668], [6.2008], [0.82986346], [0.034436311287812334]]
[700.0, 800.0, 0.246677, [1.2589641866666665], [11.7484], [1.33514954], [0.03575217801601588]]
[700.0, 1500.0, 0.254363, [1.30314918], [11.7484], [1.33514954], [0.036268616951236995]]
[700.0, 1600.0, 0.248198, [1.2676778133333333], [11.7484], [1.33514954], [0.035783847802542915]]
[700.0, 1800.0, 0.243305, [1.2396957066666665], [11.7484], [1.33514954], [0.03531911100554801]]
[700.0, 1200.0, 0.245086, [1.24986692], [11.7484], [1.33514954], [0.035465244263456965]]
[700.0, 700.0, 0.259506, [1.3329197666666668], [11.7484], [1.33514954], [0.03679908957207139]]
[700.0, 900.0, 0.250231, [1.27934786], [11.7484], [1.33514954], [0.036027251685356185]]
[700.0, 300.0, 0.155065, [0.75872124], [11.7484], [1.33514954], [0.02768612839191015]]
[700.0, 500.0, 0.247149, [1.2616699066666666], [11.7484], [1.33514954], [0.035671147132910905]]
[700.0, 1700.0, 0.251184, [1.2848292200000002], [11.7484], [1.33514954], [0.036053176380328976]]
[800.0, 300.0, 0.088404, [0.30400449333333335], [6.2008], [0.82986346], [0.013650202350962504]]
[800.0, 100.0, 0.041537, [0.13944567266666666], [6.2008], [0.82986346], [0.009235016029583635]]
[800.0, 1800.0, 0.203032, [0.7447122466666667], [6.2008], [0.82986346], [0.021417823719717392]]
[800.0, 800.0, 0.200524, [0.7344061], [6.2008], [0.82986346], [0.021253681511158907]]
[800.0, 400.0, 0.201711, [0.7392794933333333], [6.2008], [0.82986346], [0.021296835341326082]]
[800.0, 200.0, 0.05289, [0.17857383999999998], [6.2008], [0.82986346], [0.010486215442718652]]
[800.0, 1700.0, 0.203174, [0.7452953733333334], [6.2008], [0.82986346], [0.02142573693274309]]
[800.0, 600.0, 0.202539, [0.7426831866666668], [6.2008], [0.82986346], [0.021377157913166203]]
[800.0, 1600.0, 0.203617, [0.7471186599999999], [6.2008], [0.82986346], [0.021346247008158913]]
[800.0, 1000.0, 0.204229, [0.74964314], [6.2008], [0.82986346], [0.021435879351114934]]
[800.0, 1100.0, 0.197861, [0.7234956666666666], [6.2008], [0.82986346], [0.021052856517716437]]
[800.0, 1500.0, 0.205028, [0.75293674], [6.2008], [0.82986346], [0.021468709188542805]]
[800.0, 1400.0, 0.202236, [0.7414359733333332], [6.2008], [0.82986346], [0.021332425261923582]]
[800.0, 1200.0, 0.205407, [0.7545013533333332], [6.2008], [0.82986346], [0.02149585135167559]]
[800.0, 900.0, 0.189671, [0.6901793999999999], [6.2008], [0.82986346], [0.020613851847726086]]
[800.0, 1300.0, 0.211453, [0.7795567866666666], [6.2008], [0.82986346], [0.021883508575078984]]
[800.0, 2000.0, 0.198863, [0.7275984066666668], [6.2008], [0.82986346], [0.021145400519051682]]
[800.0, 500.0, 0.206202, [0.7577845266666667], [6.2008], [0.82986346], [0.021502303514843342]]
[800.0, 1900.0, 0.205056, [0.7530509733333333], [6.2008], [0.82986346], [0.021471966964703843]]
[800.0, 700.0, 0.199878, [0.7317546600000001], [6.2008], [0.82986346], [0.021266189106445732]]
[900.0, 200.0, 0.037957, [0.08760094333333332], [3.01392], [0.44629673799999997], [0.004097798549899148]]
[900.0, 1100.0, 0.167344, [0.4260201066666667], [3.01392], [0.44629673799999997], [0.009031606673848851]]
[900.0, 300.0, 0.053836, [0.12568334666666667], [3.01392], [0.44629673799999997], [0.004888513999388999]]
[900.0, 1000.0, 0.164725, [0.41847741], [3.01392], [0.44629673799999997], [0.00895253970173331]]
[900.0, 900.0, 0.162793, [0.41293072999999997], [3.01392], [0.44629673799999997], [0.008891033035842598]]
[900.0, 1600.0, 0.166016, [0.42218961], [3.01392], [0.44629673799999997], [0.008962494010535733]]
[900.0, 700.0, 0.164536, [0.41793368999999997], [3.01392], [0.44629673799999997], [0.008938863195184398]]
[900.0, 1900.0, 0.165714, [0.42132113], [3.01392], [0.44629673799999997], [0.008964280940364252]]
[900.0, 500.0, 0.163584, [0.41519960333333333], [3.01392], [0.44629673799999997], [0.008898721499930949]]
[900.0, 1400.0, 0.165506, [0.42072336], [3.01392], [0.44629673799999997], [0.00895358683557725]]
[900.0, 1200.0, 0.166623, [0.42393883666666665], [3.01392], [0.44629673799999997], [0.009001655964938403]]
[900.0, 1500.0, 0.16332, [0.41444321], [3.01392], [0.44629673799999997], [0.008860156074622313]]
[900.0, 800.0, 0.162036, [0.41076298], [3.01392], [0.44629673799999997], [0.008842306052910255]]
[900.0, 400.0, 0.114056, [0.27851014333333335], [3.01392], [0.44629673799999997], [0.007293941923115223]]
[900.0, 100.0, 0.031248, [0.07177066433333333], [3.01392], [0.44629673799999997], [0.003701290081399547]]
[900.0, 600.0, 0.161122, [0.40814818666666663], [3.01392], [0.44629673799999997], [0.008833217797986568]]
[900.0, 1800.0, 0.157732, [0.39848657666666665], [3.01392], [0.44629673799999997], [0.008706059537280151]]
[900.0, 2000.0, 0.167255, [0.42576388666666665], [3.01392], [0.44629673799999997], [0.009028205598751799]]
[900.0, 1700.0, 0.16284, [0.4130648966666666], [3.01392], [0.44629673799999997], [0.008891859360611192]]
[900.0, 1300.0, 0.168862, [0.43040551666666665], [3.01392], [0.44629673799999997], [0.009037666851080046]]
[1000.0, 1600.0, 0.101176, [0.31576874800000004], [5.1888000000000005], [0.5894283600000001], [0.006786412286915672]]
[1000.0, 1400.0, 0.101679, [0.24596192333333336], [3.01392], [0.44629673799999997], [0.005463123788944686]]
[1000.0, 1500.0, 0.102737, [0.320937584], [5.1888000000000005], [0.5894283600000001], [0.006820743127841717]]
[1000.0, 700.0, 0.100888, [0.3148171], [5.1888000000000005], [0.5894283600000001], [0.006772219298280291]]
[1000.0, 1900.0, 0.101539, [0.24559576333333333], [3.01392], [0.44629673799999997], [0.005450957946391931]]
[1000.0, 1800.0, 0.100772, [0.24360143333333334], [3.01392], [0.44629673799999997], [0.0054321755361508295]]
[1000.0, 500.0, 0.102098, [0.24705427], [3.01392], [0.44629673799999997], [0.005475244886456374]]
[1000.0, 1000.0, 0.099521, [0.24035015333333334], [3.01392], [0.44629673799999997], [0.0053919443740948715]]
[1000.0, 200.0, 0.022877, [0.068300524], [5.1888000000000005], [0.5894283600000001], [0.0031404614718222547]]
[1000.0, 1100.0, 0.101343, [0.316321576], [5.1888000000000005], [0.5894283600000001], [0.006770206802159]]
[1000.0, 2000.0, 0.101563, [0.24566008666666667], [3.01392], [0.44629673799999997], [0.005439005345138433]]
[1000.0, 1700.0, 0.103604, [0.32381147999999993], [5.1888000000000005], [0.5894283600000001], [0.006846351705835743]]
[1000.0, 800.0, 0.101325, [0.3162638], [5.1888000000000005], [0.5894283600000001], [0.006790780439389864]]
[1000.0, 1300.0, 0.100582, [0.24310524666666664], [3.01392], [0.44629673799999997], [0.005444171203120718]]
[1000.0, 400.0, 0.049882, [0.11611795333333333], [3.01392], [0.44629673799999997], [0.0037457398571948074]]
[1000.0, 300.0, 0.029385, [0.088041792], [5.1888000000000005], [0.5894283600000001], [0.0035735054923702017]]
[1000.0, 600.0, 0.09932, [0.30963842], [5.1888000000000005], [0.5894283600000001], [0.006702820987017332]]
[1000.0, 1200.0, 0.103053, [0.24954386666666667], [3.01392], [0.44629673799999997], [0.0054941090026803556]]
[1000.0, 100.0, 0.017809, [0.05302324320000001], [5.1888000000000005], [0.5894283600000001], [0.0027715691327477292]]
[1000.0, 900.0, 0.099587, [0.24052058333333334], [3.01392], [0.44629673799999997], [0.005399845106832026]]
[1100.0, 1300.0, 0.0839, [0.123473292], [1.08698], [0.199501126], [0.002194409256269213]]
[1100.0, 1800.0, 0.085895, [0.12671923599999999], [1.08698], [0.199501126], [0.0019872790313502646]]
[1100.0, 2000.0, 0.085329, [0.12579712], [1.08698], [0.199501126], [0.001974275128412113]]
[1100.0, 700.0, 0.084217, [0.123987848], [1.08698], [0.199501126], [0.001964352848593597]]
[1100.0, 900.0, 0.086264, [0.12732094666666666], [1.08698], [0.199501126], [0.0019920663973762407]]
[1100.0, 200.0, 0.017566, [0.0238610004], [1.08698], [0.199501126], [0.0008615708719929353]]
[1100.0, 1900.0, 0.085606, [0.12624798133333334], [1.08698], [0.199501126], [0.0019833058243470393]]
[1100.0, 1500.0, 0.082926, [0.121894112], [1.08698], [0.199501126], [0.0019518679276813557]]
[1100.0, 800.0, 0.086641, [0.127936856], [1.08698], [0.199501126], [0.001997307545894945]]
[1100.0, 500.0, 0.064168, [0.09218740400000001], [1.08698], [0.199501126], [0.0016930088760021972]]
[1100.0, 1700.0, 0.084783, [0.12490830800000001], [1.08698], [0.199501126], [0.0019715265855000112]]
[1100.0, 400.0, 0.033141, [0.045862736], [1.08698], [0.199501126], [0.00119700764390022]]
[1100.0, 600.0, 0.086679, [0.127999324], [1.08698], [0.199501126], [0.001996094487632175]]
[1100.0, 1400.0, 0.083126, [0.12221957733333334], [1.08698], [0.199501126], [0.001948604257182846]]
[1100.0, 100.0, 0.015147, [0.020516003066666667], [1.08698], [0.199501126], [0.0008010153292471304]]
[1100.0, 1100.0, 0.084852, [0.125020916], [1.08698], [0.199501126], [0.001973304089873406]]
[1100.0, 1000.0, 0.08556, [0.12617382933333332], [1.08698], [0.199501126], [0.0019855744277160704]]
[1100.0, 300.0, 0.021678, [0.029591609866666667], [1.08698], [0.199501126], [0.0009621063943937455]]
[1100.0, 1200.0, 0.084432, [0.12433714133333333], [1.08698], [0.199501126], [0.0019669263878221554]]
[1100.0, 1600.0, 0.085854, [0.12665192266666667], [1.08698], [0.199501126], [0.00198354218911522]]
[1200.0, 100.0, 0.010305, [0.013878071200000001], [1.08698], [0.199501126], [0.0005321997451249964]]
[1200.0, 1400.0, 0.061894, [0.088675672], [1.08698], [0.199501126], [0.0013415704575028642]]
[1200.0, 1700.0, 0.062769, [0.090025588], [1.08698], [0.199501126], [0.001357958298165137]]
[1200.0, 1800.0, 0.060563, [0.08662824266666666], [1.08698], [0.199501126], [0.0013294422676863825]]
[1200.0, 700.0, 0.060552, [0.08661223466666666], [1.08698], [0.199501126], [0.0013281024886824225]]
[1200.0, 200.0, 0.012031, [0.016234979333333333], [1.08698], [0.199501126], [0.0005750724505466922]]
[1200.0, 1900.0, 0.06343, [0.09104651200000001], [1.08698], [0.199501126], [0.0013610272969750135]]
[1200.0, 1200.0, 0.060998, [0.08729702133333332], [1.08698], [0.199501126], [0.0013315765419648661]]
[1200.0, 1100.0, 0.060981, [0.08727135333333334], [1.08698], [0.199501126], [0.0013324259065495704]]
[1200.0, 1300.0, 0.062417, [0.089482328], [1.08698], [0.199501126], [0.0013480782041278038]]
[1200.0, 2000.0, 0.062929, [0.09027147333333334], [1.08698], [0.199501126], [0.0013541401352067583]]
[1200.0, 800.0, 0.062568, [0.08971551733333333], [1.08698], [0.199501126], [0.0013531271816713231]]
[1200.0, 1600.0, 0.060514, [0.08655307866666666], [1.08698], [0.199501126], [0.0013270395422392907]]
[1200.0, 1000.0, 0.058864, [0.08402531733333334], [1.08698], [0.199501126], [0.0013063737243053978]]
[1200.0, 1500.0, 0.062066, [0.08894093866666666], [1.08698], [0.199501126], [0.00134420014515035]]
[1200.0, 300.0, 0.01416, [0.019156316666666666], [1.08698], [0.199501126], [0.0006254758929185219]]
[1200.0, 600.0, 0.05962, [0.08518326000000001], [1.08698], [0.199501126], [0.0013134684052368963]]
[1200.0, 500.0, 0.034727, [0.048149948000000005], [1.08698], [0.199501126], [0.0009930461419289638]]
[1200.0, 900.0, 0.062402, [0.08945862266666667], [1.08698], [0.199501126], [0.0013471095614932982]]
[1200.0, 400.0, 0.020396, [0.027799232133333334], [1.08698], [0.199501126], [0.0007524305865364297]]
[1300.0, 1600.0, 0.048805, [0.0296279836], [0.16951], [0.074564344], [0.0006295282583720041]]
[1300.0, 1700.0, 0.045898, [0.027622034], [0.16951], [0.074564344], [0.0006072610205028989]]
[1300.0, 900.0, 0.050177, [0.030586589866666666], [0.16951], [0.074564344], [0.000639584708732506]]
[1300.0, 200.0, 0.010422, [0.005638864], [0.16951], [0.074564344], [0.0002751484017519758]]
[1300.0, 1800.0, 0.048009, [0.02907585173333333], [0.16951], [0.074564344], [0.0006227363347178144]]
[1300.0, 1000.0, 0.047272, [0.0285664048], [0.16951], [0.074564344], [0.0006185291817062653]]
[1300.0, 1400.0, 0.048294, [0.029273427866666667], [0.16951], [0.074564344], [0.0006269679814613963]]
[1300.0, 1200.0, 0.04778, [0.028917160933333335], [0.16951], [0.074564344], [0.0006210492161567301]]
[1300.0, 500.0, 0.022014, [0.012332032666666668], [0.16951], [0.074564344], [0.0004059138513965193]]
[1300.0, 100.0, 0.009313, [0.0050220224], [0.16951], [0.074564344], [0.00025933618017289194]]
[1300.0, 1100.0, 0.048855, [0.029662707466666667], [0.16951], [0.074564344], [0.0006288480973971377]]
[1300.0, 2000.0, 0.04743, [0.028675430933333333], [0.16951], [0.074564344], [0.0006174259455369707]]
[1300.0, 1300.0, 0.047615, [0.028802765066666666], [0.16951], [0.074564344], [0.0006213209705493969]]
[1300.0, 1500.0, 0.047212, [0.028524406800000002], [0.16951], [0.074564344], [0.0006192184750330228]]
[1300.0, 600.0, 0.038189, [0.022457368666666665], [0.16951], [0.074564344], [0.0005482301194044543]]
[1300.0, 300.0, 0.011318, [0.006139834666666667], [0.16951], [0.074564344], [0.0002878399046692449]]
[1300.0, 1900.0, 0.048772, [0.029605578533333333], [0.16951], [0.074564344], [0.0006290521257327478]]
[1300.0, 400.0, 0.014986, [0.0082199148], [0.16951], [0.074564344], [0.0003311897776200226]]
[1300.0, 700.0, 0.048905, [0.029697670533333335], [0.16951], [0.074564344], [0.0006301561249933754]]
[1300.0, 800.0, 0.048126, [0.029156937466666664], [0.16951], [0.074564344], [0.000624759710181976]]
[1400.0, 1100.0, 0.048304, [0.0292803156], [0.16951], [0.074564344], [0.0005370049448148086]]
[1400.0, 400.0, 0.013108, [0.007149369066666666], [0.16951], [0.074564344], [0.00025135837505663324]]
[1400.0, 1500.0, 0.047725, [0.028879155733333335], [0.16951], [0.074564344], [0.0005064959993260888]]
[1400.0, 1800.0, 0.048812, [0.02963343], [0.16951], [0.074564344], [0.0005108453664705636]]
[1400.0, 1600.0, 0.048139, [0.02916594733333333], [0.16951], [0.074564344], [0.0005082532577804538]]
[1400.0, 1400.0, 0.049508, [0.030118224], [0.16951], [0.074564344], [0.0005168273267629034]]
[1400.0, 600.0, 0.029067, [0.01663188266666667], [0.16951], [0.074564344], [0.0003833819062559479]]
[1400.0, 1700.0, 0.049893, [0.0303878668], [0.16951], [0.074564344], [0.0005187879193316326]]
[1400.0, 900.0, 0.048468, [0.029394171733333332], [0.16951], [0.074564344], [0.0005098362616457256]]
[1400.0, 100.0, 0.008941, [0.004816206133333334], [0.16951], [0.074564344], [0.00020611458836719389]]
[1400.0, 700.0, 0.049053, [0.029801173599999998], [0.16951], [0.074564344], [0.0005140426763087543]]
[1400.0, 2000.0, 0.04904, [0.029791685333333335], [0.16951], [0.074564344], [0.0005122810445665761]]
[1400.0, 800.0, 0.050818, [0.031036844], [0.16951], [0.074564344], [0.0005243937231593156]]
[1400.0, 1300.0, 0.048702, [0.029556846133333335], [0.16951], [0.074564344], [0.0005128892505101749]]
[1400.0, 300.0, 0.011213, [0.0060811632], [0.16951], [0.074564344], [0.0002323492537443483]]
[1400.0, 1200.0, 0.048743, [0.0295852588], [0.16951], [0.074564344], [0.0005125342303148586]]
[1400.0, 500.0, 0.018989, [0.010541721866666666], [0.16951], [0.074564344], [0.000305717705749747]]
[1400.0, 1000.0, 0.048749, [0.02958951533333333], [0.16951], [0.074564344], [0.0005113816319649261]]
[1400.0, 200.0, 0.009606, [0.005184307333333333], [0.16951], [0.074564344], [0.0002141617815058928]]
[1400.0, 1900.0, 0.04867, [0.029534342933333332], [0.16951], [0.074564344], [0.0005122674594822947]]
[1500.0, 1500.0, 0.035358, [0.020616623466666668], [0.16951], [0.074564344], [0.001076178932664597]]
[1500.0, 1100.0, 0.03622, [0.0211743244], [0.16951], [0.074564344], [0.0010948983522582258]]
[1500.0, 1800.0, 0.035545, [0.020737784399999997], [0.16951], [0.074564344], [0.0010810319711584235]]
[1500.0, 400.0, 0.008115, [0.004360168266666667], [0.16951], [0.074564344], [0.0005001456930846362]]
[1500.0, 200.0, 0.006849, [0.0036660742666666667], [0.16951], [0.074564344], [0.00045472059308742307]]
[1500.0, 500.0, 0.013505, [0.0073748028], [0.16951], [0.074564344], [0.0006493151612789175]]
[1500.0, 1300.0, 0.035899, [0.0209665148], [0.16951], [0.074564344], [0.001092955009341393]]
[1500.0, 600.0, 0.016773, [0.009249695333333334], [0.16951], [0.074564344], [0.0007244920006613063]]
[1500.0, 1000.0, 0.039257, [0.02315950346666667], [0.16951], [0.074564344], [0.0011437663584258223]]
[1500.0, 2000.0, 0.035682, [0.0208260492], [0.16951], [0.074564344], [0.0010856329185216236]]
[1500.0, 800.0, 0.034651, [0.020161560800000002], [0.16951], [0.074564344], [0.0010685606268870911]]
[1500.0, 1700.0, 0.037524, [0.022022401866666666], [0.16951], [0.074564344], [0.0011038832901272772]]
[1500.0, 1200.0, 0.037885, [0.02225861186666667], [0.16951], [0.074564344], [0.001125666358306147]]
[1500.0, 300.0, 0.007239, [0.0038791707999999998], [0.16951], [0.074564344], [0.000466997252049969]]
[1500.0, 1400.0, 0.037309, [0.02188199453333333], [0.16951], [0.074564344], [0.0011080380595148045]]
[1500.0, 100.0, 0.007095, [0.0038008144000000006], [0.16951], [0.074564344], [0.0004643435639935394]]
[1500.0, 900.0, 0.037217, [0.021822102533333335], [0.16951], [0.074564344], [0.0011035914614465707]]
[1500.0, 700.0, 0.029415, [0.016848582533333333], [0.16951], [0.074564344], [0.0009727532408352879]]
[1500.0, 1900.0, 0.036985, [0.0216707012], [0.16951], [0.074564344], [0.0011030097039968012]]
[1500.0, 1600.0, 0.03529, [0.0205730676], [0.16951], [0.074564344], [0.0010753711702374104]]
[1600.0, 1500.0, 0.027759, [0.016946387733333332], [0.19789199999999998], [0.073314892], [0.0008042399840843528]]
[1600.0, 100.0, 0.004361, [0.002316983506666667], [0.16951], [0.074564344], [0.00029665933812671023]]
[1600.0, 1300.0, 0.026967, [0.016426176799999997], [0.19789199999999998], [0.073314892], [0.0007821988871266835]]
[1600.0, 900.0, 0.027624, [0.0168573716], [0.19789199999999998], [0.073314892], [0.0007973263743286058]]
[1600.0, 300.0, 0.005274, [0.00302388176], [0.19789199999999998], [0.073314892], [0.0003402131859747813]]
[1600.0, 500.0, 0.006118, [0.0035165742666666664], [0.19789199999999998], [0.073314892], [0.0003646518129820708]]
[1600.0, 1000.0, 0.027888, [0.017031153466666667], [0.19789199999999998], [0.073314892], [0.0008055459152097483]]
[1600.0, 1200.0, 0.025806, [0.015668311466666668], [0.19789199999999998], [0.073314892], [0.0007654470646041509]]
[1600.0, 1800.0, 0.0265, [0.0161209208], [0.19789199999999998], [0.073314892], [0.0007747220041049851]]
[1600.0, 1100.0, 0.028469, [0.0174137232], [0.19789199999999998], [0.073314892], [0.0008101597635583298]]
[1600.0, 1900.0, 0.028217, [0.0172475804], [0.19789199999999998], [0.073314892], [0.0008050481306246368]]
[1600.0, 1700.0, 0.026739, [0.0162774312], [0.19789199999999998], [0.073314892], [0.0007895714453915984]]
[1600.0, 800.0, 0.027932, [0.017059915733333333], [0.19789199999999998], [0.073314892], [0.0007997811400627049]]
[1600.0, 200.0, 0.004804, [0.0027507656533333332], [0.19789199999999998], [0.073314892], [0.0003241809001159692]]
[1600.0, 1600.0, 0.027727, [0.016925365733333333], [0.19789199999999998], [0.073314892], [0.0007952230329774017]]
[1600.0, 2000.0, 0.027066, [0.016491447733333334], [0.19789199999999998], [0.073314892], [0.0007888929517015883]]
[1600.0, 1400.0, 0.026124, [0.015875421866666663], [0.19789199999999998], [0.073314892], [0.000776492353772184]]
[1600.0, 700.0, 0.016388, [0.009692396266666667], [0.19789199999999998], [0.073314892], [0.0006034223667640364]]
[1600.0, 400.0, 0.006518, [0.0037502634666666665], [0.19789199999999998], [0.073314892], [0.0003750262514070775]]
[1600.0, 600.0, 0.012021, [0.007023488533333333], [0.19789199999999998], [0.073314892], [0.0005149872060546747]]
[1700.0, 900.0, 0.019737, [0.011782461466666666], [0.19789199999999998], [0.073314892], [0.0005429070628876855]]
[1700.0, 1500.0, 0.017683, [0.010495887466666668], [0.19789199999999998], [0.073314892], [0.0005152228169550637]]
[1700.0, 1800.0, 0.019169, [0.011425452400000001], [0.19789199999999998], [0.073314892], [0.000538003470290336]]
[1700.0, 700.0, 0.008657, [0.005010795333333333], [0.19789199999999998], [0.073314892], [0.0003534342313799147]]
[1700.0, 500.0, 0.005449, [0.0031258257333333333], [0.19789199999999998], [0.073314892], [0.000279582232911893]]
[1700.0, 300.0, 0.003968, [0.0022670514266666664], [0.19789199999999998], [0.073314892], [0.0002403070016828011]]
[1700.0, 800.0, 0.015912, [0.009398529866666666], [0.19789199999999998], [0.073314892], [0.0004879473354096048]]
[1700.0, 1300.0, 0.017445, [0.0103476632], [0.19789199999999998], [0.073314892], [0.0005135459081934371]]
[1700.0, 400.0, 0.00424, [0.002424512493333333], [0.19789199999999998], [0.073314892], [0.0002461719176330052]]
[1700.0, 1000.0, 0.019234, [0.0114660428], [0.19789199999999998], [0.073314892], [0.0005346069961715387]]
[1700.0, 2000.0, 0.017824, [0.0105840756], [0.19789199999999998], [0.073314892], [0.0005239898747113345]]
[1700.0, 1600.0, 0.017337, [0.0102809172], [0.19789199999999998], [0.073314892], [0.0005108629473090932]]
[1700.0, 1400.0, 0.017482, [0.010371184533333334], [0.19789199999999998], [0.073314892], [0.0005140805456994718]]
[1700.0, 1200.0, 0.018389, [0.010936644133333333], [0.19789199999999998], [0.073314892], [0.000528026125784616]]
[1700.0, 100.0, 0.002754, [0.0015683353466666669], [0.19789199999999998], [0.073314892], [0.0001975917135914358]]
[1700.0, 1700.0, 0.019293, [0.011503351866666667], [0.19789199999999998], [0.073314892], [0.0005392855187704892]]
[1700.0, 1900.0, 0.019159, [0.0114188928], [0.19789199999999998], [0.073314892], [0.0005413074092314726]]
[1700.0, 1100.0, 0.018406, [0.010947451066666667], [0.19789199999999998], [0.073314892], [0.0005224933173416351]]
[1700.0, 600.0, 0.006381, [0.003670235733333333], [0.19789199999999998], [0.073314892], [0.0003037508177583871]]
[1700.0, 200.0, 0.003266, [0.00186242408], [0.19789199999999998], [0.073314892], [0.00021798025435550093]]
[1800.0, 600.0, 0.004667, [0.0016539744666666668], [0.075118], [0.0390613692], [0.00016793566196612322]]
[1800.0, 1800.0, 0.014475, [0.0053626309333333335], [0.075118], [0.0390613692], [0.0003002497519214443]]
[1800.0, 400.0, 0.002904, [0.00102103256], [0.075118], [0.0390613692], [0.00013181477273473984]]
[1800.0, 1300.0, 0.013814, [0.005102672666666667], [0.075118], [0.0390613692], [0.00029314090057702816]]
[1800.0, 1200.0, 0.013996, [0.005173981866666666], [0.075118], [0.0390613692], [0.00029577678069787693]]
[1800.0, 1700.0, 0.014417, [0.005339784266666666], [0.075118], [0.0390613692], [0.00030475755084985174]]
[1800.0, 500.0, 0.004226, [0.0014946964], [0.075118], [0.0390613692], [0.00015843751626429896]]
[1800.0, 1600.0, 0.01442, [0.005340900533333334], [0.075118], [0.0390613692], [0.00029950287216578663]]
[1800.0, 1000.0, 0.014474, [0.005362106533333333], [0.075118], [0.0390613692], [0.00030069199145378724]]
[1800.0, 700.0, 0.006986, [0.002501859346666667], [0.075118], [0.0390613692], [0.0002049602944312223]]
[1800.0, 200.0, 0.00246, [0.0008632709599999999], [0.075118], [0.0390613692], [0.00012088214969777612]]
[1800.0, 800.0, 0.009976, [0.0036212917333333333], [0.075118], [0.0390613692], [0.0002481268976059539]]
[1800.0, 2000.0, 0.014165, [0.005240402799999999], [0.075118], [0.0390613692], [0.00029859974440712435]]
[1800.0, 1100.0, 0.013421, [0.004948548133333334], [0.075118], [0.0390613692], [0.00028618185254989336]]
[1800.0, 900.0, 0.01635, [0.006109076], [0.075118], [0.0390613692], [0.00032423601417623076]]
[1800.0, 1500.0, 0.015003, [0.005571608933333334], [0.075118], [0.0390613692], [0.0003076406267059018]]
[1800.0, 1400.0, 0.014462, [0.005357527999999999], [0.075118], [0.0390613692], [0.0003018624853067296]]
[1800.0, 1900.0, 0.013618, [0.0050256288], [0.075118], [0.0390613692], [0.00029410259074759003]]
[1800.0, 100.0, 0.002588, [0.00090839788], [0.075118], [0.0390613692], [0.0001236172914909381]]
[1800.0, 300.0, 0.002343, [0.0008216995333333333], [0.075118], [0.0390613692], [0.00011860211914913945]]
[1900.0, 300.0, 0.002468, [0.0008658411333333334], [0.075118], [0.0390613692], [9.93188186263476e-05]]
[1900.0, 1600.0, 0.011809, [0.0043225096], [0.075118], [0.0390613692], [0.0002214488180244917]]
[1900.0, 600.0, 0.003534, [0.0012460053733333331], [0.075118], [0.0390613692], [0.00011880193047440113]]
[1900.0, 1500.0, 0.011752, [0.0043003927999999995], [0.075118], [0.0390613692], [0.00021945352504193987]]
[1900.0, 500.0, 0.003179, [0.0011189904799999999], [0.075118], [0.0390613692], [0.00011189904863064941]]
[1900.0, 1700.0, 0.012711, [0.0046715208], [0.075118], [0.0390613692], [0.00022876533766188345]]
[1900.0, 1800.0, 0.01214, [0.0044502516], [0.075118], [0.0390613692], [0.00022563665580850207]]
[1900.0, 800.0, 0.007107, [0.00254662716], [0.075118], [0.0390613692], [0.00017169357158741978]]
[1900.0, 1300.0, 0.012172, [0.004462797333333333], [0.075118], [0.0390613692], [0.0002262728107985285]]
[1900.0, 1000.0, 0.012394, [0.004548519866666666], [0.075118], [0.0390613692], [0.00022714222637907824]]
[1900.0, 1900.0, 0.013356, [0.004922990533333334], [0.075118], [0.0390613692], [0.00023685748960550565]]
[1900.0, 1200.0, 0.013071, [0.004811790133333333], [0.075118], [0.0390613692], [0.000235917393037855]]
[1900.0, 100.0, 0.002206, [0.0007730039333333333], [0.075118], [0.0390613692], [9.374050106307068e-05]]
[1900.0, 2000.0, 0.012215, [0.004479197866666666], [0.075118], [0.0390613692], [0.0002250881943100921]]
[1900.0, 1100.0, 0.011835, [0.0043324977333333336], [0.075118], [0.0390613692], [0.00022138030686279814]]
[1900.0, 900.0, 0.010146, [0.003685888], [0.075118], [0.0390613692], [0.0002041424511789092]]
[1900.0, 200.0, 0.002087, [0.00073086916], [0.075118], [0.0390613692], [9.065316167067141e-05]]
[1900.0, 400.0, 0.002507, [0.00087978312], [0.075118], [0.0390613692], [9.961579419616817e-05]]
[1900.0, 700.0, 0.005658, [0.00201402444], [0.075118], [0.0390613692], [0.0001501165127344609]]
[1900.0, 1400.0, 0.013327, [0.004911735866666667], [0.075118], [0.0390613692], [0.00023549963453616367]]
[2000.0, 1500.0, 0.008301, [0.0029906240666666664], [0.075118], [0.0390613692], [0.00015066546129311343]]
[2000.0, 1200.0, 0.008417, [0.0030339554533333336], [0.075118], [0.0390613692], [0.00015284846270444174]]
[2000.0, 1300.0, 0.00841, [0.003031198826666667], [0.075118], [0.0390613692], [0.000152131519475018]]
[2000.0, 300.0, 0.001611, [0.0005630952], [0.075118], [0.0390613692], [6.590532800582632e-05]]
[2000.0, 900.0, 0.005894, [0.00210031124], [0.075118], [0.0390613692], [0.00012735006745188634]]
[2000.0, 1900.0, 0.008033, [0.0028905713066666667], [0.075118], [0.0390613692], [0.00014946789877577207]]
[2000.0, 1600.0, 0.00858, [0.0030950026666666667], [0.075118], [0.0390613692], [0.0001530379434722717]]
[2000.0, 500.0, 0.001996, [0.0006988464133333333], [0.075118], [0.0390613692], [7.285975997764471e-05]]
[2000.0, 600.0, 0.002302, [0.0008070310533333332], [0.075118], [0.0390613692], [7.838578766871225e-05]]
[2000.0, 200.0, 0.001253, [0.00043710120000000003], [0.075118], [0.0390613692], [5.78954748413994e-05]]
[2000.0, 1800.0, 0.008599, [0.0031019486666666665], [0.075118], [0.0390613692], [0.00015548662313309572]]
[2000.0, 2000.0, 0.007947, [0.002858278693333333], [0.075118], [0.0390613692], [0.0001472088483451695]]
[2000.0, 400.0, 0.001499, [0.0005234895066666667], [0.075118], [0.0390613692], [6.302071629763238e-05]]
[2000.0, 1100.0, 0.008064, [0.0029022108400000002], [0.075118], [0.0390613692], [0.00014907656204484696]]
[2000.0, 100.0, 0.001392, [0.00048599981333333333], [0.075118], [0.0390613692], [6.123020663401721e-05]]
[2000.0, 1400.0, 0.007868, [0.002829123586666667], [0.075118], [0.0390613692], [0.00014747826060511804]]
[2000.0, 1700.0, 0.00835, [0.003009057186666667], [0.075118], [0.0390613692], [0.00015007816748466632]]
[2000.0, 700.0, 0.003134, [0.0011030870533333332], [0.075118], [0.0390613692], [9.067319183382338e-05]]
[2000.0, 1000.0, 0.00866, [0.0031251510666666666], [0.075118], [0.0390613692], [0.00015490795489221621]]
[2000.0, 800.0, 0.00349, [0.0012303294933333334], [0.075118], [0.0390613692], [9.726609083676935e-05]]
[2100.0, 200.0, 0.000874, [0.0003043860173333333], [0.075118], [0.0390613692], [3.962768215387936e-05]]
[2100.0, 100.0, 0.000719, [0.0002503296693333333], [0.075118], [0.0390613692], [3.5761383418430555e-05]]
[2100.0, 400.0, 0.000796, [0.000277077412], [0.075118], [0.0390613692], [3.7361113283436536e-05]]
[2100.0, 1400.0, 0.005025, [0.0017837686800000001], [0.075118], [0.0390613692], [9.534644937280044e-05]]
[2100.0, 500.0, 0.001095, [0.00038193493333333337], [0.075118], [0.0390613692], [4.410204669475858e-05]]
[2100.0, 800.0, 0.002131, [0.0007464757333333333], [0.075118], [0.0390613692], [6.177876685219427e-05]]
[2100.0, 300.0, 0.000736, [0.00025612195866666666], [0.075118], [0.0390613692], [3.6221111290394046e-05]]
[2100.0, 600.0, 0.001441, [0.0005033298533333333], [0.075118], [0.0390613692], [5.058655134409628e-05]]
[2100.0, 700.0, 0.001536, [0.0005366099333333333], [0.075118], [0.0390613692], [5.21201720641826e-05]]
[2100.0, 1000.0, 0.004743, [0.0016813552], [0.075118], [0.0390613692], [9.28373150265201e-05]]
[2100.0, 1700.0, 0.004757, [0.0016865302000000002], [0.075118], [0.0390613692], [9.355187226109137e-05]]
[2100.0, 1800.0, 0.004661, [0.0016518422133333334], [0.075118], [0.0390613692], [9.205356418472405e-05]]
[2100.0, 1900.0, 0.005101, [0.0018111166], [0.075118], [0.0390613692], [9.680825044729743e-05]]
[2100.0, 900.0, 0.002955, [0.0010392448799999999], [0.075118], [0.0390613692], [7.330268671140991e-05]]
[2100.0, 2000.0, 0.005029, [0.0017852210533333332], [0.075118], [0.0390613692], [9.501773084593796e-05]]
[2100.0, 1200.0, 0.004945, [0.00175454856], [0.075118], [0.0390613692], [9.473671429106387e-05]]
[2100.0, 1500.0, 0.005229, [0.0018578185599999997], [0.075118], [0.0390613692], [9.69773392087038e-05]]
[2100.0, 1100.0, 0.005181, [0.0018403775066666668], [0.075118], [0.0390613692], [9.686197133837178e-05]]
[2100.0, 1300.0, 0.004859, [0.0017232792933333334], [0.075118], [0.0390613692], [9.443511577562425e-05]]
[2100.0, 1600.0, 0.00517, [0.0018362375066666664], [0.075118], [0.0390613692], [9.704815409544549e-05]]
[2200.0, 1700.0, 0.003117, [0.0010970205733333333], [0.075118], [0.0390613692], [6.132532114333632e-05]]
[2200.0, 1100.0, 0.002875, [0.0010105761466666667], [0.075118], [0.0390613692], [5.873853979193634e-05]]
[2200.0, 200.0, 0.000413, [0.00014340386533333335], [0.075118], [0.0390613692], [2.212769903386553e-05]]
[2200.0, 1800.0, 0.002989, [0.0010513885733333334], [0.075118], [0.0390613692], [6.030127271920183e-05]]
[2200.0, 900.0, 0.001399, [0.0004885212266666667], [0.075118], [0.0390613692], [4.0852189975297254e-05]]
[2200.0, 1000.0, 0.002015, [0.0007056470533333334], [0.075118], [0.0390613692], [4.928452966195376e-05]]
[2200.0, 1300.0, 0.003057, [0.00107551036], [0.075118], [0.0390613692], [6.0694563022106386e-05]]
[2200.0, 1900.0, 0.002694, [0.0009462951333333332], [0.075118], [0.0390613692], [5.655194426365905e-05]]
[2200.0, 1400.0, 0.002835, [0.00099641704], [0.075118], [0.0390613692], [5.8612777294905775e-05]]
[2200.0, 1600.0, 0.002839, [0.0009979341200000002], [0.075118], [0.0390613692], [5.820070406599715e-05]]
[2200.0, 800.0, 0.001042, [0.00036318533333333335], [0.075118], [0.0390613692], [3.5443264509792425e-05]]
[2200.0, 400.0, 0.000661, [0.0002301010773333333], [0.075118], [0.0390613692], [2.7903855975673168e-05]]
[2200.0, 600.0, 0.000802, [0.0002792336466666667], [0.075118], [0.0390613692], [3.0836198728118225e-05]]
[2200.0, 2000.0, 0.003094, [0.00108880988], [0.075118], [0.0390613692], [6.067700497992081e-05]]
[2200.0, 500.0, 0.000542, [0.00018861045733333334], [0.075118], [0.0390613692], [2.5432227394041252e-05]]
[2200.0, 700.0, 0.000898, [0.00031283618666666665], [0.075118], [0.0390613692], [3.279415389635442e-05]]
[2200.0, 300.0, 0.000591, [0.00020571791866666665], [0.075118], [0.0390613692], [2.6558069889708975e-05]]
[2200.0, 1200.0, 0.002795, [0.0009822987199999999], [0.075118], [0.0390613692], [5.758336925035059e-05]]
[2200.0, 1500.0, 0.002919, [0.0010264369466666669], [0.075118], [0.0390613692], [5.966043748489352e-05]]
[2200.0, 100.0, 0.00042, [0.000146111548], [0.075118], [0.0390613692], [2.2281799404696003e-05]]
[2300.0, 700.0, 0.000639, [0.00022253156266666666], [0.075118], [0.0390613692], [2.2479080851118246e-05]]
[2300.0, 100.0, 0.000274, [9.523557866666666e-05], [0.075118], [0.0390613692], [1.4695171004260019e-05]]
[2300.0, 1800.0, 0.001834, [0.00064150956], [0.075118], [0.0390613692], [3.833752830379711e-05]]
[2300.0, 1000.0, 0.000961, [0.0003348306266666667], [0.075118], [0.0390613692], [2.752291732276133e-05]]
[2300.0, 1500.0, 0.001756, [0.0006140785333333333], [0.075118], [0.0390613692], [3.744102363273027e-05]]
[2300.0, 1200.0, 0.00168, [0.0005872893599999999], [0.075118], [0.0390613692], [3.6705591678168654e-05]]
[2300.0, 500.0, 0.000353, [0.00012271818666666665], [0.075118], [0.0390613692], [1.6699828917287346e-05]]
[2300.0, 1900.0, 0.001823, [0.00063762808], [0.075118], [0.0390613692], [3.838070246592391e-05]]
[2300.0, 1300.0, 0.001664, [0.0005816611066666667], [0.075118], [0.0390613692], [3.66412001501649e-05]]
[2300.0, 1600.0, 0.001637, [0.0005721105866666667], [0.075118], [0.0390613692], [3.6183456919795086e-05]]
[2300.0, 1700.0, 0.001914, [0.00066986028], [0.075118], [0.0390613692], [3.900076662494384e-05]]
[2300.0, 1400.0, 0.001579, [0.0005518064933333333], [0.075118], [0.0390613692], [3.525362425497712e-05]]
[2300.0, 1100.0, 0.001562, [0.0005459181866666668], [0.075118], [0.0390613692], [3.531251686174622e-05]]
[2300.0, 900.0, 0.000676, [0.00023521388533333332], [0.075118], [0.0390613692], [2.306461997856361e-05]]
[2300.0, 2000.0, 0.001794, [0.0006275277066666667], [0.075118], [0.0390613692], [3.80494619848078e-05]]
[2300.0, 300.0, 0.000284, [9.864828800000001e-05], [0.075118], [0.0390613692], [1.4871787273596644e-05]]
[2300.0, 200.0, 0.000273, [9.476e-05], [0.075118], [0.0390613692], [1.4621784982993317e-05]]
[2300.0, 400.0, 0.000344, [0.00011938131599999999], [0.075118], [0.0390613692], [1.655520906005787e-05]]
[2300.0, 800.0, 0.000509, [0.00017691833066666666], [0.075118], [0.0390613692], [2.0032057268288748e-05]]
[2300.0, 600.0, 0.000399, [0.0001385566], [0.075118], [0.0390613692], [1.759670595941815e-05]]
[2400.0, 1200.0, 0.00112, [0.00039066236000000003], [0.075118], [0.0390613692], [2.4368855230487223e-05]]
[2400.0, 1500.0, 0.001112, [0.00038768616], [0.075118], [0.0390613692], [2.4043282730202308e-05]]
[2400.0, 1100.0, 0.0007, [0.00024373609066666665], [0.075118], [0.0390613692], [1.920909426750199e-05]]
[2400.0, 1600.0, 0.001026, [0.0003576224], [0.075118], [0.0390613692], [2.3328714045618163e-05]]
[2400.0, 400.0, 0.00017, [5.886595466666666e-05], [0.075118], [0.0390613692], [9.426095299987393e-06]]
[2400.0, 1300.0, 0.001015, [0.00035384764], [0.075118], [0.0390613692], [2.3131746935038576e-05]]
[2400.0, 200.0, 0.000154, [5.3347917333333334e-05], [0.075118], [0.0390613692], [9.01744246964367e-06]]
[2400.0, 1700.0, 0.000934, [0.00032544601333333337], [0.075118], [0.0390613692], [2.2143805217511986e-05]]
[2400.0, 2000.0, 0.001083, [0.0003774867333333333], [0.075118], [0.0390613692], [2.392225271443585e-05]]
[2400.0, 600.0, 0.000267, [9.2650072e-05], [0.075118], [0.0390613692], [1.1862626173547466e-05]]
[2400.0, 1900.0, 0.001026, [0.0003576230133333333], [0.075118], [0.0390613692], [2.323011234296267e-05]]
[2400.0, 700.0, 0.000335, [0.000116438144], [0.075118], [0.0390613692], [1.3269357167717073e-05]]
[2400.0, 100.0, 0.000161, [5.5899476e-05], [0.075118], [0.0390613692], [9.189817120172862e-06]]
[2400.0, 1800.0, 0.001093, [0.0003812050666666666], [0.075118], [0.0390613692], [2.3918942369780667e-05]]
[2400.0, 500.0, 0.000195, [6.760344e-05], [0.075118], [0.0390613692], [1.0077726454359082e-05]]
[2400.0, 900.0, 0.000382, [0.000132908996], [0.075118], [0.0390613692], [1.4168146030993454e-05]]
[2400.0, 1400.0, 0.000954, [0.0003325373733333333], [0.075118], [0.0390613692], [2.2368889745457744e-05]]
[2400.0, 800.0, 0.000277, [9.608335866666667e-05], [0.075118], [0.0390613692], [1.210536514296221e-05]]
[2400.0, 300.0, 0.000235, [8.155729466666667e-05], [0.075118], [0.0390613692], [1.1098545874723109e-05]]
[2400.0, 1000.0, 0.000566, [0.00019687196533333334], [0.075118], [0.0390613692], [1.7266814856506943e-05]]
[2500.0, 400.0, 0.000109, [3.784898399999999e-05], [0.075118], [0.0390613692], [6.139916233956291e-06]]
[2500.0, 1300.0, 0.000629, [0.0002188187186666667], [0.075118], [0.0390613692], [1.4786396919691647e-05]]
[2500.0, 500.0, 0.000138, [4.792697066666667e-05], [0.075118], [0.0390613692], [6.917661840053569e-06]]
[2500.0, 900.0, 0.00021, [7.2969892e-05], [0.075118], [0.0390613692], [8.540480021898327e-06]]
[2500.0, 1400.0, 0.000606, [0.00021068092], [0.075118], [0.0390613692], [1.4435617950056729e-05]]
[2500.0, 200.0, 9.2e-05, [3.204657466666667e-05], [0.075118], [0.0390613692], [5.665087124170682e-06]]
[2500.0, 1900.0, 0.000719, [0.00025017446533333337], [0.075118], [0.0390613692], [1.5790873853801334e-05]]
[2500.0, 1000.0, 0.000337, [0.00011709937866666668], [0.075118], [0.0390613692], [1.082584153670179e-05]]
[2500.0, 1800.0, 0.000632, [0.00021978287866666668], [0.075118], [0.0390613692], [1.4851550371743833e-05]]
[2500.0, 1700.0, 0.000651, [0.000226669232], [0.075118], [0.0390613692], [1.5044564715094508e-05]]
[2500.0, 800.0, 0.000223, [7.737408533333333e-05], [0.075118], [0.0390613692], [8.760890775613071e-06]]
[2500.0, 700.0, 0.000127, [4.4003446666666665e-05], [0.075118], [0.0390613692], [6.559645877975764e-06]]
[2500.0, 1600.0, 0.000581, [0.0002022229], [0.075118], [0.0390613692], [1.419326419898616e-05]]
[2500.0, 1100.0, 0.000399, [0.00013852731333333334], [0.075118], [0.0390613692], [1.1792228574597575e-05]]
[2500.0, 600.0, 0.000155, [5.384211066666667e-05], [0.075118], [0.0390613692], [7.326984198154108e-06]]
[2500.0, 300.0, 0.000104, [3.627323866666667e-05], [0.075118], [0.0390613692], [6.045540362577655e-06]]
[2500.0, 2000.0, 0.000643, [0.00022374249733333334], [0.075118], [0.0390613692], [1.5016612146404912e-05]]
[2500.0, 1200.0, 0.000503, [0.000175026504], [0.075118], [0.0390613692], [1.3307019000011486e-05]]
[2500.0, 100.0, 0.000102, [3.5354833333333336e-05], [0.075118], [0.0390613692], [5.9760552801251015e-06]]
[2500.0, 1500.0, 0.000629, [0.00021870056], [0.075118], [0.0390613692], [1.4744790374908693e-05]]
[2600.0, 800.0, 0.00013, [4.516209466666667e-05], [0.075118], [0.0390613692], [5.5174302166457485e-06]]
[2600.0, 2000.0, 0.000428, [0.00014868877466666665], [0.075118], [0.0390613692], [9.890629954097406e-06]]
[2600.0, 900.0, 0.000121, [4.195598666666667e-05], [0.075118], [0.0390613692], [5.285956676999075e-06]]
[2600.0, 1000.0, 0.000159, [5.5103216e-05], [0.075118], [0.0390613692], [6.012253770056247e-06]]
[2600.0, 200.0, 6.8e-05, [2.3617396666666664e-05], [0.075118], [0.0390613692], [3.936232420870382e-06]]
[2600.0, 1100.0, 0.000262, [9.093436399999999e-05], [0.075118], [0.0390613692], [7.797556473095346e-06]]
[2600.0, 1500.0, 0.000385, [0.000133909956], [0.075118], [0.0390613692], [9.329948165153139e-06]]
[2600.0, 700.0, 9.5e-05, [3.2865558666666664e-05], [0.075118], [0.0390613692], [4.647889208853604e-06]]
[2600.0, 1800.0, 0.000332, [0.00011528047733333335], [0.075118], [0.0390613692], [8.739391487588441e-06]]
[2600.0, 1600.0, 0.000358, [0.00012443098133333333], [0.075118], [0.0390613692], [9.027172850406216e-06]]
[2600.0, 1400.0, 0.000386, [0.00013430436000000002], [0.075118], [0.0390613692], [9.426318283991427e-06]]
[2600.0, 1300.0, 0.000363, [0.00012625144666666667], [0.075118], [0.0390613692], [9.041052404818075e-06]]
[2600.0, 600.0, 6.6e-05, [2.3002002533333336e-05], [0.075118], [0.0390613692], [3.888047183069899e-06]]
[2600.0, 1700.0, 0.000375, [0.00013040000266666666], [0.075118], [0.0390613692], [9.267123157101609e-06]]
[2600.0, 400.0, 7.8e-05, [2.6999589599999998e-05], [0.075118], [0.0390613692], [4.216627636182999e-06]]
[2600.0, 300.0, 6.2e-05, [2.156645906666667e-05], [0.075118], [0.0390613692], [3.75423883452647e-06]]
[2600.0, 1900.0, 0.000344, [0.00011950376799999999], [0.075118], [0.0390613692], [8.882644864378326e-06]]
[2600.0, 1200.0, 0.000312, [0.00010841172666666668], [0.075118], [0.0390613692], [8.491462668926819e-06]]
[2600.0, 100.0, 8.2e-05, [2.861365293333333e-05], [0.075118], [0.0390613692], [4.3635412387443096e-06]]
[2600.0, 500.0, 7.8e-05, [2.7035264133333333e-05], [0.075118], [0.0390613692], [4.222198649992679e-06]]
[2700.0, 1400.0, 0.00022, [7.6412624e-05], [0.075118], [0.0390613692], [5.759818852089786e-06]]
[2700.0, 1000.0, 9.9e-05, [3.432204133333333e-05], [0.075118], [0.0390613692], [3.837320379871582e-06]]
[2700.0, 800.0, 5.3e-05, [1.85581204e-05], [0.075118], [0.0390613692], [2.7977418662596846e-06]]
[2700.0, 900.0, 6.6e-05, [2.282886466666667e-05], [0.075118], [0.0390613692], [3.1357862568881964e-06]]
[2700.0, 600.0, 3.9e-05, [1.3569678000000001e-05], [0.075118], [0.0390613692], [2.4371859437565373e-06]]
[2700.0, 1100.0, 0.000111, [3.842171466666667e-05], [0.075118], [0.0390613692], [4.072693822138965e-06]]
[2700.0, 1300.0, 0.000193, [6.688679066666667e-05], [0.075118], [0.0390613692], [5.338147115911205e-06]]
[2700.0, 400.0, 3.3e-05, [1.1505112133333334e-05], [0.075118], [0.0390613692], [2.214159667433423e-06]]
[2700.0, 1700.0, 0.000238, [8.250547733333332e-05], [0.075118], [0.0390613692], [6.001389098459715e-06]]
[2700.0, 100.0, 5.2e-05, [1.7912062666666666e-05], [0.075118], [0.0390613692], [2.79739410356615e-06]]
[2700.0, 2000.0, 0.000232, [8.046635866666666e-05], [0.075118], [0.0390613692], [5.916003787843427e-06]]
[2700.0, 1200.0, 0.000186, [6.449923733333335e-05], [0.075118], [0.0390613692], [5.266339978053491e-06]]
[2700.0, 700.0, 3.9e-05, [1.3592469466666666e-05], [0.075118], [0.0390613692], [2.4028316720994927e-06]]
[2700.0, 300.0, 3.4e-05, [1.1758470933333333e-05], [0.075118], [0.0390613692], [2.2629186636338085e-06]]
[2700.0, 1800.0, 0.000258, [8.961879466666667e-05], [0.075118], [0.0390613692], [6.213945281738844e-06]]
[2700.0, 200.0, 4.1e-05, [1.4308993066666666e-05], [0.075118], [0.0390613692], [2.490876096120042e-06]]
[2700.0, 1500.0, 0.000228, [7.934172000000001e-05], [0.075118], [0.0390613692], [5.897424852707607e-06]]
[2700.0, 500.0, 3.8e-05, [1.33385924e-05], [0.075118], [0.0390613692], [2.395681884279853e-06]]
[2700.0, 1900.0, 0.000217, [7.536434533333335e-05], [0.075118], [0.0390613692], [5.680801139119572e-06]]
[2700.0, 1600.0, 0.000247, [8.585234533333333e-05], [0.075118], [0.0390613692], [6.10126107766073e-06]]
[2800.0, 1500.0, 0.00014, [4.859930666666666e-05], [0.075118], [0.0390613692], [3.72739677523067e-06]]
[2800.0, 200.0, 1.7e-05, [5.926305733333333e-06], [0.075118], [0.0390613692], [1.2932257322937346e-06]]
[2800.0, 400.0, 2.3e-05, [8.037024933333335e-06], [0.075118], [0.0390613692], [1.5188547088733232e-06]]
[2800.0, 900.0, 3.3e-05, [1.1473289333333334e-05], [0.075118], [0.0390613692], [1.7918265923043136e-06]]
[2800.0, 600.0, 2.7e-05, [9.2366712e-06], [0.075118], [0.0390613692], [1.6078983997753093e-06]]
[2800.0, 1200.0, 8.5e-05, [2.944812053333333e-05], [0.075118], [0.0390613692], [2.887625996404505e-06]]
[2800.0, 1000.0, 5.6e-05, [1.9356517866666666e-05], [0.075118], [0.0390613692], [2.3647750502367496e-06]]
[2800.0, 1400.0, 0.000135, [4.6981732e-05], [0.075118], [0.0390613692], [3.635554997826635e-06]]
[2800.0, 800.0, 3e-05, [1.0423928133333333e-05], [0.075118], [0.0390613692], [1.7136831326447462e-06]]
[2800.0, 100.0, 2.7e-05, [9.25865e-06], [0.075118], [0.0390613692], [1.6117240039438792e-06]]
[2800.0, 1100.0, 5.6e-05, [1.9475023066666665e-05], [0.075118], [0.0390613692], [2.3445173092415706e-06]]
[2800.0, 1300.0, 9.1e-05, [3.1519353333333336e-05], [0.075118], [0.0390613692], [2.991685405326644e-06]]
[2800.0, 2000.0, 0.000153, [5.3290172e-05], [0.075118], [0.0390613692], [3.835910920064055e-06]]
[2800.0, 500.0, 2.6e-05, [8.930660799999999e-06], [0.075118], [0.0390613692], [1.5787329862195753e-06]]
[2800.0, 1900.0, 0.000129, [4.4745794666666664e-05], [0.075118], [0.0390613692], [3.5374661314436793e-06]]
[2800.0, 1800.0, 0.000135, [4.6842934666666664e-05], [0.075118], [0.0390613692], [3.624816864032965e-06]]
[2800.0, 300.0, 2e-05, [7.037110666666666e-06], [0.075118], [0.0390613692], [1.4074219349971463e-06]]
[2800.0, 700.0, 3.9e-05, [1.3398729733333332e-05], [0.075118], [0.0390613692], [1.9339400312430695e-06]]
[2800.0, 1600.0, 0.000141, [4.911478266666667e-05], [0.075118], [0.0390613692], [3.7233829492367106e-06]]
[2800.0, 1700.0, 0.000146, [5.055173066666667e-05], [0.075118], [0.0390613692], [3.7997014783327966e-06]]
[2900.0, 1300.0, 5.5e-05, [1.89149884e-05], [0.075118], [0.0390613692], [1.8459137632439205e-06]]
[2900.0, 900.0, 2.7e-05, [9.421489999999999e-06], [0.075118], [0.0390613692], [1.3192723725178545e-06]]
[2900.0, 1600.0, 7.4e-05, [2.5627912533333335e-05], [0.075118], [0.0390613692], [2.158259345552954e-06]]
[2900.0, 2000.0, 8.5e-05, [2.9598733733333335e-05], [0.075118], [0.0390613692], [2.3327071243514472e-06]]
[2900.0, 1200.0, 4.1e-05, [1.4383770666666667e-05], [0.075118], [0.0390613692], [1.6286413882606434e-06]]
[2900.0, 1700.0, 8.6e-05, [2.9899868133333334e-05], [0.075118], [0.0390613692], [2.3564397171250623e-06]]
[2900.0, 1100.0, 4.3e-05, [1.5092314799999999e-05], [0.075118], [0.0390613692], [1.6467063412224483e-06]]
[2900.0, 800.0, 2e-05, [7.097977866666666e-06], [0.075118], [0.0390613692], [1.1365858544097954e-06]]
[2900.0, 600.0, 1.9e-05, [6.740024266666666e-06], [0.075118], [0.0390613692], [1.1080529124951067e-06]]
[2900.0, 100.0, 1.6e-05, [5.634411200000001e-06], [0.075118], [0.0390613692], [1.011970726849349e-06]]
[2900.0, 400.0, 1.6e-05, [5.6763724e-06], [0.075118], [0.0390613692], [1.0195064034456414e-06]]
[2900.0, 1000.0, 2.8e-05, [9.828402933333332e-06], [0.075118], [0.0390613692], [1.3500353476853856e-06]]
[2900.0, 1400.0, 7.7e-05, [2.6661305599999998e-05], [0.075118], [0.0390613692], [2.2141008400201147e-06]]
[2900.0, 200.0, 1e-05, [3.519383333333334e-06], [0.075118], [0.0390613692], [8.074019099969151e-07]]
[2900.0, 500.0, 1.6e-05, [5.4927956e-06], [0.075118], [0.0390613692], [1.002842669836323e-06]]
[2900.0, 1500.0, 7.9e-05, [2.73867624e-05], [0.075118], [0.0390613692], [2.236119674396302e-06]]
[2900.0, 1800.0, 7.5e-05, [2.59272836e-05], [0.075118], [0.0390613692], [2.1834714044892415e-06]]
[2900.0, 300.0, 1.2e-05, [6.5483852e-06], [0.16951], [0.074564344], [1.091397757414266e-06]]
[2900.0, 700.0, 2e-05, [7.090096533333333e-06], [0.075118], [0.0390613692], [1.1353241518516982e-06]]
[2900.0, 1900.0, 7.2e-05, [2.501543173333333e-05], [0.075118], [0.0390613692], [2.15298587041862e-06]]
[3000.0, 800.0, 1e-05, [3.3123649333333333e-06], [0.075118], [0.0390613692], [6.259780328414088e-07]]
[3000.0, 900.0, 9e-06, [3.0435001466666667e-06], [0.075118], [0.0390613692], [5.968795383399307e-07]]
[3000.0, 1600.0, 5.4e-05, [1.8729519466666666e-05], [0.075118], [0.0390613692], [1.4900402858088547e-06]]
[3000.0, 700.0, 1e-05, [3.4518093333333333e-06], [0.075118], [0.0390613692], [6.409846869379087e-07]]
[3000.0, 600.0, 7e-06, [1.4920774666666667e-06], [0.0298356], [0.0169709686], [2.0893261835125485e-07]]
[3000.0, 1300.0, 3.2e-05, [1.1114063066666666e-05], [0.075118], [0.0390613692], [1.1463280399218678e-06]]
[3000.0, 500.0, 9e-06, [3.2088005333333335e-06], [0.075118], [0.0390613692], [6.175340811107783e-07]]
[3000.0, 1500.0, 4.8e-05, [1.6497847866666668e-05], [0.075118], [0.0390613692], [1.389369231781898e-06]]
[3000.0, 1800.0, 4.9e-05, [1.7075181599999996e-05], [0.075118], [0.0390613692], [1.4131521437316412e-06]]
[3000.0, 2000.0, 6.6e-05, [2.2921171333333334e-05], [0.075118], [0.0390613692], [1.6585178636360836e-06]]
[3000.0, 100.0, 7e-06, [2.5663495066666667e-06], [0.075118], [0.0390613692], [5.471475645767074e-07]]
[3000.0, 1400.0, 4.1e-05, [1.4062288933333334e-05], [0.075118], [0.0390613692], [1.2945387674552065e-06]]
[3000.0, 1100.0, 1.7e-05, [5.9330156000000005e-06], [0.075118], [0.0390613692], [8.307884134429843e-07]]
[3000.0, 1200.0, 2.2e-05, [7.550578e-06], [0.075118], [0.0390613692], [9.438221066846583e-07]]
[3000.0, 1000.0, 1.3e-05, [4.464940933333333e-06], [0.075118], [0.0390613692], [7.243088841402156e-07]]
[3000.0, 400.0, 1e-05, [3.299816133333333e-06], [0.075118], [0.0390613692], [6.236067232194057e-07]]
[3000.0, 300.0, 8e-06, [2.7384312133333337e-06], [0.075118], [0.0390613692], [5.710025455479356e-07]]
[3000.0, 1700.0, 5e-05, [1.7259828666666663e-05], [0.075118], [0.0390613692], [1.4235666837598832e-06]]
[3000.0, 200.0, 1.1e-05, [3.6640870666666667e-06], [0.075118], [0.0390613692], [6.580891609973699e-07]]
