[100.0, 1800.0, 0.063298, [9.801048600000001], [1381.8], [117.60000000000001], [2.8293180458195217]]
[100.0, 800.0, 0.088699, [213.537296], [22099.0], [1911.0], [59.224613333309314]]
[100.0, 500.0, 0.062734, [13.952318799999999], [1984.5000000000002], [171.50000000000003], [3.3839344656774903]]
[100.0, 1100.0, 0.074882, [3.27588961], [255.29], [30.87], [1.15820183776404]]
[100.0, 600.0, 0.080251, [1.63716644], [85.75000000000001], [13.23], [0.818583094743594]]
[100.0, 1400.0, 0.106353, [361.074336], [30674.0], [2695.0], [76.98127997896631]]
[100.0, 1700.0, 0.088339, [14.7153958], [1332.8000000000002], [127.39999999999999], [3.468451077354271]]
[100.0, 100.0, 0.095562, [230.13732000000002], [22099.0], [1911.0], [61.50681118445338]]
[100.0, 1200.0, 0.078367, [21.293175400000003], [2410.8], [210.7], [4.175936277291597]]
[100.0, 1000.0, 0.069156, [10.71091], [1381.8], [117.60000000000001], [2.9706714637603397]]
[100.0, 2000.0, 0.084106, [393.914332], [43757.0], [3724.0], [80.40740845469402]]
[100.0, 400.0, 0.08445, [395.529372], [43757.0], [3724.0], [80.73710833563462]]
[100.0, 1600.0, 0.089748, [13.9151474], [1381.8], [117.60000000000001], [3.374919953421118]]
[100.0, 1300.0, 0.081039, [698.5949600000025], [85260.0], [6860.0], [169.43417795710585]]
[100.0, 1500.0, 0.104381, [6.5613891], [366.52000000000004], [46.06], [2.319801385636279]]
[100.0, 900.0, 0.08809, [1.2308785300000002], [51.94], [8.33], [0.7106479983789442]]
[100.0, 1900.0, 0.086935, [2.0481088599999997], [117.11], [15.19], [0.9159421253005018]]
[100.0, 200.0, 0.071558, [114.95351], [15190.0], [1274.0], [30.722615499986325]]
[100.0, 700.0, 0.086175, [530.8953999999995], [56840.0], [4900.0], [147.24385041148565]]
[100.0, 300.0, 0.105443, [16.364481], [1381.8], [117.60000000000001], [3.6592102929457337]]
[200.0, 1800.0, 0.077531, [148.386896], [16954.0], [1519.0], [17.610280965390643]]
[200.0, 700.0, 0.074475, [7.763064119999999], [735.0], [78.4], [1.276239593023191]]
[200.0, 2000.0, 0.069966, [133.868098], [16954.0], [1519.0], [16.73351650072393]]
[200.0, 1300.0, 0.079781, [128.207324], [15190.0], [1274.0], [16.415266206796648]]
[200.0, 1400.0, 0.067198, [6.09089796], [499.79999999999995], [68.60000000000001], [1.1310511968960557]]
[200.0, 400.0, 0.087086, [5.46704172], [366.52000000000004], [46.06], [1.0721750899923017]]
[200.0, 1900.0, 0.071992, [3.14879292], [255.29], [30.87], [0.5748884149119723]]
[200.0, 1700.0, 0.074689, [179.6983468], [22099.0], [1911.0], [27.40373703858654]]
[200.0, 500.0, 0.077615, [148.548204], [16954.0], [1519.0], [17.629429166028036]]
[200.0, 1500.0, 0.064757, [123.87905599999999], [16954.0], [1519.0], [16.127673937676196]]
[200.0, 100.0, 0.08098, [130.140374], [15190.0], [1274.0], [16.527850355082478]]
[200.0, 600.0, 0.074738, [3.2695710599999996], [255.29], [30.87], [0.5872322404296276]]
[200.0, 1000.0, 0.069777, [167.8494216], [22099.0], [1911.0], [26.539319186444857]]
[200.0, 1200.0, 0.060207, [115.15666399999999], [16954.0], [1519.0], [15.527725034917381]]
[200.0, 300.0, 0.071882, [3.1439232999999995], [255.29], [30.87], [0.5739991847555186]]
[200.0, 1600.0, 0.062597, [119.73747800000001], [16954.0], [1519.0], [15.8596098110893]]
[200.0, 900.0, 0.07307, [117.39018200000001], [15190.0], [1274.0], [15.686925845429371]]
[200.0, 800.0, 0.079129, [3.46279962], [255.29], [30.87], [0.6027960004844093]]
[200.0, 1100.0, 0.080271, [193.1738172], [22099.0], [1911.0], [28.481922609262178]]
[200.0, 200.0, 0.077965, [2.63040575], [186.69], [23.03], [0.5260811241624243]]
[300.0, 2000.0, 0.049436, [2.15891011], [255.29], [30.87], [0.2965491173144847]]
[300.0, 400.0, 0.048325, [71.6113636], [13132.0], [1176.0], [7.633796163901679]]
[300.0, 1000.0, 0.053012, [85.10804119999999], [15190.0], [1274.0], [8.345528901873145]]
[300.0, 200.0, 0.044794, [85.63993620000001], [16954.0], [1519.0], [8.357601799559488]]
[300.0, 1600.0, 0.04703, [2.94530376], [366.52000000000004], [46.06], [0.4908839466920873]]
[300.0, 1300.0, 0.044137, [70.8421812], [15190.0], [1274.0], [7.595078399595359]]
[300.0, 800.0, 0.053774, [1.2624899], [117.11], [15.19], [0.22674984939355528]]
[300.0, 700.0, 0.046978, [89.8194794], [16954.0], [1519.0], [8.563951922798259]]
[300.0, 300.0, 0.054305, [87.1868662], [15190.0], [1274.0], [8.42867229876687]]
[300.0, 900.0, 0.044819, [85.6875152], [16954.0], [1519.0], [8.362245307093065]]
[300.0, 600.0, 0.053918, [1.26587972], [117.11], [15.19], [0.22735867995306447]]
[300.0, 1400.0, 0.046753, [2.0414233000000004], [255.29], [30.87], [0.28870087279050616]]
[300.0, 500.0, 0.041747, [67.0036192], [15190.0], [1274.0], [7.3993115166209895]]
[300.0, 1200.0, 0.054471, [104.167238], [16954.0], [1519.0], [9.207165454796607]]
[300.0, 100.0, 0.023616, [0.32694171999999994], [51.94], [8.33], [0.11559135311518763]]
[300.0, 1100.0, 0.041619, [66.7972998], [15190.0], [1274.0], [7.376527767723783]]
[300.0, 1900.0, 0.052879, [0.73494757], [51.94], [8.33], [0.17322882618086402]]
[300.0, 1500.0, 0.051019, [81.9040194], [15190.0], [1274.0], [8.190401227778771]]
[300.0, 1700.0, 0.055465, [1.3024067700000002], [117.11], [15.19], [0.23023519620162333]]
[300.0, 1800.0, 0.046685, [1.0953210100000002], [117.11], [15.19], [0.2107946740788296]]
[400.0, 900.0, 0.030683, [49.2348178], [15190.0], [1274.0], [4.334883529231206]]
[400.0, 1200.0, 0.028822, [1.2572057399999998], [255.29], [30.87], [0.15475133268246835]]
[400.0, 1500.0, 0.029501, [0.9916825800000001], [186.69], [23.03], [0.13752162302707163]]
[400.0, 200.0, 0.032491, [0.76133995], [117.11], [15.19], [0.12037840082423425]]
[400.0, 1600.0, 0.034422, [0.47720850099999995], [51.94], [8.33], [0.09544171145783167]]
[400.0, 500.0, 0.032953, [0.456761487], [51.94], [8.33], [0.09323604323436296]]
[400.0, 1700.0, 0.030306, [0.41993078400000006], [51.94], [8.33], [0.08952953041315474]]
[400.0, 300.0, 0.028749, [46.129305599999995], [15190.0], [1274.0], [4.193573329751132]]
[400.0, 1300.0, 0.030922, [49.618830800000005], [15190.0], [1274.0], [4.351859904914219]]
[400.0, 1400.0, 0.033462, [53.6966794], [15190.0], [1274.0], [4.522076175828975]]
[400.0, 1100.0, 0.041281, [0.57283009], [51.94], [8.33], [0.1045839429310255]]
[400.0, 800.0, 0.030932, [0.72472176], [117.11], [15.19], [0.11756536823401693]]
[400.0, 100.0, 0.012219, [0.247558927], [85.75000000000001], [13.23], [0.06866048833208223]]
[400.0, 1000.0, 0.029048, [0.58938033], [85.75000000000001], [13.23], [0.10585579905229567]]
[400.0, 400.0, 0.037295, [0.87428299], [117.11], [15.19], [0.12890602766356582]]
[400.0, 1800.0, 0.0308, [0.72162496], [117.11], [15.19], [0.1170630202839479]]
[400.0, 2000.0, 0.035813, [1.2043533600000003], [186.69], [23.03], [0.15173423422879886]]
[400.0, 600.0, 0.030913, [0.72426851], [117.11], [15.19], [0.11749185423253818]]
[400.0, 700.0, 0.031734, [0.7435769600000001], [117.11], [15.19], [0.11906764071736704]]
[400.0, 1900.0, 0.033348, [0.78150002], [117.11], [15.19], [0.12204982321986378]]
[500.0, 1700.0, 0.020162, [0.27900428499999996], [51.94], [8.33], [0.05272686888105532]]
[500.0, 1100.0, 0.019325, [0.26739642999999996], [51.94], [8.33], [0.05146047560021185]]
[500.0, 300.0, 0.0198, [0.66521665], [186.69], [23.03], [0.08126915529276775]]
[500.0, 1300.0, 0.022224, [0.276716818], [44.099999999999994], [7.3500000000000005], [0.05229457135305728]]
[500.0, 1800.0, 0.022264, [0.277218039], [44.099999999999994], [7.3500000000000005], [0.05238927296689657]]
[500.0, 1400.0, 0.020146, [0.278786431], [51.94], [8.33], [0.052685687752937235]]
[500.0, 600.0, 0.021498, [0.29755005], [51.94], [8.33], [0.054324958858705086]]
[500.0, 1900.0, 0.023781, [0.1464623328], [16.317], [2.7439999999999998], [0.024078254983283153]]
[500.0, 1200.0, 0.018262, [0.227262098], [44.099999999999994], [7.3500000000000005], [0.04738742347501075]]
[500.0, 800.0, 0.019455, [0.84822577], [255.29], [30.87], [0.09200300336402067]]
[500.0, 1000.0, 0.019215, [0.188234676], [31.653999999999996], [5.390000000000001], [0.04318399773527226]]
[500.0, 2000.0, 0.021491, [0.2974545], [51.94], [8.33], [0.054307520344792026]]
[500.0, 700.0, 0.01999, [0.27662611899999995], [51.94], [8.33], [0.05227742003963087]]
[500.0, 100.0, 0.00716, [0.098933058], [51.94], [8.33], [0.03128537378552477]]
[500.0, 200.0, 0.012183, [0.168425544], [51.94], [8.33], [0.04084920200322156]]
[500.0, 1500.0, 0.017283, [0.7534583000000001], [255.29], [30.87], [0.08642758292350887]]
[500.0, 900.0, 0.019339, [0.11896263119999999], [16.317], [2.7439999999999998], [0.021719506329564674]]
[500.0, 1600.0, 0.020437, [0.68661054], [186.69], [23.03], [0.08265819280627903]]
[500.0, 500.0, 0.021579, [0.50519539], [117.11], [15.19], [0.0707414919336594]]
[500.0, 400.0, 0.02011, [0.67563601], [186.69], [23.03], [0.08193290864481743]]
[600.0, 200.0, 0.003988, [0.049537481], [44.099999999999994], [7.3500000000000005], [0.01651249109008087]]
[600.0, 1400.0, 0.01039, [0.24304578200000002], [117.11], [15.19], [0.036640531026446654]]
[600.0, 1900.0, 0.012788, [0.55737745], [255.29], [30.87], [0.05546113870991111]]
[600.0, 100.0, 0.004531, [0.04427540530000001], [31.653999999999996], [5.390000000000001], [0.01565372470372467]]
[600.0, 800.0, 0.013963, [0.193079306], [51.94], [8.33], [0.03263636162625975]]
[600.0, 1200.0, 0.013592, [0.187942244], [51.94], [8.33], [0.03223183350354118]]
[600.0, 600.0, 0.014399, [0.199115224], [51.94], [8.33], [0.03318586995544942]]
[600.0, 1600.0, 0.012995, [0.0798052808], [16.317], [2.7439999999999998], [0.013300881175019947]]
[600.0, 400.0, 0.013524, [0.132357722], [31.653999999999996], [5.390000000000001], [0.02701740207717981]]
[600.0, 500.0, 0.01334, [0.08192999919999999], [16.317], [2.7439999999999998], [0.013469209272113933]]
[600.0, 1100.0, 0.014383, [0.0883616608], [16.317], [2.7439999999999998], [0.013971203913192303]]
[600.0, 300.0, 0.013487, [0.059646034], [9.555], [1.6660000000000001], [0.011478885204409007]]
[600.0, 1700.0, 0.013697, [0.0841306872], [16.317], [2.7439999999999998], [0.013647798218320784]]
[600.0, 1500.0, 0.014102, [0.138024376], [31.653999999999996], [5.390000000000001], [0.027604870943367946]]
[600.0, 1800.0, 0.012997, [0.127186703], [31.653999999999996], [5.390000000000001], [0.02652026488932567]]
[600.0, 1000.0, 0.014322, [0.198045015], [51.94], [8.33], [0.03300750349996194]]
[600.0, 2000.0, 0.015391, [0.36017141300000005], [117.11], [15.19], [0.0446737571052626]]
[600.0, 700.0, 0.014409, [0.08852004840000001], [16.317], [2.7439999999999998], [0.01399624732905217]]
[600.0, 1300.0, 0.013576, [0.187711846], [51.94], [8.33], [0.03219231757267563]]
[600.0, 900.0, 0.014416, [0.19934728799999998], [51.94], [8.33], [0.03322454746870151]]
[700.0, 2000.0, 0.009245, [0.090419014], [31.653999999999996], [5.390000000000001], [0.017087586429920407]]
[700.0, 100.0, 0.003806, [0.0233151016], [16.317], [2.7439999999999998], [0.005495423728885699]]
[700.0, 1000.0, 0.00991, [0.096932976], [31.653999999999996], [5.390000000000001], [0.017697460995860392]]
[700.0, 600.0, 0.009592, [0.132573028], [51.94], [8.33], [0.020704428016731106]]
[700.0, 1400.0, 0.009022, [0.0553480284], [16.317], [2.7439999999999998], [0.00844049599206113]]
[700.0, 1900.0, 0.008857, [0.0543343948], [16.317], [2.7439999999999998], [0.008383978754744075]]
[700.0, 200.0, 0.003362, [0.020592289200000002], [16.317], [2.7439999999999998], [0.00514807198955104]]
[700.0, 400.0, 0.009643, [0.133274757], [51.94], [8.33], [0.020814021105975654]]
[700.0, 1300.0, 0.008245, [0.0505726844], [16.317], [2.7439999999999998], [0.008098109492961922]]
[700.0, 1100.0, 0.008764, [0.108931459], [44.099999999999994], [7.3500000000000005], [0.0209638756459773]]
[700.0, 800.0, 0.009155, [0.214138673], [117.11], [15.19], [0.026358652668526137]]
[700.0, 1500.0, 0.008441, [0.17096345000000002], [85.75000000000001], [13.23], [0.023483635325477186]]
[700.0, 1600.0, 0.007491, [0.151712918], [85.75000000000001], [13.23], [0.02212960109672111]]
[700.0, 1800.0, 0.008936, [0.20901489], [117.11], [15.19], [0.025925107708551567]]
[700.0, 1200.0, 0.010005, [0.13828339], [51.94], [8.33], [0.02108802542913869]]
[700.0, 700.0, 0.01058, [0.0649321344], [16.317], [2.7439999999999998], [0.009182791396084309]]
[700.0, 900.0, 0.008246, [0.0505775452], [16.317], [2.7439999999999998], [0.008098887442605928]]
[700.0, 300.0, 0.008584, [0.083941165], [31.653999999999996], [5.390000000000001], [0.016462220737190957]]
[700.0, 500.0, 0.008629, [0.11924762500000001], [51.94], [8.33], [0.019604182928650713]]
[700.0, 1700.0, 0.010292, [0.14225052800000001], [51.94], [8.33], [0.021445072662502222]]
[800.0, 300.0, 0.002942, [0.01801961672], [16.317], [2.7439999999999998], [0.003757350161589947]]
[800.0, 100.0, 0.001738, [0.0351805153], [85.75000000000001], [13.23], [0.008292127701018599]]
[800.0, 1800.0, 0.005977, [0.139759074], [117.11], [15.19], [0.01658635162415171]]
[800.0, 800.0, 0.007113, [0.098279153], [51.94], [8.33], [0.013898772910944332]]
[800.0, 400.0, 0.005216, [0.050974650999999996], [31.653999999999996], [5.390000000000001], [0.009996955934683315]]
[800.0, 200.0, 0.002694, [0.03345247639999999], [44.099999999999994], [7.3500000000000005], [0.008113416093730187]]
[800.0, 1700.0, 0.006041, [0.05905053700000001], [31.653999999999996], [5.390000000000001], [0.010781104670672668]]
[800.0, 600.0, 0.005698, [0.070787801], [44.099999999999994], [7.3500000000000005], [0.011797963743375378]]
[800.0, 1600.0, 0.005804, [0.072113202], [44.099999999999994], [7.3500000000000005], [0.011855335072447341]]
[800.0, 1000.0, 0.006412, [0.062681241], [31.653999999999996], [5.390000000000001], [0.011080582689552025]]
[800.0, 1100.0, 0.005239, [0.032106230799999996], [16.317], [2.7439999999999998], [0.005014151588454421]]
[800.0, 1500.0, 0.007403, [0.072379321], [31.653999999999996], [5.390000000000001], [0.011899088812173813]]
[800.0, 1400.0, 0.006389, [0.08826301400000001], [51.94], [8.33], [0.01315747266423153]]
[800.0, 1200.0, 0.007365, [0.10176819799999999], [51.94], [8.33], [0.014112711162636328]]
[800.0, 900.0, 0.006034, [0.036989100399999995], [16.317], [2.7439999999999998], [0.005395413652204991]]
[800.0, 1300.0, 0.006149, [0.0376917996], [16.317], [2.7439999999999998], [0.005440342875665099]]
[800.0, 2000.0, 0.006539, [0.09033527300000001], [51.94], [8.33], [0.013319208626266052]]
[800.0, 500.0, 0.006996, [0.0428949724], [16.317], [2.7439999999999998], [0.005783955682817772]]
[800.0, 1900.0, 0.004928, [0.099781248], [85.75000000000001], [13.23], [0.013972169352681066]]
[800.0, 700.0, 0.006062, [0.059250848999999994], [31.653999999999996], [5.390000000000001], [0.010817675300174249]]
[900.0, 200.0, 0.001242, [0.017151813], [51.94], [8.33], [0.004584015079709054]]
[900.0, 1100.0, 0.003899, [0.053844630000000004], [51.94], [8.33], [0.008117380581813324]]
[900.0, 300.0, 0.001572, [0.00413185052], [3.7729999999999997], [0.784], [0.001002120801899651]]
[900.0, 1000.0, 0.005034, [0.0308468328], [16.317], [2.7439999999999998], [0.0038863360210872142]]
[900.0, 900.0, 0.004186, [0.097882841], [117.11], [15.19], [0.010943634155069328]]
[900.0, 1600.0, 0.003622, [0.0449926428], [44.099999999999994], [7.3500000000000005], [0.0073967443581619075]]
[900.0, 700.0, 0.003804, [0.052543043000000005], [51.94], [8.33], [0.00801273913964507]]
[900.0, 1900.0, 0.004138, [0.0253554028], [16.317], [2.7439999999999998], [0.0035161607906351493]]
[900.0, 500.0, 0.004456, [0.027304603199999996], [16.317], [2.7439999999999998], [0.0036487320201955093]]
[900.0, 1400.0, 0.004144, [0.057238076], [51.94], [8.33], [0.00834902917649711]]
[900.0, 1200.0, 0.004944, [0.0302958376], [16.317], [2.7439999999999998], [0.003847574354421237]]
[900.0, 1500.0, 0.005136, [0.0314760712], [16.317], [2.7439999999999998], [0.003904126651839051]]
[900.0, 800.0, 0.00416, [0.0109489324], [3.7729999999999997], [0.784], [0.0016321708029492503]]
[900.0, 400.0, 0.00303, [0.018557379960000002], [16.317], [2.7439999999999998], [0.003010404318891401]]
[900.0, 100.0, 0.001124, [0.0109797191], [31.653999999999996], [5.390000000000001], [0.0036599057485132047]]
[900.0, 600.0, 0.004423, [0.061091338], [51.94], [8.33], [0.00863961852745826]]
[900.0, 1800.0, 0.004286, [0.0262586884], [16.317], [2.7439999999999998], [0.0035733541529492986]]
[900.0, 2000.0, 0.004382, [0.0428244271], [31.653999999999996], [5.390000000000001], [0.007238650111035897]]
[900.0, 1700.0, 0.00527, [0.032296860399999995], [16.317], [2.7439999999999998], [0.003975468536311161]]
[900.0, 1300.0, 0.004468, [0.0436643312], [31.653999999999996], [5.390000000000001], [0.007277387555297574]]
[1000.0, 1600.0, 0.003206, [0.0442786491], [51.94], [8.33], [0.005864849690316027]]
[1000.0, 1400.0, 0.00264, [0.036450335599999995], [51.94], [8.33], [0.005316827409273316]]
[1000.0, 1500.0, 0.002773, [0.01698532276], [16.317], [2.7439999999999998], [0.0022903008853860226]]
[1000.0, 700.0, 0.003259, [0.045002839700000005], [51.94], [8.33], [0.005909162308652556]]
[1000.0, 1900.0, 0.003787, [0.0231972076], [16.317], [2.7439999999999998], [0.002678581492954806]]
[1000.0, 1800.0, 0.003328, [0.0325167087], [31.653999999999996], [5.390000000000001], [0.0050174373020497225]]
[1000.0, 500.0, 0.003033, [0.041879158300000004], [51.94], [8.33], [0.005699030729869773]]
[1000.0, 1000.0, 0.00305, [0.0378819343], [44.099999999999994], [7.3500000000000005], [0.005411703395419967]]
[1000.0, 200.0, 0.001003, [0.0138434261], [51.94], [8.33], [0.0032629276234694506]]
[1000.0, 1100.0, 0.003074, [0.018830992039999998], [16.317], [2.7439999999999998], [0.00241106131917046]]
[1000.0, 2000.0, 0.002586, [0.01139083596], [9.555], [1.6660000000000001], [0.0018726418923435415]]
[1000.0, 1700.0, 0.00287, [0.017577993440000002], [16.317], [2.7439999999999998], [0.0023282622120371233]]
[1000.0, 800.0, 0.00318, [0.031064059600000003], [31.653999999999996], [5.390000000000001], [0.004911657931900389]]
[1000.0, 1300.0, 0.003968, [0.024311585200000003], [16.317], [2.7439999999999998], [0.0027527451645221355]]
[1000.0, 400.0, 0.001543, [0.0067959178], [9.555], [1.6660000000000001], [0.0014488945213782815]]
[1000.0, 300.0, 0.001028, [0.0100427313], [31.653999999999996], [5.390000000000001], [0.0027853519761423333]]
[1000.0, 600.0, 0.00263, [0.0363217302], [51.94], [8.33], [0.0052980693436383034]]
[1000.0, 1200.0, 0.003181, [0.01948218636], [16.317], [2.7439999999999998], [0.002454524206765947]]
[1000.0, 100.0, 0.001332, [0.00586417692], [9.555], [1.6660000000000001], [0.0013453343484502282]]
[1000.0, 900.0, 0.002603, [0.011467313199999999], [9.555], [1.6660000000000001], [0.001885214769473229]]
[1100.0, 1300.0, 0.002007, [0.024925947200000003], [44.099999999999994], [7.3500000000000005], [0.003941137958508938]]
[1100.0, 1800.0, 0.001886, [0.0184249555], [31.653999999999996], [5.390000000000001], [0.003029043903445442]]
[1100.0, 2000.0, 0.001811, [0.01108976036], [16.317], [2.7439999999999998], [0.0014819316196910033]]
[1100.0, 700.0, 0.001985, [0.0193934013], [31.653999999999996], [5.390000000000001], [0.0031054292667842234]]
[1100.0, 900.0, 0.002092, [0.028884529800000003], [51.94], [8.33], [0.0037927243971846935]]
[1100.0, 200.0, 0.000632, [0.00278362532], [9.555], [1.6660000000000001], [0.0007439551734882956]]
[1100.0, 1900.0, 0.002211, [0.01354108336], [16.317], [2.7439999999999998], [0.0016420975449710654]]
[1100.0, 1500.0, 0.002023, [0.012385092999999998], [16.317], [2.7439999999999998], [0.0015729086093222325]]
[1100.0, 800.0, 0.001765, [0.00777227808], [9.555], [1.6660000000000001], [0.0012445604907114802]]
[1100.0, 500.0, 0.001664, [0.00437178784], [3.7729999999999997], [0.784], [0.0006590718219435573]]
[1100.0, 1700.0, 0.001786, [0.010938711], [16.317], [2.7439999999999998], [0.0014749754678366686]]
[1100.0, 400.0, 0.000888, [0.017970735300000002], [85.75000000000001], [13.23], [0.002995122745397924]]
[1100.0, 600.0, 0.001988, [0.00875380296], [9.555], [1.6660000000000001], [0.001319685335100758]]
[1100.0, 1400.0, 0.002254, [0.009928095800000002], [9.555], [1.6660000000000001], [0.0014040447379766786]]
[1100.0, 100.0, 0.000434, [0.005996526900000001], [51.94], [8.33], [0.001731048015798522]]
[1100.0, 1100.0, 0.002126, [0.0293620789], [51.94], [8.33], [0.0038226174757618634]]
[1100.0, 1000.0, 0.001566, [0.009585919], [16.317], [2.7439999999999998], [0.0013836082721348554]]
[1100.0, 300.0, 0.000768, [0.0074971861999999995], [31.653999999999996], [5.390000000000001], [0.001935765450151438]]
[1100.0, 1200.0, 0.001949, [0.01193208016], [16.317], [2.7439999999999998], [0.0015404248388545287]]
[1100.0, 1600.0, 0.001978, [0.0121112908], [16.317], [2.7439999999999998], [0.0015506918759831045]]
[1200.0, 100.0, 0.00042, [0.0052175886], [44.099999999999994], [7.3500000000000005], [0.001304396842490812]]
[1200.0, 1400.0, 0.001444, [0.00635635252], [9.555], [1.6660000000000001], [0.000908050464324533]]
[1200.0, 1700.0, 0.001967, [0.01204437836], [16.317], [2.7439999999999998], [0.0012557131252001789]]
[1200.0, 1800.0, 0.001368, [0.0133657349], [31.653999999999996], [5.390000000000001], [0.0020873775703020288]]
[1200.0, 700.0, 0.001448, [0.00637777924], [9.555], [1.6660000000000001], [0.0009111112230677438]]
[1200.0, 200.0, 0.000533, [0.005207666099999999], [31.653999999999996], [5.390000000000001], [0.0013019157996967392]]
[1200.0, 1900.0, 0.001423, [0.0087123372], [16.317], [2.7439999999999998], [0.001064381424264817]]
[1200.0, 1200.0, 0.001421, [0.00869755684], [16.317], [2.7439999999999998], [0.001062575637138364]]
[1200.0, 1100.0, 0.001262, [0.0033154615199999997], [3.7729999999999997], [0.784], [0.0004642575587752988]]
[1200.0, 1300.0, 0.001526, [0.00934576412], [16.317], [2.7439999999999998], [0.0011014089161070016]]
[1200.0, 2000.0, 0.001272, [0.0077896378], [16.317], [2.7439999999999998], [0.0010056379719958868]]
[1200.0, 800.0, 0.001513, [0.00926099608], [16.317], [2.7439999999999998], [0.0010990779299758504]]
[1200.0, 1600.0, 0.001572, [0.00962290812], [16.317], [2.7439999999999998], [0.0011186403592218545]]
[1200.0, 1000.0, 0.001464, [0.018173654100000002], [44.099999999999994], [7.3500000000000005], [0.0024285563672684233]]
[1200.0, 1500.0, 0.001675, [0.01025752672], [16.317], [2.7439999999999998], [0.001154061747880069]]
[1200.0, 300.0, 0.000504, [0.00221894932], [9.555], [1.6660000000000001], [0.0005381744929370027]]
[1200.0, 600.0, 0.001311, [0.00802539052], [16.317], [2.7439999999999998], [0.0010192256304469584]]
[1200.0, 500.0, 0.000949, [0.011780805399999998], [44.099999999999994], [7.3500000000000005], [0.0019634679694357127]]
[1200.0, 900.0, 0.001398, [0.00855691312], [16.317], [2.7439999999999998], [0.0010532832837560843]]
[1200.0, 400.0, 0.000553, [0.0033842536000000005], [16.317], [2.7439999999999998], [0.0006637067635635485]]
[1300.0, 1600.0, 0.000895, [0.00235098864], [3.7729999999999997], [0.784], [0.0003170072031989179]]
[1300.0, 1700.0, 0.001047, [0.00460763856], [9.555], [1.6660000000000001], [0.0006270202054798553]]
[1300.0, 900.0, 0.000977, [0.00598346252], [16.317], [2.7439999999999998], [0.0007151604640079037]]
[1300.0, 200.0, 0.000294, [0.0036468744900000002], [44.099999999999994], [7.3500000000000005], [0.0008844969627421]]
[1300.0, 1800.0, 0.000938, [0.009163764400000001], [31.653999999999996], [5.390000000000001], [0.0013974609290423828]]
[1300.0, 1000.0, 0.000992, [0.0136953824], [51.94], [8.33], [0.0017119228393826633]]
[1300.0, 1400.0, 0.001051, [0.0064367674000000005], [16.317], [2.7439999999999998], [0.0007432538636024706]]
[1300.0, 1200.0, 0.001113, [0.010869160400000001], [31.653999999999996], [5.390000000000001], [0.0015219871692626057]]
[1300.0, 500.0, 0.000488, [0.0029887569599999996], [16.317], [2.7439999999999998], [0.0005051920436428112]]
[1300.0, 100.0, 0.000387, [0.0053495456], [51.94], [8.33], [0.0010699093616750909]]
[1300.0, 1100.0, 0.001058, [0.00647565772], [16.317], [2.7439999999999998], [0.0007428087117421281]]
[1300.0, 2000.0, 0.001, [0.0138071073], [51.94], [8.33], [0.001712560865487706]]
[1300.0, 1300.0, 0.000899, [0.008780334499999999], [31.653999999999996], [5.390000000000001], [0.0013712581494379533]]
[1300.0, 1500.0, 0.00101, [0.006185761959999999], [16.317], [2.7439999999999998], [0.0007289990706166915]]
[1300.0, 600.0, 0.000852, [0.00521778656], [16.317], [2.7439999999999998], [0.0006680690979831353]]
[1300.0, 300.0, 0.000274, [0.00120743252], [9.555], [1.6660000000000001], [0.00032269987852492286]]
[1300.0, 1900.0, 0.001158, [0.00709034508], [16.317], [2.7439999999999998], [0.000778266369105077]]
[1300.0, 400.0, 0.000376, [0.00230271384], [16.317], [2.7439999999999998], [0.00044315730030768986]]
[1300.0, 700.0, 0.000921, [0.00564036648], [16.317], [2.7439999999999998], [0.000694281136601017]]
[1300.0, 800.0, 0.00092, [0.008983856], [31.653999999999996], [5.390000000000001], [0.0013862393581196575]]
[1400.0, 1100.0, 0.000629, [0.00276963876], [9.555], [1.6660000000000001], [0.00041753861184805406]]
[1400.0, 400.0, 0.000231, [0.001412045348], [16.317], [2.7439999999999998], [0.00028240906741816915]]
[1400.0, 1500.0, 0.00073, [0.0100775605], [51.94], [8.33], [0.001195986214260014]]
[1400.0, 1800.0, 0.000699, [0.00427759808], [16.317], [2.7439999999999998], [0.0004906741682216418]]
[1400.0, 1600.0, 0.000721, [0.00441538216], [16.317], [2.7439999999999998], [0.0004999437510920604]]
[1400.0, 1400.0, 0.000708, [0.0031175524800000002], [9.555], [1.6660000000000001], [0.00042037079152576723]]
[1400.0, 600.0, 0.000376, [0.00367134019], [31.653999999999996], [5.390000000000001], [0.0007200091079285039]]
[1400.0, 1700.0, 0.000694, [0.00305676896], [9.555], [1.6660000000000001], [0.00041597364953083264]]
[1400.0, 900.0, 0.000671, [0.0083364631], [44.099999999999994], [7.3500000000000005], [0.0010853148256151298]]
[1400.0, 100.0, 0.000175, [0.001071162932], [16.317], [2.7439999999999998], [0.00024574163909276753]]
[1400.0, 700.0, 0.000798, [0.007792146600000001], [31.653999999999996], [5.390000000000001], [0.001050692661866447]]
[1400.0, 2000.0, 0.00075, [0.00197051148], [3.7729999999999997], [0.784], [0.00023552117987136532]]
[1400.0, 800.0, 0.000703, [0.00430368568], [16.317], [2.7439999999999998], [0.0004936666127823513]]
[1400.0, 1300.0, 0.000938, [0.0057451324], [16.317], [2.7439999999999998], [0.0005716621157152187]]
[1400.0, 300.0, 0.000189, [0.00184403366], [31.653999999999996], [5.390000000000001], [0.0005114428841033962]]
[1400.0, 1200.0, 0.000705, [0.0043129408], [16.317], [2.7439999999999998], [0.0004947282276159305]]
[1400.0, 500.0, 0.000296, [0.00181329792], [16.317], [2.7439999999999998], [0.00032054881704975916]]
[1400.0, 1000.0, 0.000692, [0.004236461600000001], [16.317], [2.7439999999999998], [0.0004891843531430662]]
[1400.0, 200.0, 0.000159, [0.0015549464000000001], [31.653999999999996], [5.390000000000001], [0.0004688339358237627]]
[1400.0, 1900.0, 0.000696, [0.00425909176], [16.317], [2.7439999999999998], [0.0004917976289816778]]
[1500.0, 1500.0, 0.00052, [0.0071807687], [51.94], [8.33], [0.0025387854730165764]]
[1500.0, 1100.0, 0.000551, [0.0014473962999999998], [3.7729999999999997], [0.784], [0.0005117318466150021]]
[1500.0, 1800.0, 0.00048, [0.00126058478], [3.7729999999999997], [0.784], [0.0004764563068739882]]
[1500.0, 400.0, 0.000209, [0.0005500098100000001], [3.7729999999999997], [0.784], [0.00031754827960485]]
[1500.0, 200.0, 0.000161, [0.0054071549], [186.69], [23.03], [0.0022074611486954873]]
[1500.0, 500.0, 0.000221, [0.0027403838], [44.099999999999994], [7.3500000000000005], [0.001582161363451908]]
[1500.0, 1300.0, 0.000662, [0.00291311664], [9.555], [1.6660000000000001], [0.0010299422352734156]]
[1500.0, 600.0, 0.000371, [0.00362684721], [31.653999999999996], [5.390000000000001], [0.0018134237342662084]]
[1500.0, 1000.0, 0.00041, [0.0018051151160000001], [9.555], [1.6660000000000001], [0.0008072718696449171]]
[1500.0, 2000.0, 0.000739, [0.0032552993199999997], [9.555], [1.6660000000000001], [0.0010851001486683154]]
[1500.0, 800.0, 0.00065, [0.00398158908], [16.317], [2.7439999999999998], [0.001200493839984196]]
[1500.0, 1700.0, 0.000634, [0.0061888372], [31.653999999999996], [5.390000000000001], [0.0023391611562694863]]
[1500.0, 1200.0, 0.000496, [0.00218304212], [9.555], [1.6660000000000001], [0.0008912230133473889]]
[1500.0, 300.0, 0.000115, [0.0026948873], [117.11], [15.19], [0.0015558939067301472]]
[1500.0, 1400.0, 0.000644, [0.00394461368], [16.317], [2.7439999999999998], [0.0011893458620939497]]
[1500.0, 100.0, 0.000296, [0.0018128484920000001], [16.317], [2.7439999999999998], [0.0008107304917418612]]
[1500.0, 900.0, 0.000397, [0.0080258668], [85.75000000000001], [13.23], [0.0026752882668976065]]
[1500.0, 700.0, 0.000489, [0.00215368916], [9.555], [1.6660000000000001], [0.0008792397029252034]]
[1500.0, 1900.0, 0.000652, [0.00287054936], [9.555], [1.6660000000000001], [0.0010148926558410007]]
[1500.0, 1600.0, 0.000651, [0.0080833242], [44.099999999999994], [7.3500000000000005], [0.0026944413420967248]]
[1600.0, 1500.0, 0.000399, [0.0024394042400000004], [16.317], [2.7439999999999998], [0.000771407297243162]]
[1600.0, 100.0, 0.00011, [0.000485526104], [9.555], [1.6660000000000001], [0.00034331882782043867]]
[1600.0, 1300.0, 0.000311, [0.001904484372], [16.317], [2.7439999999999998], [0.0006733368835285944]]
[1600.0, 900.0, 0.000367, [0.0009641215499999999], [3.7729999999999997], [0.784], [0.0003408684568568937]]
[1600.0, 300.0, 9.9e-05, [0.00122319925], [44.099999999999994], [7.3500000000000005], [0.0008649323105307143]]
[1600.0, 500.0, 0.000186, [0.0018125408699999998], [31.653999999999996], [5.390000000000001], [0.0010464706885527182]]
[1600.0, 1000.0, 0.000278, [0.000730545508], [3.7729999999999997], [0.784], [0.00029824398140448704]]
[1600.0, 1200.0, 0.00043, [0.00262899896], [16.317], [2.7439999999999998], [0.0007926730469493713]]
[1600.0, 1800.0, 0.000345, [0.004759063259999999], [51.94], [8.33], [0.001682583230630806]]
[1600.0, 1100.0, 0.000276, [0.001686309128], [16.317], [2.7439999999999998], [0.0006373650584712029]]
[1600.0, 1900.0, 0.000522, [0.007204871799999999], [51.94], [8.33], [0.0020798673241339215]]
[1600.0, 1700.0, 0.00032, [0.001958287744], [16.317], [2.7439999999999998], [0.0006923592844181408]]
[1600.0, 800.0, 0.000434, [0.0059909409], [51.94], [8.33], [0.0018945018477161746]]
[1600.0, 200.0, 0.000111, [0.0004883606560000001], [9.555], [1.6660000000000001], [0.00034532313273222807]]
[1600.0, 1600.0, 0.000312, [0.001910378092], [16.317], [2.7439999999999998], [0.0006754206639421096]]
[1600.0, 2000.0, 0.000315, [0.00192955336], [16.317], [2.7439999999999998], [0.0006822002365288361]]
[1600.0, 1400.0, 0.000601, [0.0015777999999999996], [3.7729999999999997], [0.784], [0.00043760297636099324]]
[1600.0, 700.0, 0.000229, [0.000600262348], [3.7729999999999997], [0.784], [0.00026844543453744934]]
[1600.0, 400.0, 0.000245, [0.0023969070299999997], [31.653999999999996], [5.390000000000001], [0.0011984533554127168]]
[1600.0, 600.0, 0.000155, [0.00362010138], [117.11], [15.19], [0.0014779001927396854]]
[1700.0, 900.0, 0.000235, [0.001438954384], [16.317], [2.7439999999999998], [0.00047965152677334407]]
[1700.0, 1500.0, 0.000246, [0.000646577442], [3.7729999999999997], [0.784], [0.00022859965751505402]]
[1700.0, 1800.0, 0.00029, [0.00283350781], [31.653999999999996], [5.390000000000001], [0.0010709651458380893]]
[1700.0, 700.0, 0.000152, [0.00039832737], [3.7729999999999997], [0.784], [0.00017813742266014742]]
[1700.0, 500.0, 7.3e-05, [0.00031964954000000004], [9.555], [1.6660000000000001], [0.0002260263297936769]]
[1700.0, 300.0, 0.000106, [0.000651209804], [16.317], [2.7439999999999998], [0.00032560490782541956]]
[1700.0, 800.0, 0.000212, [0.001295285404], [16.317], [2.7439999999999998], [0.0004579525634473509]]
[1700.0, 1300.0, 0.000292, [0.0028506494799999996], [31.653999999999996], [5.390000000000001], [0.001077444152148964]]
[1700.0, 400.0, 0.000109, [0.00047925136], [9.555], [1.6660000000000001], [0.0002766959149969511]]
[1700.0, 1000.0, 0.000217, [0.000955864756], [9.555], [1.6660000000000001], [0.00039023019182016146]]
[1700.0, 2000.0, 0.0003, [0.0037304807399999996], [44.099999999999994], [7.3500000000000005], [0.0012434934391865524]]
[1700.0, 1600.0, 0.000318, [0.001946917784], [16.317], [2.7439999999999998], [0.0005620267788922518]]
[1700.0, 1400.0, 0.000279, [0.00073288516], [3.7729999999999997], [0.784], [0.0002442950714689103]]
[1700.0, 1200.0, 0.00037, [0.001629357016], [9.555], [1.6660000000000001], [0.000515247915054491]]
[1700.0, 100.0, 3.6e-05, [0.0001591064888], [9.555], [1.6660000000000001], [0.00015910649349413743]]
[1700.0, 1700.0, 0.000277, [0.00072713501], [3.7729999999999997], [0.784], [0.00024237833035979103]]
[1700.0, 1900.0, 0.000344, [0.00090201993], [3.7729999999999997], [0.784], [0.0002719692461658119]]
[1700.0, 1100.0, 0.000197, [0.0039845379], [85.75000000000001], [13.23], [0.00126002163759199]]
[1700.0, 600.0, 0.00012, [0.00281169791], [117.11], [15.19], [0.0010627216653009385]]
[1700.0, 200.0, 8e-05, [0.000489177388], [16.317], [2.7439999999999998], [0.00028242675071600424]]
[1800.0, 600.0, 0.000104, [0.000272449898], [3.7729999999999997], [0.784], [0.00012184328610145082]]
[1800.0, 1800.0, 0.000184, [0.000483492016], [3.7729999999999997], [0.784], [0.00016116400194832593]]
[1800.0, 400.0, 7.1e-05, [0.00043504865600000003], [16.317], [2.7439999999999998], [0.00021752432860716982]]
[1800.0, 1300.0, 0.000115, [0.0026908198100000003], [117.11], [15.19], [0.0008509119121859795]]
[1800.0, 1200.0, 0.000194, [0.0018911716599999998], [31.653999999999996], [5.390000000000001], [0.0007147956351293704]]
[1800.0, 1700.0, 0.000201, [0.0025012510599999997], [44.099999999999994], [7.3500000000000005], [0.0008337503708544902]]
[1800.0, 500.0, 3.4e-05, [0.0008050332500000001], [117.11], [15.19], [0.0004647861157564843]]
[1800.0, 1600.0, 0.000214, [0.00295195404], [51.94], [8.33], [0.0008900477400679135]]
[1800.0, 1000.0, 0.000221, [0.00215539975], [31.653999999999996], [5.390000000000001], [0.0007620487813782002]]
[1800.0, 700.0, 9.8e-05, [0.00042926567599999997], [9.555], [1.6660000000000001], [0.0002146327977919498]]
[1800.0, 200.0, 0.000131, [0.00162277318], [44.099999999999994], [7.3500000000000005], [0.0006624943156737272]]
[1800.0, 800.0, 8.1e-05, [0.00190156701], [117.11], [15.19], [0.00071872461054287]]
[1800.0, 2000.0, 0.000207, [0.000543717916], [3.7729999999999997], [0.784], [0.00017193867496290645]]
[1800.0, 1100.0, 0.000222, [0.000581779842], [3.7729999999999997], [0.784], [0.00017541323841717307]]
[1800.0, 900.0, 0.000198, [0.001209843712], [16.317], [2.7439999999999998], [0.00036478159179432286]]
[1800.0, 1500.0, 0.000165, [0.00043426642000000005], [3.7729999999999997], [0.784], [0.00015353635323271162]]
[1800.0, 1400.0, 0.000139, [0.0013587935200000002], [31.653999999999996], [5.390000000000001], [0.0006076707297541984]]
[1800.0, 1900.0, 0.00015, [0.00066000648], [9.555], [1.6660000000000001], [0.0002694465401522165]]
[1800.0, 100.0, 5.7e-05, [0.0013439460299999998], [117.11], [15.19], [0.0006010308920513154]]
[1800.0, 300.0, 5.6e-05, [0.00054705511], [31.653999999999996], [5.390000000000001], [0.0003868265268179006]]
[1900.0, 300.0, 3.9e-05, [0.0009101735300000001], [117.11], [15.19], [0.0004070419706860706]]
[1900.0, 1600.0, 0.000115, [0.000507572968], [9.555], [1.6660000000000001], [0.00019184452566388234]]
[1900.0, 600.0, 4.7e-05, [0.000289585492], [16.317], [2.7439999999999998], [0.0001447927365305318]]
[1900.0, 1500.0, 0.000173, [0.0021472750600000003], [44.099999999999994], [7.3500000000000005], [0.0006198649128640852]]
[1900.0, 500.0, 3.7e-05, [0.000357590436], [31.653999999999996], [5.390000000000001], [0.0002528545761302334]]
[1900.0, 1700.0, 9.4e-05, [0.00057279824], [16.317], [2.7439999999999998], [0.00020251476517034505]]
[1900.0, 1800.0, 0.000132, [0.0018279503900000002], [51.94], [8.33], [0.0005780486200139224]]
[1900.0, 800.0, 6.7e-05, [0.0009247877800000001], [51.94], [8.33], [0.0004135777650212835]]
[1900.0, 1300.0, 7.4e-05, [0.0009165518600000001], [44.099999999999994], [7.3500000000000005], [0.00040989444549786234]]
[1900.0, 1000.0, 0.000165, [0.00072496186], [9.555], [1.6660000000000001], [0.00022925306544515386]]
[1900.0, 1900.0, 0.000117, [0.00145668229], [44.099999999999994], [7.3500000000000005], [0.0005150149423075024]]
[1900.0, 1200.0, 0.0001, [0.00203299138], [85.75000000000001], [13.23], [0.0006129700236553171]]
[1900.0, 100.0, 5.9e-05, [0.0007265445599999999], [44.099999999999994], [7.3500000000000005], [0.0003632723320870996]]
[1900.0, 2000.0, 0.000138, [0.00036146368999999997], [3.7729999999999997], [0.784], [0.00011430484911848666]]
[1900.0, 1100.0, 0.000201, [0.0012290738599999998], [16.317], [2.7439999999999998], [0.000298094221426716]]
[1900.0, 900.0, 9.8e-05, [0.00198722342], [85.75000000000001], [13.23], [0.0005991704291768745]]
[1900.0, 200.0, 2.1e-05, [0.0007186472299999999], [186.69], [23.03], [0.00035932361858079964]]
[1900.0, 400.0, 4.4e-05, [0.00054066943], [44.099999999999994], [7.3500000000000005], [0.0003121555758752357]]
[1900.0, 700.0, 5.2e-05, [0.0007151246199999999], [51.94], [8.33], [0.0003575622700593562]]
[1900.0, 1400.0, 9.6e-05, [0.000252582456], [3.7729999999999997], [0.784], [9.54671918095426e-05]]
[2000.0, 1500.0, 7.8e-05, [0.00097025341], [44.099999999999994], [7.3500000000000005], [0.0003430362930799014]]
[2000.0, 1200.0, 7.2e-05, [0.000442940008], [16.317], [2.7439999999999998], [0.00014764669722550517]]
[2000.0, 1300.0, 8.7e-05, [0.0008539876800000001], [31.653999999999996], [5.390000000000001], [0.0003227769513456622]]
[2000.0, 300.0, 3.4e-05, [0.00014790058080000002], [9.555], [1.6660000000000001], [8.539043172627716e-05]]
[2000.0, 900.0, 5.1e-05, [0.00049351918], [31.653999999999996], [5.390000000000001], [0.0002467596895969842]]
[2000.0, 1900.0, 8.9e-05, [0.0008644496699999999], [31.653999999999996], [5.390000000000001], [0.00032673117696357045]]
[2000.0, 1600.0, 0.000121, [0.000532009856], [9.555], [1.6660000000000001], [0.00016040700351792624]]
[2000.0, 500.0, 1.6e-05, [9.709867440000001e-05], [16.317], [2.7439999999999998], [6.865913850901423e-05]]
[2000.0, 600.0, 2.4e-05, [0.0001459806236], [16.317], [2.7439999999999998], [8.428193718703908e-05]]
[2000.0, 200.0, 3.3e-05, [0.0001470340648], [9.555], [1.6660000000000001], [8.489015461406582e-05]]
[2000.0, 1800.0, 6.5e-05, [0.000398502496], [16.317], [2.7439999999999998], [0.00014089191122843071]]
[2000.0, 2000.0, 0.000119, [0.0007268485559999999], [16.317], [2.7439999999999998], [0.00018767149941959757]]
[2000.0, 400.0, 2.4e-05, [0.0001454687108], [16.317], [2.7439999999999998], [8.398637736204604e-05]]
[2000.0, 1100.0, 5.6e-05, [0.00034259212399999995], [16.317], [2.7439999999999998], [0.00012948761917032841]]
[2000.0, 100.0, 3.4e-05, [0.000147912968], [9.555], [1.6660000000000001], [8.539758462158048e-05]]
[2000.0, 1400.0, 9.4e-05, [0.000245676494], [3.7729999999999997], [0.784], [7.768973101510908e-05]]
[2000.0, 1700.0, 7.6e-05, [0.00033488207200000003], [9.555], [1.6660000000000001], [0.00012657356161853073]]
[2000.0, 700.0, 3.6e-05, [9.52724738e-05], [3.7729999999999997], [0.784], [4.763624661116785e-05]]
[2000.0, 1000.0, 8.9e-05, [0.0012268914], [51.94], [8.33], [0.00038797706778880627]]
[2000.0, 800.0, 5.6e-05, [0.000344024296], [16.317], [2.7439999999999998], [0.00013002893196208297]]
[2100.0, 200.0, 2.2e-05, [9.89198476e-05], [9.555], [1.6660000000000001], [5.7111396695230636e-05]]
[2100.0, 100.0, 3e-05, [0.0001306067756], [9.555], [1.6660000000000001], [6.530339400674364e-05]]
[2100.0, 400.0, 2.1e-05, [0.0001287917176], [16.317], [2.7439999999999998], [6.439585891033677e-05]]
[2100.0, 1400.0, 5.9e-05, [0.000358304856], [16.317], [2.7439999999999998], [0.00010803297044143515]]
[2100.0, 500.0, 1.6e-05, [9.7642496e-05], [16.317], [2.7439999999999998], [5.637392737214607e-05]]
[2100.0, 800.0, 4.5e-05, [0.00019606664000000002], [9.555], [1.6660000000000001], [8.00438419767567e-05]]
[2100.0, 300.0, 8e-06, [0.000491085938], [366.52000000000004], [46.06], [0.00028352863356634724]]
[2100.0, 600.0, 3.7e-05, [0.0001624714364], [9.555], [1.6660000000000001], [7.265942327324103e-05]]
[2100.0, 700.0, 2e-05, [0.000242663092], [44.099999999999994], [7.3500000000000005], [0.0001401015914149443]]
[2100.0, 1000.0, 5.9e-05, [0.00036038598400000004], [16.317], [2.7439999999999998], [0.00010866044493190703]]
[2100.0, 1700.0, 4.3e-05, [0.000265332452], [16.317], [2.7439999999999998], [9.380917101435232e-05]]
[2100.0, 1800.0, 5e-05, [0.00049180565], [31.653999999999996], [5.390000000000001], [0.00020077877806182605]]
[2100.0, 1900.0, 4.4e-05, [0.00011575397400000001], [3.7729999999999997], [0.784], [4.37508814311209e-05]]
[2100.0, 900.0, 4.4e-05, [0.00011565901199999999], [3.7729999999999997], [0.784], [4.3714986885506436e-05]]
[2100.0, 2000.0, 5.2e-05, [0.00121209928], [117.11], [15.19], [0.0003129626202440157]]
[2100.0, 1200.0, 6.7e-05, [0.0006538687399999999], [31.653999999999996], [5.390000000000001], [0.00023117756523936315]]
[2100.0, 1500.0, 4.3e-05, [0.00011323870599999999], [3.7729999999999997], [0.784], [4.280020275652909e-05]]
[2100.0, 1100.0, 7.5e-05, [0.000456160012], [16.317], [2.7439999999999998], [0.0001219138906605806]]
[2100.0, 1300.0, 8.5e-05, [0.00082687696], [31.653999999999996], [5.390000000000001], [0.0002614814653087289]]
[2100.0, 1600.0, 6.7e-05, [0.0006556396], [31.653999999999996], [5.390000000000001], [0.00023180366563106808]]
[2200.0, 1700.0, 3.2e-05, [0.000197195404], [16.317], [2.7439999999999998], [6.573180789845964e-05]]
[2200.0, 1100.0, 4.3e-05, [0.00026184718], [16.317], [2.7439999999999998], [7.558879190991214e-05]]
[2200.0, 200.0, 1.1e-05, [0.00010911168100000001], [31.653999999999996], [5.390000000000001], [7.715357702660324e-05]]
[2200.0, 1800.0, 4e-05, [0.00055261073], [51.94], [8.33], [0.00017475079055615168]]
[2200.0, 900.0, 2.5e-05, [6.5502514e-05], [3.7729999999999997], [0.784], [2.674129467546401e-05]]
[2200.0, 1000.0, 4.5e-05, [0.00019800018], [9.555], [1.6660000000000001], [6.600007157571877e-05]]
[2200.0, 1300.0, 5e-05, [0.00021891435999999998], [9.555], [1.6660000000000001], [6.922682819832207e-05]]
[2200.0, 1900.0, 6.2e-05, [0.000162001644], [3.7729999999999997], [0.784], [4.1828645581706325e-05]]
[2200.0, 1400.0, 2.7e-05, [0.00055090014], [85.75000000000001], [13.23], [0.00017420991989550998]]
[2200.0, 1600.0, 6.4e-05, [0.000282024792], [9.555], [1.6660000000000001], [7.821964404930517e-05]]
[2200.0, 800.0, 1.8e-05, [0.0001105346704], [16.317], [2.7439999999999998], [4.943261052705996e-05]]
[2200.0, 400.0, 7e-06, [4.32542992e-05], [16.317], [2.7439999999999998], [3.058540906510815e-05]]
[2200.0, 600.0, 1.3e-05, [0.00016323178900000003], [44.099999999999994], [7.3500000000000005], [9.424190521737131e-05]]
[2200.0, 2000.0, 2.9e-05, [7.564038860000001e-05], [3.7729999999999997], [0.784], [2.85893782674615e-05]]
[2200.0, 500.0, 1.1e-05, [0.000109587863], [31.653999999999996], [5.390000000000001], [7.749033577163026e-05]]
[2200.0, 700.0, 2.3e-05, [0.000219717813], [31.653999999999996], [5.390000000000001], [0.00010985891792658436]]
[2200.0, 300.0, 1.3e-05, [3.28701408e-05], [3.7729999999999997], [0.784], [1.897758803220262e-05]]
[2200.0, 1200.0, 3.9e-05, [0.00017259571840000002], [9.555], [1.6660000000000001], [6.1021797799802645e-05]]
[2200.0, 1500.0, 5e-05, [0.00022163072399999998], [9.555], [1.6660000000000001], [7.00858015749267e-05]]
[2200.0, 100.0, 1.2e-05, [0.000162879675], [51.94], [8.33], [9.403859609755986e-05]]
[2300.0, 700.0, 8e-06, [7.2564648799999996e-06], [0.5781999999999999], [0.12250000000000001], [3.245189466764614e-06]]
[2300.0, 100.0, 7e-06, [7.246188599999999e-05], [31.653999999999996], [5.390000000000001], [5.123828105040215e-05]]
[2300.0, 1800.0, 4.1e-05, [0.00040268680199999997], [31.653999999999996], [5.390000000000001], [0.00012141462406975528]]
[2300.0, 1000.0, 1.6e-05, [0.00021689242399999998], [51.94], [8.33], [8.854595567839334e-05]]
[2300.0, 1500.0, 2.8e-05, [7.295099420000001e-05], [3.7729999999999997], [0.784], [2.306912506359962e-05]]
[2300.0, 1200.0, 2.3e-05, [0.00021993429499999999], [31.653999999999996], [5.390000000000001], [8.978779039490836e-05]]
[2300.0, 500.0, 8e-06, [0.00010893459499999999], [51.94], [8.33], [6.289342312992671e-05]]
[2300.0, 1900.0, 2.7e-05, [0.0001624204176], [16.317], [2.7439999999999998], [4.897158352024161e-05]]
[2300.0, 1300.0, 3e-05, [0.00036880683000000005], [44.099999999999994], [7.3500000000000005], [0.00011662696890942507]]
[2300.0, 1600.0, 2.2e-05, [0.0001316351876], [16.317], [2.7439999999999998], [4.387839878573511e-05]]
[2300.0, 1700.0, 2.1e-05, [0.0001306153408], [16.317], [2.7439999999999998], [4.3538438724419135e-05]]
[2300.0, 1400.0, 2.8e-05, [0.0001727394256], [16.317], [2.7439999999999998], [4.9865581816720044e-05]]
[2300.0, 1100.0, 2.2e-05, [5.839547560000001e-05], [3.7729999999999997], [0.784], [2.0645918430527617e-05]]
[2300.0, 900.0, 1e-05, [0.000144550343], [51.94], [8.33], [7.227516610150405e-05]]
[2300.0, 2000.0, 1.7e-05, [7.37264976e-05], [9.555], [1.6660000000000001], [3.297148794943898e-05]]
[2300.0, 300.0, 8e-06, [0.000107470083], [51.94], [8.33], [6.204789338889758e-05]]
[2300.0, 200.0, 1.2e-05, [0.000144199993], [44.099999999999994], [7.3500000000000005], [7.209999932038835e-05]]
[2300.0, 400.0, 8e-06, [7.3365593e-05], [31.653999999999996], [5.390000000000001], [5.187730225252659e-05]]
[2300.0, 800.0, 1.9e-05, [5.07382848e-05], [3.7729999999999997], [0.784], [1.9177267914903834e-05]]
[2300.0, 600.0, 1.1e-05, [0.000107123849], [31.653999999999996], [5.390000000000001], [6.18479972109041e-05]]
[2400.0, 1200.0, 2.5e-05, [0.00024288354299999997], [31.653999999999996], [5.390000000000001], [7.680651139714652e-05]]
[2400.0, 1500.0, 1.7e-05, [0.000214426842], [44.099999999999994], [7.3500000000000005], [7.147559978062443e-05]]
[2400.0, 1100.0, 1.7e-05, [4.354076300000001e-05], [3.7729999999999997], [0.784], [1.4513584941013025e-05]]
[2400.0, 1600.0, 1.6e-05, [9.72627264e-05], [16.317], [2.7439999999999998], [3.0757171586477195e-05]]
[2400.0, 400.0, 7e-06, [2.89407916e-05], [9.555], [1.6660000000000001], [1.670896838706687e-05]]
[2400.0, 1300.0, 2.3e-05, [0.00028994206499999997], [44.099999999999994], [7.3500000000000005], [8.369907142256716e-05]]
[2400.0, 200.0, 4e-06, [4.8708959599999995e-05], [51.94], [8.33], [3.4442434263565056e-05]]
[2400.0, 1700.0, 2.2e-05, [0.000134816444], [16.317], [2.7439999999999998], [3.6031213683693753e-05]]
[2400.0, 2000.0, 2.2e-05, [5.81357364e-05], [3.7729999999999997], [0.784], [1.6782341911664176e-05]]
[2400.0, 600.0, 4e-06, [9.7074537e-05], [117.11], [15.19], [4.853728384242365e-05]]
[2400.0, 1900.0, 1.7e-05, [4.33989472e-05], [3.7729999999999997], [0.784], [1.4466313741931633e-05]]
[2400.0, 700.0, 7e-06, [7.248619000000001e-05], [31.653999999999996], [5.390000000000001], [4.1849915800393194e-05]]
[2400.0, 100.0, 5e-06, [7.2419697e-05], [51.94], [8.33], [4.181153662806474e-05]]
[2400.0, 1800.0, 1.5e-05, [3.83684798e-05], [3.7729999999999997], [0.784], [1.3565306411578029e-05]]
[2400.0, 500.0, 7e-06, [9.601648e-05], [51.94], [8.33], [4.8008233558422045e-05]]
[2400.0, 900.0, 1e-05, [9.652975499999999e-05], [31.653999999999996], [5.390000000000001], [4.826487812167353e-05]]
[2400.0, 1400.0, 1.6e-05, [9.61695952e-05], [16.317], [2.7439999999999998], [3.041149541604293e-05]]
[2400.0, 800.0, 8e-06, [4.8737928399999996e-05], [16.317], [2.7439999999999998], [2.179626634082085e-05]]
[2400.0, 300.0, 6e-06, [3.86116668e-05], [16.317], [2.7439999999999998], [1.930583484193315e-05]]
[2400.0, 1000.0, 7e-06, [9.6789896e-05], [51.94], [8.33], [4.839494866719046e-05]]
[2500.0, 400.0, 4e-06, [4.7744281899999995e-05], [44.099999999999994], [7.3500000000000005], [2.7565176358949713e-05]]
[2500.0, 1300.0, 1.1e-05, [2.8737059399999997e-05], [3.7729999999999997], [0.784], [9.579020514854324e-06]]
[2500.0, 500.0, 5e-06, [1.2763157399999999e-05], [3.7729999999999997], [0.784], [6.381579859251156e-06]]
[2500.0, 900.0, 5e-06, [1.2777338000000001e-05], [3.7729999999999997], [0.784], [6.388668781835539e-06]]
[2500.0, 1400.0, 1.1e-05, [1.0746921080000001e-05], [0.5781999999999999], [0.12250000000000001], [2.6065111418906306e-06]]
[2500.0, 200.0, 3e-06, [3.2003027e-05], [31.653999999999996], [5.390000000000001], [2.2629561305955535e-05]]
[2500.0, 1900.0, 1.2e-05, [7.644341040000001e-05], [16.317], [2.7439999999999998], [2.2067310893717885e-05]]
[2500.0, 1000.0, 8e-06, [7.995918000000001e-05], [31.653999999999996], [5.390000000000001], [3.575882558334375e-05]]
[2500.0, 1800.0, 1.4e-05, [8.338396639999999e-05], [16.317], [2.7439999999999998], [2.312655487010549e-05]]
[2500.0, 1700.0, 1.3e-05, [3.5100954e-05], [3.7729999999999997], [0.784], [1.0583337571862668e-05]]
[2500.0, 800.0, 4e-06, [1.902005364e-05], [9.555], [1.6660000000000001], [1.0981233002536646e-05]]
[2500.0, 700.0, 6e-06, [3.74985828e-05], [16.317], [2.7439999999999998], [1.5308734298563025e-05]]
[2500.0, 1600.0, 1.3e-05, [0.000127336741], [31.653999999999996], [5.390000000000001], [4.502034297181664e-05]]
[2500.0, 1100.0, 9e-06, [5.77415412e-05], [16.317], [2.7439999999999998], [1.9247179042758447e-05]]
[2500.0, 600.0, 3e-06, [9.558924899999999e-05], [186.69], [23.03], [3.90241549684295e-05]]
[2500.0, 300.0, 3e-06, [3.21990711e-05], [44.099999999999994], [7.3500000000000005], [2.2768180996733138e-05]]
[2500.0, 2000.0, 1.3e-05, [5.7973232799999996e-05], [9.555], [1.6660000000000001], [1.932440925337693e-05]]
[2500.0, 1200.0, 1e-05, [2.5864679400000002e-05], [3.7729999999999997], [0.784], [9.14454693771102e-06]]
[2500.0, 100.0, 3e-06, [3.22804846e-05], [31.653999999999996], [5.390000000000001], [2.2825749475099386e-05]]
[2500.0, 1500.0, 1.2e-05, [5.0828425199999994e-05], [9.555], [1.6660000000000001], [1.797056331804877e-05]]
[2600.0, 800.0, 4e-06, [2.58487936e-05], [16.317], [2.7439999999999998], [1.0552724457314329e-05]]
[2600.0, 2000.0, 1e-05, [4.20493304e-05], [9.555], [1.6660000000000001], [1.3297169281918615e-05]]
[2600.0, 900.0, 7e-06, [9.576907900000001e-05], [51.94], [8.33], [3.192303180777164e-05]]
[2600.0, 1000.0, 3e-06, [4.19263698e-05], [51.94], [8.33], [2.096318272591259e-05]]
[2600.0, 200.0, 3e-06, [1.6771772920000002e-05], [16.317], [2.7439999999999998], [8.385886970857645e-06]]
[2600.0, 1100.0, 6e-06, [2.5640700400000003e-05], [9.555], [1.6660000000000001], [1.0467770809107353e-05]]
[2600.0, 1500.0, 8e-06, [3.73919196e-05], [9.555], [1.6660000000000001], [1.2463969641811551e-05]]
[2600.0, 700.0, 3e-06, [1.260321944e-05], [9.555], [1.6660000000000001], [7.276471952807899e-06]]
[2600.0, 1800.0, 1e-05, [9.5274914e-05], [31.653999999999996], [5.390000000000001], [3.175830585531918e-05]]
[2600.0, 1600.0, 6e-06, [2.5113989600000003e-05], [9.555], [1.6660000000000001], [1.0252742951620312e-05]]
[2600.0, 1400.0, 9e-06, [3.805626159999999e-05], [9.555], [1.6660000000000001], [1.268541920537118e-05]]
[2600.0, 1300.0, 1e-05, [0.000144830231], [51.94], [8.33], [3.8707506501969354e-05]]
[2600.0, 600.0, 2e-06, [3.3602926e-05], [73.01], [11.76], [1.18804264623792e-05]]
[2600.0, 1700.0, 1.1e-05, [4.63014524e-05], [9.555], [1.6660000000000001], [1.3960410094836038e-05]]
[2600.0, 400.0, 2e-06, [8.41768648e-06], [9.555], [1.6660000000000001], [5.952204081178668e-06]]
[2600.0, 300.0, 3e-06, [3.13267731e-05], [44.099999999999994], [7.3500000000000005], [1.8086523275632605e-05]]
[2600.0, 1900.0, 5e-06, [7.3846626e-05], [51.94], [8.33], [2.791139099364272e-05]]
[2600.0, 1200.0, 4e-06, [1.7003491960000003e-05], [9.555], [1.6660000000000001], [8.501747114564158e-06]]
[2600.0, 100.0, 2e-06, [8.50598252e-06], [9.555], [1.6660000000000001], [6.014636131305035e-06]]
[2600.0, 500.0, 2e-06, [1.0536009400000001e-05], [11.515], [2.499], [4.711847745417926e-06]]
[2700.0, 1400.0, 4e-06, [9.018312799999999e-05], [85.75000000000001], [13.23], [2.5012304262102682e-05]]
[2700.0, 1000.0, 2e-06, [4.11304873e-05], [128.38], [17.150000000000002], [1.6791449949304556e-05]]
[2700.0, 800.0, 2e-06, [2.02177136e-05], [44.099999999999994], [7.3500000000000005], [1.1672703029718523e-05]]
[2700.0, 900.0, 3e-06, [6.88236948e-06], [3.7729999999999997], [0.784], [3.07788919989008e-06]]
[2700.0, 600.0, 2e-06, [8.39302772e-06], [9.555], [1.6660000000000001], [4.845716209271855e-06]]
[2700.0, 1100.0, 3e-06, [6.89788876e-06], [3.7729999999999997], [0.784], [3.0848297037599986e-06]]
[2700.0, 1300.0, 6e-06, [2.7228907999999998e-05], [9.555], [1.6660000000000001], [8.610536763756368e-06]]
[2700.0, 400.0, 1e-06, [2.72343176e-06], [11.515], [2.499], [1.925757352835502e-06]]
[2700.0, 1700.0, 6e-06, [8.370121200000001e-05], [51.94], [8.33], [2.416245100771029e-05]]
[2700.0, 100.0, 2e-06, [1.396115252e-05], [16.317], [2.7439999999999998], [6.24361684026174e-06]]
[2700.0, 2000.0, 5e-06, [1.38995948e-05], [3.7729999999999997], [0.784], [4.395437110458981e-06]]
[2700.0, 1200.0, 5e-06, [1.23670218e-05], [3.7729999999999997], [0.784], [4.1223417810754115e-06]]
[2700.0, 700.0, 2e-06, [2.0360999399999997e-05], [31.653999999999996], [5.390000000000001], [1.1755428840752683e-05]]
[2700.0, 300.0, 2e-06, [4.175108700000001e-06], [3.7729999999999997], [0.784], [2.4105000057249534e-06]]
[2700.0, 1800.0, 5e-06, [4.81907013e-05], [31.653999999999996], [5.390000000000001], [1.821437501535532e-05]]
[2700.0, 200.0, 2e-06, [4.1569591000000005e-06], [3.7729999999999997], [0.784], [2.4000226010602482e-06]]
[2700.0, 1500.0, 8e-06, [3.36197036e-05], [9.555], [1.6660000000000001], [9.705171118120483e-06]]
[2700.0, 500.0, 2e-06, [5.500063799999999e-06], [3.7729999999999997], [0.784], [2.7500324440995237e-06]]
[2700.0, 1900.0, 6e-06, [2.4631182799999996e-05], [9.555], [1.6660000000000001], [8.210395316183015e-06]]
[2700.0, 1600.0, 6e-06, [7.620950400000001e-05], [51.94], [8.33], [2.2978032644245243e-05]]
[2800.0, 1500.0, 3e-06, [3.19748569e-05], [31.653999999999996], [5.390000000000001], [1.2085361033084613e-05]]
[2800.0, 200.0, 1e-06, [3.60731532e-06], [16.317], [2.7439999999999998], [2.550757584718705e-06]]
[2800.0, 400.0, 1e-06, [1.37590383e-05], [128.38], [17.150000000000002], [7.94378412722803e-06]]
[2800.0, 900.0, 2e-06, [4.47129802e-06], [3.7729999999999997], [0.784], [1.9996251018628464e-06]]
[2800.0, 600.0, 1e-06, [4.472301866666667e-07], [0.4214], [0.0931], [2.5820845893708954e-07]]
[2800.0, 1200.0, 2e-06, [2.7145951000000003e-05], [51.94], [8.33], [1.1082287872095726e-05]]
[2800.0, 1000.0, 2e-06, [1.1078813759999999e-05], [16.317], [2.7439999999999998], [4.522905869637351e-06]]
[2800.0, 1400.0, 4e-06, [5.3941551999999994e-05], [51.94], [8.33], [1.5571580163875468e-05]]
[2800.0, 800.0, 2e-06, [1.260425432e-05], [16.317], [2.7439999999999998], [4.7639605335057095e-06]]
[2800.0, 100.0, 1e-06, [1.79317705e-06], [2.2981000000000003], [0.4557], [8.96588471206272e-07]]
[2800.0, 1100.0, 2e-06, [1.443139768e-05], [16.317], [2.7439999999999998], [5.102269274430741e-06]]
[2800.0, 1300.0, 3e-06, [7.25945486e-06], [3.7729999999999997], [0.784], [2.566604471125226e-06]]
[2800.0, 2000.0, 3e-06, [2.1176819999999998e-05], [16.317], [2.7439999999999998], [6.113218948344644e-06]]
[2800.0, 500.0, 1e-06, [5.35111556e-06], [30.183999999999997], [5.439], [3.0894686129494827e-06]]
[2800.0, 1900.0, 4e-06, [2.1448809199999998e-05], [16.317], [2.7439999999999998], [6.191736479147025e-06]]
[2800.0, 1800.0, 4e-06, [2.50983684e-05], [16.317], [2.7439999999999998], [6.707817590841303e-06]]
[2800.0, 300.0, 1e-06, [4.4976306200000005e-05], [366.52000000000004], [46.06], [2.0114017156202292e-05]]
[2800.0, 700.0, 1e-06, [1.070442044e-05], [47.53], [7.742], [4.370061202134359e-06]]
[2800.0, 1600.0, 3e-06, [4.05914971e-05], [51.94], [8.33], [1.3530498040353132e-05]]
[2800.0, 1700.0, 3e-06, [3.194408e-05], [44.099999999999994], [7.3500000000000005], [1.2073728266364122e-05]]
[2900.0, 1300.0, 2e-06, [9.21077696e-06], [16.317], [2.7439999999999998], [3.2565015134650257e-06]]
[2900.0, 900.0, 1e-06, [2.0662217099999998e-05], [85.75000000000001], [13.23], [7.809583967792396e-06]]
[2900.0, 1600.0, 2e-06, [2.32334431e-05], [44.099999999999994], [7.3500000000000005], [8.214262139717723e-06]]
[2900.0, 2000.0, 3e-06, [1.1749970679999999e-05], [9.555], [1.6660000000000001], [3.7156668660147673e-06]]
[2900.0, 1200.0, 2e-06, [4.12511204e-06], [3.7729999999999997], [0.784], [1.55914550558952e-06]]
[2900.0, 1700.0, 2e-06, [3.26411638e-05], [51.94], [8.33], [9.84168019039432e-06]]
[2900.0, 1100.0, 1e-06, [4.59331292e-06], [22.736], [4.263], [2.2966567109605212e-06]]
[2900.0, 800.0, 1e-06, [1.1632134500000001e-05], [51.94], [8.33], [5.816068824386451e-06]]
[2900.0, 600.0, 1e-06, [1.45532254e-05], [117.11], [15.19], [6.508399061213133e-06]]
[2900.0, 100.0, 0, [0.0], [121.03], [17.64], [0.0]]
[2900.0, 400.0, 1e-06, [1.7554558700000003e-05], [186.69], [23.03], [7.166619793877725e-06]]
[2900.0, 1000.0, 2e-06, [1.4815169599999998e-05], [31.653999999999996], [5.390000000000001], [6.625544743641838e-06]]
[2900.0, 1400.0, 2e-06, [2.3503516400000003e-05], [31.653999999999996], [5.390000000000001], [8.30974847092257e-06]]
[2900.0, 200.0, 0, [0.0], [121.03], [17.64], [0.0]]
[2900.0, 500.0, 1e-06, [3.5106128400000003e-06], [9.555], [1.6660000000000001], [2.0268532382982246e-06]]
[2900.0, 1500.0, 3e-06, [1.1669140280000001e-05], [9.555], [1.6660000000000001], [3.690106423831161e-06]]
[2900.0, 1800.0, 2e-06, [2.64429529e-05], [44.099999999999994], [7.3500000000000005], [8.814318253274044e-06]]
[2900.0, 300.0, 1e-06, [1.7438639400000002e-06], [5.684], [1.2739999999999998], [1.0068201595121146e-06]]
[2900.0, 700.0, 1e-06, [5.809611499999999e-06], [31.653999999999996], [5.390000000000001], [4.1080160482890035e-06]]
[2900.0, 1900.0, 2e-06, [1.7764579560000002e-06], [0.5781999999999999], [0.12250000000000001], [4.586795752156401e-07]]
[3000.0, 800.0, 1e-06, [5.670623e-06], [31.653999999999996], [5.390000000000001], [3.2739360175482965e-06]]
[3000.0, 900.0, 0, [0.0], [121.03], [17.64], [0.0]]
[3000.0, 1600.0, 3e-06, [6.81869888e-06], [3.7729999999999997], [0.784], [1.6071829694219634e-06]]
[3000.0, 700.0, 1e-06, [7.6074313e-06], [51.94], [8.33], [3.8037166470440466e-06]]
[3000.0, 600.0, 1e-06, [2.99178712e-06], [9.555], [1.6660000000000001], [1.495893520809553e-06]]
[3000.0, 1300.0, 1e-06, [2.2670222400000002e-05], [186.69], [23.03], [6.544329275792898e-06]]
[3000.0, 500.0, 0, [0.0], [121.03], [17.64], [0.0]]
[3000.0, 1500.0, 1e-06, [5.234746440000001e-06], [30.183999999999997], [5.439], [1.9785488892620267e-06]]
[3000.0, 1800.0, 2e-06, [6.727357000000001e-06], [9.555], [1.6660000000000001], [2.2424524374889204e-06]]
[3000.0, 2000.0, 1e-06, [3.45148062e-06], [11.515], [2.499], [1.1504932875944995e-06]]
[3000.0, 100.0, 0.0, [9.319498650000001e-07], [121.03], [17.64], [9.319501795965277e-07]]
[3000.0, 1400.0, 1e-06, [1.52332817e-05], [117.11], [15.19], [5.3857776643675145e-06]]
[3000.0, 1100.0, 0, [0.0], [121.03], [17.64], [0.0]]
[3000.0, 1200.0, 1e-06, [9.425395000000001e-06], [51.94], [8.33], [4.215165867792156e-06]]
[3000.0, 1000.0, 1e-06, [1.12645218e-05], [51.94], [8.33], [4.598721920055615e-06]]
[3000.0, 400.0, 0.0, [9.415237300000001e-07], [121.03], [17.64], [9.415238751619632e-07]]
[3000.0, 300.0, 1e-06, [3.80481472e-06], [16.317], [2.7439999999999998], [1.7015650567639193e-06]]
[3000.0, 1700.0, 1e-06, [1.87606839e-05], [168.07], [25.48], [5.932649579235234e-06]]
[3000.0, 200.0, 1e-06, [7.5542859e-06], [51.94], [8.33], [3.777142998087311e-06]]
