[100.0, 1800.0, 0.13693, [40.42098333333333], [4070.4845], [225.33805], [2.3695194074373442]]
[100.0, 800.0, 0.141016, [1460.5206741787636], [168034.45], [8210.1], [170.9410113885214]]
[100.0, 500.0, 0.145264, [2428.6755000000003], [246773.2], [13256.265000000001], [318.9007290678402]]
[100.0, 1100.0, 0.13299, [1376.5837471352188], [168034.45], [8210.1], [165.7211996648052]]
[100.0, 600.0, 0.139099, [41.06836666666666], [4070.4845], [225.33805], [2.3910928463779904]]
[100.0, 1400.0, 0.124457, [36.70475], [4070.4845], [225.33805], [2.263311855568197]]
[100.0, 1700.0, 0.127035, [1314.4003055767769], [168034.45], [8210.1], [161.79146939908873]]
[100.0, 100.0, 0.12963, [1341.4925515660818], [168034.45], [8210.1], [163.88941071032121]]
[100.0, 1200.0, 0.142429, [42.062666666666665], [4070.4845], [225.33805], [2.4204344192268]]
[100.0, 1000.0, 0.168134, [2816.4475000000007], [246773.2], [13256.265000000001], [344.08385605837435]]
[100.0, 2000.0, 0.139237, [2512.2085000000006], [241137.1], [14313.945], [324.324721536919]]
[100.0, 400.0, 0.134377, [39.65945], [4070.4845], [225.33805], [2.3575098680128104]]
[100.0, 1600.0, 0.121456, [1256.2144289534003], [168034.45], [8210.1], [158.26814798680584]]
[100.0, 1300.0, 0.127933, [37.739216666666664], [4070.4845], [225.33805], [2.2967356061254516]]
[100.0, 1500.0, 0.130948, [38.637433333333334], [4070.4845], [225.33805], [2.3214985581635745]]
[100.0, 900.0, 0.142244, [1399.2852368220026], [167950.65000000002], [7796.205000000001], [167.24656630047633]]
[100.0, 1900.0, 0.122376, [36.08573333333333], [4070.4845], [225.33805], [2.2422582862422926]]
[100.0, 200.0, 0.118893, [35.0502], [4070.4845], [225.33805], [2.212349178789119]]
[100.0, 700.0, 0.13558, [1333.0748663101613], [167950.65000000002], [7796.205000000001], [162.8610107085107]]
[100.0, 300.0, 0.151851, [1494.920024828114], [167950.65000000002], [7796.205000000001], [172.61850211097814]]
[200.0, 1800.0, 0.073149, [7.6596166666666665], [793.31], [78.43589999999999], [0.36895074573413966]]
[200.0, 700.0, 0.080558, [8.438883333333333], [793.31], [78.43589999999999], [0.38802043903783096]]
[200.0, 2000.0, 0.077776, [8.146206666666666], [793.31], [78.43589999999999], [0.3806472010493006]]
[200.0, 1300.0, 0.077299, [8.096065], [793.31], [78.43589999999999], [0.38038622550712264]]
[200.0, 1400.0, 0.076567, [8.019038333333333], [793.31], [78.43589999999999], [0.3784417979616475]]
[200.0, 400.0, 0.074614, [7.813636666666667], [793.31], [78.43589999999999], [0.37377689423861754]]
[200.0, 1900.0, 0.078054, [8.175435833333333], [793.31], [78.43589999999999], [0.3820131251381002]]
[200.0, 1700.0, 0.078033, [8.173274999999999], [793.31], [78.43589999999999], [0.3810808823450592]]
[200.0, 500.0, 0.080163, [8.397383333333332], [793.31], [78.43589999999999], [0.3865207159893101]]
[200.0, 1500.0, 0.082482, [8.641391666666667], [793.31], [78.43589999999999], [0.3927905859926437]]
[200.0, 100.0, 0.0772, [8.085584166666667], [793.31], [78.43589999999999], [0.3798938082616714]]
[200.0, 600.0, 0.07212, [7.551510833333334], [793.31], [78.43589999999999], [0.36803815472493245]]
[200.0, 1000.0, 0.080388, [8.421016666666667], [793.31], [78.43589999999999], [0.38760867651680747]]
[200.0, 1200.0, 0.080923, [21.685354999999998], [1626.9325000000001], [209.49545], [1.0762260450295746]]
[200.0, 300.0, 0.078611, [8.234084166666666], [793.31], [78.43589999999999], [0.38308433942294107]]
[200.0, 1600.0, 0.086253, [9.038541666666667], [793.31], [78.43589999999999], [0.401812127879574]]
[200.0, 900.0, 0.082518, [8.645258333333333], [793.31], [78.43589999999999], [0.392561212495014]]
[200.0, 800.0, 0.08346, [8.744441666666667], [793.31], [78.43589999999999], [0.3950336659352241]]
[200.0, 1100.0, 0.074338, [7.784658333333333], [793.31], [78.43589999999999], [0.37281753803525214]]
[200.0, 200.0, 0.080114, [8.392241666666667], [793.31], [78.43589999999999], [0.3875179207325629]]
[300.0, 2000.0, 0.083593, [4.76963625], [316.11505], [41.70535], [0.22262756174831544]]
[300.0, 400.0, 0.082052, [4.6812275], [316.11505], [41.70535], [0.22043040284860888]]
[300.0, 1000.0, 0.080147, [4.57188375], [316.11505], [41.70535], [0.21845308420802853]]
[300.0, 200.0, 0.078974, [4.504627500000001], [316.11505], [41.70535], [0.2164785641813064]]
[300.0, 1600.0, 0.083582, [4.76900375], [316.11505], [41.70535], [0.22308459017825502]]
[300.0, 1300.0, 0.077215, [4.403747500000001], [316.11505], [41.70535], [0.21386491793887094]]
[300.0, 800.0, 0.092075, [5.256911250000001], [316.11505], [41.70535], [0.23369818944527576]]
[300.0, 700.0, 0.07634, [7.8737875], [773.8245000000001], [77.21495], [0.40498387313570894]]
[300.0, 300.0, 0.088314, [5.04072375], [316.11505], [41.70535], [0.22888749283217727]]
[300.0, 900.0, 0.072662, [4.1428125], [316.11505], [41.70535], [0.20766040486814044]]
[300.0, 600.0, 0.07926, [4.5209987499999995], [316.11505], [41.70535], [0.2170148684422337]]
[300.0, 1400.0, 0.081063, [4.6244499999999995], [316.11505], [41.70535], [0.21946664752303482]]
[300.0, 500.0, 0.076392, [4.356568750000001], [316.11505], [41.70535], [0.2130867634321757]]
[300.0, 1200.0, 0.081514, [4.65032125], [316.11505], [41.70535], [0.2197070137137183]]
[300.0, 100.0, 0.024919, [2.5646574999999996], [773.8245000000001], [77.21495], [0.23124737836351789]]
[300.0, 1100.0, 0.084671, [4.83149875], [316.11505], [41.70535], [0.22405541306783908]]
[300.0, 1900.0, 0.082519, [4.707997499999999], [316.11505], [41.70535], [0.22144557034404638]]
[300.0, 1500.0, 0.086039, [4.9100625], [316.11505], [41.70535], [0.2264842709770372]]
[300.0, 1700.0, 0.084609, [4.82796], [316.11505], [41.70535], [0.22389129616847547]]
[300.0, 1800.0, 0.084335, [4.81221], [316.11505], [41.70535], [0.22316092147820146]]
[400.0, 900.0, 0.078261, [2.0154262500000004], [112.0686], [17.457115], [0.09905278737875073]]
[400.0, 1200.0, 0.077558, [1.997185], [112.0686], [17.457115], [0.09851384737690433]]
[400.0, 1500.0, 0.076711, [1.9751912500000002], [112.0686], [17.457115], [0.09802712475381495]]
[400.0, 200.0, 0.082732, [2.1315575], [112.0686], [17.457115], [0.10173369033904157]]
[400.0, 1600.0, 0.084467, [2.1766550000000002], [112.0686], [17.457115], [0.1029522644238581]]
[400.0, 500.0, 0.083658, [2.155635], [112.0686], [17.457115], [0.10230188933983576]]
[400.0, 1700.0, 0.077716, [2.00129375], [112.0686], [17.457115], [0.09871651330957754]]
[400.0, 300.0, 0.086033, [2.21738125], [112.0686], [17.457115], [0.10383838103033001]]
[400.0, 1300.0, 0.075075, [1.9327587499999999], [112.0686], [17.457115], [0.0970023839913226]]
[400.0, 1400.0, 0.087436, [2.2538774999999998], [112.0686], [17.457115], [0.1046336241965268]]
[400.0, 1100.0, 0.08468, [2.18220875], [112.0686], [17.457115], [0.10309967870948968]]
[400.0, 800.0, 0.076339, [1.9655449999999999], [112.0686], [17.457115], [0.09778949809412053]]
[400.0, 100.0, 0.017825, [0.45664325], [112.0686], [17.457115], [0.04709916400531967]]
[400.0, 1000.0, 0.077038, [1.9836774999999998], [112.0686], [17.457115], [0.09808653704764991]]
[400.0, 400.0, 0.087275, [2.24970875], [112.0686], [17.457115], [0.10444008449824235]]
[400.0, 1800.0, 0.073027, [1.879635], [112.0686], [17.457115], [0.09542402900999308]]
[400.0, 2000.0, 0.081401, [2.09698625], [112.0686], [17.457115], [0.10112567984938346]]
[400.0, 600.0, 0.070854, [1.8233125000000001], [112.0686], [17.457115], [0.0941554648573305]]
[400.0, 700.0, 0.085678, [2.20816375], [112.0686], [17.457115], [0.10363425019027252]]
[400.0, 1900.0, 0.079294, [2.0422474999999998], [112.0686], [17.457115], [0.09965148644149771]]
[500.0, 1700.0, 0.067549, [0.7049672499999998], [38.072655], [5.44904], [0.034563859979271215]]
[500.0, 1100.0, 0.072077, [0.7528735], [38.072655], [5.44904], [0.035609699443332074]]
[500.0, 300.0, 0.0713, [0.7446456666666668], [38.072655], [5.44904], [0.03545931745598672]]
[500.0, 1300.0, 0.07288, [0.7613745833333333], [38.072655], [5.44904], [0.035772496806593994]]
[500.0, 1800.0, 0.07142, [0.7459158333333334], [38.072655], [5.44904], [0.035439531834755754]]
[500.0, 1400.0, 0.07725, [0.8077084166666666], [38.072655], [5.44904], [0.036982428259918244]]
[500.0, 600.0, 0.075048, [0.7843581666666667], [38.072655], [5.44904], [0.03637373518228656]]
[500.0, 1900.0, 0.074406, [0.7775508333333333], [38.072655], [5.44904], [0.03617494144969538]]
[500.0, 1200.0, 0.073025, [0.7629176666666667], [38.072655], [5.44904], [0.035805502758343974]]
[500.0, 800.0, 0.075982, [0.794257], [38.072655], [5.44904], [0.036714542607649205]]
[500.0, 1000.0, 0.068599, [0.7160735833333334], [38.072655], [5.44904], [0.03473466888027324]]
[500.0, 2000.0, 0.071523, [0.74700875], [38.072655], [5.44904], [0.035491460240457844]]
[500.0, 700.0, 0.076026, [0.7947288333333333], [38.072655], [5.44904], [0.036541671417711585]]
[500.0, 100.0, 0.014968, [0.15479316666666665], [38.072655], [5.44904], [0.01613830631000526]]
[500.0, 200.0, 0.032331, [0.335301], [38.072655], [5.44904], [0.023768858010243386]]
[500.0, 1500.0, 0.074856, [0.7823234166666667], [38.072655], [5.44904], [0.036318450698110884]]
[500.0, 900.0, 0.072945, [0.76206225], [38.072655], [5.44904], [0.03584438782974106]]
[500.0, 1600.0, 0.079915, [0.8360091666666667], [38.072655], [5.44904], [0.03761382724477795]]
[500.0, 500.0, 0.077813, [0.8136900833333333], [38.072655], [5.44904], [0.0370241756604159]]
[500.0, 400.0, 0.068796, [0.7181505], [38.072655], [5.44904], [0.03483541660436976]]
[600.0, 200.0, 0.014213, [0.146965], [38.072655], [5.44904], [0.011729080076648997]]
[600.0, 1400.0, 0.049938, [0.51949725], [38.072655], [5.44904], [0.022091269014401744]]
[600.0, 1900.0, 0.045227, [0.23791875], [13.56206], [1.8869829999999999], [0.010566342989259183]]
[600.0, 100.0, 0.008688, [0.045179000000000004], [13.56206], [1.8869829999999999], [0.004611061955895964]]
[600.0, 800.0, 0.049248, [0.5122512499999999], [38.072655], [5.44904], [0.021922329749975634]]
[600.0, 1200.0, 0.049526, [0.5151679166666666], [38.072655], [5.44904], [0.022006880237275293]]
[600.0, 600.0, 0.049374, [0.26008766666666666], [13.56206], [1.8869829999999999], [0.011060053087827182]]
[600.0, 1600.0, 0.050641, [0.5268701666666666], [38.072655], [5.44904], [0.02228423552150214]]
[600.0, 400.0, 0.052121, [0.27480733333333335], [13.56206], [1.8869829999999999], [0.011352186371649586]]
[600.0, 500.0, 0.048341, [0.502742], [38.072655], [5.44904], [0.021755773499362314]]
[600.0, 1100.0, 0.049928, [0.5193876666666667], [38.072655], [5.44904], [0.02208661139192198]]
[600.0, 300.0, 0.053775, [0.5597920833333334], [38.072655], [5.44904], [0.022929977952211137]]
[600.0, 1700.0, 0.052279, [0.5440781666666666], [38.072655], [5.44904], [0.022630669946385195]]
[600.0, 1500.0, 0.054204, [0.5643036666666666], [38.072655], [5.44904], [0.023018425590527834]]
[600.0, 1800.0, 0.045329, [0.4711664166666667], [38.072655], [5.44904], [0.021050163301029285]]
[600.0, 1000.0, 0.048577, [0.5052169166666667], [38.072655], [5.44904], [0.021741072561194195]]
[600.0, 2000.0, 0.051081, [0.5314930833333333], [38.072655], [5.44904], [0.02237989549176274]]
[600.0, 700.0, 0.048941, [0.5090279166666667], [38.072655], [5.44904], [0.021884816844866064]]
[600.0, 1300.0, 0.045615, [0.4741620833333333], [38.072655], [5.44904], [0.02109993582138739]]
[600.0, 900.0, 0.049971, [0.5198398333333333], [38.072655], [5.44904], [0.022125853718620168]]
[700.0, 2000.0, 0.030212, [0.21693095833333334], [20.807265], [3.4006055], [0.007718055805490569]]
[700.0, 100.0, 0.005592, [0.039926904166666666], [20.807265], [3.4006055], [0.003315748669020484]]
[700.0, 1000.0, 0.028519, [0.20469125], [20.807265], [3.4006055], [0.007499307838431195]]
[700.0, 600.0, 0.030328, [0.21776554166666667], [20.807265], [3.4006055], [0.007737961079423097]]
[700.0, 1400.0, 0.029797, [0.15597008333333334], [13.56206], [1.8869829999999999], [0.00653286695826912]]
[700.0, 1900.0, 0.029574, [0.21231250000000002], [20.807265], [3.4006055], [0.007641292929791979]]
[700.0, 200.0, 0.007546, [0.053899333333333334], [20.807265], [3.4006055], [0.0038401698548226858]]
[700.0, 400.0, 0.029187, [0.20952020833333335], [20.807265], [3.4006055], [0.007610116393839044]]
[700.0, 1300.0, 0.030799, [0.16126491666666667], [13.56206], [1.8869829999999999], [0.00666748302293385]]
[700.0, 1100.0, 0.028002, [0.14649074999999998], [13.56206], [1.8869829999999999], [0.0070891838583702835]]
[700.0, 800.0, 0.029832, [0.15615658333333332], [13.56206], [1.8869829999999999], [0.00656375120347436]]
[700.0, 1500.0, 0.029117, [0.20901383333333332], [20.807265], [3.4006055], [0.007571772322984303]]
[700.0, 1600.0, 0.030162, [0.21656804166666668], [20.807265], [3.4006055], [0.007710026840996657]]
[700.0, 1800.0, 0.028762, [0.206444625], [20.807265], [3.4006055], [0.007513287997127341]]
[700.0, 1200.0, 0.029727, [0.15559891666666664], [13.56206], [1.8869829999999999], [0.0065230454181906304]]
[700.0, 700.0, 0.029763, [0.21367970833333333], [20.807265], [3.4006055], [0.007680559197306752]]
[700.0, 900.0, 0.030027, [0.21559195833333333], [20.807265], [3.4006055], [0.0077095528314624785]]
[700.0, 300.0, 0.016485, [0.08592883333333332], [13.56206], [1.8869829999999999], [0.0048569841608645265]]
[700.0, 500.0, 0.027663, [0.144702], [13.56206], [1.8869829999999999], [0.006297347049441623]]
[700.0, 1700.0, 0.028574, [0.20508445833333333], [20.807265], [3.4006055], [0.007508674381821483]]
[800.0, 300.0, 0.010142, [0.03308838888888889], [5.751765], [0.9788095], [0.00191675825062996]]
[800.0, 100.0, 0.004168, [0.029749208333333336], [20.807265], [3.4006055], [0.002223560317623768]]
[800.0, 1800.0, 0.024688, [0.08112552777777778], [5.751765], [0.9788095], [0.003008779591400744]]
[800.0, 800.0, 0.025188, [0.08279072222222222], [5.751765], [0.9788095], [0.0030372977248099673]]
[800.0, 400.0, 0.023989, [0.07880047222222222], [5.751765], [0.9788095], [0.0029594129485423287]]
[800.0, 200.0, 0.005415, [0.017625352777777777], [5.751765], [0.9788095], [0.0014021978999475375]]
[800.0, 1700.0, 0.024351, [0.08000611111111111], [5.751765], [0.9788095], [0.002987883195115619]]
[800.0, 600.0, 0.023488, [0.07713711111111111], [5.751765], [0.9788095], [0.0029323125328183314]]
[800.0, 1600.0, 0.022884, [0.07513172222222222], [5.751765], [0.9788095], [0.0028811702440690035]]
[800.0, 1000.0, 0.025336, [0.08328183333333335], [5.751765], [0.9788095], [0.0030410222554306788]]
[800.0, 1100.0, 0.023754, [0.07801936111111112], [5.751765], [0.9788095], [0.002942555735964785]]
[800.0, 1500.0, 0.0223, [0.07319108333333334], [5.751765], [0.9788095], [0.0028489588199945414]]
[800.0, 1400.0, 0.02343, [0.07694380555555555], [5.751765], [0.9788095], [0.00292496438724759]]
[800.0, 1200.0, 0.024747, [0.08132313888888888], [5.751765], [0.9788095], [0.0030037386683355663]]
[800.0, 900.0, 0.024643, [0.08097552777777778], [5.751765], [0.9788095], [0.0030052846971811353]]
[800.0, 1300.0, 0.023819, [0.07823524999999999], [5.751765], [0.9788095], [0.002950698285214937]]
[800.0, 2000.0, 0.024932, [0.08193675], [5.751765], [0.9788095], [0.0030202288667263953]]
[800.0, 500.0, 0.022094, [0.0725085], [5.751765], [0.9788095], [0.0028309807771325166]]
[800.0, 1900.0, 0.02504, [0.082297], [5.751765], [0.9788095], [0.0030212186855107016]]
[800.0, 700.0, 0.024938, [0.08195694444444444], [5.751765], [0.9788095], [0.003029216019262744]]
[900.0, 200.0, 0.00369, [0.010001058333333333], [4.157417], [0.706357], [0.0006455654283046933]]
[900.0, 1100.0, 0.016493, [0.045037], [4.157417], [0.706357], [0.0013691651957792872]]
[900.0, 300.0, 0.004755, [0.012896529999999998], [4.157417], [0.706357], [0.0007301223261283763]]
[900.0, 1000.0, 0.015984, [0.043633899999999996], [4.157417], [0.706357], [0.0013478557044431722]]
[900.0, 900.0, 0.016309, [0.04453003333333334], [4.157417], [0.706357], [0.001361322886019331]]
[900.0, 1600.0, 0.015849, [0.04326375], [4.157417], [0.706357], [0.0013376985833886495]]
[900.0, 700.0, 0.016062, [0.04384821666666667], [4.157417], [0.706357], [0.0013499747940033712]]
[900.0, 1900.0, 0.015768, [0.043038483333333336], [4.157417], [0.706357], [0.0013358521000969132]]
[900.0, 500.0, 0.01533, [0.04183423333333333], [4.157417], [0.706357], [0.0013170013287768542]]
[900.0, 1400.0, 0.015452, [0.04216843333333333], [4.157417], [0.706357], [0.0013216413406568867]]
[900.0, 1200.0, 0.016057, [0.043836549999999995], [4.157417], [0.706357], [0.0013496155831281078]]
[900.0, 1500.0, 0.016557, [0.04521288333333333], [4.157417], [0.706357], [0.0013644608214724721]]
[900.0, 800.0, 0.015451, [0.0421654], [4.157417], [0.706357], [0.0013208975273569777]]
[900.0, 400.0, 0.01009, [0.02744903333333333], [4.157417], [0.706357], [0.0010676439533435814]]
[900.0, 100.0, 0.002711, [0.007344708333333333], [4.157417], [0.706357], [0.0005520620436146648]]
[900.0, 600.0, 0.016121, [0.044010683333333335], [4.157417], [0.706357], [0.0013524156371306697]]
[900.0, 1800.0, 0.01535, [0.0418872], [4.157417], [0.706357], [0.0013160626251563158]]
[900.0, 2000.0, 0.0164, [0.04478045], [4.157417], [0.706357], [0.0013651561774716066]]
[900.0, 1700.0, 0.015265, [0.0416527], [4.157417], [0.706357], [0.0013165158141431074]]
[900.0, 1300.0, 0.015719, [0.042905233333333334], [4.157417], [0.706357], [0.001330434870425623]]
[1000.0, 1600.0, 0.011481, [0.0312577], [4.157417], [0.706357], [0.000908792238816625]]
[1000.0, 1400.0, 0.011904, [0.03241965], [4.157417], [0.706357], [0.0009247669376058428]]
[1000.0, 1500.0, 0.011334, [0.03085615], [4.157417], [0.706357], [0.0009001663426525369]]
[1000.0, 700.0, 0.011891, [0.0323824], [4.157417], [0.706357], [0.0009244571980957858]]
[1000.0, 1900.0, 0.011399, [0.031034799999999998], [4.157417], [0.706357], [0.000903458017225421]]
[1000.0, 1800.0, 0.011385, [0.030994633333333334], [4.157417], [0.706357], [0.0009034375708616752]]
[1000.0, 500.0, 0.010894, [0.0296499], [4.157417], [0.706357], [0.0008843822388788937]]
[1000.0, 1000.0, 0.011867, [0.032317700000000005], [4.157417], [0.706357], [0.0009218592324451953]]
[1000.0, 200.0, 0.002087, [0.005650378333333333], [4.157417], [0.706357], [0.0003844596135414544]]
[1000.0, 1100.0, 0.011023, [0.030004216666666667], [4.157417], [0.706357], [0.0008874809857118067]]
[1000.0, 2000.0, 0.011051, [0.030079216666666665], [4.157417], [0.706357], [0.0008873736216749089]]
[1000.0, 1700.0, 0.011471, [0.031231933333333333], [4.157417], [0.706357], [0.0009049884897978905]]
[1000.0, 800.0, 0.011034, [0.030033866666666666], [4.157417], [0.706357], [0.0008906991635788146]]
[1000.0, 1300.0, 0.011728, [0.03193731666666667], [4.157417], [0.706357], [0.0009200360802103845]]
[1000.0, 400.0, 0.005412, [0.014683509999999999], [4.157417], [0.706357], [0.0006210463840254696]]
[1000.0, 300.0, 0.00289, [0.007830281666666666], [4.157417], [0.706357], [0.0004535960023339418]]
[1000.0, 600.0, 0.011153, [0.030360099999999998], [4.157417], [0.706357], [0.000893330845767681]]
[1000.0, 1200.0, 0.01132, [0.030818916666666668], [4.157417], [0.706357], [0.0009002302174690896]]
[1000.0, 100.0, 0.001658, [0.0044878900000000005], [4.157417], [0.706357], [0.00034319754596377224]]
[1000.0, 900.0, 0.011547, [0.03144076666666667], [4.157417], [0.706357], [0.0009102755992921411]]
[1100.0, 1300.0, 0.007794, [0.021174333333333333], [4.157417], [0.706357], [0.000669926405576679]]
[1100.0, 1800.0, 0.007899, [0.021460216666666664], [4.157417], [0.706357], [0.0006029006275222033]]
[1100.0, 2000.0, 0.008094, [0.021992266666666666], [4.157417], [0.706357], [0.000608552928402014]]
[1100.0, 700.0, 0.008024, [0.02180191666666667], [4.157417], [0.706357], [0.0006072513208439046]]
[1100.0, 900.0, 0.008191, [0.02225795], [4.157417], [0.706357], [0.0006140272342856174]]
[1100.0, 200.0, 0.001505, [0.002451565476190476], [1.5741675], [0.33299695], [0.0001720661506632889]]
[1100.0, 1900.0, 0.007779, [0.02113253333333333], [4.157417], [0.706357], [0.0005981972918694969]]
[1100.0, 1500.0, 0.007983, [0.02169158333333333], [4.157417], [0.706357], [0.0006070097473132811]]
[1100.0, 800.0, 0.008138, [0.022115], [4.157417], [0.706357], [0.0006121834783062274]]
[1100.0, 500.0, 0.005872, [0.015934586666666667], [4.157417], [0.706357], [0.0005189014839061457]]
[1100.0, 1700.0, 0.007608, [0.020666516666666666], [4.157417], [0.706357], [0.0005911962918993619]]
[1100.0, 400.0, 0.003002, [0.008133014999999999], [4.157417], [0.706357], [0.00037160690849935026]]
[1100.0, 600.0, 0.007802, [0.021197650000000002], [4.157417], [0.706357], [0.0005988419379658264]]
[1100.0, 1400.0, 0.008121, [0.022068066666666667], [4.157417], [0.706357], [0.0006104167519908929]]
[1100.0, 100.0, 0.001483, [0.0024159952380952386], [1.5741675], [0.33299695], [0.00017126538198293208]]
[1100.0, 1100.0, 0.007869, [0.021379166666666664], [4.157417], [0.706357], [0.0006015740926011433]]
[1100.0, 1000.0, 0.0079, [0.02146506666666667], [4.157417], [0.706357], [0.0006037521566559135]]
[1100.0, 300.0, 0.00194, [0.00525313], [4.157417], [0.706357], [0.00029884016538016516]]
[1100.0, 1200.0, 0.007694, [0.020901433333333334], [4.157417], [0.706357], [0.0005945203482173208]]
[1100.0, 1600.0, 0.007731, [0.021002633333333333], [4.157417], [0.706357], [0.0005954748338744282]]
[1200.0, 100.0, 0.000997, [0.0016241571428571428], [1.5741675], [0.33299695], [0.00011343610286459322]]
[1200.0, 1400.0, 0.005669, [0.0092737], [1.5741675], [0.33299695], [0.0002703116639947488]]
[1200.0, 1700.0, 0.005735, [0.009383030952380952], [1.5741675], [0.33299695], [0.00027315060467527274]]
[1200.0, 1800.0, 0.005718, [0.009353702380952381], [1.5741675], [0.33299695], [0.00027218152143789056]]
[1200.0, 700.0, 0.005803, [0.009494695238095239], [1.5741675], [0.33299695], [0.0002739740965046797]]
[1200.0, 200.0, 0.001025, [0.0016685142857142858], [1.5741675], [0.33299695], [0.00011486528390559099]]
[1200.0, 1900.0, 0.005879, [0.00961992619047619], [1.5741675], [0.33299695], [0.0002756437270929891]]
[1200.0, 1200.0, 0.0055, [0.008996482142857143], [1.5741675], [0.33299695], [0.0002663360248218664]]
[1200.0, 1100.0, 0.005792, [0.009476539285714285], [1.5741675], [0.33299695], [0.00027356414988866573]]
[1200.0, 1300.0, 0.005356, [0.008759130952380952], [1.5741675], [0.33299695], [0.0002627870690326936]]
[1200.0, 2000.0, 0.005712, [0.00934434880952381], [1.5741675], [0.33299695], [0.0002714500043751767]]
[1200.0, 800.0, 0.005416, [0.008857390476190476], [1.5741675], [0.33299695], [0.0002649017915826042]]
[1200.0, 1600.0, 0.00576, [0.009422794047619048], [1.5741675], [0.33299695], [0.0002728094832888615]]
[1200.0, 1000.0, 0.005467, [0.008941119047619048], [1.5741675], [0.33299695], [0.0002655127563969833]]
[1200.0, 1500.0, 0.005732, [0.009376958333333334], [1.5741675], [0.33299695], [0.00027193874360250476]]
[1200.0, 300.0, 0.001295, [0.0021088464285714285], [1.5741675], [0.33299695], [0.0001293016630520552]]
[1200.0, 600.0, 0.00538, [0.00879770119047619], [1.5741675], [0.33299695], [0.00026299906667190815]]
[1200.0, 500.0, 0.002914, [0.004754428571428572], [1.5741675], [0.33299695], [0.00019442305923865824]]
[1200.0, 900.0, 0.005374, [0.008788242857142858], [1.5741675], [0.33299695], [0.0002630691378995125]]
[1200.0, 400.0, 0.001683, [0.002743365476190476], [1.5741675], [0.33299695], [0.00014727162457817762]]
[1300.0, 1600.0, 0.004152, [0.0067814988095238095], [1.5741675], [0.33299695], [0.00018765235684498733]]
[1300.0, 1700.0, 0.003982, [0.006504186904761905], [1.5741675], [0.33299695], [0.00018359937406954894]]
[1300.0, 900.0, 0.00411, [0.006713015476190476], [1.5741675], [0.33299695], [0.0001866888349324495]]
[1300.0, 200.0, 0.000842, [0.0013707309523809524], [1.5741675], [0.33299695], [8.452289570263896e-05]]
[1300.0, 1800.0, 0.003871, [0.00632187261904762], [1.5741675], [0.33299695], [0.00018092057991236834]]
[1300.0, 1000.0, 0.00397, [0.006483139285714285], [1.5741675], [0.33299695], [0.0001835913073666332]]
[1300.0, 1400.0, 0.003974, [0.006489939285714286], [1.5741675], [0.33299695], [0.00018393142238505515]]
[1300.0, 1200.0, 0.004089, [0.006679442857142857], [1.5741675], [0.33299695], [0.00018597105265686875]]
[1300.0, 500.0, 0.001655, [0.0026970595238095234], [1.5741675], [0.33299695], [0.00011827386644137917]]
[1300.0, 100.0, 0.000754, [0.0012269130952380952], [1.5741675], [0.33299695], [7.98652138352636e-05]]
[1300.0, 1100.0, 0.004037, [0.00659332261904762], [1.5741675], [0.33299695], [0.00018472239697875899]]
[1300.0, 2000.0, 0.004227, [0.00690510119047619], [1.5741675], [0.33299695], [0.0001887739037438541]]
[1300.0, 1300.0, 0.003862, [0.006306008333333333], [1.5741675], [0.33299695], [0.00018113536330951457]]
[1300.0, 1500.0, 0.003978, [0.006496728571428572], [1.5741675], [0.33299695], [0.00018412383686418037]]
[1300.0, 600.0, 0.003101, [0.005060344047619047], [1.5741675], [0.33299695], [0.00016214386231420478]]
[1300.0, 300.0, 0.00092, [0.001498184523809524], [1.5741675], [0.33299695], [8.858953987894801e-05]]
[1300.0, 1900.0, 0.003876, [0.006330146428571429], [1.5741675], [0.33299695], [0.00018123153592714615]]
[1300.0, 400.0, 0.001126, [0.0018337666666666667], [1.5741675], [0.33299695], [9.746356665645285e-05]]
[1300.0, 700.0, 0.004058, [0.006628555952380952], [1.5741675], [0.33299695], [0.0001854912427415021]]
[1300.0, 800.0, 0.004028, [0.006579182142857144], [1.5741675], [0.33299695], [0.00018490774190355852]]
[1400.0, 1100.0, 0.002749, [0.004484695238095238], [1.5741675], [0.33299695], [0.0001309435061927813]]
[1400.0, 400.0, 0.000719, [0.0011698433333333334], [1.5741675], [0.33299695], [6.335056156652166e-05]]
[1400.0, 1500.0, 0.002736, [0.004462270238095238], [1.5741675], [0.33299695], [0.000124047733296721]]
[1400.0, 1800.0, 0.002676, [0.004365579761904762], [1.5741675], [0.33299695], [0.00012216490100904086]]
[1400.0, 1600.0, 0.002902, [0.004734482142857143], [1.5741675], [0.33299695], [0.000127586727428338]]
[1400.0, 1400.0, 0.00278, [0.0045342095238095235], [1.5741675], [0.33299695], [0.00012494205005928098]]
[1400.0, 600.0, 0.001651, [0.0026896273809523807], [1.5741675], [0.33299695], [9.60580993290624e-05]]
[1400.0, 1700.0, 0.002648, [0.004318403571428571], [1.5741675], [0.33299695], [0.00012185080651197615]]
[1400.0, 900.0, 0.002725, [0.0044455357142857135], [1.5741675], [0.33299695], [0.00012353477986678366]]
[1400.0, 100.0, 0.000488, [0.0007944279761904761], [1.5741675], [0.33299695], [5.215675776879139e-05]]
[1400.0, 700.0, 0.00268, [0.0043714226190476185], [1.5741675], [0.33299695], [0.0001226650399182285]]
[1400.0, 2000.0, 0.002757, [0.004496777380952381], [1.5741675], [0.33299695], [0.00012400476821349468]]
[1400.0, 800.0, 0.002819, [0.004598572619047619], [1.5741675], [0.33299695], [0.00012576427352126306]]
[1400.0, 1300.0, 0.002859, [0.0046642], [1.5741675], [0.33299695], [0.00012694345206695673]]
[1400.0, 300.0, 0.000663, [0.0010786847619047618], [1.5741675], [0.33299695], [6.097085146109702e-05]]
[1400.0, 1200.0, 0.002825, [0.004608461904761905], [1.5741675], [0.33299695], [0.00012603471968824077]]
[1400.0, 500.0, 0.001017, [0.0016554988095238096], [1.5741675], [0.33299695], [7.548424547674001e-05]]
[1400.0, 1000.0, 0.00285, [0.004648853571428572], [1.5741675], [0.33299695], [0.0001262921311125613]]
[1400.0, 200.0, 0.000477, [0.0007761680952380952], [1.5741675], [0.33299695], [5.162992439439091e-05]]
[1400.0, 1900.0, 0.002871, [0.0046840357142857135], [1.5741675], [0.33299695], [0.00012710723818886162]]
[1500.0, 1500.0, 0.00174, [0.0028349726190476186], [1.5741675], [0.33299695], [0.00024864359926566037]]
[1500.0, 1100.0, 0.001982, [0.0032307952380952383], [1.5741675], [0.33299695], [0.0002664714953294803]]
[1500.0, 1800.0, 0.001799, [0.0029313892857142855], [1.5741675], [0.33299695], [0.0002532334546217828]]
[1500.0, 400.0, 0.000588, [0.0009576620238095239], [1.5741675], [0.33299695], [0.00014604212458806196]]
[1500.0, 200.0, 0.00039, [0.0006349508333333333], [1.5741675], [0.33299695], [0.00011790739669338534]]
[1500.0, 500.0, 0.000682, [0.0011096470238095236], [1.5741675], [0.33299695], [0.0001569277929480514]]
[1500.0, 1300.0, 0.001764, [0.0028752511904761905], [1.5741675], [0.33299695], [0.000252176298425384]]
[1500.0, 600.0, 0.000852, [0.0013878238095238096], [1.5741675], [0.33299695], [0.00017484942501641644]]
[1500.0, 1000.0, 0.001924, [0.003135707142857143], [1.5741675], [0.33299695], [0.0002622210211740818]]
[1500.0, 2000.0, 0.001901, [0.0030976500000000004], [1.5741675], [0.33299695], [0.00026086916469455595]]
[1500.0, 800.0, 0.001861, [0.003033942857142857], [1.5741675], [0.33299695], [0.0002582663397881607]]
[1500.0, 1700.0, 0.001516, [0.002470208333333333], [1.5741675], [0.33299695], [0.00023034812951481734]]
[1500.0, 1200.0, 0.001898, [0.0030938809523809526], [1.5741675], [0.33299695], [0.00026148060892451934]]
[1500.0, 300.0, 0.000389, [0.00063291], [1.5741675], [0.33299695], [0.00011752843169308364]]
[1500.0, 1400.0, 0.001858, [0.00302755], [1.5741675], [0.33299695], [0.00025679341335567223]]
[1500.0, 100.0, 0.000365, [0.0005945930952380952], [1.5741675], [0.33299695], [0.00011442950403876538]]
[1500.0, 900.0, 0.001901, [0.003098203571428571], [1.5741675], [0.33299695], [0.0002590848461083612]]
[1500.0, 700.0, 0.001405, [0.002289209523809524], [1.5741675], [0.33299695], [0.00022340398288562584]]
[1500.0, 1900.0, 0.001859, [0.0030293857142857147], [1.5741675], [0.33299695], [0.0002569491388919688]]
[1500.0, 1600.0, 0.001714, [0.0027930714285714286], [1.5741675], [0.33299695], [0.00024687496950256705]]
[1600.0, 1500.0, 0.001401, [0.002281754761904762], [1.5741675], [0.33299695], [0.0001838690379842449]]
[1600.0, 100.0, 0.000181, [0.00029490166666666667], [1.5741675], [0.33299695], [6.594201182025381e-05]]
[1600.0, 1300.0, 0.000994, [0.0016194595238095237], [1.5741675], [0.33299695], [0.00015302454303468794]]
[1600.0, 900.0, 0.001133, [0.0018446202380952381], [1.5741675], [0.33299695], [0.00016433186032373734]]
[1600.0, 300.0, 0.000228, [0.0003714769047619048], [1.5741675], [0.33299695], [7.429537673728527e-05]]
[1600.0, 500.0, 0.000379, [0.0006165103571428572], [1.5741675], [0.33299695], [9.512961083249976e-05]]
[1600.0, 1000.0, 0.001162, [0.001893217857142857], [1.5741675], [0.33299695], [0.00016733844207178258]]
[1600.0, 1200.0, 0.001319, [0.0021484440476190474], [1.5741675], [0.33299695], [0.00017660099376201827]]
[1600.0, 1800.0, 0.001304, [0.002124582142857143], [1.5741675], [0.33299695], [0.0001752325147920979]]
[1600.0, 1100.0, 0.001213, [0.0019753214285714287], [1.5741675], [0.33299695], [0.00017000854486995116]]
[1600.0, 1900.0, 0.001209, [0.0019692619047619046], [1.5741675], [0.33299695], [0.00016948706296491086]]
[1600.0, 1700.0, 0.001314, [0.002140984523809524], [1.5741675], [0.33299695], [0.00017841540803173152]]
[1600.0, 800.0, 0.00126, [0.0020522904761904764], [1.5741675], [0.33299695], [0.00017283402049207727]]
[1600.0, 200.0, 0.000246, [0.0004004415476190477], [1.5741675], [0.33299695], [7.70650051753436e-05]]
[1600.0, 1600.0, 0.00114, [0.0018565380952380952], [1.5741675], [0.33299695], [0.00016409637985673593]]
[1600.0, 2000.0, 0.001295, [0.0021095702380952383], [1.5741675], [0.33299695], [0.00017579750255553096]]
[1600.0, 1400.0, 0.001068, [0.0017397428571428572], [1.5741675], [0.33299695], [0.00016015635076181776]]
[1600.0, 700.0, 0.000717, [0.0011666905952380953], [1.5741675], [0.33299695], [0.00013043996064601268]]
[1600.0, 400.0, 0.000286, [0.00046587119047619046], [1.5741675], [0.33299695], [8.235516903153773e-05]]
[1600.0, 600.0, 0.000621, [0.001011447261904762], [1.5741675], [0.33299695], [0.0001217639509484104]]
[1700.0, 900.0, 0.000829, [0.001349845238095238], [1.5741675], [0.33299695], [0.00011449238505607114]]
[1700.0, 1500.0, 0.000724, [0.0011781659523809524], [1.5741675], [0.33299695], [0.00010755134432756601]]
[1700.0, 1800.0, 0.000749, [0.0012194749999999998], [1.5741675], [0.33299695], [0.00010951202058706262]]
[1700.0, 700.0, 0.000446, [0.000725815119047619], [1.5741675], [0.33299695], [8.380991274260404e-05]]
[1700.0, 500.0, 0.000245, [0.0003980086904761904], [1.5741675], [0.33299695], [6.215851152944024e-05]]
[1700.0, 300.0, 0.000176, [0.00028676321428571433], [1.5741675], [0.33299695], [5.3250613465641127e-05]]
[1700.0, 800.0, 0.000616, [0.0010030908333333332], [1.5741675], [0.33299695], [9.932080857440205e-05]]
[1700.0, 1300.0, 0.000802, [0.0013060035714285716], [1.5741675], [0.33299695], [0.00011367301037617443]]
[1700.0, 400.0, 0.000131, [0.00021346642857142858], [1.5741675], [0.33299695], [4.5511190096901245e-05]]
[1700.0, 1000.0, 0.000808, [0.0013159785714285713], [1.5741675], [0.33299695], [0.00011284422645596205]]
[1700.0, 2000.0, 0.000687, [0.001117814761904762], [1.5741675], [0.33299695], [0.00010609828771157807]]
[1700.0, 1600.0, 0.000617, [0.0010051507142857141], [1.5741675], [0.33299695], [9.952474936899592e-05]]
[1700.0, 1400.0, 0.000753, [0.0012266190476190474], [1.5741675], [0.33299695], [0.00011015365608024913]]
[1700.0, 1200.0, 0.000827, [0.0013459214285714285], [1.5741675], [0.33299695], [0.00011541183159891309]]
[1700.0, 100.0, 0.000143, [0.00023193369047619047], [1.5741675], [0.33299695], [4.7343263905102785e-05]]
[1700.0, 1700.0, 0.00097, [0.0015801309523809524], [1.5741675], [0.33299695], [0.0001245317761268429]]
[1700.0, 1900.0, 0.000698, [0.0011355938095238096], [1.5741675], [0.33299695], [0.00010635808494684402]]
[1700.0, 1100.0, 0.000892, [0.0014520904761904762], [1.5741675], [0.33299695], [0.00011856273873301432]]
[1700.0, 600.0, 0.000264, [0.00042938595238095243], [1.5741675], [0.33299695], [6.473236589999887e-05]]
[1700.0, 200.0, 0.000177, [0.00028721547619047616], [1.5741675], [0.33299695], [5.333458225578497e-05]]
[1800.0, 600.0, 0.000138, [0.00022505571428571428], [1.5741675], [0.33299695], [3.85967362595158e-05]]
[1800.0, 1800.0, 0.000449, [0.0007309025000000001], [1.5741675], [0.33299695], [6.906380146986834e-05]]
[1800.0, 400.0, 0.00011, [0.00017836369047619048], [1.5741675], [0.33299695], [3.4326096423735834e-05]]
[1800.0, 1300.0, 0.000422, [0.0006864335714285715], [1.5741675], [0.33299695], [6.698905890968646e-05]]
[1800.0, 1200.0, 0.00048, [0.0007810960714285714], [1.5741675], [0.33299695], [7.16029716158323e-05]]
[1800.0, 1700.0, 0.000444, [0.0007224757142857142], [1.5741675], [0.33299695], [6.984435644333854e-05]]
[1800.0, 500.0, 0.000168, [0.0002738208333333333], [1.5741675], [0.33299695], [4.225145746120922e-05]]
[1800.0, 1600.0, 0.000461, [0.0007497896428571429], [1.5741675], [0.33299695], [6.991823861270353e-05]]
[1800.0, 1000.0, 0.000374, [0.0006087590476190477], [1.5741675], [0.33299695], [6.312536342815388e-05]]
[1800.0, 700.0, 0.000168, [0.0002737663095238095], [1.5741675], [0.33299695], [4.22430541460104e-05]]
[1800.0, 200.0, 7.3e-05, [0.00011827790476190475], [1.5741675], [0.33299695], [2.787837255764018e-05]]
[1800.0, 800.0, 0.000212, [0.00019139744047619046], [0.504541], [0.110999], [2.513171791710333e-05]]
[1800.0, 2000.0, 0.000467, [0.0007595669047619048], [1.5741675], [0.33299695], [7.082997190903666e-05]]
[1800.0, 1100.0, 0.000482, [0.0007838275], [1.5741675], [0.33299695], [7.096440454212339e-05]]
[1800.0, 900.0, 0.000488, [0.0007949653571428571], [1.5741675], [0.33299695], [7.287435604317531e-05]]
[1800.0, 1500.0, 0.000397, [0.000646229761904762], [1.5741675], [0.33299695], [6.527906473377975e-05]]
[1800.0, 1400.0, 0.000422, [0.0006866594047619048], [1.5741675], [0.33299695], [6.733249561680001e-05]]
[1800.0, 1900.0, 0.000431, [0.0007015375], [1.5741675], [0.33299695], [6.846304264796285e-05]]
[1800.0, 100.0, 7.6e-05, [5.7140562499999994e-05], [0.31281535], [0.21190715000000002], [2.55540345259913e-05]]
[1800.0, 300.0, 0.000106, [0.0001727822619047619], [1.5741675], [0.33299695], [3.388539441482902e-05]]
[1900.0, 300.0, 7.1e-05, [0.00011498790476190476], [1.5741675], [0.33299695], [2.2550984688719004e-05]]
[1900.0, 1600.0, 0.000271, [0.0004404179761904762], [1.5741675], [0.33299695], [4.4041794981760435e-05]]
[1900.0, 600.0, 8.3e-05, [7.475327380952381e-05], [0.504541], [0.110999], [1.282008410291819e-05]]
[1900.0, 1500.0, 0.000224, [0.0003651828571428571], [1.5741675], [0.33299695], [3.984472412774778e-05]]
[1900.0, 500.0, 7.1e-05, [5.321285416666666e-05], [0.31281535], [0.21190715000000002], [2.0112568408488043e-05]]
[1900.0, 1700.0, 0.000315, [0.00023592604166666666], [0.31281535], [0.21190715000000002], [4.237358650543206e-05]]
[1900.0, 1800.0, 0.00024, [0.0003908153571428571], [1.5741675], [0.33299695], [4.1661054043750276e-05]]
[1900.0, 800.0, 0.000149, [0.0002426557142857143], [1.5741675], [0.33299695], [3.302126239018233e-05]]
[1900.0, 1300.0, 0.000222, [0.0003607420238095238], [1.5741675], [0.33299695], [4.0082451162029285e-05]]
[1900.0, 1000.0, 0.000262, [0.0004271216666666666], [1.5741675], [0.33299695], [4.336762771684483e-05]]
[1900.0, 1900.0, 0.000275, [0.00044680785714285715], [1.5741675], [0.33299695], [4.445903424078826e-05]]
[1900.0, 1200.0, 0.000315, [0.0005118848809523809], [1.5741675], [0.33299695], [4.7942413963935345e-05]]
[1900.0, 100.0, 4.9e-05, [0.0001544525], [5.176589999999999], [1.0898085], [6.907326524945973e-05]]
[1900.0, 2000.0, 0.000262, [0.00042592285714285714], [1.5741675], [0.33299695], [4.324592177959551e-05]]
[1900.0, 1100.0, 0.000256, [0.00019211964583333333], [0.31281535], [0.21190715000000002], [3.842393053163614e-05]]
[1900.0, 900.0, 0.000297, [0.0002227485416666667], [0.31281535], [0.21190715000000002], [4.1363354353018e-05]]
[1900.0, 200.0, 3.9e-05, [0.00012221891666666667], [5.176589999999999], [1.0898085], [6.110945894231286e-05]]
[1900.0, 400.0, 5.1e-05, [0.007356045], [336.96265000000005], [114.66195], [0.0036780225665430603]]
[1900.0, 700.0, 0.000152, [0.00011401858333333333], [0.31281535], [0.21190715000000002], [2.943947563552117e-05]]
[1900.0, 1400.0, 0.000276, [0.00020711029166666664], [0.31281535], [0.21190715000000002], [3.985838102826612e-05]]
[2000.0, 1500.0, 0.000193, [0.00014438291666666667], [0.31281535], [0.21190715000000002], [2.7285805668373108e-05]]
[2000.0, 1200.0, 0.000174, [0.00013078116666666667], [0.31281535], [0.21190715000000002], [2.615623133213193e-05]]
[2000.0, 1300.0, 0.000153, [0.0002489759523809524], [1.5741675], [0.33299695], [2.7165503292981667e-05]]
[2000.0, 300.0, 2.2e-05, [3.593308333333333e-05], [1.5741675], [0.33299695], [1.0372988016260672e-05]]
[2000.0, 900.0, 9.8e-05, [7.344039583333333e-05], [0.31281535], [0.21190715000000002], [1.96277687360422e-05]]
[2000.0, 1900.0, 0.000166, [0.0002700279761904762], [1.5741675], [0.33299695], [2.8463446742331027e-05]]
[2000.0, 1600.0, 0.000172, [0.0002790713095238095], [1.5741675], [0.33299695], [2.8632113133583606e-05]]
[2000.0, 500.0, 2.8e-05, [2.0641729166666667e-05], [0.31281535], [0.21190715000000002], [1.0320863611851695e-05]]
[2000.0, 600.0, 5.5e-05, [4.137772916666667e-05], [0.31281535], [0.21190715000000002], [1.4629234311055987e-05]]
[2000.0, 200.0, 4.2e-05, [3.125725e-05], [0.31281535], [0.21190715000000002], [1.2760715132563866e-05]]
[2000.0, 1800.0, 0.000148, [0.021602495], [336.96265000000005], [114.66195], [0.005239374962722176]]
[2000.0, 2000.0, 0.000151, [0.00011331256249999999], [0.31281535], [0.21190715000000002], [2.4158322913071226e-05]]
[2000.0, 400.0, 2.8e-05, [2.5034089285714287e-05], [0.504541], [0.110999], [6.0716590759231835e-06]]
[2000.0, 1100.0, 0.000151, [0.00047859675000000006], [5.176589999999999], [1.0898085], [9.979433712502038e-05]]
[2000.0, 100.0, 2.8e-05, [4.492011904761904e-05], [1.5741675], [0.33299695], [1.159832326708088e-05]]
[2000.0, 1400.0, 0.000167, [0.00012534514583333332], [0.31281535], [0.21190715000000002], [2.558597129450694e-05]]
[2000.0, 1700.0, 0.000139, [0.00012494738095238095], [0.504541], [0.110999], [1.347341907393777e-05]]
[2000.0, 700.0, 8e-05, [0.00013020107142857143], [1.5741675], [0.33299695], [1.9409234804381396e-05]]
[2000.0, 1000.0, 0.000126, [0.00020567416666666667], [1.5741675], [0.33299695], [2.4760264941123883e-05]]
[2000.0, 800.0, 9.5e-05, [0.01379106], [336.96265000000005], [114.66195], [0.0041581603504434505]]
[2100.0, 200.0, 1.7e-05, [0.0025234654999999996], [336.96265000000005], [114.66195], [0.001456923385082414]]
[2100.0, 100.0, 2.3e-05, [0.0033318055], [336.96265000000005], [114.66195], [0.0016659029083352967]]
[2100.0, 400.0, 2.2e-05, [6.844799166666667e-05], [5.176589999999999], [1.0898085], [3.0610864084504374e-05]]
[2100.0, 1400.0, 9.7e-05, [7.270795833333334e-05], [0.31281535], [0.21190715000000002], [1.586617892501391e-05]]
[2100.0, 500.0, 2.8e-05, [4.5468440476190474e-05], [1.5741675], [0.33299695], [9.480827114046533e-06]]
[2100.0, 800.0, 5.1e-05, [3.8207416666666666e-05], [0.31281535], [0.21190715000000002], [1.1519968698718085e-05]]
[2100.0, 300.0, 2.6e-05, [8.3518e-05], [5.176589999999999], [1.0898085], [3.409608563391926e-05]]
[2100.0, 600.0, 5.1e-05, [3.7992895833333334e-05], [0.31281535], [0.21190715000000002], [1.1455289368404838e-05]]
[2100.0, 700.0, 2.8e-05, [2.0634614583333334e-05], [0.31281535], [0.21190715000000002], [8.42404534238483e-06]]
[2100.0, 1000.0, 8.8e-05, [6.616547916666666e-05], [0.31281535], [0.21190715000000002], [1.5179400274988908e-05]]
[2100.0, 1700.0, 0.00011, [0.016075625], [336.96265000000005], [114.66195], [0.0036880011523859374]]
[2100.0, 1800.0, 9.4e-05, [0.00015334071428571428], [1.5741675], [0.33299695], [1.747479963973778e-05]]
[2100.0, 1900.0, 0.000122, [9.139952083333333e-05], [0.31281535], [0.21190715000000002], [1.7924919368716837e-05]]
[2100.0, 900.0, 8e-05, [5.9712187499999996e-05], [0.31281535], [0.21190715000000002], [1.4482333286820723e-05]]
[2100.0, 2000.0, 0.000119, [8.932702083333332e-05], [0.31281535], [0.21190715000000002], [1.7518469915904312e-05]]
[2100.0, 1200.0, 0.000107, [7.992658333333333e-05], [0.31281535], [0.21190715000000002], [1.6665846333978296e-05]]
[2100.0, 1500.0, 0.000101, [7.565752083333333e-05], [0.31281535], [0.21190715000000002], [1.6130237090976412e-05]]
[2100.0, 1100.0, 8.1e-05, [0.00013259547619047618], [1.5741675], [0.33299695], [1.61991135923895e-05]]
[2100.0, 1300.0, 9.8e-05, [7.382829166666667e-05], [0.31281535], [0.21190715000000002], [1.6110655225829756e-05]]
[2100.0, 1600.0, 0.0001, [0.00016327285714285716], [1.5741675], [0.33299695], [1.8030464425307804e-05]]
[2200.0, 1700.0, 7.1e-05, [5.3565458333333336e-05], [0.31281535], [0.21190715000000002], [1.116917143860725e-05]]
[2200.0, 1100.0, 6.8e-05, [5.10260625e-05], [0.31281535], [0.21190715000000002], [1.0878796830813192e-05]]
[2200.0, 200.0, 1.4e-05, [0.01411340379451411], [4831.8465], [783.5015], [0.004989840619319626]]
[2200.0, 1800.0, 7.2e-05, [5.4039291666666664e-05], [0.31281535], [0.21190715000000002], [1.1267973682201151e-05]]
[2200.0, 900.0, 3.2e-05, [0.00010211558333333333], [5.176589999999999], [1.0898085], [3.078901093644361e-05]]
[2200.0, 1000.0, 4.7e-05, [3.5076562499999996e-05], [0.31281535], [0.21190715000000002], [9.056731880822746e-06]]
[2200.0, 1300.0, 0.000102, [7.678760416666667e-05], [0.31281535], [0.21190715000000002], [1.3367003385721456e-05]]
[2200.0, 1900.0, 5.2e-05, [3.9031e-05], [0.31281535], [0.21190715000000002], [9.466408538881046e-06]]
[2200.0, 1400.0, 6.6e-05, [4.9187499999999996e-05], [0.31281535], [0.21190715000000002], [1.0733595364296365e-05]]
[2200.0, 1600.0, 6.2e-05, [4.611866666666667e-05], [0.31281535], [0.21190715000000002], [1.0312447390438195e-05]]
[2200.0, 800.0, 2.8e-05, [2.1148208333333334e-05], [0.31281535], [0.21190715000000002], [7.0494040331238095e-06]]
[2200.0, 400.0, 1.2e-05, [1.9704035714285716e-05], [1.5741675], [0.33299695], [5.087559579175002e-06]]
[2200.0, 600.0, 1.3e-05, [2.115085714285714e-05], [1.5741675], [0.33299695], [5.287715462017244e-06]]
[2200.0, 2000.0, 6.7e-05, [5.05371875e-05], [0.31281535], [0.21190715000000002], [1.0774564150762149e-05]]
[2200.0, 500.0, 1.5e-05, [4.659350000000001e-05], [5.176589999999999], [1.0898085], [2.083724296648778e-05]]
[2200.0, 700.0, 2.2e-05, [1.6348054166666666e-05], [0.31281535], [0.21190715000000002], [6.178983336232948e-06]]
[2200.0, 300.0, 9e-06, [0.001118032], [279.73765000000003], [102.25025000000001], [0.0007905681501300188]]
[2200.0, 1200.0, 8.9e-05, [6.650291666666667e-05], [0.31281535], [0.21190715000000002], [1.2349282339697135e-05]]
[2200.0, 1500.0, 0.000101, [7.538462499999999e-05], [0.31281535], [0.21190715000000002], [1.3326244860549926e-05]]
[2200.0, 100.0, 2.1e-05, [0.002770062], [279.73765000000003], [102.25025000000001], [0.0012388093073592886]]
[2300.0, 700.0, 1.6e-05, [1.2340927083333334e-05], [0.31281535], [0.21190715000000002], [4.3631754889325985e-06]]
[2300.0, 100.0, 8e-06, [2.4646891666666668e-05], [5.176589999999999], [1.0898085], [1.2323444797079535e-05]]
[2300.0, 1800.0, 3.7e-05, [2.801622916666667e-05], [0.31281535], [0.21190715000000002], [6.6034897129388246e-06]]
[2300.0, 1000.0, 4.1e-05, [3.073872916666667e-05], [0.31281535], [0.21190715000000002], [6.873386805684339e-06]]
[2300.0, 1500.0, 4.8e-05, [3.56690625e-05], [0.31281535], [0.21190715000000002], [7.437511671326043e-06]]
[2300.0, 1200.0, 4.8e-05, [3.584529166666666e-05], [0.31281535], [0.21190715000000002], [7.474261390487581e-06]]
[2300.0, 500.0, 5e-06, [8.822045238095238e-06], [1.5741675], [0.33299695], [2.7897754788194376e-06]]
[2300.0, 1900.0, 4.6e-05, [3.452814583333333e-05], [0.31281535], [0.21190715000000002], [7.3614252422491e-06]]
[2300.0, 1300.0, 4.4e-05, [3.29291875e-05], [0.31281535], [0.21190715000000002], [7.185736498632397e-06]]
[2300.0, 1600.0, 5.6e-05, [4.1975500000000005e-05], [0.31281535], [0.21190715000000002], [8.078190481681732e-06]]
[2300.0, 1700.0, 3.9e-05, [2.9309458333333336e-05], [0.31281535], [0.21190715000000002], [6.724053139662119e-06]]
[2300.0, 1400.0, 3.9e-05, [2.90714375e-05], [0.31281535], [0.21190715000000002], [6.669446035216618e-06]]
[2300.0, 1100.0, 4.3e-05, [3.258677083333334e-05], [0.31281535], [0.21190715000000002], [7.111015149634637e-06]]
[2300.0, 900.0, 1.7e-05, [5.5312633333333336e-05], [5.176589999999999], [1.0898085], [1.8437542843641372e-05]]
[2300.0, 2000.0, 4.4e-05, [3.291360416666667e-05], [0.31281535], [0.21190715000000002], [7.182338122281475e-06]]
[2300.0, 300.0, 1e-05, [0.0014621780000000002], [336.96265000000005], [114.66195], [0.0007310890848590205]]
[2300.0, 200.0, 8e-06, [6.130952083333333e-06], [0.31281535], [0.21190715000000002], [3.0654761615811374e-06]]
[2300.0, 400.0, 1e-05, [3.119285833333333e-05], [5.176589999999999], [1.0898085], [1.3949870568893782e-05]]
[2300.0, 800.0, 8e-06, [2.4654166666666665e-05], [5.176589999999999], [1.0898085], [1.2327084565658211e-05]]
[2300.0, 600.0, 8e-06, [1.8218345833333332e-05], [2.1897075], [0.9283549999999999], [7.4376085426253335e-06]]
[2400.0, 1200.0, 4e-05, [2.9947375e-05], [0.31281535], [0.21190715000000002], [5.5610875235375e-06]]
[2400.0, 1500.0, 2.8e-05, [2.1272499999999997e-05], [0.31281535], [0.21190715000000002], [4.6420406791266565e-06]]
[2400.0, 1100.0, 1.9e-05, [1.4398397916666665e-05], [0.31281535], [0.21190715000000002], [3.848133791925062e-06]]
[2400.0, 1600.0, 2.6e-05, [1.9642764583333335e-05], [0.31281535], [0.21190715000000002], [4.5063597998643354e-06]]
[2400.0, 400.0, 5e-06, [4.101585416666666e-06], [0.31281535], [0.21190715000000002], [2.0507923180918258e-06]]
[2400.0, 1300.0, 4.2e-05, [3.1845958333333335e-05], [0.31281535], [0.21190715000000002], [5.719703927725047e-06]]
[2400.0, 200.0, 7e-06, [2.0709591666666667e-05], [5.176589999999999], [1.0898085], [9.261610581079058e-06]]
[2400.0, 1700.0, 3.1e-05, [2.3542104166666665e-05], [0.31281535], [0.21190715000000002], [4.908869169959388e-06]]
[2400.0, 2000.0, 2.3e-05, [1.7508283333333333e-05], [0.31281535], [0.21190715000000002], [4.246382242895449e-06]]
[2400.0, 600.0, 1e-05, [0.0014858349999999998], [336.96265000000005], [114.66195], [0.0006065896471256331]]
[2400.0, 1900.0, 3.7e-05, [2.7677895833333332e-05], [0.31281535], [0.21190715000000002], [5.326613605284318e-06]]
[2400.0, 700.0, 1.6e-05, [1.232758125e-05], [0.31281535], [0.21190715000000002], [3.5586669193752253e-06]]
[2400.0, 100.0, 5e-06, [0.0007389765000000001], [336.96265000000005], [114.66195], [0.0004266483329394362]]
[2400.0, 1800.0, 3.1e-05, [2.3450125e-05], [0.31281535], [0.21190715000000002], [4.889688963494736e-06]]
[2400.0, 500.0, 7e-06, [1.5274366666666664e-05], [2.1897075], [0.9283549999999999], [6.235733717855502e-06]]
[2400.0, 900.0, 1.9e-05, [1.4364545833333332e-05], [0.31281535], [0.21190715000000002], [3.839086488924734e-06]]
[2400.0, 1400.0, 2.9e-05, [2.1466416666666665e-05], [0.31281535], [0.21190715000000002], [4.684358669640203e-06]]
[2400.0, 800.0, 1.1e-05, [8.288764583333333e-06], [0.31281535], [0.21190715000000002], [2.930520668565381e-06]]
[2400.0, 300.0, 5e-06, [4.10413125e-06], [0.31281535], [0.21190715000000002], [2.052065989774425e-06]]
[2400.0, 1000.0, 2.3e-05, [1.7489670833333332e-05], [0.31281535], [0.21190715000000002], [4.241868241772198e-06]]
[2500.0, 400.0, 6e-06, [4.736535416666667e-06], [0.31281535], [0.21190715000000002], [1.7902422874897875e-06]]
[2500.0, 1300.0, 2.5e-05, [1.9005995833333335e-05], [0.31281535], [0.21190715000000002], [3.591795362156802e-06]]
[2500.0, 500.0, 5e-06, [3.391570833333333e-06], [0.31281535], [0.21190715000000002], [1.5167566651411162e-06]]
[2500.0, 900.0, 7e-06, [5.432541666666667e-06], [0.31281535], [0.21190715000000002], [1.9206933472128697e-06]]
[2500.0, 1400.0, 2.2e-05, [1.612683125e-05], [0.31281535], [0.21190715000000002], [3.291875652648502e-06]]
[2500.0, 200.0, 3e-06, [0.00032656155], [279.73765000000003], [102.25025000000001], [0.00023091383674435795]]
[2500.0, 1900.0, 1.9e-05, [1.4219383333333333e-05], [0.31281535], [0.21190715000000002], [3.102924108133058e-06]]
[2500.0, 1000.0, 1.1e-05, [8.159097916666667e-06], [0.31281535], [0.21190715000000002], [2.3553288060740525e-06]]
[2500.0, 1800.0, 2.4e-05, [1.7726185416666666e-05], [0.31281535], [0.21190715000000002], [3.4763911084469325e-06]]
[2500.0, 1700.0, 1.4e-05, [1.0853727083333332e-05], [0.31281535], [0.21190715000000002], [2.713431899571299e-06]]
[2500.0, 800.0, 7e-06, [0.0009704109999999999], [336.96265000000005], [114.66195], [0.00039616858785118236]]
[2500.0, 700.0, 5e-06, [3.9858187500000005e-06], [0.31281535], [0.21190715000000002], [1.627203767416498e-06]]
[2500.0, 1600.0, 3e-05, [2.2332666666666667e-05], [0.31281535], [0.21190715000000002], [3.887616669381841e-06]]
[2500.0, 1100.0, 1.5e-05, [1.0911100000000001e-05], [0.31281535], [0.21190715000000002], [2.7277747722884553e-06]]
[2500.0, 600.0, 3e-06, [0.00032513365], [279.73765000000003], [102.25025000000001], [0.00022990416481656004]]
[2500.0, 300.0, 2e-06, [0.0015687703161585804], [5304.4400000000005], [737.245], [0.0007015753231252263]]
[2500.0, 2000.0, 2.6e-05, [1.9171041666666665e-05], [0.31281535], [0.21190715000000002], [3.62298615037835e-06]]
[2500.0, 1200.0, 1.6e-05, [1.1684195833333333e-05], [0.31281535], [0.21190715000000002], [2.8338334423827147e-06]]
[2500.0, 100.0, 5e-06, [4.117408333333333e-06], [0.31281535], [0.21190715000000002], [1.6809250770285193e-06]]
[2500.0, 1500.0, 2.4e-05, [1.8234054166666668e-05], [0.31281535], [0.21190715000000002], [3.5091447992669416e-06]]
[2600.0, 800.0, 4e-06, [3.2054541666666666e-06], [0.31281535], [0.21190715000000002], [1.2115479867943968e-06]]
[2600.0, 2000.0, 1.3e-05, [9.832966666666665e-06], [0.31281535], [0.21190715000000002], [2.0963955094267027e-06]]
[2600.0, 900.0, 6e-06, [0.000868654], [336.96265000000005], [114.66195], [0.0003071155727083861]]
[2600.0, 1000.0, 8e-06, [6.239041666666667e-06], [0.31281535], [0.21190715000000002], [1.6674541108544956e-06]]
[2600.0, 200.0, 3e-06, [2.2283916666666668e-06], [0.31281535], [0.21190715000000002], [9.965674595273965e-07]]
[2600.0, 1100.0, 7e-06, [4.99659375e-06], [0.31281535], [0.21190715000000002], [1.5065293367077562e-06]]
[2600.0, 1500.0, 1.4e-05, [1.0598614583333333e-05], [0.31281535], [0.21190715000000002], [2.1634330838584613e-06]]
[2600.0, 700.0, 2e-06, [0.00032151069999999997], [336.96265000000005], [114.66195], [0.0001856242845104056]]
[2600.0, 1800.0, 1.1e-05, [8.551697916666667e-06], [0.31281535], [0.21190715000000002], [1.961894036844385e-06]]
[2600.0, 1600.0, 1.7e-05, [1.2902241666666665e-05], [0.31281535], [0.21190715000000002], [2.3958858689892182e-06]]
[2600.0, 1400.0, 1.2e-05, [8.989102083333333e-06], [0.31281535], [0.21190715000000002], [2.0100240333347593e-06]]
[2600.0, 1300.0, 1.3e-05, [1.01163e-05], [0.31281535], [0.21190715000000002], [2.1093942900352543e-06]]
[2600.0, 600.0, 3e-06, [2.2323375e-06], [0.31281535], [0.21190715000000002], [9.983315073717304e-07]]
[2600.0, 1700.0, 1.7e-05, [1.2974856249999999e-05], [0.31281535], [0.21190715000000002], [2.4093702712880535e-06]]
[2600.0, 400.0, 2e-06, [0.00021473690000000002], [279.73765000000003], [102.25025000000001], [0.0001518419408463946]]
[2600.0, 300.0, 3e-06, [1.0655366666666668e-05], [5.176589999999999], [1.0898085], [4.3500351211864435e-06]]
[2600.0, 1900.0, 1e-05, [7.625075e-06], [0.31281535], [0.21190715000000002], [1.8493522467715253e-06]]
[2600.0, 1200.0, 1.4e-05, [1.0844066666666667e-05], [0.31281535], [0.21190715000000002], [2.2135355392072054e-06]]
[2600.0, 100.0, 2e-06, [3.3626283333333333e-06], [2.1897075], [0.9283549999999999], [1.941414504369888e-06]]
[2600.0, 500.0, 3e-06, [6.001358333333333e-06], [2.1897075], [0.9283549999999999], [3.00067961052159e-06]]
[2700.0, 1400.0, 9e-06, [6.783791666666667e-06], [0.31281535], [0.21190715000000002], [1.4145182852005367e-06]]
[2700.0, 1000.0, 3e-06, [0.0004896485499999999], [336.96265000000005], [114.66195], [0.00018506978413560654]]
[2700.0, 800.0, 2e-06, [0.00020630325000000002], [279.73765000000003], [102.25025000000001], [0.00011910922508353416]]
[2700.0, 900.0, 4e-06, [0.000561826], [336.96265000000005], [114.66195], [0.00019863547014569176]]
[2700.0, 600.0, 2e-06, [5.947439166666666e-06], [5.176589999999999], [1.0898085], [2.659776254165418e-06]]
[2700.0, 1100.0, 5e-06, [3.51933125e-06], [0.31281535], [0.21190715000000002], [1.015943432986196e-06]]
[2700.0, 1300.0, 7e-06, [4.920189583333334e-06], [0.31281535], [0.21190715000000002], [1.1933214399430598e-06]]
[2700.0, 400.0, 2e-06, [1.7368822916666667e-06], [0.31281535], [0.21190715000000002], [7.090795701510201e-07]]
[2700.0, 1700.0, 9e-06, [7.117447916666667e-06], [0.31281535], [0.21190715000000002], [1.4528430879466802e-06]]
[2700.0, 100.0, 2e-06, [5.935865e-06], [5.176589999999999], [1.0898085], [2.654598996709924e-06]]
[2700.0, 2000.0, 9e-06, [7.091629166666666e-06], [0.31281535], [0.21190715000000002], [1.4475726509785655e-06]]
[2700.0, 1200.0, 7e-06, [4.9659729166666674e-06], [0.31281535], [0.21190715000000002], [1.2044254335574285e-06]]
[2700.0, 700.0, 2e-06, [0.0002077653], [279.73765000000003], [102.25025000000001], [0.00011995335551788454]]
[2700.0, 300.0, 3e-06, [2.3668416666666667e-06], [0.31281535], [0.21190715000000002], [8.368050080680551e-07]]
[2700.0, 1800.0, 7e-06, [2.1074658333333335e-05], [5.176589999999999], [1.0898085], [4.967344053359345e-06]]
[2700.0, 200.0, 2e-06, [0.00021208975], [279.73765000000003], [102.25025000000001], [0.0001224501224989179]]
[2700.0, 1500.0, 1e-05, [7.147045833333333e-06], [0.31281535], [0.21190715000000002], [1.4588844196851235e-06]]
[2700.0, 500.0, 1e-06, [0.0003507694], [1907.8305], [483.6125], [0.0001568688624297378]]
[2700.0, 1900.0, 9e-06, [6.981627083333333e-06], [0.31281535], [0.21190715000000002], [1.4251187815991574e-06]]
[2700.0, 1600.0, 7e-06, [5.596710416666666e-06], [0.31281535], [0.21190715000000002], [1.283973392875067e-06]]
[2800.0, 1500.0, 7e-06, [5.437902083333333e-06], [0.31281535], [0.21190715000000002], [1.0276667545139978e-06]]
[2800.0, 200.0, 1e-06, [0.00013803505], [279.73765000000003], [102.25025000000001], [7.969457321549567e-05]]
[2800.0, 400.0, 2e-06, [0.00023399720000000002], [336.96265000000005], [114.66195], [0.00010464673907962923]]
[2800.0, 900.0, 2e-06, [1.1406370833333332e-06], [0.31281535], [0.21190715000000002], [4.6566316957646543e-07]]
[2800.0, 600.0, 1e-06, [9.127144999999999e-05], [279.73765000000003], [102.25025000000001], [6.453867057818902e-05]]
[2800.0, 1200.0, 3e-06, [9.233316666666667e-06], [5.176589999999999], [1.0898085], [2.665429400469817e-06]]
[2800.0, 1000.0, 2e-06, [5.4954424999999995e-06], [5.176589999999999], [1.0898085], [2.077081954195463e-06]]
[2800.0, 1400.0, 7e-06, [5.1602229166666665e-06], [0.31281535], [0.21190715000000002], [9.930854696349153e-07]]
[2800.0, 800.0, 1e-06, [0.0005263642145309954], [5304.4400000000005], [737.245], [0.00021488728874835038]]
[2800.0, 100.0, 1e-06, [1.1436079166666667e-06], [2.1897075], [0.9283549999999999], [6.602622059118299e-07]]
[2800.0, 1100.0, 2e-06, [1.533949375e-06], [0.31281535], [0.21190715000000002], [5.4233308364059e-07]]
[2800.0, 1300.0, 3e-06, [1.9290639583333335e-06], [0.31281535], [0.21190715000000002], [6.100235864633978e-07]]
[2800.0, 2000.0, 5e-06, [0.0007202994999999999], [336.96265000000005], [114.66195], [0.0001800749149659663]]
[2800.0, 500.0, 2e-06, [1.1375675e-06], [0.31281535], [0.21190715000000002], [4.6440990784004603e-07]]
[2800.0, 1900.0, 6e-06, [4.369708333333334e-06], [0.31281535], [0.21190715000000002], [9.11146970627315e-07]]
[2800.0, 1800.0, 7e-06, [5.335535416666667e-06], [0.31281535], [0.21190715000000002], [1.0083212809197055e-06]]
[2800.0, 300.0, 1e-06, [0.0001376826], [279.73765000000003], [102.25025000000001], [7.949106868070148e-05]]
[2800.0, 700.0, 1e-06, [0.00013653595], [279.73765000000003], [102.25025000000001], [7.882907141404116e-05]]
[2800.0, 1600.0, 6e-06, [4.410452083333333e-06], [0.31281535], [0.21190715000000002], [9.19642659693306e-07]]
[2800.0, 1700.0, 5e-06, [0.000791617], [336.96265000000005], [114.66195], [0.00019199537754852327]]
[2900.0, 1300.0, 3e-06, [2.2028333333333333e-06], [0.31281535], [0.21190715000000002], [5.192125615080762e-07]]
[2900.0, 900.0, 1e-06, [0.0004601980909017985], [5221.170000000001], [681.3824999999999], [0.00016270459076267853]]
[2900.0, 1600.0, 4e-06, [2.9634499999999996e-06], [0.31281535], [0.21190715000000002], [6.049115738294133e-07]]
[2900.0, 2000.0, 2e-06, [0.00026976975], [336.96265000000005], [114.66195], [8.992324504820764e-05]]
[2900.0, 1200.0, 2e-06, [0.00024053129999999999], [336.96265000000005], [114.66195], [8.504065204359619e-05]]
[2900.0, 1700.0, 3e-06, [1.8924604166666669e-06], [0.31281535], [0.21190715000000002], [4.886312551118913e-07]]
[2900.0, 1100.0, 2e-06, [1.2205868750000002e-06], [0.31281535], [0.21190715000000002], [3.8598353582835055e-07]]
[2900.0, 800.0, 1e-06, [0.00038575965], [2244.793], [588.426], [0.00010699046686504363]]
[2900.0, 600.0, 1e-06, [4.950076666666667e-06], [19.697274999999998], [4.69223], [2.213741177283379e-06]]
[2900.0, 100.0, 1e-06, [0.00011853605], [279.73765000000003], [102.25025000000001], [5.9268014139162784e-05]]
[2900.0, 400.0, 0, [0.0], [103752.20000000001], [7976.72], [0.0]]
[2900.0, 1000.0, 1e-06, [3.9593505952380947e-07], [0.3935419], [0.0504541], [1.1937891402328423e-07]]
[2900.0, 1400.0, 4e-06, [3.2477229166666666e-06], [0.31281535], [0.21190715000000002], [6.36930846150332e-07]]
[2900.0, 200.0, 1e-06, [3.7750833333333334e-07], [0.31281535], [0.21190715000000002], [2.1795450595632717e-07]]
[2900.0, 500.0, 1e-06, [7.463037500000001e-07], [0.31281535], [0.21190715000000002], [3.0467722561024403e-07]]
[2900.0, 1500.0, 4e-06, [3.10085625e-06], [0.31281535], [0.21190715000000002], [6.201712773052655e-07]]
[2900.0, 1800.0, 4e-06, [2.7482291666666665e-06], [0.31281535], [0.21190715000000002], [5.859242683691202e-07]]
[2900.0, 300.0, 1e-06, [8.89726e-05], [279.73765000000003], [102.25025000000001], [5.136837548531197e-05]]
[2900.0, 700.0, 1e-06, [1.48204375e-06], [2.1897075], [0.9283549999999999], [6.05041894784522e-07]]
[2900.0, 1900.0, 3e-06, [2.3917729166666663e-06], [0.31281535], [0.21190715000000002], [5.487104911745356e-07]]
[3000.0, 800.0, 0.0, [9.20925889850821e-05], [103752.20000000001], [7976.72], [9.209257920855515e-05]]
[3000.0, 900.0, 1e-06, [7.6342e-05], [279.73765000000003], [102.25025000000001], [3.817099356841527e-05]]
[3000.0, 1600.0, 2e-06, [0.0002705833], [336.96265000000005], [114.66195], [7.231644003959266e-05]]
[3000.0, 700.0, 0.0, [9.266019893086122e-05], [103752.20000000001], [7976.72], [9.266018821730627e-05]]
[3000.0, 600.0, 1e-06, [4.77006875e-07], [0.31281535], [0.21190715000000002], [1.9473722501246533e-07]]
[3000.0, 1300.0, 2e-06, [1.3654827083333334e-06], [0.31281535], [0.21190715000000002], [3.311781237533327e-07]]
[3000.0, 500.0, 1e-06, [4.844204166666666e-07], [0.31281535], [0.21190715000000002], [1.9776383353426042e-07]]
[3000.0, 1500.0, 2e-06, [4.769266666666668e-06], [5.176589999999999], [1.0898085], [1.2314194045896792e-06]]
[3000.0, 1800.0, 2e-06, [5.402733333333333e-06], [5.176589999999999], [1.0898085], [1.3103553907242112e-06]]
[3000.0, 2000.0, 2e-06, [1.2228885416666668e-06], [0.31281535], [0.21190715000000002], [3.157484632011514e-07]]
[3000.0, 100.0, 1e-06, [1.9019391666666665e-06], [5.176589999999999], [1.0898085], [7.764633585831479e-07]]
[3000.0, 1400.0, 2e-06, [0.00023316249999999998], [336.96265000000005], [114.66195], [6.730820900900573e-05]]
[3000.0, 1100.0, 1e-06, [9.483719999999999e-05], [279.73765000000003], [102.25025000000001], [4.241249226348294e-05]]
[3000.0, 1200.0, 1e-06, [1.1220712500000001e-06], [2.1897075], [0.9283549999999999], [4.241030158529358e-07]]
[3000.0, 1000.0, 1e-06, [7.66294e-05], [336.96265000000005], [114.66195], [3.8314703443978265e-05]]
[3000.0, 400.0, 0.0, [0.00018348745891416906], [103752.20000000001], [7976.72], [0.00012974522450124557]]
[3000.0, 300.0, 0.0, [0.0005561219081778231], [103752.20000000001], [7976.72], [0.00022703578459290572]]
[3000.0, 1700.0, 2e-06, [1.675061041666667e-06], [0.31281535], [0.21190715000000002], [3.655282991780527e-07]]
[3000.0, 200.0, 1e-06, [7.708455e-05], [336.96265000000005], [114.66195], [3.854227549068685e-05]]
