[100.0, 1800.0, 0.461487, [428.7957333333334], [6115.6802], [692.13725], [54.02317592169741]]
[100.0, 800.0, 0.459337, [31.9895422], [559.22573], [45.9422579], [1.1461442513052187]]
[100.0, 500.0, 0.44822, [31.1054744], [559.22573], [45.9422579], [1.1298014485740402]]
[100.0, 1100.0, 0.438014, [30.301982199999994], [559.22573], [45.9422579], [1.1139229393454466]]
[100.0, 600.0, 0.440439, [30.492219799999997], [559.22573], [45.9422579], [1.117148419861927]]
[100.0, 1400.0, 0.459008, [31.963278199999998], [559.22573], [45.9422579], [1.1452032775014225]]
[100.0, 1700.0, 0.446684, [30.984081800000002], [559.22573], [45.9422579], [1.1253925057507712]]
[100.0, 100.0, 0.45982, [438.35693999999995], [5983.4341], [710.82732], [54.79462108638036]]
[100.0, 1200.0, 0.47498, [33.2501162], [559.22573], [45.9422579], [1.1668504068645646]]
[100.0, 1000.0, 0.471869, [32.9978348], [559.22573], [45.9422579], [1.1659212019686407]]
[100.0, 2000.0, 0.444549, [30.8155904], [559.22573], [45.9422579], [1.1244768712605875]]
[100.0, 400.0, 0.459632, [32.013169999999995], [559.22573], [45.9422579], [1.1484659261815302]]
[100.0, 1600.0, 0.458812, [429.7326133333333], [6401.9333], [698.12554], [54.14121831942011]]
[100.0, 1300.0, 0.435711, [30.121769999999998], [559.22573], [45.9422579], [1.1125728123588137]]
[100.0, 1500.0, 0.440671, [30.510457599999995], [559.22573], [45.9422579], [1.1185677241901806]]
[100.0, 900.0, 0.46339, [430.80751], [6115.6802], [692.13725], [54.27662758703992]]
[100.0, 1900.0, 0.46549, [32.4830114], [559.22573], [45.9422579], [1.1535053771872934]]
[100.0, 200.0, 0.440586, [30.5037348], [559.22573], [45.9422579], [1.1190733241392183]]
[100.0, 700.0, 0.451509, [421.99355333333335], [6401.9333], [698.12554], [53.593248330985375]]
[100.0, 300.0, 0.477724, [450.02335000000005], [6401.9333], [698.12554], [55.39406114377245]]
[200.0, 1800.0, 0.518296, [20.69056115], [232.580215], [24.307993500000002], [0.7352071183176889]]
[200.0, 700.0, 0.515626, [20.561625000000003], [232.580215], [24.307993500000002], [0.7343438012436682]]
[200.0, 2000.0, 0.535757, [21.5444033], [232.580215], [24.307993500000002], [0.750534857051956]]
[200.0, 1300.0, 0.505402, [20.07180385], [232.580215], [24.307993500000002], [0.726172354042069]]
[200.0, 1400.0, 0.523115, [20.92433525], [232.580215], [24.307993500000002], [0.7411779667023298]]
[200.0, 400.0, 0.525224, [21.0270858], [232.580215], [24.307993500000002], [0.7434197902262221]]
[200.0, 1900.0, 0.500464, [19.837395200000003], [232.580215], [24.307993500000002], [0.7214791182355869]]
[200.0, 1700.0, 0.510064, [20.294420650000003], [232.580215], [24.307993500000002], [0.7280582600486035]]
[200.0, 500.0, 0.521998, [20.86997955], [232.580215], [24.307993500000002], [0.7387892432385572]]
[200.0, 1500.0, 0.5219, [20.865214299999998], [232.580215], [24.307993500000002], [0.7400129185358861]]
[200.0, 100.0, 0.504856, [20.04582405], [232.580215], [24.307993500000002], [0.7252324452201516]]
[200.0, 600.0, 0.489622, [19.3273836], [232.580215], [24.307993500000002], [0.7138731617731543]]
[200.0, 1000.0, 0.507423, [20.168155000000002], [232.580215], [24.307993500000002], [0.7272823246167888]]
[200.0, 1200.0, 0.528746, [21.199301199999997], [232.580215], [24.307993500000002], [0.7448675331225009]]
[200.0, 300.0, 0.520063, [20.776093099999997], [232.580215], [24.307993500000002], [0.737780675861736]]
[200.0, 1600.0, 0.507384, [20.166305249999997], [232.580215], [24.307993500000002], [0.727688852498099]]
[200.0, 900.0, 0.514157, [20.490881249999997], [232.580215], [24.307993500000002], [0.7327523633534047]]
[200.0, 800.0, 0.499249, [19.779927999999998], [232.580215], [24.307993500000002], [0.7203424987462562]]
[200.0, 1100.0, 0.49389, [19.527352599999997], [232.580215], [24.307993500000002], [0.7159074398970862]]
[200.0, 200.0, 0.517974, [20.6749865], [232.580215], [24.307993500000002], [0.7374524011588814]]
[300.0, 2000.0, 0.465478, [6.35452825], [58.226357], [5.8080827], [0.2543846927883044]]
[300.0, 400.0, 0.490448, [6.7745979], [58.226357], [5.8080827], [0.26251026879914624]]
[300.0, 1000.0, 0.474566, [6.5058525000000005], [58.226357], [5.8080827], [0.257973948006383]]
[300.0, 200.0, 0.482966, [6.647291], [58.226357], [5.8080827], [0.2603279201315141]]
[300.0, 1600.0, 0.484178, [6.667839150000001], [58.226357], [5.8080827], [0.2611327647002574]]
[300.0, 1300.0, 0.48891, [6.748329], [58.226357], [5.8080827], [0.2620833606889228]]
[300.0, 800.0, 0.480624, [6.6077088], [58.226357], [5.8080827], [0.2593752875661056]]
[300.0, 700.0, 0.500092, [6.940595200000001], [58.226357], [5.8080827], [0.2661596603074929]]
[300.0, 300.0, 0.441196, [5.958449], [58.226357], [5.8080827], [0.24635148989807226]]
[300.0, 900.0, 0.469204, [6.4163638], [58.226357], [5.8080827], [0.25583713681754644]]
[300.0, 600.0, 0.449623, [6.09459795], [58.226357], [5.8080827], [0.24943526885747333]]
[300.0, 1400.0, 0.477374, [6.55296845], [58.226357], [5.8080827], [0.25862509149345897]]
[300.0, 500.0, 0.508579, [7.088491899999999], [58.226357], [5.8080827], [0.26907548155675576]]
[300.0, 1200.0, 0.457033, [6.2154442], [58.226357], [5.8080827], [0.2514499824020674]]
[300.0, 100.0, 0.17073, [2.11490419], [58.226357], [5.8080827], [0.14699599827886473]]
[300.0, 1100.0, 0.484879, [6.679728999999999], [58.226357], [5.8080827], [0.26079959427690835]]
[300.0, 1900.0, 0.487049, [6.716603949999999], [58.226357], [5.8080827], [0.26184047614912404]]
[300.0, 1500.0, 0.467528, [6.3885122], [58.226357], [5.8080827], [0.25574514848770835]]
[300.0, 1700.0, 0.475542, [6.5222111499999995], [58.226357], [5.8080827], [0.25761176229939503]]
[300.0, 1800.0, 0.476692, [6.54150245], [58.226357], [5.8080827], [0.2575713326439882]]
[400.0, 900.0, 0.333621, [2.4044910050000006], [20.9567463], [2.31092232], [0.10710454590025578]]
[400.0, 1200.0, 0.355731, [2.5906055], [20.9567463], [2.31092232], [0.11107131136121515]]
[400.0, 1500.0, 0.381961, [2.81771315], [20.9567463], [2.31092232], [0.11590525087328873]]
[400.0, 200.0, 0.358834, [2.6171046999999996], [20.9567463], [2.31092232], [0.11159377518481933]]
[400.0, 1600.0, 0.360272, [2.6294183999999996], [20.9567463], [2.31092232], [0.11201701691037841]]
[400.0, 500.0, 0.345918, [2.5074304499999998], [20.9567463], [2.31092232], [0.10922538551087839]]
[400.0, 1700.0, 0.338685, [1.851512775], [12.2164644], [1.3934492600000001], [0.09399631825236561]]
[400.0, 300.0, 0.359843, [2.6257482999999997], [20.9567463], [2.31092232], [0.11186065214140313]]
[400.0, 1300.0, 0.374558, [2.7528910499999997], [20.9567463], [2.31092232], [0.11460433798508675]]
[400.0, 1400.0, 0.348325, [2.5277434000000003], [20.9567463], [2.31092232], [0.10969468369068758]]
[400.0, 1100.0, 0.334936, [2.415432705], [20.9567463], [2.31092232], [0.1073790867790372]]
[400.0, 800.0, 0.357216, [2.6032769], [20.9567463], [2.31092232], [0.11140993485771365]]
[400.0, 100.0, 0.102298, [0.676026295], [20.9567463], [2.31092232], [0.05673087023834554]]
[400.0, 1000.0, 0.357937, [2.60943375], [20.9567463], [2.31092232], [0.11136790240010809]]
[400.0, 400.0, 0.34439, [2.49455815], [20.9567463], [2.31092232], [0.10887145029804646]]
[400.0, 1800.0, 0.358137, [2.6111438500000004], [20.9567463], [2.31092232], [0.11133952152088673]]
[400.0, 2000.0, 0.33322, [1.8160882250000001], [12.2164644], [1.3934492600000001], [0.09316335607415613]]
[400.0, 600.0, 0.339549, [2.4539371500000002], [20.9567463], [2.31092232], [0.10813332500899064]]
[400.0, 700.0, 0.36784, [2.04483713], [12.2164644], [1.3934492600000001], [0.09872566767310313]]
[400.0, 1900.0, 0.380712, [2.8067298000000003], [20.9567463], [2.31092232], [0.11564926498901756]]
[500.0, 1700.0, 0.276784, [0.971533045], [5.1860277], [0.62919969], [0.04919548144647027]]
[500.0, 1100.0, 0.283584, [1.00026052], [5.1860277], [0.62919969], [0.049764825539732375]]
[500.0, 300.0, 0.284939, [1.2088079499999997], [7.791122499999999], [0.8690443999999999], [0.05477632394566106]]
[500.0, 1300.0, 0.283322, [1.20075333], [7.791122499999999], [0.8690443999999999], [0.054467274610540226]]
[500.0, 1800.0, 0.293349, [1.0420428199999998], [5.1860277], [0.62919969], [0.050786059396255585]]
[500.0, 1400.0, 0.279111, [1.179863895], [7.791122499999999], [0.8690443999999999], [0.05419294777459518]]
[500.0, 600.0, 0.274531, [0.9620784950000001], [5.1860277], [0.62919969], [0.04884213720753833]]
[500.0, 1900.0, 0.283151, [1.199902445], [7.791122499999999], [0.8690443999999999], [0.05448476114474578]]
[500.0, 1200.0, 0.286252, [1.215358025], [7.791122499999999], [0.8690443999999999], [0.054792578026134166]]
[500.0, 800.0, 0.290048, [1.0278499700000001], [5.1860277], [0.62919969], [0.05063854260837292]]
[500.0, 1000.0, 0.276919, [1.169036365], [7.791122499999999], [0.8690443999999999], [0.05380926248797692]]
[500.0, 2000.0, 0.28112, [1.189818], [7.791122499999999], [0.8690443999999999], [0.054307520344792026]]
[500.0, 700.0, 0.27676, [1.168251385], [7.791122499999999], [0.8690443999999999], [0.05371625419042173]]
[500.0, 100.0, 0.073017, [0.22507270449999997], [5.1860277], [0.62919969], [0.02359402662963658]]
[500.0, 200.0, 0.144062, [0.56472108], [7.791122499999999], [0.8690443999999999], [0.037399560963332176]]
[500.0, 1500.0, 0.269678, [0.9418228750000001], [5.1860277], [0.62919969], [0.04831449695484783]]
[500.0, 900.0, 0.309989, [1.33585123], [7.791122499999999], [0.8690443999999999], [0.057539182369494964]]
[500.0, 1600.0, 0.283486, [1.2015684450000002], [7.791122499999999], [0.8690443999999999], [0.05467325824157547]]
[500.0, 500.0, 0.293475, [1.042584515], [5.1860277], [0.62919969], [0.050812462509211266]]
[500.0, 400.0, 0.301372, [1.29165715], [7.791122499999999], [0.8690443999999999], [0.05664290851024513]]
[600.0, 200.0, 0.076491, [0.20227805149999997], [3.79467711], [0.488997607], [0.016683613155578737]]
[600.0, 1400.0, 0.209949, [0.501282005], [2.4049655700000003], [0.37064237], [0.026310479162303373]]
[600.0, 1900.0, 0.210268, [0.5021914450000001], [2.4049655700000003], [0.37064237], [0.02632198636121522]]
[600.0, 100.0, 0.040231, [0.083016388], [2.4049655700000003], [0.37064237], [0.0107173709112823]]
[600.0, 800.0, 0.212136, [0.5075228900000001], [2.4049655700000003], [0.37064237], [0.02645644953031302]]
[600.0, 1200.0, 0.217444, [0.635687045], [3.79467711], [0.488997607], [0.029639066761623922]]
[600.0, 600.0, 0.213083, [0.51023259], [2.4049655700000003], [0.37064237], [0.026561661186755618]]
[600.0, 1600.0, 0.208583, [0.49739753000000003], [2.4049655700000003], [0.37064237], [0.026251632815884045]]
[600.0, 400.0, 0.222592, [0.5377032150000001], [2.4049655700000003], [0.37064237], [0.027227658093379972]]
[600.0, 500.0, 0.218527, [0.525902055], [2.4049655700000003], [0.37064237], [0.026978204786456787]]
[600.0, 1100.0, 0.217272, [0.635099535], [3.79467711], [0.488997607], [0.029611663280707485]]
[600.0, 300.0, 0.219301, [0.642023235], [3.79467711], [0.488997607], [0.02977311531398755]]
[600.0, 1700.0, 0.212388, [0.6185265099999999], [3.79467711], [0.488997607], [0.029255298067187765]]
[600.0, 1500.0, 0.222795, [0.5382948900000001], [2.4049655700000003], [0.37064237], [0.02725762361707271]]
[600.0, 1800.0, 0.223092, [0.53916121], [2.4049655700000003], [0.37064237], [0.027301487908170868]]
[600.0, 1000.0, 0.222607, [0.537747315], [2.4049655700000003], [0.37064237], [0.027195044144108314]]
[600.0, 2000.0, 0.213409, [0.511166285], [2.4049655700000003], [0.37064237], [0.026610248420486423]]
[600.0, 700.0, 0.216982, [0.5214384], [2.4049655700000003], [0.37064237], [0.026855442297605153]]
[600.0, 1300.0, 0.214204, [0.513447235], [2.4049655700000003], [0.37064237], [0.026620994708124637]]
[600.0, 900.0, 0.22192, [0.5357459099999999], [2.4049655700000003], [0.37064237], [0.027233488529749543]]
[700.0, 2000.0, 0.155007, [0.319695845], [1.9087754], [0.35448364], [0.016065319000100806]]
[700.0, 100.0, 0.029541, [0.040477625999999996], [1.0282880300000001], [0.292274857], [0.0057243997030256375]]
[700.0, 1000.0, 0.152895, [0.27625906], [1.3927583600000002], [0.327988752], [0.014938377508116468]]
[700.0, 600.0, 0.15528, [0.28131341], [1.3927583600000002], [0.327988752], [0.015079985842997334]]
[700.0, 1400.0, 0.16179, [0.29524313], [1.3927583600000002], [0.327988752], [0.015411565265248043]]
[700.0, 1900.0, 0.167329, [0.30724812999999995], [1.3927583600000002], [0.327988752], [0.015761491907494037]]
[700.0, 200.0, 0.039533, [0.07319916450000001], [1.9087754], [0.35448364], [0.007673355411747849]]
[700.0, 400.0, 0.152915, [0.2763012], [1.3927583600000002], [0.327988752], [0.014984543300514701]]
[700.0, 1300.0, 0.162057, [0.295817655], [1.3927583600000002], [0.327988752], [0.015483808107988163]]
[700.0, 1100.0, 0.148177, [0.30359615999999995], [1.9087754], [0.35448364], [0.017498986720664713]]
[700.0, 800.0, 0.145319, [0.26037326], [1.3927583600000002], [0.327988752], [0.014532612360652852]]
[700.0, 1500.0, 0.149392, [0.306443795], [1.9087754], [0.35448364], [0.015720241291882257]]
[700.0, 1600.0, 0.150511, [0.30907485], [1.9087754], [0.35448364], [0.015792978216599935]]
[700.0, 1800.0, 0.164668, [0.301463925], [1.3927583600000002], [0.327988752], [0.01556752440820312]]
[700.0, 1200.0, 0.155316, [0.281390585], [1.3927583600000002], [0.327988752], [0.015040964846046279]]
[700.0, 700.0, 0.154671, [0.28001981], [1.3927583600000002], [0.327988752], [0.015075760012350952]]
[700.0, 900.0, 0.155545, [0.32097278500000004], [1.9087754], [0.35448364], [0.016129492709784768]]
[700.0, 300.0, 0.086253, [0.18483204250000002], [2.4049655700000003], [0.37064237], [0.012214044934009372]]
[700.0, 500.0, 0.149886, [0.26991846], [1.3927583600000002], [0.327988752], [0.014747225474644377]]
[700.0, 1700.0, 0.150287, [0.270761015], [1.3927583600000002], [0.327988752], [0.014793251349010465]]
[800.0, 300.0, 0.047225, [0.066104577], [1.0282880300000001], [0.292274857], [0.0056893763689441395]]
[800.0, 100.0, 0.020547, [0.0278512325], [1.0282880300000001], [0.292274857], [0.0036889873813825925]]
[800.0, 1800.0, 0.110572, [0.167317213], [1.0282880300000001], [0.292274857], [0.009074050549506545]]
[800.0, 800.0, 0.104683, [0.1572466595], [1.0282880300000001], [0.292274857], [0.008790356225716908]]
[800.0, 400.0, 0.109899, [0.166157824], [1.0282880300000001], [0.292274857], [0.009024454527837126]]
[800.0, 200.0, 0.028055, [0.038371948999999995], [1.0282880300000001], [0.292274857], [0.0043447681347800375]]
[800.0, 1700.0, 0.112279, [0.1702623825], [1.0282880300000001], [0.292274857], [0.009153361976618209]]
[800.0, 600.0, 0.10789, [0.1627135895], [1.0282880300000001], [0.292274857], [0.008943547061988326]]
[800.0, 1600.0, 0.097818, [0.145688123], [1.0282880300000001], [0.292274857], [0.008425360851322632]]
[800.0, 1000.0, 0.114627, [0.1743322], [1.0282880300000001], [0.292274857], [0.009239589602628462]]
[800.0, 1100.0, 0.110326, [0.1668936815], [1.0282880300000001], [0.292274857], [0.00903780061325763]]
[800.0, 1500.0, 0.100084, [0.17067829450000002], [1.3927583600000002], [0.327988752], [0.009136200783148321]]
[800.0, 1400.0, 0.11813, [0.18044882099999998], [1.0282880300000001], [0.292274857], [0.009406545200018974]]
[800.0, 1200.0, 0.111715, [0.169287503], [1.0282880300000001], [0.292274857], [0.00910095363272443]]
[800.0, 900.0, 0.117327, [0.17904296199999997], [1.0282880300000001], [0.292274857], [0.009384401914879818]]
[800.0, 1300.0, 0.106873, [0.1609754125], [1.0282880300000001], [0.292274857], [0.008888379173111373]]
[800.0, 2000.0, 0.105466, [0.158577671], [1.0282880300000001], [0.292274857], [0.00882349736215748]]
[800.0, 500.0, 0.106197, [0.1823035935], [1.3927583600000002], [0.327988752], [0.009426694577103895]]
[800.0, 1900.0, 0.111686, [0.1692368125], [1.0282880300000001], [0.292274857], [0.009098229298880083]]
[800.0, 700.0, 0.107445, [0.161952301], [1.0282880300000001], [0.292274857], [0.008942322121518548]]
[900.0, 200.0, 0.016574, [0.0223586118], [1.0282880300000001], [0.292274857], [0.002616877560185038]]
[900.0, 1100.0, 0.065887, [0.105119357], [1.36322116], [0.208233144], [0.0025361280056416706]]
[900.0, 300.0, 0.025187, [0.034330821000000004], [1.0282880300000001], [0.292274857], [0.003229571190963283]]
[900.0, 1000.0, 0.065431, [0.093642185], [1.0282880300000001], [0.292274857], [0.005353167024528564]]
[900.0, 900.0, 0.067969, [0.0975769585], [1.0282880300000001], [0.292274857], [0.005463261037375022]]
[900.0, 1600.0, 0.063287, [0.100686229], [1.36322116], [0.208233144], [0.002474229272318958]]
[900.0, 700.0, 0.06828, [0.09805997600000001], [1.0282880300000001], [0.292274857], [0.0054731744278343625]]
[900.0, 1900.0, 0.065575, [0.093863714], [1.0282880300000001], [0.292274857], [0.005348381424552665]]
[900.0, 500.0, 0.067146, [0.0962975195], [1.0282880300000001], [0.292274857], [0.005417158318020621]]
[900.0, 1400.0, 0.062265, [0.09894878700000001], [1.36322116], [0.208233144], [0.0024546168399569007]]
[900.0, 1200.0, 0.065351, [0.104203008], [1.36322116], [0.208233144], [0.0025228457889851295]]
[900.0, 1500.0, 0.066183, [0.105626458], [1.36322116], [0.208233144], [0.002528569974906765]]
[900.0, 800.0, 0.064385, [0.10255499100000001], [1.36322116], [0.208233144], [0.00249763050710068]]
[900.0, 400.0, 0.043552, [0.06781991999999999], [1.36322116], [0.208233144], [0.002034698670810988]]
[900.0, 100.0, 0.011593, [0.0174455533], [1.36322116], [0.208233144], [0.0010315770895575375]]
[900.0, 600.0, 0.065826, [0.105015967], [1.36322116], [0.208233144], [0.0025328966893657548]]
[900.0, 1800.0, 0.06403, [0.0914798885], [1.0282880300000001], [0.292274857], [0.005272813819726618]]
[900.0, 2000.0, 0.062824, [0.08962541], [1.0282880300000001], [0.292274857], [0.005235972720517172]]
[900.0, 1700.0, 0.065653, [0.10472010500000001], [1.36322116], [0.208233144], [0.002530919016483933]]
[900.0, 1300.0, 0.065448, [0.10436985299999998], [1.36322116], [0.208233144], [0.002515849636405165]]
[1000.0, 1600.0, 0.042787, [0.06657336], [1.36322116], [0.208233144], [0.0016080326349300253]]
[1000.0, 1400.0, 0.044432, [0.06925562], [1.36322116], [0.208233144], [0.0016387566329385216]]
[1000.0, 1500.0, 0.044171, [0.06882917300000001], [1.36322116], [0.208233144], [0.0016300349161904478]]
[1000.0, 700.0, 0.043834, [0.06828017700000001], [1.36322116], [0.208233144], [0.0016275643385132274]]
[1000.0, 1900.0, 0.043572, [0.067851819], [1.36322116], [0.208233144], [0.0016196564391870272]]
[1000.0, 1800.0, 0.044027, [0.06859475699999999], [1.36322116], [0.208233144], [0.0016295178200928027]]
[1000.0, 500.0, 0.042981, [0.066890292], [1.36322116], [0.208233144], [0.0016105294477282931]]
[1000.0, 1000.0, 0.041687, [0.06478584], [1.36322116], [0.208233144], [0.0015824974638210323]]
[1000.0, 200.0, 0.008791, [0.0131897122], [1.36322116], [0.208233144], [0.0007121775368543997]]
[1000.0, 1100.0, 0.042521, [0.066140004], [1.36322116], [0.208233144], [0.00159756608032344]]
[1000.0, 2000.0, 0.042882, [0.06672873900000001], [1.36322116], [0.208233144], [0.0016024648233268646]]
[1000.0, 1700.0, 0.042858, [0.06668846099999999], [1.36322116], [0.208233144], [0.0016033470890608806]]
[1000.0, 800.0, 0.043371, [0.067525479], [1.36322116], [0.208233144], [0.0016192650348228978]]
[1000.0, 1300.0, 0.043176, [0.06720751800000001], [1.36322116], [0.208233144], [0.0016181666700312426]]
[1000.0, 400.0, 0.023438, [0.035717178], [1.36322116], [0.208233144], [0.0011743736066090723]]
[1000.0, 300.0, 0.012716, [0.0191584365], [1.36322116], [0.208233144], [0.0008602392049308147]]
[1000.0, 600.0, 0.041421, [0.0575737995], [1.0282880300000001], [0.292274857], [0.003335160982246584]]
[1000.0, 1200.0, 0.042591, [0.066254909], [1.36322116], [0.208233144], [0.001600341050213985]]
[1000.0, 100.0, 0.006982, [0.0104552084], [1.36322116], [0.208233144], [0.0006351088080006448]]
[1000.0, 900.0, 0.044013, [0.068571433], [1.36322116], [0.208233144], [0.0016298839293029427]]
[1100.0, 1300.0, 0.031586, [0.023477122549999997], [0.299048666], [0.074228532], [0.0006047673020674977]]
[1100.0, 1800.0, 0.029218, [0.021599523399999997], [0.299048666], [0.074228532], [0.0005185545241341551]]
[1100.0, 2000.0, 0.030437, [0.0225632064], [0.299048666], [0.074228532], [0.0005284543798191099]]
[1100.0, 700.0, 0.030468, [0.02258833605], [0.299048666], [0.074228532], [0.000529915743986721]]
[1100.0, 900.0, 0.028999, [0.0214268425], [0.299048666], [0.074228532], [0.0005164969578806829]]
[1100.0, 200.0, 0.00613, [0.0042997083500000005], [0.299048666], [0.074228532], [0.0002311537022740497]]
[1100.0, 1900.0, 0.029904, [0.022141164499999998], [0.299048666], [0.074228532], [0.0005249434171175023]]
[1100.0, 1500.0, 0.029976, [0.0221982838], [0.299048666], [0.074228532], [0.0005264455992550417]]
[1100.0, 800.0, 0.030272, [0.02243248665], [0.299048666], [0.074228532], [0.000528591971302062]]
[1100.0, 500.0, 0.022161, [0.01612096815], [0.299048666], [0.074228532], [0.0004474594844787626]]
[1100.0, 1700.0, 0.029082, [0.02149207865], [0.299048666], [0.074228532], [0.000516869526911773]]
[1100.0, 400.0, 0.011958, [0.008498660449999999], [0.299048666], [0.074228532], [0.0003256694236491967]]
[1100.0, 600.0, 0.030506, [0.022618132949999998], [0.299048666], [0.074228532], [0.0005303229162736605]]
[1100.0, 1400.0, 0.029431, [0.02176735085], [0.299048666], [0.074228532], [0.0005197455430785337]]
[1100.0, 100.0, 0.005335, [0.0037353361500000004], [0.299048666], [0.074228532], [0.00021602003033862393]]
[1100.0, 1100.0, 0.029485, [0.021810054350000004], [0.299048666], [0.074228532], [0.000520913731701325]]
[1100.0, 1000.0, 0.030315, [0.02246699735], [0.299048666], [0.074228532], [0.0005295521837364095]]
[1100.0, 300.0, 0.008332, [0.005872797], [0.299048666], [0.074228532], [0.000270891903302775]]
[1100.0, 1200.0, 0.030243, [0.022409936850000003], [0.299048666], [0.074228532], [0.000527767647217978]]
[1100.0, 1600.0, 0.030964, [0.022981671300000003], [0.299048666], [0.074228532], [0.000534024415523298]]
[1200.0, 100.0, 0.00411, [0.00286967275], [0.299048666], [0.074228532], [0.00015295407099845366]]
[1200.0, 1400.0, 0.025464, [0.0186636786], [0.299048666], [0.074228532], [0.00038899550472981046]]
[1200.0, 1700.0, 0.027376, [0.020153058100000003], [0.299048666], [0.074228532], [0.0004060773562081491]]
[1200.0, 1800.0, 0.025537, [0.018720180500000003], [0.299048666], [0.074228532], [0.0003905976227526225]]
[1200.0, 700.0, 0.026779, [0.0196865095], [0.299048666], [0.074228532], [0.0004001852079037905]]
[1200.0, 200.0, 0.004725, [0.0033036118500000006], [0.299048666], [0.074228532], [0.00016395547541177147]]
[1200.0, 1900.0, 0.026254, [0.019277670650000002], [0.299048666], [0.074228532], [0.0003958195463528803]]
[1200.0, 1200.0, 0.025711, [0.0188555234], [0.299048666], [0.074228532], [0.0003911295131730665]]
[1200.0, 1100.0, 0.025781, [0.018909511599999998], [0.299048666], [0.074228532], [0.00039199640154598356]]
[1200.0, 1300.0, 0.026272, [0.0192918635], [0.299048666], [0.074228532], [0.0003956109003806644]]
[1200.0, 2000.0, 0.025536, [0.018719474899999998], [0.299048666], [0.074228532], [0.0003897354008490889]]
[1200.0, 800.0, 0.026278, [0.0192964597], [0.299048666], [0.074228532], [0.0003966235982011156]]
[1200.0, 1600.0, 0.025502, [0.01869314965], [0.299048666], [0.074228532], [0.0003897791385836343]]
[1200.0, 1000.0, 0.025846, [0.0189606382], [0.299048666], [0.074228532], [0.0003922144694551694]]
[1200.0, 1500.0, 0.024616, [0.018007475499999998], [0.299048666], [0.074228532], [0.00038227341442349875]]
[1200.0, 300.0, 0.006015, [0.0042176358], [0.299048666], [0.074228532], [0.00018549147235115686]]
[1200.0, 600.0, 0.02561, [0.0187771479], [0.299048666], [0.074228532], [0.00038975534524878555]]
[1200.0, 500.0, 0.014034, [0.010021867100000002], [0.299048666], [0.074228532], [0.00028633907923998077]]
[1200.0, 900.0, 0.025659, [0.0188154855], [0.299048666], [0.074228532], [0.0003904669773489174]]
[1200.0, 400.0, 0.008638, [0.0060932847500000005], [0.299048666], [0.074228532], [0.0002226437685350749]]
[1300.0, 1600.0, 0.018906, [0.013651765049999999], [0.299048666], [0.074228532], [0.0002700805814474636]]
[1300.0, 1700.0, 0.019289, [0.013940240300000002], [0.299048666], [0.074228532], [0.00027265748288833006]]
[1300.0, 900.0, 0.018648, [0.01345744575], [0.299048666], [0.074228532], [0.0002681319892795337]]
[1300.0, 200.0, 0.003599, [0.0025099074], [0.299048666], [0.074228532], [0.00011602052540391291]]
[1300.0, 1800.0, 0.018897, [0.0136444175], [0.299048666], [0.074228532], [0.0002696187988160321]]
[1300.0, 1000.0, 0.018545, [0.0133797489], [0.299048666], [0.074228532], [0.0002675414583293587]]
[1300.0, 1400.0, 0.019489, [0.014091157850000003], [0.299048666], [0.074228532], [0.0002749265728790144]]
[1300.0, 1200.0, 0.019639, [0.0142045022], [0.299048666], [0.074228532], [0.00027510336416518066]]
[1300.0, 500.0, 0.008633, [0.006089590149999999], [0.299048666], [0.074228532], [0.0001802790677047671]]
[1300.0, 100.0, 0.00356, [0.0024821905500000004], [0.299048666], [0.074228532], [0.00011523274899090102]]
[1300.0, 1100.0, 0.019221, [0.013888579600000001], [0.299048666], [0.074228532], [0.0002719593804688487]]
[1300.0, 2000.0, 0.019296, [0.01394517705], [0.299048666], [0.074228532], [0.000272130158793545]]
[1300.0, 1300.0, 0.019418, [0.014037831149999997], [0.299048666], [0.074228532], [0.00027414711784915776]]
[1300.0, 1500.0, 0.019267, [0.013923335299999999], [0.299048666], [0.074228532], [0.00027342735429177525]]
[1300.0, 600.0, 0.014573, [0.010419533949999999], [0.299048666], [0.074228532], [0.0002360164872259987]]
[1300.0, 300.0, 0.004337, [0.0030293613], [0.299048666], [0.074228532], [0.00012778590303707215]]
[1300.0, 1900.0, 0.019141, [0.013828307149999998], [0.299048666], [0.074228532], [0.00027171847577041943]]
[1300.0, 400.0, 0.005826, [0.00408304995], [0.299048666], [0.074228532], [0.00014752662335998883]]
[1300.0, 700.0, 0.01941, [0.0140314783], [0.299048666], [0.074228532], [0.0002737621492737811]]
[1300.0, 800.0, 0.019517, [0.014112144549999999], [0.299048666], [0.074228532], [0.0002747092476146371]]
[1400.0, 1100.0, 0.012409, [0.008828222200000001], [0.299048666], [0.074228532], [0.00018636390056150896]]
[1400.0, 400.0, 0.003258, [0.0022698630150000004], [0.299048666], [0.074228532], [8.951466532082886e-05]]
[1400.0, 1500.0, 0.011933, [0.008480763200000001], [0.299048666], [0.074228532], [0.00017347463709430265]]
[1400.0, 1800.0, 0.012334, [0.008773298099999998], [0.299048666], [0.074228532], [0.000175676890810943]]
[1400.0, 1600.0, 0.012746, [0.009074888199999999], [0.299048666], [0.074228532], [0.00017918329218986908]]
[1400.0, 1400.0, 0.012259, [0.008718521000000002], [0.299048666], [0.074228532], [0.00017574663061492815]]
[1400.0, 600.0, 0.006755, [0.004744500949999999], [0.299048666], [0.074228532], [0.00012941689894484414]]
[1400.0, 1700.0, 0.012117, [0.00861485415], [0.299048666], [0.074228532], [0.00017458159176299198]]
[1400.0, 900.0, 0.011977, [0.00851308115], [0.299048666], [0.074228532], [0.00017341163344049328]]
[1400.0, 100.0, 0.002412, [0.00167721561], [0.299048666], [0.074228532], [7.687505434307023e-05]]
[1400.0, 700.0, 0.011844, [0.00841551725], [0.299048666], [0.074228532], [0.00017264644312872478]]
[1400.0, 2000.0, 0.011464, [0.008138917150000001], [0.299048666], [0.074228532], [0.00016923056443798794]]
[1400.0, 800.0, 0.012373, [0.0088020268], [0.299048666], [0.074228532], [0.00017650004732293985]]
[1400.0, 1300.0, 0.012135, [0.008628365899999999], [0.299048666], [0.074228532], [0.00017514335273569477]]
[1400.0, 300.0, 0.002726, [0.0018972270800000001], [0.299048666], [0.074228532], [8.202426566266839e-05]]
[1400.0, 1200.0, 0.012176, [0.008657802650000001], [0.299048666], [0.074228532], [0.0001752361879150537]]
[1400.0, 500.0, 0.004415, [0.0030847313000000004], [0.299048666], [0.074228532], [0.00010452212270615252]]
[1400.0, 1000.0, 0.011966, [0.008504694799999999], [0.299048666], [0.074228532], [0.00017327677611266894]]
[1400.0, 200.0, 0.002227, [0.001547878395], [0.299048666], [0.074228532], [7.39604845931258e-05]]
[1400.0, 1900.0, 0.012455, [0.008862460950000001], [0.299048666], [0.074228532], [0.00017735568445217652]]
[1500.0, 1500.0, 0.006553, [0.0046001788], [0.299048666], [0.074228532], [0.0003212904816128234]]
[1500.0, 1100.0, 0.006825, [0.00479450055], [0.299048666], [0.074228532], [0.0003292876561609925]]
[1500.0, 1800.0, 0.007361, [0.0051774036999999995], [0.299048666], [0.074228532], [0.00034138778602931885]]
[1500.0, 400.0, 0.001979, [0.0013750247700000003], [0.299048666], [0.074228532], [0.00017751491864770127]]
[1500.0, 200.0, 0.001137, [0.00078854328], [0.299048666], [0.074228532], [0.00013328810637112376]]
[1500.0, 500.0, 0.002593, [0.0018040861649999999], [0.299048666], [0.074228532], [0.00020297555796819475]]
[1500.0, 1300.0, 0.006708, [0.004711056], [0.299048666], [0.074228532], [0.000327441010565262]]
[1500.0, 600.0, 0.002833, [0.00197209859], [0.299048666], [0.074228532], [0.00021143113901457374]]
[1500.0, 1000.0, 0.006462, [0.0045353518], [0.299048666], [0.074228532], [0.0003198989871428167]]
[1500.0, 2000.0, 0.006759, [0.004747313550000001], [0.299048666], [0.074228532], [0.00032759569227937046]]
[1500.0, 800.0, 0.007397, [0.0052032120000000005], [0.299048666], [0.074228532], [0.0003430895883001989]]
[1500.0, 1700.0, 0.006611, [0.0046416279], [0.299048666], [0.074228532], [0.0003203028093070681]]
[1500.0, 1200.0, 0.006798, [0.00477540525], [0.299048666], [0.074228532], [0.0003295341987563658]]
[1500.0, 300.0, 0.001424, [0.00098812518], [0.299048666], [0.074228532], [0.00014896550030963547]]
[1500.0, 1400.0, 0.006922, [0.004863529300000001], [0.299048666], [0.074228532], [0.00033015793118597043]]
[1500.0, 100.0, 0.001437, [0.0009970667], [0.299048666], [0.074228532], [0.00015031346015077958]]
[1500.0, 900.0, 0.006448, [0.00452569635], [0.299048666], [0.074228532], [0.00031764162601113856]]
[1500.0, 700.0, 0.006519, [0.00457658775], [0.299048666], [0.074228532], [0.0003204252523210367]]
[1500.0, 1900.0, 0.00724, [0.0050907423], [0.299048666], [0.074228532], [0.0003378844022739138]]
[1500.0, 1600.0, 0.006903, [0.00484999305], [0.299048666], [0.074228532], [0.0003300002669317102]]
[1600.0, 1500.0, 0.003824, [0.00266809655], [0.299048666], [0.074228532], [0.00020168924695555785]]
[1600.0, 100.0, 0.00046, [0.00031862641999999997], [0.299048666], [0.074228532], [6.953000721630914e-05]]
[1600.0, 1300.0, 0.004134, [0.0028864846500000004], [0.299048666], [0.074228532], [0.00020723747558055224]]
[1600.0, 900.0, 0.003886, [0.0027115914], [0.299048666], [0.074228532], [0.00020211015096971254]]
[1600.0, 300.0, 0.001115, [0.027521977000000003], [56.637238], [18.1991929], [0.009173993512097117]]
[1600.0, 500.0, 0.001328, [0.0009213746850000001], [0.299048666], [0.074228532], [0.00011796995506271924]]
[1600.0, 1000.0, 0.004098, [0.00286130355], [0.299048666], [0.074228532], [0.0002086820057348022]]
[1600.0, 1200.0, 0.003509, [0.086637439], [56.637238], [18.1991929], [0.016088170828282497]]
[1600.0, 1800.0, 0.003858, [0.0026918444000000002], [0.299048666], [0.074228532], [0.00020008326666665557]]
[1600.0, 1100.0, 0.004162, [0.0029058715], [0.299048666], [0.074228532], [0.00020916925757625095]]
[1600.0, 1900.0, 0.003957, [0.00276186785], [0.299048666], [0.074228532], [0.00020360757391978324]]
[1600.0, 1700.0, 0.004163, [0.00290683435], [0.299048666], [0.074228532], [0.00021088382649577469]]
[1600.0, 800.0, 0.004353, [0.003040401], [0.299048666], [0.074228532], [0.00021339440929883798]]
[1600.0, 200.0, 0.000815, [0.000564666935], [0.299048666], [0.074228532], [9.283069074934216e-05]]
[1600.0, 1600.0, 0.004041, [0.0028207928], [0.299048666], [0.074228532], [0.00020518247561012609]]
[1600.0, 2000.0, 0.003331, [0.002321494315], [0.299048666], [0.074228532], [0.00018707132185345776]]
[1600.0, 1400.0, 0.003849, [0.0026852931], [0.299048666], [0.074228532], [0.00020183903862360224]]
[1600.0, 700.0, 0.002588, [0.0018007867499999998], [0.299048666], [0.074228532], [0.00016438859190193218]]
[1600.0, 400.0, 0.000787, [0.00104864704], [1.07230816], [0.23558073000000002], [0.00039635124410048215]]
[1600.0, 600.0, 0.001521, [0.00105586278], [0.299048666], [0.074228532], [0.00012619975922124416]]
[1700.0, 900.0, 0.002142, [0.0014889181649999999], [0.299048666], [0.074228532], [0.00012197693527876489]]
[1700.0, 1500.0, 0.002187, [0.0013133604749999998], [0.223889134], [0.05566596], [0.00036426070711785536]]
[1700.0, 1800.0, 0.002401, [0.0016697453149999999], [0.299048666], [0.074228532], [0.00012998950572065424]]
[1700.0, 700.0, 0.00133, [0.00079665474], [0.223889134], [0.05566596], [0.0002816599747479219]]
[1700.0, 500.0, 0.000606, [0.00041953996000000004], [0.299048666], [0.074228532], [6.473642746939315e-05]]
[1700.0, 300.0, 0.000573, [0.00039683091000000003], [0.299048666], [0.074228532], [6.354380947425169e-05]]
[1700.0, 800.0, 0.002184, [0.00151791269], [0.299048666], [0.074228532], [0.00012393707072542903]]
[1700.0, 1300.0, 0.002357, [0.001639123255], [0.299048666], [0.074228532], [0.0001291810215453493]]
[1700.0, 400.0, 0.000505, [0.00034945428], [0.299048666], [0.074228532], [5.9068534625043825e-05]]
[1700.0, 1000.0, 0.002049, [0.001423840285], [0.299048666], [0.074228532], [0.00011906750460348114]]
[1700.0, 2000.0, 0.002577, [0.00179270322], [0.299048666], [0.074228532], [0.0001362966951360157]]
[1700.0, 1600.0, 0.002116, [0.0014703285450000001], [0.299048666], [0.074228532], [0.00012210415092248094]]
[1700.0, 1400.0, 0.00256, [0.00178131807], [0.299048666], [0.074228532], [0.00013465499559986625]]
[1700.0, 1200.0, 0.002445, [0.0017006412850000003], [0.299048666], [0.074228532], [0.0001315995783237925]]
[1700.0, 100.0, 0.000665, [0.00039776632], [0.223889134], [0.05566596], [0.00019888313195819298]]
[1700.0, 1700.0, 0.002901, [0.002019819445], [0.299048666], [0.074228532], [0.0001428228125160683]]
[1700.0, 1900.0, 0.002094, [0.00145553226], [0.299048666], [0.074228532], [0.00012214556023450055]]
[1700.0, 1100.0, 0.002193, [0.0015240857099999999], [0.299048666], [0.074228532], [0.00012321502820273182]]
[1700.0, 600.0, 0.000783, [0.000542255805], [0.299048666], [0.074228532], [7.379168580368658e-05]]
[1700.0, 200.0, 0.000681, [0.000407647905], [0.223889134], [0.05566596], [0.00020382395069029548]]
[1800.0, 600.0, 0.00057, [0.000395052455], [0.299048666], [0.074228532], [5.187291103504796e-05]]
[1800.0, 1800.0, 0.001316, [0.0009132627350000001], [0.299048666], [0.074228532], [7.831163535835526e-05]]
[1800.0, 400.0, 0.00034, [0.00047583459000000004], [1.16867352], [0.272979931], [0.00017984854093792364]]
[1800.0, 1300.0, 0.001526, [0.0376714793], [56.637238], [18.1991929], [0.007119239661649269]]
[1800.0, 1200.0, 0.001913, [0.001148211365], [0.223889134], [0.05566596], [0.00027848213587230324]]
[1800.0, 1700.0, 0.001391, [0.0008337504350000001], [0.223889134], [0.05566596], [0.00024068300468146897]]
[1800.0, 500.0, 0.00033, [0.000228092697], [0.299048666], [0.074228532], [3.9117578037245603e-05]]
[1800.0, 1600.0, 0.001489, [0.00103318411], [0.299048666], [0.074228532], [8.325632090117844e-05]]
[1800.0, 1000.0, 0.00132, [0.000916044955], [0.299048666], [0.074228532], [7.85501866165829e-05]]
[1800.0, 700.0, 0.000658, [0.00045609469500000003], [0.299048666], [0.074228532], [5.5309611427400214e-05]]
[1800.0, 200.0, 0.000384, [0.0094661777], [56.637238], [18.1991929], [0.003577878200414318]]
[1800.0, 800.0, 0.00099, [0.0244487166], [56.637238], [18.1991929], [0.005762618745848106]]
[1800.0, 2000.0, 0.001361, [0.0008155768249999999], [0.223889134], [0.05566596], [0.00023543672696183153]]
[1800.0, 1100.0, 0.0015, [0.0370223518], [56.637238], [18.1991929], [0.0069965668831220365]]
[1800.0, 900.0, 0.001947, [0.00116859904], [0.223889134], [0.05566596], [0.0002834268816202867]]
[1800.0, 1500.0, 0.001697, [0.00101781183], [0.223889134], [0.05566596], [0.00026279787698914157]]
[1800.0, 1400.0, 0.001321, [0.032611038599999996], [56.637238], [18.1991929], [0.006656700045818499]]
[1800.0, 1900.0, 0.001393, [0.0343753326], [56.637238], [18.1991929], [0.006875066704403673]]
[1800.0, 100.0, 0.000562, [0.000335986385], [0.223889134], [0.05566596], [0.00015025772301282886]]
[1800.0, 300.0, 0.000247, [0.000170954777], [0.299048666], [0.074228532], [3.419095917782945e-05]]
[1900.0, 300.0, 0.000308, [0.000409578015], [1.07230816], [0.23558073000000002], [0.00013652601643093527]]
[1900.0, 1600.0, 0.001028, [0.0253786435], [56.637238], [18.1991929], [0.004796113391903907]]
[1900.0, 600.0, 0.000262, [0.00031673403999999994], [0.88462689], [0.20394407600000003], [0.00011971423044066229]]
[1900.0, 1500.0, 0.001046, [0.0006262885999999999], [0.223889134], [0.05566596], [0.0001673826659782906]]
[1900.0, 500.0, 0.000435, [0.0107277121], [56.637238], [18.1991929], [0.0030968236470616146]]
[1900.0, 1700.0, 0.000878, [0.0006085981299999999], [0.299048666], [0.074228532], [5.218685759604616e-05]]
[1900.0, 1800.0, 0.001185, [0.0292472033], [56.637238], [18.1991929], [0.005170224498994217]]
[1900.0, 800.0, 0.000525, [0.012947029899999999], [56.637238], [18.1991929], [0.003460239699789597]]
[1900.0, 1300.0, 0.00086, [0.00059575866], [0.299048666], [0.074228532], [5.225149871056333e-05]]
[1900.0, 1000.0, 0.000817, [0.0005663765449999999], [0.299048666], [0.074228532], [5.065825726621475e-05]]
[1900.0, 1900.0, 0.000996, [0.0245815115], [56.637238], [18.1991929], [0.004730713621748837]]
[1900.0, 1200.0, 0.001003, [0.000600656455], [0.223889134], [0.05566596], [0.0001665921273875209]]
[1900.0, 100.0, 0.000228, [0.0001362271295], [0.223889134], [0.05566596], [7.86507622499617e-05]]
[1900.0, 2000.0, 0.000906, [0.000542195535], [0.223889134], [0.05566596], [0.00015651834156098126]]
[1900.0, 1100.0, 0.000724, [0.0005015706149999999], [0.299048666], [0.074228532], [4.760697375385249e-05]]
[1900.0, 900.0, 0.000704, [0.00048777295], [0.299048666], [0.074228532], [4.6935989698737586e-05]]
[1900.0, 200.0, 0.000232, [0.00044915458], [2.22537224], [0.39434808], [0.00014203512355223972]]
[1900.0, 400.0, 0.000329, [0.008110039], [56.637238], [18.1991929], [0.002703346475389346]]
[1900.0, 700.0, 0.000326, [0.0080451532], [56.637238], [18.1991929], [0.0026817167736358735]]
[1900.0, 1400.0, 0.000892, [0.0006179247899999999], [0.299048666], [0.074228532], [5.279288402095494e-05]]
[2000.0, 1500.0, 0.000614, [0.015160208], [56.637238], [18.1991929], [0.00303204105100838]]
[2000.0, 1200.0, 0.000598, [0.014764670200000002], [56.637238], [18.1991929], [0.0030138254539704185]]
[2000.0, 1300.0, 0.000593, [0.014639788800000001], [56.637238], [18.1991929], [0.0029883336060420027]]
[2000.0, 300.0, 0.000175, [0.00431376645], [56.637238], [18.1991929], [0.0016304502421110557]]
[2000.0, 900.0, 0.000516, [0.00030844961], [0.223889134], [0.05566596], [9.754034326882389e-05]]
[2000.0, 1900.0, 0.000516, [0.00030873185], [0.223889134], [0.05566596], [9.762962574188227e-05]]
[2000.0, 1600.0, 0.000707, [0.000423189725], [0.223889134], [0.05566596], [0.00011310220079644782]]
[2000.0, 500.0, 0.000203, [0.000121373343], [0.223889134], [0.05566596], [6.068667803768797e-05]]
[2000.0, 600.0, 0.000148, [0.0036495151], [56.637238], [18.1991929], [0.0014899083134877796]]
[2000.0, 200.0, 0.000127, [0.00024505684], [2.22537224], [0.39434808], [8.664063969927738e-05]]
[2000.0, 1800.0, 0.000573, [0.00034246296], [0.223889134], [0.05566596], [0.00010325649911748897]]
[2000.0, 2000.0, 0.000761, [0.0187769225], [56.637238], [18.1991929], [0.0033724347448097496]]
[2000.0, 400.0, 0.000172, [0.00424283748], [56.637238], [18.1991929], [0.0016036413193105247]]
[2000.0, 1100.0, 0.000818, [0.0201884606], [56.637238], [18.1991929], [0.0035143597983132006]]
[2000.0, 100.0, 0.000103, [6.1630387e-05], [0.223889134], [0.05566596], [4.3579267823128926e-05]]
[2000.0, 1400.0, 0.000553, [0.00073702958], [1.07230816], [0.23558073000000002], [0.00015044552118624203]]
[2000.0, 1700.0, 0.000557, [0.0137540893], [56.637238], [18.1991929], [0.0028679256711079525]]
[2000.0, 700.0, 0.000241, [0.0059545339], [56.637238], [18.1991929], [0.0018829878215219557]]
[2000.0, 1000.0, 0.000621, [0.0153361425], [56.637238], [18.1991929], [0.0030672281820888383]]
[2000.0, 800.0, 0.000411, [0.00024573157], [0.223889134], [0.05566596], [8.687922473180803e-05]]
[2100.0, 200.0, 8.3e-05, [0.00206082975], [56.637238], [18.1991929], [0.0009216312554378785]]
[2100.0, 100.0, 8.3e-05, [0.00204073093], [56.637238], [18.1991929], [0.000912642593790143]]
[2100.0, 400.0, 7.2e-05, [0.0001006185355], [1.16867352], [0.272979931], [4.4997976873966236e-05]]
[2100.0, 1400.0, 0.000445, [0.010993444000000002], [56.637238], [18.1991929], [0.002115689268772709]]
[2100.0, 500.0, 8.4e-05, [0.00010171094149999999], [0.88462689], [0.20394407600000003], [4.5486518156482366e-05]]
[2100.0, 800.0, 0.000157, [0.015113462], [385.909251], [74.467015], [0.0024846382412737674]]
[2100.0, 300.0, 9.9e-05, [0.00245542969], [56.637238], [18.1991929], [0.0010024251571563835]]
[2100.0, 600.0, 0.000165, [0.0040617864], [56.637238], [18.1991929], [0.0012844495532328235]]
[2100.0, 700.0, 0.000197, [0.00485326086], [56.637238], [18.1991929], [0.0014010159141494432]]
[2100.0, 1000.0, 0.000377, [0.00022524121550000003], [0.223889134], [0.05566596], [6.791278029207757e-05]]
[2100.0, 1700.0, 0.000555, [0.000331665565], [0.223889134], [0.05566596], [8.29163762021713e-05]]
[2100.0, 1800.0, 0.000531, [0.0131148157], [56.637238], [18.1991929], [0.0023183939764414505]]
[2100.0, 1900.0, 0.000385, [0.009508361799999998], [56.637238], [18.1991929], [0.0019826304650640268]]
[2100.0, 900.0, 0.000335, [0.0082613559], [56.637238], [18.1991929], [0.001847295450922781]]
[2100.0, 2000.0, 0.000393, [0.0096967913], [56.637238], [18.1991929], [0.0019793495262333026]]
[2100.0, 1200.0, 0.000397, [0.009808036], [56.637238], [18.1991929], [0.0020020568925482613]]
[2100.0, 1500.0, 0.000295, [0.0072796311], [56.637238], [18.1991929], [0.001715825101518217]]
[2100.0, 1100.0, 0.000644, [0.0158841438], [56.637238], [18.1991929], [0.0025434988608214475]]
[2100.0, 1300.0, 0.000569, [0.0140569093], [56.637238], [18.1991929], [0.0024107397451819637]]
[2100.0, 1600.0, 0.000365, [0.009015049399999999], [56.637238], [18.1991929], [0.0019220146159694]]
[2200.0, 1700.0, 0.0003, [0.007394830099999999], [56.637238], [18.1991929], [0.0014231353869186164]]
[2200.0, 1100.0, 0.000287, [0.0070916964999999995], [56.637238], [18.1991929], [0.0013907961851040576]]
[2200.0, 200.0, 8.8e-05, [0.0021822326399999997], [56.637238], [18.1991929], [0.0007715357702660324]]
[2200.0, 1800.0, 0.000381, [0.009394378], [56.637238], [18.1991929], [0.0016111226824795186]]
[2200.0, 900.0, 0.000177, [0.00436683492], [56.637238], [18.1991929], [0.0010917087836048586]]
[2200.0, 1000.0, 0.000234, [0.005775007699999999], [56.637238], [18.1991929], [0.0012602098891851309]]
[2200.0, 1300.0, 0.000277, [0.006841076200000001], [56.637238], [18.1991929], [0.0013682153926557032]]
[2200.0, 1900.0, 0.000317, [0.0078300775], [56.637238], [18.1991929], [0.0014540090115607949]]
[2200.0, 1400.0, 0.000212, [0.0052335528], [56.637238], [18.1991929], [0.0012006589894720317]]
[2200.0, 1600.0, 0.000272, [0.0001627066315], [0.223889134], [0.05566596], [4.696936910902679e-05]]
[2200.0, 800.0, 8e-05, [5.5267344999999995e-05], [0.299048666], [0.074228532], [8.738532155058995e-06]]
[2200.0, 400.0, 6.7e-05, [8.1101811e-05], [0.88462689], [0.20394407600000003], [3.310967201211755e-05]]
[2200.0, 600.0, 6.6e-05, [0.00163231789], [56.637238], [18.1991929], [0.0006663909925861844]]
[2200.0, 2000.0, 0.000316, [0.0001891009715], [0.223889134], [0.05566596], [5.053936107629379e-05]]
[2200.0, 500.0, 5.1e-05, [6.84924205e-05], [1.07230816], [0.23558073000000002], [3.063074226165601e-05]]
[2200.0, 700.0, 0.000111, [0.00274647303], [56.637238], [18.1991929], [0.0008685110048237731]]
[2200.0, 300.0, 0.0001, [0.00246526105], [56.637238], [18.1991929], [0.0008217535208321289]]
[2200.0, 1200.0, 0.000251, [0.0062026601], [56.637238], [18.1991929], [0.0012933437454520744]]
[2200.0, 1500.0, 0.000337, [0.0083111546], [56.637238], [18.1991929], [0.0015174023130007416]]
[2200.0, 100.0, 4.4e-05, [0.0010858640100000001], [56.637238], [18.1991929], [0.0005429321614161386]]
[2300.0, 700.0, 4.6e-05, [2.72117335e-05], [0.223889134], [0.05566596], [1.571070403976219e-05]]
[2300.0, 100.0, 3e-05, [1.81154666e-05], [0.223889134], [0.05566596], [1.2809569091113097e-05]]
[2300.0, 1800.0, 0.000133, [0.0032947100199999997], [56.637238], [18.1991929], [0.000776570544831569]]
[2300.0, 1000.0, 0.000146, [0.00361487357], [56.637238], [18.1991929], [0.0008083102140886258]]
[2300.0, 1500.0, 0.000192, [0.00474181428], [56.637238], [18.1991929], [0.0009299461614523714]]
[2300.0, 1200.0, 0.000149, [0.00366557142], [56.637238], [18.1991929], [0.0008196466852858005]]
[2300.0, 500.0, 3.7e-05, [0.00090778821], [56.637238], [18.1991929], [0.0004059753351128613]]
[2300.0, 1900.0, 0.000247, [0.0060907637], [56.637238], [18.1991929], [0.0010602659131085936]]
[2300.0, 1300.0, 0.000209, [0.005163296600000001], [56.637238], [18.1991929], [0.0009757712413265724]]
[2300.0, 1600.0, 0.000215, [0.0053019715000000005], [56.637238], [18.1991929], [0.000984551697119049]]
[2300.0, 1700.0, 0.000132, [0.00326538303], [56.637238], [18.1991929], [0.0007696582095969613]]
[2300.0, 1400.0, 0.000124, [0.00305892741], [56.637238], [18.1991929], [0.0007418989983144607]]
[2300.0, 1100.0, 0.00014, [0.00346723118], [56.637238], [18.1991929], [0.0007954373915023106]]
[2300.0, 900.0, 7.6e-05, [4.517197300000001e-05], [0.223889134], [0.05566596], [2.0201525475196174e-05]]
[2300.0, 2000.0, 0.000157, [0.0038706413199999998], [56.637238], [18.1991929], [0.0008446430342458287]]
[2300.0, 300.0, 2.4e-05, [0.00232851871], [385.909251], [74.467015], [0.0006458147951231839]]
[2300.0, 200.0, 4.5e-05, [5.40750035e-05], [0.88462689], [0.20394407600000003], [2.2076024059485893e-05]]
[2300.0, 400.0, 3.8e-05, [4.58534895e-05], [0.88462689], [0.20394407600000003], [2.0506308272699888e-05]]
[2300.0, 800.0, 8.1e-05, [0.00199328962], [56.637238], [18.1991929], [0.0006009995320297679]]
[2300.0, 600.0, 5.2e-05, [0.0049991123000000005], [385.909251], [74.467015], [0.0009447437626679522]]
[2400.0, 1200.0, 0.000153, [0.00376469401], [56.637238], [18.1991929], [0.0006761591654337016]]
[2400.0, 1500.0, 0.000101, [0.0025016459999999997], [56.637238], [18.1991929], [0.0005459039838652947]]
[2400.0, 1100.0, 8.1e-05, [4.83786065e-05], [0.223889134], [0.05566596], [1.7104425444895833e-05]]
[2400.0, 1600.0, 0.000132, [7.902595049999999e-05], [0.223889134], [0.05566596], [2.191785665045741e-05]]
[2400.0, 400.0, 3.4e-05, [0.00084410634], [56.637238], [18.1991929], [0.00031904211939805065]]
[2400.0, 1300.0, 0.000131, [7.8525979e-05], [0.223889134], [0.05566596], [2.1779189527505377e-05]]
[2400.0, 200.0, 2e-05, [0.0019483585800000001], [385.909251], [74.467015], [0.0004870895765667748]]
[2400.0, 1700.0, 0.000122, [0.0030092957999999998], [56.637238], [18.1991929], [0.0006018592428466974]]
[2400.0, 2000.0, 0.000122, [7.26696705e-05], [0.223889134], [0.05566596], [2.0977926674245005e-05]]
[2400.0, 600.0, 3.9e-05, [0.00097074586], [56.637238], [18.1991929], [0.00034321039047499716]]
[2400.0, 1900.0, 0.000142, [0.00349602603], [56.637238], [18.1991929], [0.000649195820380877]]
[2400.0, 700.0, 3e-05, [1.8121552399999998e-05], [0.223889134], [0.05566596], [1.0462478232952268e-05]]
[2400.0, 100.0, 4e-05, [2.413990145e-05], [0.223889134], [0.05566596], [1.2069951792571501e-05]]
[2400.0, 1800.0, 0.000131, [0.00323734082], [56.637238], [18.1991929], [0.0006230264735948224]]
[2400.0, 500.0, 4e-05, [2.4004115100000002e-05], [0.223889134], [0.05566596], [1.200205713929908e-05]]
[2400.0, 900.0, 6.8e-05, [0.00168927059], [56.637238], [18.1991929], [0.0004514765445070209]]
[2400.0, 1400.0, 0.000136, [0.0033659354400000004], [56.637238], [18.1991929], [0.0006361021017886987]]
[2400.0, 800.0, 5.1e-05, [3.04612175e-05], [0.223889134], [0.05566596], [1.3622667564577799e-05]]
[2400.0, 300.0, 2.4e-05, [0.0006033076000000001], [56.637238], [18.1991929], [0.0002698072330572329]]
[2400.0, 1000.0, 5.6e-05, [0.0054444292], [385.909251], [74.467015], [0.0008116079023149048]]
[2500.0, 400.0, 1.7e-05, [0.0013527547599999998], [329.272062], [61.410573], [0.0003280912082333204]]
[2500.0, 1300.0, 0.000103, [0.00255440577], [56.637238], [18.1991929], [0.0004515593929927712]]
[2500.0, 500.0, 1.7e-05, [0.00159539492], [385.909251], [74.467015], [0.0003567411676411905]]
[2500.0, 900.0, 3.9e-05, [0.00095830035], [56.637238], [18.1991929], [0.0002766374839207442]]
[2500.0, 1400.0, 9.6e-05, [0.0023706440100000003], [56.637238], [18.1991929], [0.0004328184450898552]]
[2500.0, 200.0, 1.6e-05, [0.000400037862], [56.637238], [18.1991929], [0.0001789023485033106]]
[2500.0, 1900.0, 7.1e-05, [0.00175182791], [56.637238], [18.1991929], [0.0003734909730100582]]
[2500.0, 1000.0, 4.2e-05, [0.00103946885], [56.637238], [18.1991929], [0.00028829686238320386]]
[2500.0, 1800.0, 0.000101, [0.0024854838400000002], [56.637238], [18.1991929], [0.0004464061089299742]]
[2500.0, 1700.0, 8.7e-05, [0.0021539224], [56.637238], [18.1991929], [0.0004145225368662119]]
[2500.0, 800.0, 2.9e-05, [0.0007132518399999999], [56.637238], [18.1991929], [0.00023775065600330108]]
[2500.0, 700.0, 2.8e-05, [0.0007030985500000001], [56.637238], [18.1991929], [0.00023436618555158507]]
[2500.0, 1600.0, 0.0001, [0.0024671495099999998], [56.637238], [18.1991929], [0.0004431131527273818]]
[2500.0, 1100.0, 5.4e-05, [3.2078634e-05], [0.223889134], [0.05566596], [1.1341507546397877e-05]]
[2500.0, 600.0, 2e-05, [1.19486598e-05], [0.223889134], [0.05566596], [6.89856093453555e-06]]
[2500.0, 300.0, 1.5e-05, [2.0124420049999997e-05], [1.07230816], [0.23558073000000002], [8.999914182924192e-06]]
[2500.0, 2000.0, 0.000117, [0.00289866164], [56.637238], [18.1991929], [0.00048311023133442327]]
[2500.0, 1200.0, 8.8e-05, [5.2537653e-05], [0.223889134], [0.05566596], [1.4571320160678647e-05]]
[2500.0, 100.0, 1.3e-05, [0.000322804895], [56.637238], [18.1991929], [0.00016140245958472878]]
[2500.0, 1500.0, 9e-05, [0.00222374397], [56.637238], [18.1991929], [0.0004202480650758549]]
[2600.0, 800.0, 2e-05, [0.00048466478199999996], [56.637238], [18.1991929], [0.00016155493947880395]]
[2600.0, 2000.0, 4.8e-05, [2.8908922e-05], [0.223889134], [0.05566596], [8.71636868770476e-06]]
[2600.0, 900.0, 2.4e-05, [0.0005852555099999999], [56.637238], [18.1991929], [0.0001764611713380595]]
[2600.0, 1000.0, 1.8e-05, [1.0481589999999999e-05], [0.223889134], [0.05566596], [5.240795681478147e-06]]
[2600.0, 200.0, 1e-05, [0.00099582406], [385.909251], [74.467015], [0.0002284576853380074]]
[2600.0, 1100.0, 3.7e-05, [0.00090810818], [56.637238], [18.1991929], [0.00022024854106213735]]
[2600.0, 1500.0, 6.1e-05, [3.6353247e-05], [0.223889134], [0.05566596], [9.715811633620734e-06]]
[2600.0, 700.0, 1.3e-05, [0.000315080486], [56.637238], [18.1991929], [0.0001286310851893896]]
[2600.0, 1800.0, 6.2e-05, [0.0015349847799999998], [56.637238], [18.1991929], [0.00028503949029915133]]
[2600.0, 1600.0, 6.8e-05, [0.0016742663], [56.637238], [18.1991929], [0.0002959712357138781]]
[2600.0, 1400.0, 4.7e-05, [0.0011628302700000001], [56.637238], [18.1991929], [0.0002479162251447049]]
[2600.0, 1300.0, 6.5e-05, [3.87938145e-05], [0.223889134], [0.05566596], [1.0016518707864525e-05]]
[2600.0, 600.0, 1e-05, [1.31261396e-05], [1.07230816], [0.23558073000000002], [5.870188752076036e-06]]
[2600.0, 1700.0, 8.3e-05, [0.00205199603], [56.637238], [18.1991929], [0.0003285822868476023]]
[2600.0, 400.0, 1.5e-05, [0.00036827380800000004], [56.637238], [18.1991929], [0.00013919441651876702]]
[2600.0, 300.0, 9e-06, [1.044226015e-05], [0.88462689], [0.20394407600000003], [5.221129924163925e-06]]
[2600.0, 1900.0, 8.4e-05, [5.0110193e-05], [0.223889134], [0.05566596], [1.1496067307997114e-05]]
[2600.0, 1200.0, 3.7e-05, [0.00090331059], [56.637238], [18.1991929], [0.0002190850221717587]]
[2600.0, 100.0, 9e-06, [0.0008505978600000001], [385.909251], [74.467015], [0.0002126494997407706]]
[2600.0, 500.0, 2.2e-05, [1.317001665e-05], [0.223889134], [0.05566596], [5.889809681772408e-06]]
[2700.0, 1400.0, 4.4e-05, [2.60143695e-05], [0.223889134], [0.05566596], [6.716880429559544e-06]]
[2700.0, 1000.0, 1.5e-05, [0.000377029471], [56.637238], [18.1991929], [0.00011367864826782556]]
[2700.0, 800.0, 1.2e-05, [0.000303265753], [56.637238], [18.1991929], [0.00010108857948354008]]
[2700.0, 900.0, 1.8e-05, [0.000447353977], [56.637238], [18.1991929], [0.00012407367009160323]]
[2700.0, 600.0, 1e-05, [0.000244796552], [56.637238], [18.1991929], [9.252441786361048e-05]]
[2700.0, 1100.0, 1e-05, [0.0009312151100000001], [385.909251], [74.467015], [0.00017921243413892912]]
[2700.0, 1300.0, 3.2e-05, [0.00078283135], [56.637238], [18.1991929], [0.0001632315694649782]]
[2700.0, 400.0, 9e-06, [1.1915013950000001e-05], [1.16867352], [0.272979931], [4.5034525569278505e-06]]
[2700.0, 1700.0, 4.2e-05, [0.00104626515], [56.637238], [18.1991929], [0.00019102095544730165]]
[2700.0, 100.0, 6e-06, [8.7257191e-06], [1.16867352], [0.272979931], [3.902260140610823e-06]]
[2700.0, 2000.0, 4.5e-05, [0.00111196729], [56.637238], [18.1991929], [0.00019656989896726305]]
[2700.0, 1200.0, 3.5e-05, [0.00085882153], [56.637238], [18.1991929], [0.00017176425640976644]]
[2700.0, 700.0, 9e-06, [5.090249849999999e-06], [0.223889134], [0.05566596], [2.9388574654957325e-06]]
[2700.0, 300.0, 9e-06, [5.2188870999999995e-06], [0.223889134], [0.05566596], [3.0131255051856036e-06]]
[2700.0, 1800.0, 4.2e-05, [0.00103265834], [56.637238], [18.1991929], [0.00018853669324563852]]
[2700.0, 200.0, 9e-06, [5.196200099999999e-06], [0.223889134], [0.05566596], [3.000027751121646e-06]]
[2700.0, 1500.0, 3.3e-05, [0.00315184709], [385.909251], [74.467015], [0.0003322338758164194]]
[2700.0, 500.0, 1.3e-05, [0.00030937865], [56.637238], [18.1991929], [0.00010312621301589621]]
[2700.0, 1900.0, 3.5e-05, [0.00085524943], [56.637238], [18.1991929], [0.00017104986927793896]]
[2700.0, 1600.0, 3.9e-05, [0.0009699393200000001], [56.637238], [18.1991929], [0.0001833013309007875]]
[2800.0, 1500.0, 2.3e-05, [1.37035115e-05], [0.223889134], [0.05566596], [3.9558631978368515e-06]]
[2800.0, 200.0, 5e-06, [0.000112728616], [56.637238], [18.1991929], [5.041378519809835e-05]]
[2800.0, 400.0, 7e-06, [0.000183453844], [56.637238], [18.1991929], [6.486071345583549e-05]]
[2800.0, 900.0, 7e-06, [1.3413892099999998e-05], [2.22537224], [0.39434808], [3.872257359086557e-06]]
[2800.0, 600.0, 7e-06, [0.000178892091], [56.637238], [18.1991929], [6.324789716662524e-05]]
[2800.0, 1200.0, 1.7e-05, [0.00042981085], [56.637238], [18.1991929], [9.860537495998888e-05]]
[2800.0, 1000.0, 1.2e-05, [0.00030005115700000004], [56.637238], [18.1991929], [8.321921170619198e-05]]
[2800.0, 1400.0, 2.5e-05, [0.00060684246], [56.637238], [18.1991929], [0.00011678683067024295]]
[2800.0, 800.0, 5e-06, [6.7522808499999995e-06], [1.16867352], [0.272979931], [2.7566060436703686e-06]]
[2800.0, 100.0, 5e-06, [0.000112073535], [56.637238], [18.1991929], [5.012082073350356e-05]]
[2800.0, 1100.0, 1.1e-05, [0.00027058868200000003], [56.637238], [18.1991929], [7.811222465786005e-05]]
[2800.0, 1300.0, 1.7e-05, [1.0208606100000002e-05], [0.223889134], [0.05566596], [3.4028683176843618e-06]]
[2800.0, 2000.0, 2.9e-05, [0.00072795282], [56.637238], [18.1991929], [0.00012672032853492765]]
[2800.0, 500.0, 5e-06, [0.000111481615], [56.637238], [18.1991929], [4.9856073321111035e-05]]
[2800.0, 1900.0, 2.4e-05, [0.0006032478200000001], [56.637238], [18.1991929], [0.0001160950538136746]]
[2800.0, 1800.0, 2.4e-05, [1.456601195e-05], [0.223889134], [0.05566596], [4.039885078501615e-06]]
[2800.0, 300.0, 4e-06, [2.2488153100000002e-06], [0.223889134], [0.05566596], [1.5901526777325503e-06]]
[2800.0, 700.0, 5e-06, [0.00011150435099999999], [56.637238], [18.1991929], [4.986625783032049e-05]]
[2800.0, 1600.0, 2.3e-05, [0.00056377097], [56.637238], [18.1991929], [0.00011275415329379224]]
[2800.0, 1700.0, 2.3e-05, [0.00057043007], [56.637238], [18.1991929], [0.00011408600665725837]]
[2900.0, 1300.0, 1.4e-05, [0.000345404185], [56.637238], [18.1991929], [7.05053302098501e-05]]
[2900.0, 900.0, 5e-06, [2.9517453e-06], [0.223889134], [0.05566596], [1.475872760606415e-06]]
[2900.0, 1600.0, 1.5e-05, [0.000363022527], [56.637238], [18.1991929], [7.260449233346378e-05]]
[2900.0, 2000.0, 2e-05, [0.0004993736999999999], [56.637238], [18.1991929], [8.564189385458497e-05]]
[2900.0, 1200.0, 1.1e-05, [0.000279918282], [56.637238], [18.1991929], [6.421765472983267e-05]]
[2900.0, 1700.0, 1.9e-05, [0.000459943743], [56.637238], [18.1991929], [8.260831801338168e-05]]
[2900.0, 1100.0, 1e-05, [5.74164115e-06], [0.223889134], [0.05566596], [2.029976770125707e-06]]
[2900.0, 800.0, 4e-06, [2.181025525e-06], [0.223889134], [0.05566596], [1.2592156294693933e-06]]
[2900.0, 600.0, 5e-06, [0.000130979009], [56.637238], [18.1991929], [4.3659670926382393e-05]]
[2900.0, 100.0, 2e-06, [0.000159727309], [385.909251], [74.467015], [4.815959958409122e-05]]
[2900.0, 400.0, 4e-06, [0.000102401621], [56.637238], [18.1991929], [3.870416607937703e-05]]
[2900.0, 1000.0, 5e-06, [2.9630349e-06], [0.223889134], [0.05566596], [1.4815170460544826e-06]]
[2900.0, 1400.0, 2.1e-05, [0.00052882907], [56.637238], [18.1991929], [8.813819751390427e-05]]
[2900.0, 200.0, 2e-06, [0.000207176508], [385.909251], [74.467015], [5.5370260176379884e-05]]
[2900.0, 500.0, 3e-06, [3.6568896e-06], [1.16867352], [0.272979931], [1.6354103273337857e-06]]
[2900.0, 1500.0, 1.3e-05, [0.000320901441], [56.637238], [18.1991929], [6.841640682614076e-05]]
[2900.0, 1800.0, 2.4e-05, [0.00058762123], [56.637238], [18.1991929], [9.291106803282374e-05]]
[2900.0, 300.0, 6e-06, [0.00015985417], [56.637238], [18.1991929], [4.819784068607223e-05]]
[2900.0, 700.0, 5e-06, [2.9048057499999996e-06], [0.223889134], [0.05566596], [1.4524028991640026e-06]]
[2900.0, 1900.0, 1.4e-05, [0.00034048781900000003], [56.637238], [18.1991929], [7.09966206378867e-05]]
[3000.0, 800.0, 2e-06, [1.417655995e-06], [0.223889134], [0.05566596], [8.184840960580725e-07]]
[3000.0, 900.0, 2e-06, [2.337973505e-06], [1.16867352], [0.272979931], [1.0455734886893412e-06]]
[3000.0, 1600.0, 1.3e-05, [7.57633345e-06], [0.223889134], [0.05566596], [1.894083100143708e-06]]
[3000.0, 700.0, 3e-06, [0.00027576945199999996], [385.909251], [74.467015], [5.12091027064525e-05]]
[3000.0, 600.0, 2e-06, [1.40240009e-06], [0.223889134], [0.05566596], [8.096758873154121e-07]]
[3000.0, 1300.0, 8e-06, [0.00019836444599999998], [56.637238], [18.1991929], [4.328667321705377e-05]]
[3000.0, 500.0, 2e-06, [0.000151914259], [385.909251], [74.467015], [3.797856576807502e-05]]
[3000.0, 1500.0, 9e-06, [0.00022434630400000003], [56.637238], [18.1991929], [4.579449664206388e-05]]
[3000.0, 1800.0, 1.1e-05, [6.5404857000000005e-06], [0.223889134], [0.05566596], [1.7480184276059562e-06]]
[3000.0, 2000.0, 1e-05, [0.00023968614599999998], [56.637238], [18.1991929], [4.7937228664160386e-05]]
[3000.0, 100.0, 2e-06, [5.5916987e-05], [56.637238], [18.1991929], [2.2828021427622676e-05]]
[3000.0, 1400.0, 1e-05, [0.00023802004799999997], [56.637238], [18.1991929], [4.760401067662261e-05]]
[3000.0, 1100.0, 4e-06, [0.00010223453099999999], [56.637238], [18.1991929], [3.082486756338135e-05]]
[3000.0, 1200.0, 4e-06, [2.3563492399999997e-06], [0.223889134], [0.05566596], [1.0537913957468054e-06]]
[3000.0, 1000.0, 3e-06, [1.8774205450000001e-06], [0.223889134], [0.05566596], [9.387100745171537e-07]]
[3000.0, 400.0, 2e-06, [9.415237300000001e-07], [0.223889134], [0.05566596], [6.657578266156546e-07]]
[3000.0, 300.0, 1e-06, [4.28041705e-07], [0.299048666], [0.074228532], [1.426805833409017e-07]]
[3000.0, 1700.0, 7e-06, [0.0006566240099999999], [385.909251], [74.467015], [7.84815578910103e-05]]
[3000.0, 200.0, 3e-06, [1.8885712299999998e-06], [0.223889134], [0.05566596], [9.442857495218278e-07]]
