[100.0, 1800.0, 0.087921, [31.25334], [5130.0], [273.72431386341987], [2.7953831937678952]]
[100.0, 800.0, 0.081363, [28.913030999999997], [5130.0], [273.72431386341987], [2.6961535935476677]]
[100.0, 500.0, 0.07708, [27.385407], [5130.0], [273.72431386341987], [2.623046530277341]]
[100.0, 1100.0, 0.079025, [28.079049], [5130.0], [273.72431386341987], [2.653220929361141]]
[100.0, 600.0, 0.071254, [25.309251], [5130.0], [273.72431386341987], [2.5183646479411985]]
[100.0, 1400.0, 0.095367, [33.913500000000006], [5130.0], [273.72431386341987], [2.918810528280313]]
[100.0, 1700.0, 0.095708, [34.0356], [5130.0], [273.72431386341987], [2.9185289959155796]]
[100.0, 100.0, 0.066599, [23.651145], [5130.0], [273.72431386341987], [2.4394294824815086]]
[100.0, 1200.0, 0.079025, [28.078919999999997], [5130.0], [273.72431386341987], [2.6532083785485074]]
[100.0, 1000.0, 0.082329, [29.257430999999997], [5130.0], [273.72431386341987], [2.7164838486543594]]
[100.0, 2000.0, 0.078482, [27.885516], [5130.0], [273.72431386341987], [2.646775906645668]]
[100.0, 400.0, 0.078803, [27.999852], [5130.0], [273.72431386341987], [2.6576285293471695]]
[100.0, 1600.0, 0.074766, [26.560728], [5130.0], [273.72431386341987], [2.5798060392207782]]
[100.0, 1300.0, 0.069421, [24.656292000000004], [5130.0], [273.72431386341987], [2.490661357952944]]
[100.0, 1500.0, 0.077011, [9.624488], [1611.0], [91.00686787270509], [0.8974879943486709]]
[100.0, 900.0, 0.072838, [25.873572000000003], [5130.0], [273.72431386341987], [2.5493983407855274]]
[100.0, 1900.0, 0.081585, [10.19875], [1611.0], [91.00686787270509], [0.9233511791295878]]
[100.0, 200.0, 0.073758, [9.216388], [1611.0], [91.00686787270509], [0.878748143668025]]
[100.0, 700.0, 0.089322, [31.75371], [5130.0], [273.72431386341987], [2.8176852201763065]]
[100.0, 300.0, 0.068839, [8.599705], [1611.0], [91.00686787270509], [0.847354176245093]]
[200.0, 1800.0, 0.04129, [14.651016], [5130.0], [273.72431386341987], [0.9681665146037639]]
[200.0, 700.0, 0.04362, [15.479025], [5130.0], [273.72431386341987], [0.9970914200814287]]
[200.0, 2000.0, 0.041906, [5.229224], [1611.0], [91.00686787270509], [0.33408292383778015]]
[200.0, 1300.0, 0.043309, [5.404525], [1611.0], [91.00686787270509], [0.340453080467779]]
[200.0, 1400.0, 0.043965, [5.486523], [1611.0], [91.00686787270509], [0.34290771353237304]]
[200.0, 400.0, 0.04752, [16.864581], [5130.0], [273.72431386341987], [1.0418974517676873]]
[200.0, 1900.0, 0.045998, [5.740657], [1611.0], [91.00686787270509], [0.3506663656525958]]
[200.0, 1700.0, 0.042033, [5.245111], [1611.0], [91.00686787270509], [0.33441605822687404]]
[200.0, 500.0, 0.045504, [5.678906], [1611.0], [91.00686787270509], [0.3481960654573799]]
[200.0, 1500.0, 0.044014, [15.618783], [5130.0], [273.72431386341987], [1.0019452080827573]]
[200.0, 100.0, 0.040168, [5.011991], [1611.0], [91.00686787270509], [0.3276441667419092]]
[200.0, 600.0, 0.043673, [15.497637000000001], [5130.0], [273.72431386341987], [1.0003679822945155]]
[200.0, 1000.0, 0.040836, [5.095427999999999], [1611.0], [91.00686787270509], [0.33028760194715145]]
[200.0, 1200.0, 0.042447, [15.062240999999998], [5130.0], [273.72431386341987], [0.9825519833576235]]
[200.0, 300.0, 0.042847, [5.346807999999999], [1611.0], [91.00686787270509], [0.33816179559494886]]
[200.0, 1600.0, 0.044315, [5.530301000000001], [1611.0], [91.00686787270509], [0.34430146674099427]]
[200.0, 900.0, 0.039969, [14.181798], [5130.0], [273.72431386341987], [0.9539707542687039]]
[200.0, 800.0, 0.04256, [5.31091], [1611.0], [91.00686787270509], [0.337243087401358]]
[200.0, 1100.0, 0.041482, [14.719431], [5130.0], [273.72431386341987], [0.9726877196716324]]
[200.0, 200.0, 0.042503, [5.303757], [1611.0], [91.00686787270509], [0.33746999866654814]]
[300.0, 2000.0, 0.028525, [3.558003], [1611.0], [91.00686787270509], [0.1719825863278024]]
[300.0, 400.0, 0.026757, [9.491159999999999], [5130.0], [273.72431386341987], [0.4862470668291995]]
[300.0, 1000.0, 0.026044, [3.2483340000000003], [1611.0], [91.00686787270509], [0.16469708558441465]]
[300.0, 200.0, 0.026091, [3.2541510000000002], [1611.0], [91.00686787270509], [0.1645694989966245]]
[300.0, 1600.0, 0.028111, [3.506314], [1611.0], [91.00686787270509], [0.1710905900393122]]
[300.0, 1300.0, 0.025116, [3.132477], [1611.0], [91.00686787270509], [0.16133080920890464]]
[300.0, 800.0, 0.027787, [3.465821], [1611.0], [91.00686787270509], [0.16972200800131962]]
[300.0, 700.0, 0.027188, [3.391144], [1611.0], [91.00686787270509], [0.168092742258552]]
[300.0, 300.0, 0.027997, [3.4921309999999997], [1611.0], [91.00686787270509], [0.17039850351455557]]
[300.0, 900.0, 0.028974, [3.614031], [1611.0], [91.00686787270509], [0.1734790477262312]]
[300.0, 600.0, 0.030023, [10.65039], [5130.0], [273.72431386341987], [0.5160130812295363]]
[300.0, 1400.0, 0.030126, [3.757886], [1611.0], [91.00686787270509], [0.17695191437223842]]
[300.0, 500.0, 0.027809, [3.468579], [1611.0], [91.00686787270509], [0.17006110666463395]]
[300.0, 1200.0, 0.026964, [3.363178], [1611.0], [91.00686787270509], [0.16711768308590208]]
[300.0, 100.0, 0.014582, [1.8181960000000001], [1611.0], [91.00686787270509], [0.12314377775592236]]
[300.0, 1100.0, 0.027657, [3.4495869999999997], [1611.0], [91.00686787270509], [0.1693335170602678]]
[300.0, 1900.0, 0.02886, [3.5997429999999997], [1611.0], [91.00686787270509], [0.1731927250204234]]
[300.0, 1500.0, 0.028945, [3.6104629999999998], [1611.0], [91.00686787270509], [0.17370846266086176]]
[300.0, 1700.0, 0.027326, [9.693297], [5130.0], [273.72431386341987], [0.4914696837038883]]
[300.0, 1800.0, 0.026817, [9.512654999999999], [5130.0], [273.72431386341987], [0.48607388327290324]]
[400.0, 900.0, 0.019238, [2.399038], [1611.0], [91.00686787270509], [0.09666001758741823]]
[400.0, 1200.0, 0.019265, [2.402453], [1611.0], [91.00686787270509], [0.09664081435915159]]
[400.0, 1500.0, 0.02038, [2.541478], [1611.0], [91.00686787270509], [0.09945573387190906]]
[400.0, 200.0, 0.019418, [6.8870190000000004], [5130.0], [273.72431386341987], [0.28329408394811206]]
[400.0, 1600.0, 0.020367, [2.539918], [1611.0], [91.00686787270509], [0.09947087010778582]]
[400.0, 500.0, 0.018065, [2.2527350000000004], [1611.0], [91.00686787270509], [0.09353974021772778]]
[400.0, 1700.0, 0.020086, [2.504782], [1611.0], [91.00686787270509], [0.09877894512496072]]
[400.0, 300.0, 0.019809, [2.47024], [1611.0], [91.00686787270509], [0.09802849585707209]]
[400.0, 1300.0, 0.020754, [7.361037], [5130.0], [273.72431386341987], [0.29327067702039356]]
[400.0, 1400.0, 0.020566, [2.564757], [1611.0], [91.00686787270509], [0.09983302559774494]]
[400.0, 1100.0, 0.02003, [2.49785], [1611.0], [91.00686787270509], [0.09865914047872097]]
[400.0, 800.0, 0.019944, [2.487095], [1611.0], [91.00686787270509], [0.09838795658006116]]
[400.0, 100.0, 0.00798, [0.9948994], [1611.0], [91.00686787270509], [0.06218121098852932]]
[400.0, 1000.0, 0.019757, [2.4638340000000003], [1611.0], [91.00686787270509], [0.09777427575799272]]
[400.0, 400.0, 0.020528, [2.5600129999999996], [1611.0], [91.00686787270509], [0.09964836677035907]]
[400.0, 1800.0, 0.019983, [2.49197], [1611.0], [91.00686787270509], [0.09827370960740212]]
[400.0, 2000.0, 0.020835, [2.598313], [1611.0], [91.00686787270509], [0.10068257048764698]]
[400.0, 600.0, 0.020617, [2.5711139999999997], [1611.0], [91.00686787270509], [0.10000474988719286]]
[400.0, 700.0, 0.021466, [2.6770329999999998], [1611.0], [91.00686787270509], [0.10206096217457486]]
[400.0, 1900.0, 0.020743, [2.586847], [1611.0], [91.00686787270509], [0.10031365809300348]]
[500.0, 1700.0, 0.015705, [1.958318], [1611.0], [91.00686787270509], [0.06310590305193325]]
[500.0, 1100.0, 0.015658, [1.9524179999999998], [1611.0], [91.00686787270509], [0.06281803085102239]]
[500.0, 300.0, 0.015665, [1.953302], [1611.0], [91.00686787270509], [0.06291160465287783]]
[500.0, 1300.0, 0.015673, [1.954363], [1611.0], [91.00686787270509], [0.06278318246154777]]
[500.0, 1800.0, 0.016139, [2.012457], [1611.0], [91.00686787270509], [0.0637671545546765]]
[500.0, 1400.0, 0.016524, [2.060419], [1611.0], [91.00686787270509], [0.06470479889467241]]
[500.0, 600.0, 0.015551, [1.939136], [1611.0], [91.00686787270509], [0.06265062649327618]]
[500.0, 1900.0, 0.016229, [2.023652], [1611.0], [91.00686787270509], [0.06392959408599433]]
[500.0, 1200.0, 0.015574, [1.941911], [1611.0], [91.00686787270509], [0.06257721630114271]]
[500.0, 800.0, 0.016169, [2.016191], [1611.0], [91.00686787270509], [0.0640787562301267]]
[500.0, 1000.0, 0.015274, [1.9045869999999998], [1611.0], [91.00686787270509], [0.06205480642142074]]
[500.0, 2000.0, 0.016357, [2.039688], [1611.0], [91.00686787270509], [0.06424413591916386]]
[500.0, 700.0, 0.01583, [1.973885], [1611.0], [91.00686787270509], [0.06308562435293796]]
[500.0, 100.0, 0.005393, [0.6723408999999999], [1611.0], [91.00686787270509], [0.036844049723123544]]
[500.0, 200.0, 0.009065, [1.1302510000000001], [1611.0], [91.00686787270509], [0.047804508155612276]]
[500.0, 1500.0, 0.016112, [2.009087], [1611.0], [91.00686787270509], [0.0637564584963751]]
[500.0, 900.0, 0.015236, [1.89976], [1611.0], [91.00686787270509], [0.061996338601565816]]
[500.0, 1600.0, 0.015928, [1.9861139999999997], [1611.0], [91.00686787270509], [0.06350891276033625]]
[500.0, 500.0, 0.015207, [1.896251], [1611.0], [91.00686787270509], [0.06191481244419626]]
[500.0, 400.0, 0.015985, [1.993248], [1611.0], [91.00686787270509], [0.06357473554801467]]
[600.0, 200.0, 0.005127, [0.6391571], [1611.0], [91.00686787270509], [0.02679485958164364]]
[600.0, 1400.0, 0.012594, [1.5703280000000002], [1611.0], [91.00686787270509], [0.042074101297591614]]
[600.0, 1900.0, 0.01298, [1.618411], [1611.0], [91.00686787270509], [0.042693360139487734]]
[600.0, 100.0, 0.003706, [0.46195519999999995], [1611.0], [91.00686787270509], [0.022842213115195294]]
[600.0, 800.0, 0.012975, [1.6178129999999997], [1611.0], [91.00686787270509], [0.04267760536862395]]
[600.0, 1200.0, 0.012703, [1.583859], [1611.0], [91.00686787270509], [0.042270072155131226]]
[600.0, 600.0, 0.012448, [1.55206], [1611.0], [91.00686787270509], [0.04185595537077132]]
[600.0, 1600.0, 0.01279, [1.594748], [1611.0], [91.00686787270509], [0.042470036496334684]]
[600.0, 400.0, 0.013052, [1.62746], [1611.0], [91.00686787270509], [0.04279825931039719]]
[600.0, 500.0, 0.012649, [1.577141], [1611.0], [91.00686787270509], [0.04221121888787387]]
[600.0, 1100.0, 0.01308, [1.6308590000000003], [1611.0], [91.00686787270509], [0.04287282355991964]]
[600.0, 300.0, 0.012511, [1.559904], [1611.0], [91.00686787270509], [0.04193047817518899]]
[600.0, 1700.0, 0.012855, [1.602866], [1611.0], [91.00686787270509], [0.042550628667506196]]
[600.0, 1500.0, 0.01294, [1.6134769999999998], [1611.0], [91.00686787270509], [0.04263743660212232]]
[600.0, 1800.0, 0.012481, [1.55626], [1611.0], [91.00686787270509], [0.04190829273544796]]
[600.0, 1000.0, 0.012948, [1.614449], [1611.0], [91.00686787270509], [0.04257402964249449]]
[600.0, 2000.0, 0.01287, [1.6046569999999998], [1611.0], [91.00686787270509], [0.04259816897473411]]
[600.0, 700.0, 0.012822, [1.59878], [1611.0], [91.00686787270509], [0.042487103925779646]]
[600.0, 1300.0, 0.01322, [1.648394], [1611.0], [91.00686787270509], [0.04309618312565511]]
[600.0, 900.0, 0.012408, [1.547088], [1611.0], [91.00686787270509], [0.0418132036562615]]
[700.0, 2000.0, 0.010017, [1.248863], [1611.0], [91.00686787270509], [0.02868865978047772]]
[700.0, 100.0, 0.002751, [0.3429858], [1611.0], [91.00686787270509], [0.015055407666350318]]
[700.0, 1000.0, 0.009525, [1.187594], [1611.0], [91.00686787270509], [0.02798408654932299]]
[700.0, 600.0, 0.010506, [1.309893], [1611.0], [91.00686787270509], [0.029400551015244598]]
[700.0, 1400.0, 0.009292, [1.158447], [1611.0], [91.00686787270509], [0.0275820757014406]]
[700.0, 1900.0, 0.009492, [1.1834500000000001], [1611.0], [91.00686787270509], [0.027948570625346836]]
[700.0, 200.0, 0.003466, [0.4320703], [1611.0], [91.00686787270509], [0.016843853478346337]]
[700.0, 400.0, 0.010136, [1.263755], [1611.0], [91.00686787270509], [0.02895445906937306]]
[700.0, 1300.0, 0.01013, [1.262994], [1611.0], [91.00686787270509], [0.02890667915897639]]
[700.0, 1100.0, 0.009754, [1.216113], [1611.0], [91.00686787270509], [0.03164345113921679]]
[700.0, 800.0, 0.010218, [1.273973], [1611.0], [91.00686787270509], [0.029044080291859817]]
[700.0, 1500.0, 0.0099, [1.234334], [1611.0], [91.00686787270509], [0.02850571346239206]]
[700.0, 1600.0, 0.010108, [1.2602119999999999], [1611.0], [91.00686787270509], [0.028812839152016937]]
[700.0, 1800.0, 0.00969, [1.2081520000000001], [1611.0], [91.00686787270509], [0.028157540730681715]]
[700.0, 1200.0, 0.009644, [1.20235], [1611.0], [91.00686787270509], [0.028091071535276117]]
[700.0, 700.0, 0.010145, [1.264851], [1611.0], [91.00686787270509], [0.028949198607215364]]
[700.0, 900.0, 0.010088, [1.257822], [1611.0], [91.00686787270509], [0.02884882146639616]]
[700.0, 300.0, 0.006236, [0.7774772999999999], [1611.0], [91.00686787270509], [0.02263323883141783]]
[700.0, 500.0, 0.009807, [1.2227320000000002], [1611.0], [91.00686787270509], [0.0283590426495677]]
[700.0, 1700.0, 0.010515, [1.311001], [1611.0], [91.00686787270509], [0.02941061203035394]]
[800.0, 300.0, 0.00363, [0.4524891], [1611.0], [91.00686787270509], [0.013448843816477313]]
[800.0, 100.0, 0.002015, [0.036014283870967743], [144.0], [7.70275924588066], [0.002042182770533095]]
[800.0, 1800.0, 0.00793, [0.14182080967741933], [144.0], [7.70275924588066], [0.004066991412177086]]
[800.0, 800.0, 0.007841, [0.9775768], [1611.0], [91.00686787270509], [0.019802643762891863]]
[800.0, 400.0, 0.00759, [0.9462724], [1611.0], [91.00686787270509], [0.019458106279902986]]
[800.0, 200.0, 0.002322, [0.04150631612903226], [144.0], [7.70275924588066], [0.002199829579058129]]
[800.0, 1700.0, 0.007714, [0.9616802999999999], [1611.0], [91.00686787270509], [0.019654798396320425]]
[800.0, 600.0, 0.007667, [0.9558758], [1611.0], [91.00686787270509], [0.01958531848094383]]
[800.0, 1600.0, 0.007577, [0.9446708], [1611.0], [91.00686787270509], [0.01938423586319564]]
[800.0, 1000.0, 0.008009, [0.9985825], [1611.0], [91.00686787270509], [0.019979644641484495]]
[800.0, 1100.0, 0.007951, [0.14220690967741936], [144.0], [7.70275924588066], [0.004061397075129819]]
[800.0, 1500.0, 0.007752, [0.9665216000000001], [1611.0], [91.00686787270509], [0.019643283839521335]]
[800.0, 1400.0, 0.007629, [0.13643288709677417], [144.0], [7.70275924588066], [0.003981851192321728]]
[800.0, 1200.0, 0.007753, [0.9665583000000001], [1611.0], [91.00686787270509], [0.019648091510373212]]
[800.0, 900.0, 0.007974, [0.9941922000000001], [1611.0], [91.00686787270509], [0.01997997997996995]]
[800.0, 1300.0, 0.007854, [0.9791536], [1611.0], [91.00686787270509], [0.019806155608800006]]
[800.0, 2000.0, 0.008069, [1.005952], [1611.0], [91.00686787270509], [0.02007891680345332]]
[800.0, 500.0, 0.008005, [0.9979646], [1611.0], [91.00686787270509], [0.019927433352040096]]
[800.0, 1900.0, 0.007707, [0.1378305], [144.0], [7.70275924588066], [0.003997186341320912]]
[800.0, 700.0, 0.007976, [0.9943662000000001], [1611.0], [91.00686787270509], [0.020019895104620305]]
[900.0, 200.0, 0.001758, [0.03143075806451613], [144.0], [7.70275924588066], [0.0015104649930790775]]
[900.0, 1100.0, 0.006763, [0.12094011290322582], [144.0], [7.70275924588066], [0.0029612319728596695]]
[900.0, 300.0, 0.002256, [0.04032165483870968], [144.0], [7.70275924588066], [0.0017039009750505912]]
[900.0, 1000.0, 0.006587, [0.11778250645161291], [144.0], [7.70275924588066], [0.0029227237200612263]]
[900.0, 900.0, 0.007017, [0.12548688387096774], [144.0], [7.70275924588066], [0.003016128859755041]]
[900.0, 1600.0, 0.006322, [0.11304397741935485], [144.0], [7.70275924588066], [0.0028538817477563603]]
[900.0, 700.0, 0.006874, [0.1229332064516129], [144.0], [7.70275924588066], [0.0029833240998428973]]
[900.0, 1900.0, 0.00664, [0.11873906129032258], [144.0], [7.70275924588066], [0.0029284828779935442]]
[900.0, 500.0, 0.006632, [0.1185894], [144.0], [7.70275924588066], [0.0029265725781451044]]
[900.0, 1400.0, 0.006529, [0.11674823225806452], [144.0], [7.70275924588066], [0.0029024252767285356]]
[900.0, 1200.0, 0.006828, [0.1221043064516129], [144.0], [7.70275924588066], [0.0029728536097170157]]
[900.0, 1500.0, 0.006703, [0.11985837096774192], [144.0], [7.70275924588066], [0.0029321100250078104]]
[900.0, 800.0, 0.006667, [0.11922012580645162], [144.0], [7.70275924588066], [0.0029314459111627563]]
[900.0, 400.0, 0.004535, [0.08108927419354837], [144.0], [7.70275924588066], [0.0024219243194098803]]
[900.0, 100.0, 0.001504, [0.026889105483870968], [144.0], [7.70275924588066], [0.0013941349571960995]]
[900.0, 600.0, 0.006299, [0.11264289677419355], [144.0], [7.70275924588066], [0.002855611191278397]]
[900.0, 1800.0, 0.006553, [0.11719024838709677], [144.0], [7.70275924588066], [0.002905344388289994]]
[900.0, 2000.0, 0.006669, [0.11925432580645161], [144.0], [7.70275924588066], [0.002940297028891153]]
[900.0, 1700.0, 0.006883, [0.12307755483870968], [144.0], [7.70275924588066], [0.002986826801009722]]
[900.0, 1300.0, 0.006735, [0.12044339999999999], [144.0], [7.70275924588066], [0.002942022229196504]]
[1000.0, 1600.0, 0.005527, [0.09881805483870967], [144.0], [7.70275924588066], [0.00213265343804018]]
[1000.0, 1400.0, 0.005741, [0.10265298387096775], [144.0], [7.70275924588066], [0.0021718508149822405]]
[1000.0, 1500.0, 0.005603, [0.10017975483870967], [144.0], [7.70275924588066], [0.0021407104347511956]]
[1000.0, 700.0, 0.005502, [0.09838079999999999], [144.0], [7.70275924588066], [0.002126686721167364]]
[1000.0, 1900.0, 0.005496, [0.09827120322580646], [144.0], [7.70275924588066], [0.0021218402130457966]]
[1000.0, 1800.0, 0.00547, [0.09779783225806453], [144.0], [7.70275924588066], [0.0021180471882796654]]
[1000.0, 500.0, 0.005787, [0.10348020000000001], [144.0], [7.70275924588066], [0.0021805854401060506]]
[1000.0, 1000.0, 0.005559, [0.09939864193548387], [144.0], [7.70275924588066], [0.0021337846592157012]]
[1000.0, 200.0, 0.001298, [0.02319389419354839], [144.0], [7.70275924588066], [0.001028051484274216]]
[1000.0, 1100.0, 0.005657, [0.10114705161290322], [144.0], [7.70275924588066], [0.002150604762124368]]
[1000.0, 2000.0, 0.005483, [0.09804312580645161], [144.0], [7.70275924588066], [0.002114452062216855]]
[1000.0, 1700.0, 0.005728, [0.10241294516129033], [144.0], [7.70275924588066], [0.0021629028361116773]]
[1000.0, 800.0, 0.005649, [0.10099907419354838], [144.0], [7.70275924588066], [0.002155758648039064]]
[1000.0, 1300.0, 0.005575, [0.09967726451612903], [144.0], [7.70275924588066], [0.002145209638067829]]
[1000.0, 400.0, 0.002862, [0.05115544838709677], [144.0], [7.70275924588066], [0.001529928106286641]]
[1000.0, 300.0, 0.001695, [0.030300590322580645], [144.0], [7.70275924588066], [0.0011776659132036336]]
[1000.0, 600.0, 0.005723, [0.10233659032258065], [144.0], [7.70275924588066], [0.0021646723009858945]]
[1000.0, 1200.0, 0.00548, [0.0979789064516129], [144.0], [7.70275924588066], [0.002118494036411265]]
[1000.0, 100.0, 0.00122, [0.02180703193548387], [144.0], [7.70275924588066], [0.000998475450778061]]
[1000.0, 900.0, 0.005661, [0.10122628064516129], [144.0], [7.70275924588066], [0.0021557035182716722]]
[1100.0, 1300.0, 0.004735, [0.08466041612903226], [144.0], [7.70275924588066], [0.0017679844253272684]]
[1100.0, 1800.0, 0.004426, [0.07913128064516128], [144.0], [7.70275924588066], [0.0015279840424988454]]
[1100.0, 2000.0, 0.004602, [0.08227953870967741], [144.0], [7.70275924588066], [0.001553550282658794]]
[1100.0, 700.0, 0.004423, [0.07907815161290323], [144.0], [7.70275924588066], [0.0015263892939859757]]
[1100.0, 900.0, 0.004502, [0.08049454838709678], [144.0], [7.70275924588066], [0.0015411475514155453]]
[1100.0, 200.0, 0.00106, [0.018937320967741936], [144.0], [7.70275924588066], [0.000746814985299887]]
[1100.0, 1900.0, 0.004755, [0.08500865806451613], [144.0], [7.70275924588066], [0.0015834931846941888]]
[1100.0, 1500.0, 0.004578, [0.08184356129032258], [144.0], [7.70275924588066], [0.0015561750715384934]]
[1100.0, 800.0, 0.004631, [0.08280209032258065], [144.0], [7.70275924588066], [0.0015634171530941351]]
[1100.0, 500.0, 0.003152, [0.0563382], [144.0], [7.70275924588066], [0.0012877516524618844]]
[1100.0, 1700.0, 0.004558, [0.0814855064516129], [144.0], [7.70275924588066], [0.0015493667767668864]]
[1100.0, 400.0, 0.001805, [0.03226804838709677], [144.0], [7.70275924588066], [0.000976923189300963]]
[1100.0, 600.0, 0.004595, [0.08216021612903227], [144.0], [7.70275924588066], [0.0015560201574816033]]
[1100.0, 1400.0, 0.004624, [0.08267640967741935], [144.0], [7.70275924588066], [0.0015593768766710497]]
[1100.0, 100.0, 0.000868, [0.015514380000000001], [144.0], [7.70275924588066], [0.0006777488461363293]]
[1100.0, 1100.0, 0.004662, [0.08335762258064518], [144.0], [7.70275924588066], [0.0015677704298485784]]
[1100.0, 1000.0, 0.00458, [0.08188104193548387], [144.0], [7.70275924588066], [0.0015563248251886362]]
[1100.0, 300.0, 0.001274, [0.022772888709677423], [144.0], [7.70275924588066], [0.0008212113289685078]]
[1100.0, 1200.0, 0.00472, [0.08439450967741936], [144.0], [7.70275924588066], [0.0015767103690688537]]
[1100.0, 1600.0, 0.004489, [0.08025810967741935], [144.0], [7.70275924588066], [0.0015363392575391617]]
[1200.0, 100.0, 0.000731, [0.01306114258064516], [144.0], [7.70275924588066], [0.0005023516135142956]]
[1200.0, 1400.0, 0.003672, [0.06563787096774193], [144.0], [7.70275924588066], [0.0011230407705513188]]
[1200.0, 1700.0, 0.003945, [0.07052847096774194], [144.0], [7.70275924588066], [0.0011694804737848322]]
[1200.0, 1800.0, 0.003684, [0.06586400322580646], [144.0], [7.70275924588066], [0.0011279007971078598]]
[1200.0, 700.0, 0.003674, [0.0656856], [144.0], [7.70275924588066], [0.0011253410305163407]]
[1200.0, 200.0, 0.000818, [0.01461762580645161], [144.0], [7.70275924588066], [0.0005309361061402114]]
[1200.0, 1900.0, 0.003687, [0.06591202258064516], [144.0], [7.70275924588066], [0.0011267422721113944]]
[1200.0, 1200.0, 0.003604, [0.06443497741935483], [144.0], [7.70275924588066], [0.001113100711790703]]
[1200.0, 1100.0, 0.003675, [0.06569166774193548], [144.0], [7.70275924588066], [0.0011247851407727725]]
[1200.0, 1300.0, 0.003765, [0.06731303225806451], [144.0], [7.70275924588066], [0.0011376356170085256]]
[1200.0, 2000.0, 0.003742, [0.06690295161290323], [144.0], [7.70275924588066], [0.0011342740117885706]]
[1200.0, 800.0, 0.003706, [0.06625085806451612], [144.0], [7.70275924588066], [0.0011313781941093522]]
[1200.0, 1600.0, 0.00383, [0.0684760935483871], [144.0], [7.70275924588066], [0.0011484685726805778]]
[1200.0, 1000.0, 0.00365, [0.06526056774193548], [144.0], [7.70275924588066], [0.001120198306362549]]
[1200.0, 1500.0, 0.003682, [0.06583354838709676], [144.0], [7.70275924588066], [0.0011252361666784661]]
[1200.0, 300.0, 0.000962, [0.01718799387096774], [144.0], [7.70275924588066], [0.0005764667561236405]]
[1200.0, 600.0, 0.003643, [0.06513204193548387], [144.0], [7.70275924588066], [0.001117498716730297]]
[1200.0, 500.0, 0.002053, [0.036703538709677415], [144.0], [7.70275924588066], [0.0008435922963962046]]
[1200.0, 900.0, 0.003705, [0.06623555806451611], [144.0], [7.70275924588066], [0.0011278324177549702]]
[1200.0, 400.0, 0.001296, [0.023155673225806455], [144.0], [7.70275924588066], [0.000668168321089059]]
[1300.0, 1600.0, 0.002877, [0.051437816129032254], [144.0], [7.70275924588066], [0.000807072545470632]]
[1300.0, 1700.0, 0.002884, [0.05155409032258065], [144.0], [7.70275924588066], [0.0008072095012945702]]
[1300.0, 900.0, 0.002915, [0.05210134838709678], [144.0], [7.70275924588066], [0.0008122021573677839]]
[1300.0, 200.0, 0.000663, [0.011846020645161291], [144.0], [7.70275924588066], [0.0003880293524411256]]
[1300.0, 1800.0, 0.002909, [0.05200940322580646], [144.0], [7.70275924588066], [0.0008103750432472623]]
[1300.0, 1000.0, 0.002829, [0.05057581935483871], [144.0], [7.70275924588066], [0.0008007758867571216]]
[1300.0, 1400.0, 0.002979, [0.05325270967741936], [144.0], [7.70275924588066], [0.0008227853085050677]]
[1300.0, 1200.0, 0.002852, [0.05098906451612903], [144.0], [7.70275924588066], [0.0008024053427209063]]
[1300.0, 500.0, 0.001286, [0.022982759999999998], [144.0], [7.70275924588066], [0.0005391687410463815]]
[1300.0, 100.0, 0.000575, [0.010282116774193549], [144.0], [7.70275924588066], [0.0003610540370774247]]
[1300.0, 1100.0, 0.002843, [0.05082491612903226], [144.0], [7.70275924588066], [0.0008009138666874468]]
[1300.0, 2000.0, 0.002904, [0.051915600000000006], [144.0], [7.70275924588066], [0.000808325011131802]]
[1300.0, 1300.0, 0.002952, [0.05277167419354838], [144.0], [7.70275924588066], [0.0008182886013942123]]
[1300.0, 1500.0, 0.002975, [0.05318117419354838], [144.0], [7.70275924588066], [0.000822662420982618]]
[1300.0, 600.0, 0.00227, [0.04056976451612903], [144.0], [7.70275924588066], [0.0007169548311914653]]
[1300.0, 300.0, 0.000708, [0.012659986451612903], [144.0], [7.70275924588066], [0.0004021576639584792]]
[1300.0, 1900.0, 0.002936, [0.052487129032258065], [144.0], [7.70275924588066], [0.0008149545144128688]]
[1300.0, 400.0, 0.00087, [0.01555101870967742], [144.0], [7.70275924588066], [0.00044323064513487843]]
[1300.0, 700.0, 0.002913, [0.052077774193548386], [144.0], [7.70275924588066], [0.0008119330731634018]]
[1300.0, 800.0, 0.002846, [0.050884316129032256], [144.0], [7.70275924588066], [0.000803047267370753]]
[1400.0, 1100.0, 0.002244, [0.04012051935483871], [144.0], [7.70275924588066], [0.0006116186606507289]]
[1400.0, 400.0, 0.000628, [0.011227572580645162], [144.0], [7.70275924588066], [0.000306485230753678]]
[1400.0, 1500.0, 0.002199, [0.03929864516129033], [144.0], [7.70275924588066], [0.0005748832094212752]]
[1400.0, 1800.0, 0.002243, [0.04009276451612903], [144.0], [7.70275924588066], [0.000578147296600163]]
[1400.0, 1600.0, 0.002253, [0.040281125806451615], [144.0], [7.70275924588066], [0.0005811658391287631]]
[1400.0, 1400.0, 0.002259, [0.04037667096774194], [144.0], [7.70275924588066], [0.0005822417002436372]]
[1400.0, 600.0, 0.001329, [0.023752068387096776], [144.0], [7.70275924588066], [0.0004457781035289284]]
[1400.0, 1700.0, 0.002232, [0.03989496774193548], [144.0], [7.70275924588066], [0.000578370237057046]]
[1400.0, 900.0, 0.002244, [0.04011726774193548], [144.0], [7.70275924588066], [0.0005795259051274928]]
[1400.0, 100.0, 0.000438, [0.007824675483870969], [144.0], [7.70275924588066], [0.0002556209621191381]]
[1400.0, 700.0, 0.002173, [0.03884835483870968], [144.0], [7.70275924588066], [0.0005710521916770365]]
[1400.0, 2000.0, 0.002196, [0.03924528387096774], [144.0], [7.70275924588066], [0.0005720864464267823]]
[1400.0, 800.0, 0.002254, [0.040295322580645165], [144.0], [7.70275924588066], [0.0005813708046393393]]
[1400.0, 1300.0, 0.002222, [0.03971850967741936], [144.0], [7.70275924588066], [0.0005784931491566931]]
[1400.0, 300.0, 0.000506, [0.009034803870967742], [144.0], [7.70275924588066], [0.0002755589245800484]]
[1400.0, 1200.0, 0.0022, [0.03933124838709677], [144.0], [7.70275924588066], [0.0005749911088305028]]
[1400.0, 500.0, 0.000816, [0.014587931612903225], [144.0], [7.70275924588066], [0.0003499200146452381]]
[1400.0, 1000.0, 0.002241, [0.04006091612903225], [144.0], [7.70275924588066], [0.0005789536005519713]]
[1400.0, 200.0, 0.000471, [0.008417313870967742], [144.0], [7.70275924588066], [0.0002655158490128285]]
[1400.0, 1900.0, 0.002239, [0.040014174193548385], [144.0], [7.70275924588066], [0.000580159103011831]]
[1500.0, 1500.0, 0.001574, [0.028133340967741935], [144.0], [7.70275924588066], [0.0012231890179237217]]
[1500.0, 1100.0, 0.001559, [0.027871191290322582], [144.0], [7.70275924588066], [0.001222232548963616]]
[1500.0, 1800.0, 0.001525, [0.027261493548387097], [144.0], [7.70275924588066], [0.0012059777748119037]]
[1500.0, 400.0, 0.00038, [0.006789126774193548], [144.0], [7.70275924588066], [0.0006072380461936302]]
[1500.0, 200.0, 0.000344, [0.0061404474193548384], [144.0], [7.70275924588066], [0.0005725996716511685]]
[1500.0, 500.0, 0.000566, [0.010120839677419356], [144.0], [7.70275924588066], [0.0007401090773730515]]
[1500.0, 1300.0, 0.001599, [0.02858699612903226], [144.0], [7.70275924588066], [0.001241739917572444]]
[1500.0, 600.0, 0.000851, [0.015203392258064516], [144.0], [7.70275924588066], [0.0009037478468331569]]
[1500.0, 1000.0, 0.001547, [0.027647137741935487], [144.0], [7.70275924588066], [0.0012159197004745345]]
[1500.0, 2000.0, 0.001613, [0.02882408806451613], [144.0], [7.70275924588066], [0.0012426945983322875]]
[1500.0, 800.0, 0.001602, [0.028630544516129033], [144.0], [7.70275924588066], [0.001238965006447249]]
[1500.0, 1700.0, 0.001509, [0.026977584193548385], [144.0], [7.70275924588066], [0.0011887743668658817]]
[1500.0, 1200.0, 0.001631, [0.029156341935483873], [144.0], [7.70275924588066], [0.0012535287216427673]]
[1500.0, 300.0, 0.000301, [0.005375580967741936], [144.0], [7.70275924588066], [0.0005348902627008216]]
[1500.0, 1400.0, 0.001584, [0.028311555483870966], [144.0], [7.70275924588066], [0.0012263096590228323]]
[1500.0, 100.0, 0.000294, [0.005263107096774193], [144.0], [7.70275924588066], [0.0005316542117132772]]
[1500.0, 900.0, 0.001658, [0.02964129677419355], [144.0], [7.70275924588066], [0.00125145601776973]]
[1500.0, 700.0, 0.001279, [0.022862557741935484], [144.0], [7.70275924588066], [0.0011025303410635286]]
[1500.0, 1900.0, 0.001606, [0.028700779354838706], [144.0], [7.70275924588066], [0.0012350846023758918]]
[1500.0, 1600.0, 0.001506, [0.02692667322580645], [144.0], [7.70275924588066], [0.0011970366506402661]]
[1600.0, 1500.0, 0.001102, [0.019692685161290323], [144.0], [7.70275924588066], [0.0008435419379263741]]
[1600.0, 100.0, 0.000193, [0.0034520632258064517], [144.0], [7.70275924588066], [0.0003523246037829337]]
[1600.0, 1300.0, 0.001138, [0.020346416129032256], [144.0], [7.70275924588066], [0.0008470324859520233]]
[1600.0, 900.0, 0.001197, [0.021385698387096776], [144.0], [7.70275924588066], [0.0008737959243311516]]
[1600.0, 300.0, 0.000235, [0.0042034906451612905], [144.0], [7.70275924588066], [0.0003902841556666272]]
[1600.0, 500.0, 0.000324, [0.0057991761290322585], [144.0], [7.70275924588066], [0.00045562621256631345]]
[1600.0, 1000.0, 0.001241, [0.022183287096774196], [144.0], [7.70275924588066], [0.000894516521061301]]
[1600.0, 1200.0, 0.001074, [0.019187645806451614], [144.0], [7.70275924588066], [0.000824179991681954]]
[1600.0, 1800.0, 0.001221, [0.021817593870967742], [144.0], [7.70275924588066], [0.0008769231394528282]]
[1600.0, 1100.0, 0.001178, [0.021053093225806452], [144.0], [7.70275924588066], [0.0008667422014096663]]
[1600.0, 1900.0, 0.001204, [0.021522123870967743], [144.0], [7.70275924588066], [0.0008749987845985316]]
[1600.0, 1700.0, 0.001195, [0.021356323548387096], [144.0], [7.70275924588066], [0.0008799720522238813]]
[1600.0, 800.0, 0.001273, [0.022752952258064518], [144.0], [7.70275924588066], [0.0008986875810682404]]
[1600.0, 200.0, 0.000253, [0.004521115161290322], [144.0], [7.70275924588066], [0.0004043806919434326]]
[1600.0, 1600.0, 0.001243, [0.022213332580645163], [144.0], [7.70275924588066], [0.0008864085177579231]]
[1600.0, 2000.0, 0.001229, [0.021971853870967742], [144.0], [7.70275924588066], [0.0008859906957791848]]
[1600.0, 1400.0, 0.001165, [0.020818135161290323], [144.0], [7.70275924588066], [0.000865172201706469]]
[1600.0, 700.0, 0.000714, [0.01276792258064516], [144.0], [7.70275924588066], [0.0006738651021224358]]
[1600.0, 400.0, 0.000272, [0.00486403258064516], [144.0], [7.70275924588066], [0.00041556247252898286]]
[1600.0, 600.0, 0.000486, [0.008686814516129031], [144.0], [7.70275924588066], [0.0005572593520362327]]
[1700.0, 900.0, 0.000905, [0.016175212258064516], [144.0], [7.70275924588066], [0.0006189273650814109]]
[1700.0, 1500.0, 0.000902, [0.01611389032258065], [144.0], [7.70275924588066], [0.0006211448050870075]]
[1700.0, 1800.0, 0.000898, [0.01604490677419355], [144.0], [7.70275924588066], [0.0006203319258518051]]
[1700.0, 700.0, 0.000434, [0.007764630967741936], [144.0], [7.70275924588066], [0.00042807796245016385]]
[1700.0, 500.0, 0.000221, [0.003953531612903226], [144.0], [7.70275924588066], [0.00030593347198696306]]
[1700.0, 300.0, 0.000154, [0.0027490999354838706], [144.0], [7.70275924588066], [0.00025747679992068907]]
[1700.0, 800.0, 0.000706, [0.012614963225806452], [144.0], [7.70275924588066], [0.0005500384831868334]]
[1700.0, 1300.0, 0.000883, [0.015780045483870967], [144.0], [7.70275924588066], [0.0006170485968411917]]
[1700.0, 400.0, 0.000199, [0.003549425806451613], [144.0], [7.70275924588066], [0.0002898094465274831]]
[1700.0, 1000.0, 0.000885, [0.01581047129032258], [144.0], [7.70275924588066], [0.0006108117328153161]]
[1700.0, 2000.0, 0.000878, [0.015693067741935483], [144.0], [7.70275924588066], [0.000620808186455726]]
[1700.0, 1600.0, 0.000883, [0.015789068709677417], [144.0], [7.70275924588066], [0.0006159902208097095]]
[1700.0, 1400.0, 0.000827, [0.014787972580645162], [144.0], [7.70275924588066], [0.0005972806246991434]]
[1700.0, 1200.0, 0.000937, [0.016749447096774193], [144.0], [7.70275924588066], [0.0006358003534837918]]
[1700.0, 100.0, 0.00016, [0.002851661903225806], [144.0], [7.70275924588066], [0.00025924200362056893]]
[1700.0, 1700.0, 0.000877, [0.015677204516129032], [144.0], [7.70275924588066], [0.0006125590425788858]]
[1700.0, 1900.0, 0.000851, [0.015207314516129031], [144.0], [7.70275924588066], [0.0006078065303662664]]
[1700.0, 1100.0, 0.000855, [0.015274500967741935], [144.0], [7.70275924588066], [0.0006005025548807551]]
[1700.0, 600.0, 0.000286, [0.005116743870967742], [144.0], [7.70275924588066], [0.00034895904664170914]]
[1700.0, 200.0, 0.000147, [0.002632670129032258], [144.0], [7.70275924588066], [0.00025216405578546856]]
[1800.0, 600.0, 0.000209, [0.003728923548387097], [144.0], [7.70275924588066], [0.0002453450495532171]]
[1800.0, 1800.0, 0.000679, [0.012127087741935483], [144.0], [7.70275924588066], [0.00043931802460515554]]
[1800.0, 400.0, 0.000137, [0.002448760064516129], [144.0], [7.70275924588066], [0.00019862066659527477]]
[1800.0, 1300.0, 0.000673, [0.012021000967741936], [144.0], [7.70275924588066], [0.000437779112691372]]
[1800.0, 1200.0, 0.000643, [0.01149322935483871], [144.0], [7.70275924588066], [0.000428923488516356]]
[1800.0, 1700.0, 0.000647, [0.011559437419354838], [144.0], [7.70275924588066], [0.00043628278331092504]]
[1800.0, 500.0, 0.000185, [0.00330705], [144.0], [7.70275924588066], [0.0002293025563113183]]
[1800.0, 1600.0, 0.000641, [0.011464019999999998], [144.0], [7.70275924588066], [0.00042694242898673674]]
[1800.0, 1000.0, 0.000649, [0.011605317096774193], [144.0], [7.70275924588066], [0.00043041730108084536]]
[1800.0, 700.0, 0.000283, [0.005054963225806451], [144.0], [7.70275924588066], [0.00028346823814943034]]
[1800.0, 200.0, 0.000127, [0.002275514419354839], [144.0], [7.70275924588066], [0.000190956927004138]]
[1800.0, 800.0, 0.00044, [0.007870587096774193], [144.0], [7.70275924588066], [0.0003559202096391163]]
[1800.0, 2000.0, 0.000658, [0.011758479677419354], [144.0], [7.70275924588066], [0.0004352008112329465]]
[1800.0, 1100.0, 0.000622, [0.011108795806451613], [144.0], [7.70275924588066], [0.00041719960935727974]]
[1800.0, 900.0, 0.00068, [0.012153466451612903], [144.0], [7.70275924588066], [0.00044497000448427855]]
[1800.0, 1500.0, 0.000634, [0.011337311612903226], [144.0], [7.70275924588066], [0.0004269878332944367]]
[1800.0, 1400.0, 0.000661, [0.011818550322580645], [144.0], [7.70275924588066], [0.0004362306178216724]]
[1800.0, 1900.0, 0.000633, [0.01130787870967742], [144.0], [7.70275924588066], [0.00042924122366768736]]
[1800.0, 100.0, 0.000126, [0.00224551335483871], [144.0], [7.70275924588066], [0.0001891063547941136]]
[1800.0, 300.0, 0.000112, [0.0019933844516129033], [144.0], [7.70275924588066], [0.00017973744118226213]]
[1900.0, 300.0, 8.6e-05, [0.0015423218709677419], [144.0], [7.70275924588066], [0.00012897542659736754]]
[1900.0, 1600.0, 0.000484, [0.008656856129032258], [144.0], [7.70275924588066], [0.00030492468833584425]]
[1900.0, 600.0, 0.000148, [0.0026380111935483874], [144.0], [7.70275924588066], [0.00016819344537656003]]
[1900.0, 1500.0, 0.000463, [0.008269623870967741], [144.0], [7.70275924588066], [0.0002960999985767105]]
[1900.0, 500.0, 0.000103, [0.0018432737419354838], [144.0], [7.70275924588066], [0.000139738232682602]]
[1900.0, 1700.0, 0.000421, [0.007529995161290322], [144.0], [7.70275924588066], [0.000282595725956399]]
[1900.0, 1800.0, 0.000481, [0.008599430322580646], [144.0], [7.70275924588066], [0.0003051823408820771]]
[1900.0, 800.0, 0.000244, [0.004361542258064516], [144.0], [7.70275924588066], [0.00021862431534279322]]
[1900.0, 1300.0, 0.000487, [0.00869970193548387], [144.0], [7.70275924588066], [0.0003073888266330019]]
[1900.0, 1000.0, 0.000484, [0.008655157741935484], [144.0], [7.70275924588066], [0.00030486497582692595]]
[1900.0, 1900.0, 0.000496, [0.008857326774193548], [144.0], [7.70275924588066], [0.0003091227997203893]]
[1900.0, 1200.0, 0.000459, [0.008201801612903225], [144.0], [7.70275924588066], [0.0002996874438408084]]
[1900.0, 100.0, 8.7e-05, [0.0015604687741935484], [144.0], [7.70275924588066], [0.0001295898669295638]]
[1900.0, 2000.0, 0.000462, [0.008256077419354838], [144.0], [7.70275924588066], [0.00029733539854845533]]
[1900.0, 1100.0, 0.000481, [0.008588714516129033], [144.0], [7.70275924588066], [0.00030327803256487336]]
[1900.0, 900.0, 0.000428, [0.007653231290322581], [144.0], [7.70275924588066], [0.0002862146158873698]]
[1900.0, 200.0, 8.1e-05, [0.0014477028387096776], [144.0], [7.70275924588066], [0.0001241395047892637]]
[1900.0, 400.0, 0.000112, [0.002007488322580645], [144.0], [7.70275924588066], [0.0001464111483106249]]
[1900.0, 700.0, 0.000191, [0.0034214400000000004], [144.0], [7.70275924588066], [0.0001903740154664714]]
[1900.0, 1400.0, 0.000445, [0.007953032903225805], [144.0], [7.70275924588066], [0.00029157234231190157]]
[2000.0, 1500.0, 0.00032, [0.005727144193548387], [144.0], [7.70275924588066], [0.00020286588173703545]]
[2000.0, 1200.0, 0.000343, [0.006138174193548387], [144.0], [7.70275924588066], [0.00021153549528348263]]
[2000.0, 1300.0, 0.000362, [0.00646213064516129], [144.0], [7.70275924588066], [0.00021612598433093993]]
[2000.0, 300.0, 6e-05, [0.0010734718064516128], [144.0], [7.70275924588066], [8.853846797960094e-05]]
[2000.0, 900.0, 0.000228, [0.004079090322580645], [144.0], [7.70275924588066], [0.00017268161592557576]]
[2000.0, 1900.0, 0.000335, [0.005992530967741936], [144.0], [7.70275924588066], [0.0002093959537638048]]
[2000.0, 1600.0, 0.000327, [0.005852935161290322], [144.0], [7.70275924588066], [0.00020476830514736417]]
[2000.0, 500.0, 7.6e-05, [0.0013663492258064517], [144.0], [7.70275924588066], [9.912537232255588e-05]]
[2000.0, 600.0, 9.9e-05, [0.0017731021935483869], [144.0], [7.70275924588066], [0.00011304886919479862]]
[2000.0, 200.0, 6.7e-05, [0.0012051177096774194], [144.0], [7.70275924588066], [9.353529441194062e-05]]
[2000.0, 1800.0, 0.000351, [0.006271690645161291], [144.0], [7.70275924588066], [0.0002151172388043349]]
[2000.0, 2000.0, 0.000328, [0.005864074838709678], [144.0], [7.70275924588066], [0.00020515800819042335]]
[2000.0, 400.0, 7.4e-05, [0.0013215719032258063], [144.0], [7.70275924588066], [9.742760379517456e-05]]
[2000.0, 1100.0, 0.000357, [0.0063794990322580646], [144.0], [7.70275924588066], [0.0002150529315575308]]
[2000.0, 100.0, 6.4e-05, [0.0011465930322580645], [144.0], [7.70275924588066], [9.150809315805633e-05]]
[2000.0, 1400.0, 0.000353, [0.006317396129032257], [144.0], [7.70275924588066], [0.00021442636977319347]]
[2000.0, 1700.0, 0.000325, [0.005803667419354838], [144.0], [7.70275924588066], [0.00020279658821456347]]
[2000.0, 700.0, 0.000101, [0.0018063513870967742], [144.0], [7.70275924588066], [0.00011289696664677799]]
[2000.0, 1000.0, 0.000363, [0.006491459032258065], [144.0], [7.70275924588066], [0.00021722836854309784]]
[2000.0, 800.0, 0.000162, [0.0028973351612903223], [144.0], [7.70275924588066], [0.00014523028360419332]]
[2100.0, 200.0, 4.1e-05, [0.0007277347741935483], [144.0], [7.70275924588066], [5.961835516544107e-05]]
[2100.0, 100.0, 4.1e-05, [0.0007303102258064516], [144.0], [7.70275924588066], [5.943180493713217e-05]]
[2100.0, 400.0, 4e-05, [0.0007106225806451613], [144.0], [7.70275924588066], [5.821646811005592e-05]]
[2100.0, 1400.0, 0.000233, [0.0041590277419354844], [144.0], [7.70275924588066], [0.00014165710126650896]]
[2100.0, 500.0, 5.1e-05, [0.0009160011290322581], [144.0], [7.70275924588066], [6.645370353742333e-05]]
[2100.0, 800.0, 9.8e-05, [0.0017425271612903225], [144.0], [7.70275924588066], [9.183922464929212e-05]]
[2100.0, 300.0, 4.9e-05, [0.0008825969032258064], [144.0], [7.70275924588066], [6.54224398012834e-05]]
[2100.0, 600.0, 6.9e-05, [0.0012273599032258066], [144.0], [7.70275924588066], [7.686025902424265e-05]]
[2100.0, 700.0, 7.6e-05, [0.0013515006774193548], [144.0], [7.70275924588066], [8.048069222502855e-05]]
[2100.0, 1000.0, 0.00021, [0.003746427096774194], [144.0], [7.70275924588066], [0.0001348368212554906]]
[2100.0, 1700.0, 0.00025, [0.004460780322580646], [144.0], [7.70275924588066], [0.00014803619273691697]]
[2100.0, 1800.0, 0.000228, [0.004074636774193549], [144.0], [7.70275924588066], [0.0001406720908666795]]
[2100.0, 1900.0, 0.00025, [0.004462835806451613], [144.0], [7.70275924588066], [0.0001478603811022]]
[2100.0, 900.0, 0.000146, [0.0026089353870967745], [144.0], [7.70275924588066], [0.00011300554257860964]]
[2100.0, 2000.0, 0.000236, [0.004213222258064516], [144.0], [7.70275924588066], [0.00014202763430891938]]
[2100.0, 1200.0, 0.000236, [0.004222814516129032], [144.0], [7.70275924588066], [0.0001430025417644477]]
[2100.0, 1500.0, 0.000236, [0.00422208870967742], [144.0], [7.70275924588066], [0.00014224579933959619]]
[2100.0, 1100.0, 0.000237, [0.004237487419354839], [144.0], [7.70275924588066], [0.00014300828840143793]]
[2100.0, 1300.0, 0.000237, [0.004242713225806451], [144.0], [7.70275924588066], [0.00014417321138246518]]
[2100.0, 1600.0, 0.000234, [0.004185693870967742], [144.0], [7.70275924588066], [0.00014256526737974894]]
[2200.0, 1700.0, 0.000179, [0.0031967970967741936], [144.0], [7.70275924588066], [0.0001018584682519357]]
[2200.0, 1100.0, 0.000169, [0.0030220606451612903], [144.0], [7.70275924588066], [9.88319641006475e-05]]
[2200.0, 200.0, 2.5e-05, [0.00044607193548387096], [144.0], [7.70275924588066], [3.7972162567765884e-05]]
[2200.0, 1800.0, 0.000173, [0.003084288387096774], [144.0], [7.70275924588066], [0.0001004915033605264]]
[2200.0, 900.0, 8.8e-05, [0.001578270193548387], [144.0], [7.70275924588066], [7.144493640983677e-05]]
[2200.0, 1000.0, 0.000117, [0.0020855850967741933], [144.0], [7.70275924588066], [8.24399889580079e-05]]
[2200.0, 1300.0, 0.000172, [0.0030740254838709674], [144.0], [7.70275924588066], [9.983973630198106e-05]]
[2200.0, 1900.0, 0.000163, [0.00291154935483871], [144.0], [7.70275924588066], [9.651695488692731e-05]]
[2200.0, 1400.0, 0.000165, [0.0029539712903225808], [144.0], [7.70275924588066], [9.81933030601827e-05]]
[2200.0, 1600.0, 0.000172, [0.0030720396774193545], [144.0], [7.70275924588066], [9.935685377093573e-05]]
[2200.0, 800.0, 6.2e-05, [0.0011166256451612903], [144.0], [7.70275924588066], [6.0468673961789424e-05]]
[2200.0, 400.0, 3.5e-05, [0.0006342921290322581], [144.0], [7.70275924588066], [4.5077169004415675e-05]]
[2200.0, 600.0, 3.8e-05, [0.0006769979999999999], [144.0], [7.70275924588066], [4.671730567277635e-05]]
[2200.0, 2000.0, 0.00017, [0.0030379209677419356], [144.0], [7.70275924588066], [9.861510649980956e-05]]
[2200.0, 500.0, 3.6e-05, [0.0006395632258064516], [144.0], [7.70275924588066], [4.5566996107217466e-05]]
[2200.0, 700.0, 5.2e-05, [0.0009275449354838709], [144.0], [7.70275924588066], [5.494300954267667e-05]]
[2200.0, 300.0, 3.2e-05, [0.0005647865806451612], [144.0], [7.70275924588066], [4.2816360401160695e-05]]
[2200.0, 1200.0, 0.000165, [0.002949622258064516], [144.0], [7.70275924588066], [9.708801214350363e-05]]
[2200.0, 1500.0, 0.000165, [0.0029545896774193546], [144.0], [7.70275924588066], [9.848634602724443e-05]]
[2200.0, 100.0, 2.9e-05, [0.0005179122580645161], [144.0], [7.70275924588066], [4.081719697870925e-05]]
[2300.0, 700.0, 3.2e-05, [0.0005761222258064515], [144.0], [7.70275924588066], [3.519225848438901e-05]]
[2300.0, 100.0, 2.1e-05, [0.0003713730967741935], [144.0], [7.70275924588066], [2.8234967306021667e-05]]
[2300.0, 1800.0, 0.000121, [0.0021559854193548386], [144.0], [7.70275924588066], [6.838369513755434e-05]]
[2300.0, 1000.0, 7e-05, [0.0012443826774193548], [144.0], [7.70275924588066], [5.1625698111648704e-05]]
[2300.0, 1500.0, 0.000118, [0.0021092870322580643], [144.0], [7.70275924588066], [6.751663062557386e-05]]
[2300.0, 1200.0, 0.000118, [0.002113193612903226], [144.0], [7.70275924588066], [6.774587062303078e-05]]
[2300.0, 500.0, 2.7e-05, [0.00047977112903225806], [144.0], [7.70275924588066], [3.212786336777726e-05]]
[2300.0, 1900.0, 0.000123, [0.002195868193548387], [144.0], [7.70275924588066], [6.9300991249313e-05]]
[2300.0, 1300.0, 0.000117, [0.002089015258064516], [144.0], [7.70275924588066], [6.756358503582251e-05]]
[2300.0, 1600.0, 0.000122, [0.0021859760322580643], [144.0], [7.70275924588066], [6.881764710879042e-05]]
[2300.0, 1700.0, 0.000122, [0.0021797880967741935], [144.0], [7.70275924588066], [6.845344727103407e-05]]
[2300.0, 1400.0, 0.000122, [0.002174879322580645], [144.0], [7.70275924588066], [6.809811798616042e-05]]
[2300.0, 1100.0, 9.9e-05, [0.0017688753870967742], [144.0], [7.70275924588066], [6.184727564478989e-05]]
[2300.0, 900.0, 5.5e-05, [0.000989203935483871], [144.0], [7.70275924588066], [4.602193511757955e-05]]
[2300.0, 2000.0, 0.000119, [0.0021317100967741935], [144.0], [7.70275924588066], [6.82343796947001e-05]]
[2300.0, 300.0, 2.1e-05, [0.00037780809677419357], [144.0], [7.70275924588066], [2.8317902894628966e-05]]
[2300.0, 200.0, 2.1e-05, [0.00036951851612903225], [144.0], [7.70275924588066], [2.8093964249697253e-05]]
[2300.0, 400.0, 2.5e-05, [0.0004455548709677419], [144.0], [7.70275924588066], [3.111889723027318e-05]]
[2300.0, 800.0, 4.1e-05, [0.0007322286774193548], [144.0], [7.70275924588066], [3.965242131483312e-05]]
[2300.0, 600.0, 2.5e-05, [0.00044852400000000006], [144.0], [7.70275924588066], [3.080474442153629e-05]]
[2400.0, 1200.0, 8.4e-05, [0.0014995140967741934], [144.0], [7.70275924588066], [4.645330944482525e-05]]
[2400.0, 1500.0, 7.9e-05, [0.001405984935483871], [144.0], [7.70275924588066], [4.455033818810243e-05]]
[2400.0, 1100.0, 6.2e-05, [0.0011136001935483871], [144.0], [7.70275924588066], [3.9950180473624017e-05]]
[2400.0, 1600.0, 8.2e-05, [0.0014695057741935483], [144.0], [7.70275924588066], [4.6012007549222165e-05]]
[2400.0, 400.0, 1.4e-05, [0.00025720902580645164], [144.0], [7.70275924588066], [1.9171231292256276e-05]]
[2400.0, 1300.0, 8.3e-05, [0.0014759561612903225], [144.0], [7.70275924588066], [4.5966784370331964e-05]]
[2400.0, 200.0, 1.5e-05, [0.00026118136451612906], [144.0], [7.70275924588066], [1.9413456557900615e-05]]
[2400.0, 1700.0, 7.8e-05, [0.0014007193548387098], [144.0], [7.70275924588066], [4.469875128328665e-05]]
[2400.0, 2000.0, 8.4e-05, [0.0015012339677419355], [144.0], [7.70275924588066], [4.641757825737914e-05]]
[2400.0, 600.0, 2.1e-05, [0.00037673100000000005], [144.0], [7.70275924588066], [2.327452410737023e-05]]
[2400.0, 1900.0, 8e-05, [0.001427107935483871], [144.0], [7.70275924588066], [4.5151704743088894e-05]]
[2400.0, 700.0, 2.2e-05, [0.00039511887096774196], [144.0], [7.70275924588066], [2.3783363312354515e-05]]
[2400.0, 100.0, 1.3e-05, [0.00023742603870967744], [144.0], [7.70275924588066], [1.8427835599167016e-05]]
[2400.0, 1800.0, 8.3e-05, [0.001489020387096774], [144.0], [7.70275924588066], [4.599599437384875e-05]]
[2400.0, 500.0, 1.8e-05, [0.0003285357096774194], [144.0], [7.70275924588066], [2.1616055427326534e-05]]
[2400.0, 900.0, 3.4e-05, [0.0006062498709677419], [144.0], [7.70275924588066], [2.9442102304987615e-05]]
[2400.0, 1400.0, 7.9e-05, [0.0014202267096774192], [144.0], [7.70275924588066], [4.4979035699371875e-05]]
[2400.0, 800.0, 2.6e-05, [0.0004577002258064516], [144.0], [7.70275924588066], [2.5707006316903475e-05]]
[2400.0, 300.0, 1.7e-05, [0.0003002635161290323], [144.0], [7.70275924588066], [2.0720156001445684e-05]]
[2400.0, 1000.0, 4.4e-05, [0.0007885286129032258], [144.0], [7.70275924588066], [3.362297740803865e-05]]
[2500.0, 400.0, 9e-06, [0.00016312891935483872], [144.0], [7.70275924588066], [1.2402463754432858e-05]]
[2500.0, 1300.0, 5.7e-05, [0.0010140265161290322], [144.0], [7.70275924588066], [3.0970765981380974e-05]]
[2500.0, 500.0, 1.3e-05, [0.00023915171612903224], [144.0], [7.70275924588066], [1.5035338082634028e-05]]
[2500.0, 900.0, 2e-05, [0.00036149167741935485], [144.0], [7.70275924588066], [1.8495530860470425e-05]]
[2500.0, 1400.0, 5.5e-05, [0.0009832163225806452], [144.0], [7.70275924588066], [3.0342723920260433e-05]]
[2500.0, 200.0, 1e-05, [0.00018013555161290325], [144.0], [7.70275924588066], [1.3068405872559512e-05]]
[2500.0, 1900.0, 5.6e-05, [0.0010020930967741934], [144.0], [7.70275924588066], [3.075004073497974e-05]]
[2500.0, 1000.0, 2.7e-05, [0.00048133422580645164], [144.0], [7.70275924588066], [2.135574895730832e-05]]
[2500.0, 1800.0, 5.7e-05, [0.0010146945483870968], [144.0], [7.70275924588066], [3.104914150738267e-05]]
[2500.0, 1700.0, 5.4e-05, [0.0009661218387096776], [144.0], [7.70275924588066], [3.022083754385767e-05]]
[2500.0, 800.0, 1.8e-05, [0.00031554], [144.0], [7.70275924588066], [1.7214121625882524e-05]]
[2500.0, 700.0, 1.3e-05, [0.00022865742580645162], [144.0], [7.70275924588066], [1.4549124435932125e-05]]
[2500.0, 1600.0, 5.6e-05, [0.000995892387096774], [144.0], [7.70275924588066], [3.064647416542582e-05]]
[2500.0, 1100.0, 3.9e-05, [0.0006937348064516128], [144.0], [7.70275924588066], [2.5676274127484292e-05]]
[2500.0, 600.0, 1.2e-05, [0.00021521743548387097], [144.0], [7.70275924588066], [1.4253123870311202e-05]]
[2500.0, 300.0, 1e-05, [0.00018219292258064517], [144.0], [7.70275924588066], [1.3183017407667475e-05]]
[2500.0, 2000.0, 5.8e-05, [0.001042869193548387], [144.0], [7.70275924588066], [3.154422642265202e-05]]
[2500.0, 1200.0, 5e-05, [0.0008897902258064516], [144.0], [7.70275924588066], [2.919307235398735e-05]]
[2500.0, 100.0, 9e-06, [0.00016735276451612904], [144.0], [7.70275924588066], [1.2650681110922026e-05]]
[2500.0, 1500.0, 5.6e-05, [0.0010004022580645162], [144.0], [7.70275924588066], [3.068373192404536e-05]]
[2600.0, 800.0, 1.1e-05, [0.00019335539032258063], [144.0], [7.70275924588066], [1.1107978683209602e-05]]
[2600.0, 2000.0, 3.9e-05, [0.0006994614193548387], [144.0], [7.70275924588066], [2.087246728920215e-05]]
[2600.0, 900.0, 1.3e-05, [0.00022949277096774194], [144.0], [7.70275924588066], [1.2028688521806132e-05]]
[2600.0, 1000.0, 1.5e-05, [0.0002751158612903226], [144.0], [7.70275924588066], [1.3071149928673313e-05]]
[2600.0, 200.0, 7e-06, [0.00011676202258064516], [144.0], [7.70275924588066], [8.515745775833521e-06]]
[2600.0, 1100.0, 2.3e-05, [0.0004038535161290323], [144.0], [7.70275924588066], [1.5988718479804155e-05]]
[2600.0, 1500.0, 3.8e-05, [0.0006750975483870968], [144.0], [7.70275924588066], [2.0382768706573736e-05]]
[2600.0, 700.0, 1e-05, [0.00017797174838709678], [144.0], [7.70275924588066], [1.0523690977989049e-05]]
[2600.0, 1800.0, 3.7e-05, [0.000657328064516129], [144.0], [7.70275924588066], [2.0304927586356986e-05]]
[2600.0, 1600.0, 3.6e-05, [0.0006522363870967742], [144.0], [7.70275924588066], [2.0109306246380506e-05]]
[2600.0, 1400.0, 3.7e-05, [0.0006670492258064516], [144.0], [7.70275924588066], [2.0440105570001323e-05]]
[2600.0, 1300.0, 3.6e-05, [0.0006374546129032259], [144.0], [7.70275924588066], [1.9766627347925558e-05]]
[2600.0, 600.0, 8e-06, [0.00013687827096774192], [144.0], [7.70275924588066], [9.228331483919897e-06]]
[2600.0, 1700.0, 3.9e-05, [0.0006908222903225808], [144.0], [7.70275924588066], [2.075374577226011e-05]]
[2600.0, 400.0, 7e-06, [0.00012904995483870968], [144.0], [7.70275924588066], [8.96959212754088e-06]]
[2600.0, 300.0, 6e-06, [0.00011384056451612903], [144.0], [7.70275924588066], [8.392437951887087e-06]]
[2600.0, 1900.0, 3.7e-05, [0.0006675572903225807], [144.0], [7.70275924588066], [2.042691810701449e-05]]
[2600.0, 1200.0, 2.9e-05, [0.0005213546129032258], [144.0], [7.70275924588066], [1.811832725497059e-05]]
[2600.0, 100.0, 7e-06, [0.00013229346774193548], [144.0], [7.70275924588066], [9.129116801158738e-06]]
[2600.0, 500.0, 8e-06, [0.0001379600129032258], [144.0], [7.70275924588066], [9.280196598531098e-06]]
[2700.0, 1400.0, 2.6e-05, [0.0004681559032258065], [144.0], [7.70275924588066], [1.3871663335897195e-05]]
[2700.0, 1000.0, 1e-05, [0.00018642750967741935], [144.0], [7.70275924588066], [8.701690370069832e-06]]
[2700.0, 800.0, 7e-06, [0.00013376435806451614], [144.0], [7.70275924588066], [7.308327061159921e-06]]
[2700.0, 900.0, 8e-06, [0.0001370130677419355], [144.0], [7.70275924588066], [7.4746755173378685e-06]]
[2700.0, 600.0, 5e-06, [9.448371290322582e-05], [144.0], [7.70275924588066], [6.257335990185334e-06]]
[2700.0, 1100.0, 1.2e-05, [0.00021374828709677418], [144.0], [7.70275924588066], [9.346561132031238e-06]]
[2700.0, 1300.0, 2.3e-05, [0.0004061482258064516], [144.0], [7.70275924588066], [1.2798814249838658e-05]]
[2700.0, 400.0, 4e-06, [6.898224193548387e-05], [144.0], [7.70275924588066], [5.2752052299908085e-06]]
[2700.0, 1700.0, 2.7e-05, [0.00047443529032258064], [144.0], [7.70275924588066], [1.4002517203463763e-05]]
[2700.0, 100.0, 4e-06, [7.610159032258065e-05], [144.0], [7.70275924588066], [5.610284622760872e-06]]
[2700.0, 2000.0, 2.7e-05, [0.0004751849032258065], [144.0], [7.70275924588066], [1.3988132401250781e-05]]
[2700.0, 1200.0, 1.7e-05, [0.00029757396774193545], [144.0], [7.70275924588066], [1.100617076940036e-05]]
[2700.0, 700.0, 6e-06, [0.00010334647741935483], [144.0], [7.70275924588066], [6.446576784406812e-06]]
[2700.0, 300.0, 4e-06, [7.215050322580645e-05], [144.0], [7.70275924588066], [5.454065710857899e-06]]
[2700.0, 1800.0, 2.6e-05, [0.0004584756774193548], [144.0], [7.70275924588066], [1.3675182828401912e-05]]
[2700.0, 200.0, 5e-06, [9.19512e-05], [144.0], [7.70275924588066], [6.143747843542769e-06]]
[2700.0, 1500.0, 2.6e-05, [0.0004581487741935484], [144.0], [7.70275924588066], [1.3788653888853592e-05]]
[2700.0, 500.0, 4e-06, [7.861761290322581e-05], [144.0], [7.70275924588066], [5.659019395645447e-06]]
[2700.0, 1900.0, 2.6e-05, [0.00046862477419354836], [144.0], [7.70275924588066], [1.3783084008547597e-05]]
[2700.0, 1600.0, 2.6e-05, [0.00046549422580645166], [144.0], [7.70275924588066], [1.3823175468061298e-05]]
[2800.0, 1500.0, 1.7e-05, [0.00030041274193548387], [144.0], [7.70275924588066], [9.016891225213139e-06]]
[2800.0, 200.0, 3e-06, [4.9158290322580646e-05], [144.0], [7.70275924588066], [3.6239968937558617e-06]]
[2800.0, 400.0, 3e-06, [6.16846935483871e-05], [144.0], [7.70275924588066], [4.094156783889913e-06]]
[2800.0, 900.0, 5e-06, [8.689447741935483e-05], [144.0], [7.70275924588066], [4.797944083642563e-06]]
[2800.0, 600.0, 4e-06, [6.598045161290323e-05], [144.0], [7.70275924588066], [4.181340667952998e-06]]
[2800.0, 1200.0, 1e-05, [0.0001806751451612903], [144.0], [7.70275924588066], [6.959346555137611e-06]]
[2800.0, 1000.0, 7e-06, [0.00012335115483870968], [144.0], [7.70275924588066], [5.808379034939747e-06]]
[2800.0, 1400.0, 1.7e-05, [0.00030069116129032264], [144.0], [7.70275924588066], [8.948983397579642e-06]]
[2800.0, 800.0, 5e-06, [8.161411935483871e-05], [144.0], [7.70275924588066], [4.665568780968509e-06]]
[2800.0, 100.0, 3e-06, [6.188762903225807e-05], [144.0], [7.70275924588066], [4.054393038869274e-06]]
[2800.0, 1100.0, 8e-06, [0.00014054937096774192], [144.0], [7.70275924588066], [6.128243438202926e-06]]
[2800.0, 1300.0, 1.3e-05, [0.00023710311290322581], [144.0], [7.70275924588066], [7.983677241051394e-06]]
[2800.0, 2000.0, 1.6e-05, [0.00029198264516129026], [144.0], [7.70275924588066], [8.73636218603473e-06]]
[2800.0, 500.0, 3e-06, [5.733339677419355e-05], [144.0], [7.70275924588066], [3.892044635716552e-06]]
[2800.0, 1900.0, 1.7e-05, [0.00029493870967741933], [144.0], [7.70275924588066], [8.83668064183995e-06]]
[2800.0, 1800.0, 1.7e-05, [0.00030139606451612904], [144.0], [7.70275924588066], [8.946227551820321e-06]]
[2800.0, 300.0, 3e-06, [5.409592258064516e-05], [144.0], [7.70275924588066], [3.7967900484773244e-06]]
[2800.0, 700.0, 4e-06, [6.685859032258064e-05], [144.0], [7.70275924588066], [4.203362671997422e-06]]
[2800.0, 1600.0, 1.7e-05, [0.0002984905161290323], [144.0], [7.70275924588066], [8.931077142080565e-06]]
[2800.0, 1700.0, 1.8e-05, [0.0003131018709677419], [144.0], [7.70275924588066], [9.200922170223931e-06]]
[2900.0, 1300.0, 8e-06, [0.00013779783870967741], [144.0], [7.70275924588066], [4.847710789222241e-06]]
[2900.0, 900.0, 4e-06, [6.261041612903226e-05], [144.0], [7.70275924588066], [3.3090636103144315e-06]]
[2900.0, 1600.0, 1.1e-05, [0.000203904435483871], [144.0], [7.70275924588066], [5.923351230704564e-06]]
[2900.0, 2000.0, 1.1e-05, [0.00019197162580645162], [144.0], [7.70275924588066], [5.780285397070986e-06]]
[2900.0, 1200.0, 6e-06, [0.00010509665806451613], [144.0], [7.70275924588066], [4.2834191974183026e-06]]
[2900.0, 1700.0, 1.1e-05, [0.00020289132580645163], [144.0], [7.70275924588066], [5.9725606961763835e-06]]
[2900.0, 1100.0, 5e-06, [8.062490322580645e-05], [144.0], [7.70275924588066], [3.703223558502184e-06]]
[2900.0, 800.0, 3e-06, [5.203445806451613e-05], [144.0], [7.70275924588066], [2.994247815259843e-06]]
[2900.0, 600.0, 2e-06, [3.828483870967742e-05], [144.0], [7.70275924588066], [2.5695108208530177e-06]]
[2900.0, 100.0, 2e-06, [3.3381290322580644e-05], [144.0], [7.70275924588066], [2.3966362027745327e-06]]
[2900.0, 400.0, 2e-06, [3.9177058064516134e-05], [144.0], [7.70275924588066], [2.6060194807059554e-06]]
[2900.0, 1000.0, 4e-06, [6.77655e-05], [144.0], [7.70275924588066], [3.4491727732862537e-06]]
[2900.0, 1400.0, 1.1e-05, [0.0001909564258064516], [144.0], [7.70275924588066], [5.7654197804268284e-06]]
[2900.0, 200.0, 2e-06, [3.40195935483871e-05], [144.0], [7.70275924588066], [2.4424635279421847e-06]]
[2900.0, 500.0, 2e-06, [3.813372580645162e-05], [144.0], [7.70275924588066], [2.570974721729304e-06]]
[2900.0, 1500.0, 1.1e-05, [0.0002018861419354839], [144.0], [7.70275924588066], [5.9072462776498056e-06]]
[2900.0, 1800.0, 1.1e-05, [0.00020332698387096775], [144.0], [7.70275924588066], [5.949406042460417e-06]]
[2900.0, 300.0, 2e-06, [3.9090541935483875e-05], [144.0], [7.70275924588066], [2.5945312172438514e-06]]
[2900.0, 700.0, 3e-06, [4.750188387096774e-05], [144.0], [7.70275924588066], [2.8592780136995057e-06]]
[2900.0, 1900.0, 1.2e-05, [0.00020612296451612904], [144.0], [7.70275924588066], [6.013224759505059e-06]]
[3000.0, 800.0, 2e-06, [3.079831935483871e-05], [144.0], [7.70275924588066], [1.857208320877978e-06]]
[3000.0, 900.0, 2e-06, [3.878666129032258e-05], [144.0], [7.70275924588066], [2.0732339801180996e-06]]
[3000.0, 1600.0, 7e-06, [0.00013287260322580646], [144.0], [7.70275924588066], [3.861531522905561e-06]]
[3000.0, 700.0, 2e-06, [3.132618387096774e-05], [144.0], [7.70275924588066], [1.8788202870886453e-06]]
[3000.0, 600.0, 2e-06, [2.8029536129032258e-05], [144.0], [7.70275924588066], [1.7622018644384012e-06]]
[3000.0, 1300.0, 4e-06, [7.701009677419354e-05], [144.0], [7.70275924588066], [2.935982463860391e-06]]
[3000.0, 500.0, 2e-06, [2.7790112903225804e-05], [144.0], [7.70275924588066], [1.7682423238099464e-06]]
[3000.0, 1500.0, 7e-06, [0.0001296009870967742], [144.0], [7.70275924588066], [3.7889187928941846e-06]]
[3000.0, 1800.0, 7e-06, [0.00013264275483870967], [144.0], [7.70275924588066], [3.832261363634943e-06]]
[3000.0, 2000.0, 8e-06, [0.00013633234838709678], [144.0], [7.70275924588066], [3.935576109442607e-06]]
[3000.0, 100.0, 1e-06, [1.8884415483870965e-05], [144.0], [7.70275924588066], [1.4441270853015536e-06]]
[3000.0, 1400.0, 6e-06, [0.00011067697741935484], [144.0], [7.70275924588066], [3.533643254688394e-06]]
[3000.0, 1100.0, 3e-06, [4.9229709677419355e-05], [144.0], [7.70275924588066], [2.3284846532534945e-06]]
[3000.0, 1200.0, 3e-06, [6.020091290322581e-05], [144.0], [7.70275924588066], [2.59303738345754e-06]]
[3000.0, 1000.0, 2e-06, [4.427201612903226e-05], [144.0], [7.70275924588066], [2.2191558073732774e-06]]
[3000.0, 400.0, 1e-06, [2.6776712903225808e-05], [144.0], [7.70275924588066], [1.7284295771971345e-06]]
[3000.0, 300.0, 1e-06, [2.5361259677419355e-05], [144.0], [7.70275924588066], [1.6907508229994937e-06]]
[3000.0, 1700.0, 7e-06, [0.00012538410967741936], [144.0], [7.70275924588066], [3.7332571501319653e-06]]
[3000.0, 200.0, 1e-06, [2.4057839032258063e-05], [144.0], [7.70275924588066], [1.6407310367844077e-06]]
