[200.0, 1800.0, 0.191346, [1.3334399499999998], [23.324299999999997], [2.33243], [0.4714423562324454]]
[200.0, 700.0, 0.073417, [0.499172565], [23.324299999999997], [2.33243], [0.2881974570064767]]
[200.0, 2000.0, 0.059099, [0.40074809], [23.324299999999997], [2.33243], [0.23137205503258168]]
[200.0, 1300.0, 0.07831, [0.5327427899999999], [23.324299999999997], [2.33243], [0.26637140466836895]]
[200.0, 1400.0, 0.059619, [0.404309985], [23.324299999999997], [2.33243], [0.2334285285692389]]
[200.0, 400.0, 0.148735, [0.6729421649999999], [9.796206], [1.3994579999999999], [0.6729421306843553]]
[200.0, 1900.0, 0.09319, [3.2049060199999997], [200.58897999999996], [23.324299999999997], [1.308397286606786]]
[200.0, 1700.0, 0.059269, [0.40190912999999995], [23.324299999999997], [2.33243], [0.23204230260881312]]
[200.0, 500.0, 0.078804, [0.53615139], [23.324299999999997], [2.33243], [0.26807565615885376]]
[200.0, 1500.0, 0.148713, [0.6728334899999999], [9.796206], [1.3994579999999999], [0.6728335418214523]]
[200.0, 100.0, 0.058332, [2.0011941199999996], [200.58897999999996], [23.324299999999997], [1.155389793619452]]
[200.0, 600.0, 0.097642, [0.6665677149999999], [23.324299999999997], [2.33243], [0.2980981013022391]]
[200.0, 1000.0, 0.123842, [4.27120304], [200.58897999999996], [23.324299999999997], [1.5100988007411966]]
[200.0, 1200.0, 0.077915, [2.67627632], [200.58897999999996], [23.324299999999997], [1.196867404686083]]
[200.0, 300.0, 0.108816, [1.60349353], [64.841554], [8.396747999999999], [0.6546235579323432]]
[200.0, 1600.0, 0.072583, [1.0650504199999997], [64.841554], [8.396747999999999], [0.5325252538612606]]
[200.0, 900.0, 0.073024, [1.07158173], [64.841554], [8.396747999999999], [0.5357910103762473]]
[200.0, 800.0, 0.045733, [0.6693924599999999], [64.841554], [8.396747999999999], [0.47333200916481444]]
[200.0, 1100.0, 0.128191, [1.31658233], [32.18753399999999], [5.5978319999999995], [1.3165823605076896]]
[200.0, 200.0, 0.072629, [1.06574065], [64.841554], [8.396747999999999], [0.5328701927298992]]
[300.0, 2000.0, 0.083128, [1.2202978899999999], [64.841554], [8.396747999999999], [0.35226968490064536]]
[300.0, 400.0, 0.096727, [1.42199869], [64.841554], [8.396747999999999], [0.38004512666261087]]
[300.0, 1000.0, 0.074634, [0.5070418999999999], [23.324299999999997], [2.33243], [0.160340726969164]]
[300.0, 200.0, 0.066805, [0.45328526499999994], [23.324299999999997], [2.33243], [0.15109507726924792]]
[300.0, 1600.0, 0.059747, [0.40495122499999997], [23.324299999999997], [2.33243], [0.14317190558905052]]
[300.0, 1300.0, 0.059814, [0.40540674], [23.324299999999997], [2.33243], [0.14333291091023023]]
[300.0, 800.0, 0.069466, [1.0183601899999999], [64.841554], [8.396747999999999], [0.32203375894461744]]
[300.0, 700.0, 0.067483, [0.45793437], [23.324299999999997], [2.33243], [0.15264477251121308]]
[300.0, 300.0, 0.059993, [0.40663160499999995], [23.324299999999997], [2.33243], [0.1437660071087738]]
[300.0, 900.0, 0.071108, [2.43991222], [200.58897999999996], [23.324299999999997], [0.7043420200442395]]
[300.0, 600.0, 0.074979, [0.5094194099999999], [23.324299999999997], [2.33243], [0.1610925483999803]]
[300.0, 1400.0, 0.096912, [1.4247494899999997], [64.841554], [8.396747999999999], [0.3807803341823209]]
[300.0, 500.0, 0.04492, [0.30377410999999993], [23.324299999999997], [2.33243], [0.12401522366225849]]
[300.0, 1200.0, 0.076079, [1.1160244], [64.841554], [8.396747999999999], [0.3364940088619707]]
[300.0, 100.0, 0.069152, [1.0137224699999998], [64.841554], [8.396747999999999], [0.32056719794763777]]
[300.0, 1100.0, 0.076998, [2.64305604], [200.58897999999996], [23.324299999999997], [0.7330519645973265]]
[300.0, 1900.0, 0.103324, [1.52011301], [64.841554], [8.396747999999999], [0.39249147888839575]]
[300.0, 1500.0, 0.096651, [0.6590602849999999], [23.324299999999997], [2.33243], [0.18279042897537057]]
[300.0, 1700.0, 0.069219, [1.01470296], [64.841554], [8.396747999999999], [0.32087728557814743]]
[300.0, 1800.0, 0.067188, [0.45590991], [23.324299999999997], [2.33243], [0.15197000896558505]]
[400.0, 900.0, 0.111445, [1.64059736], [64.841554], [8.396747999999999], [0.2773116209249082]]
[400.0, 1200.0, 0.123795, [0.8480109199999999], [23.324299999999997], [2.33243], [0.14133514035794495]]
[400.0, 1500.0, 0.083098, [1.2195469399999999], [64.841554], [8.396747999999999], [0.23917279653004012]]
[400.0, 200.0, 0.092868, [1.3643117], [64.841554], [8.396747999999999], [0.25334633113585836]]
[400.0, 1600.0, 0.099318, [1.46008738], [64.841554], [8.396747999999999], [0.2622394400161806]]
[400.0, 500.0, 0.112394, [1.6547561599999998], [64.841554], [8.396747999999999], [0.2797048714270096]]
[400.0, 1700.0, 0.118478, [1.7455806299999999], [64.841554], [8.396747999999999], [0.2869717106266748]]
[400.0, 300.0, 0.076964, [1.12884414], [64.841554], [8.396747999999999], [0.23042430362268648]]
[400.0, 1300.0, 0.118444, [1.7450815299999998], [64.841554], [8.396747999999999], [0.28688957596957054]]
[400.0, 1400.0, 0.07282, [0.49446204999999993], [23.324299999999997], [2.33243], [0.10790046824504515]]
[400.0, 1100.0, 0.099393, [1.4611916099999998], [64.841554], [8.396747999999999], [0.2624377606214471]]
[400.0, 800.0, 0.117367, [0.8030218849999999], [23.324299999999997], [2.33243], [0.13771709752242092]]
[400.0, 100.0, 0.032457, [0.47424873], [64.841554], [8.396747999999999], [0.14997063535905952]]
[400.0, 1000.0, 0.073901, [1.0836019899999998], [64.841554], [8.396747999999999], [0.22594664325897829]]
[400.0, 400.0, 0.10729, [0.7327480299999999], [23.324299999999997], [2.33243], [0.13160547946419252]]
[400.0, 1800.0, 0.102582, [1.50860979], [64.841554], [8.396747999999999], [0.26668705799119685]]
[400.0, 2000.0, 0.089658, [0.6104684149999999], [23.324299999999997], [2.33243], [0.11972267746755416]]
[400.0, 600.0, 0.099931, [0.6816045399999999], [23.324299999999997], [2.33243], [0.12657080972720366]]
[400.0, 700.0, 0.102314, [1.5046298699999998], [64.841554], [8.396747999999999], [0.2659834400860324]]
[400.0, 1900.0, 0.087597, [3.00848786], [200.58897999999996], [23.324299999999997], [0.5318306267976676]]
[500.0, 1700.0, 0.077887, [0.5292366700000001], [23.324299999999997], [2.33243], [0.0807078324265991]]
[500.0, 1100.0, 0.09029, [1.32593988], [64.841554], [8.396747999999999], [0.18043755798059338]]
[500.0, 300.0, 0.06295, [0.426746025], [23.324299999999997], [2.33243], [0.07213324925095223]]
[500.0, 1300.0, 0.070259, [1.0297500199999998], [64.841554], [8.396747999999999], [0.1588938982151297]]
[500.0, 1800.0, 0.066927, [0.9806270799999998], [64.841554], [8.396747999999999], [0.15505077736019254]]
[500.0, 1400.0, 0.07176, [0.4871355149999999], [23.324299999999997], [2.33243], [0.07702289299292776]]
[500.0, 600.0, 0.078448, [1.1506725199999999], [64.841554], [8.396747999999999], [0.16784285260326098]]
[500.0, 1900.0, 0.080465, [1.1804871899999998], [64.841554], [8.396747999999999], [0.1703886819011169]]
[500.0, 1200.0, 0.075153, [1.10199348], [64.841554], [8.396747999999999], [0.16427550952591807]]
[500.0, 800.0, 0.076935, [1.12831698], [64.841554], [8.396747999999999], [0.1663612910805876]]
[500.0, 1000.0, 0.071721, [1.0513226399999998], [64.841554], [8.396747999999999], [0.1603251951191702]]
[500.0, 2000.0, 0.081708, [1.19886373], [64.841554], [8.396747999999999], [0.17126623791629217]]
[500.0, 700.0, 0.066438, [0.9734149699999999], [64.841554], [8.396747999999999], [0.15391040799763997]]
[500.0, 100.0, 0.023415, [0.34189614999999995], [64.841554], [8.396747999999999], [0.09137561622227233]]
[500.0, 200.0, 0.045085, [0.6593695199999999], [64.841554], [8.396747999999999], [0.12689571289054644]]
[500.0, 1500.0, 0.062216, [0.91121952], [64.841554], [8.396747999999999], [0.1498035572007554]]
[500.0, 900.0, 0.073864, [0.5015851499999999], [23.324299999999997], [2.33243], [0.07833444288753191]]
[500.0, 1600.0, 0.069875, [0.4741974399999999], [23.324299999999997], [2.33243], [0.07593235863253557]]
[500.0, 500.0, 0.080032, [1.1740906599999998], [64.841554], [8.396747999999999], [0.169465367258328]]
[500.0, 400.0, 0.073961, [1.08439664], [64.841554], [8.396747999999999], [0.16347896179631188]]
[600.0, 200.0, 0.029855, [0.4361195599999999], [64.841554], [8.396747999999999], [0.07709581473724755]]
[600.0, 1400.0, 0.04313, [0.63066943], [64.841554], [8.396747999999999], [0.09298712550670657]]
[600.0, 1900.0, 0.054715, [0.37045065], [23.324299999999997], [2.33243], [0.050411952278204816]]
[600.0, 100.0, 0.014195, [0.0955824455], [23.324299999999997], [2.33243], [0.025545481454652595]]
[600.0, 800.0, 0.058735, [0.8599400999999999], [64.841554], [8.396747999999999], [0.10834225620689279]]
[600.0, 1200.0, 0.057404, [0.38881580499999996], [23.324299999999997], [2.33243], [0.051499909587299275]]
[600.0, 600.0, 0.054408, [0.7962956499999999], [64.841554], [8.396747999999999], [0.10455874372810721]]
[600.0, 1600.0, 0.052369, [0.76632044], [64.841554], [8.396747999999999], [0.10240389367597309]]
[600.0, 400.0, 0.054293, [0.36757587999999997], [23.324299999999997], [2.33243], [0.05002073027755592]]
[600.0, 500.0, 0.053637, [0.36309651499999995], [23.324299999999997], [2.33243], [0.04987513010008094]]
[600.0, 1100.0, 0.063227, [0.9260736099999999], [64.841554], [8.396747999999999], [0.11230290245581366]]
[600.0, 300.0, 0.056571, [0.8280991299999999], [64.841554], [8.396747999999999], [0.10602723098336578]]
[600.0, 1700.0, 0.047796, [0.69915515], [64.841554], [8.396747999999999], [0.09790130407711635]]
[600.0, 1500.0, 0.060769, [0.8898711499999998], [64.841554], [8.396747999999999], [0.1103749367383737]]
[600.0, 1800.0, 0.059412, [0.40253530499999995], [23.324299999999997], [2.33243], [0.05240562744114414]]
[600.0, 1000.0, 0.054685, [0.8003641199999999], [64.841554], [8.396747999999999], [0.10419855483642754]]
[600.0, 2000.0, 0.050231, [0.33986962], [23.324299999999997], [2.33243], [0.04806481371544053]]
[600.0, 700.0, 0.048726, [0.32961438], [23.324299999999997], [2.33243], [0.04757573767163258]]
[600.0, 1300.0, 0.049118, [0.33228467999999994], [23.324299999999997], [2.33243], [0.04746923635366383]]
[600.0, 900.0, 0.050533, [0.34192949999999994], [23.324299999999997], [2.33243], [0.048356139398219124]]
[700.0, 2000.0, 0.041964, [0.6135461599999998], [64.841554], [8.396747999999999], [0.06992006052628959]]
[700.0, 100.0, 0.007162, [0.04818393049999999], [23.324299999999997], [2.33243], [0.013909505526797131]]
[700.0, 1000.0, 0.037235, [0.5442216299999999], [64.841554], [8.396747999999999], [0.06599655925879773]]
[700.0, 600.0, 0.037669, [0.5505779099999999], [64.841554], [8.396747999999999], [0.06628178213506332]]
[700.0, 1400.0, 0.039347, [0.57516974], [64.841554], [8.396747999999999], [0.06778441440331251]]
[700.0, 1900.0, 0.035493, [0.51869186], [64.841554], [8.396747999999999], [0.06433581444265704]]
[700.0, 200.0, 0.01532, [0.223582655], [64.841554], [8.396747999999999], [0.04225315345628063]]
[700.0, 400.0, 0.032659, [0.220434415], [23.324299999999997], [2.33243], [0.029723373504701642]]
[700.0, 1300.0, 0.036445, [0.53263814], [64.841554], [8.396747999999999], [0.065072109555477]]
[700.0, 1100.0, 0.027801, [0.40606131999999995], [64.841554], [8.396747999999999], [0.05685997275764383]]
[700.0, 800.0, 0.035873, [0.52425211], [64.841554], [8.396747999999999], [0.06502546641893465]]
[700.0, 1500.0, 0.034625, [0.50596918], [64.841554], [8.396747999999999], [0.06374613379648997]]
[700.0, 1600.0, 0.0389, [0.5686255499999999], [64.841554], [8.396747999999999], [0.06748345022299912]]
[700.0, 1800.0, 0.03606, [0.5269921], [64.841554], [8.396747999999999], [0.06486823298811213]]
[700.0, 1200.0, 0.038589, [0.5640616599999999], [64.841554], [8.396747999999999], [0.06741827307933658]]
[700.0, 700.0, 0.036053, [0.52688837], [64.841554], [8.396747999999999], [0.06485547732458685]]
[700.0, 900.0, 0.03512, [0.237121375], [23.324299999999997], [2.33243], [0.030870575666806083]]
[700.0, 300.0, 0.02598, [0.17519582999999997], [23.324299999999997], [2.33243], [0.026411757353496945]]
[700.0, 500.0, 0.037563, [0.54901897], [64.841554], [8.396747999999999], [0.06609413679744973]]
[700.0, 1700.0, 0.041658, [0.60906553], [64.841554], [8.396747999999999], [0.06986460782828456]]
[800.0, 300.0, 0.013535, [0.197503576], [64.841554], [8.396747999999999], [0.030844878018886697]]
[800.0, 100.0, 0.006851, [0.046090781], [23.324299999999997], [2.33243], [0.01057395014528629]]
[800.0, 1800.0, 0.024597, [0.35917765999999995], [64.841554], [8.396747999999999], [0.041753540173259565]]
[800.0, 800.0, 0.020883, [0.3048679899999999], [64.841554], [8.396747999999999], [0.03840976586754987]]
[800.0, 400.0, 0.023384, [0.34143339], [64.841554], [8.396747999999999], [0.040809091266530303]]
[800.0, 200.0, 0.009306, [0.13576736699999997], [64.841554], [8.396747999999999], [0.025657621109526112]]
[800.0, 1700.0, 0.028515, [0.41650883999999994], [64.841554], [8.396747999999999], [0.0449132996895129]]
[800.0, 600.0, 0.024125, [0.35227719999999996], [64.841554], [8.396747999999999], [0.04123092419531727]]
[800.0, 1600.0, 0.028695, [0.193577545], [23.324299999999997], [2.33243], [0.021642627255026133]]
[800.0, 1000.0, 0.023497, [0.34308732], [64.841554], [8.396747999999999], [0.04071697087210688]]
[800.0, 1100.0, 0.024543, [0.35839428], [64.841554], [8.396747999999999], [0.04166249229222851]]
[800.0, 1500.0, 0.023157, [0.33812000999999997], [64.841554], [8.396747999999999], [0.040413068245308964]]
[800.0, 1400.0, 0.023272, [0.33980521999999996], [64.841554], [8.396747999999999], [0.040614496451390356]]
[800.0, 1200.0, 0.023367, [0.15752101999999998], [23.324299999999997], [2.33243], [0.019538076952453638]]
[800.0, 900.0, 0.025016, [0.168672225], [23.324299999999997], [2.33243], [0.020160188807399594]]
[800.0, 1300.0, 0.024761, [0.36157357], [64.841554], [8.396747999999999], [0.0417509238221144]]
[800.0, 2000.0, 0.027413, [0.40038469000000004], [64.841554], [8.396747999999999], [0.043947926708776605]]
[800.0, 500.0, 0.026855, [0.18112086], [23.324299999999997], [2.33243], [0.020914039244010228]]
[800.0, 1900.0, 0.024538, [0.35831102], [64.841554], [8.396747999999999], [0.041652803146967184]]
[800.0, 700.0, 0.021254, [0.31029139], [64.841554], [8.396747999999999], [0.038786436508140315]]
[900.0, 200.0, 0.005586, [0.037570408], [23.324299999999997], [2.33243], [0.007514082751740227]]
[900.0, 1100.0, 0.017431, [0.11741407999999998], [23.324299999999997], [2.33243], [0.013294527238679832]]
[900.0, 300.0, 0.010704, [0.07204145099999999], [23.324299999999997], [2.33243], [0.0103982882990423]]
[900.0, 1000.0, 0.016368, [0.11023967849999998], [23.324299999999997], [2.33243], [0.012902579761427557]]
[900.0, 900.0, 0.020256, [0.136494995], [23.324299999999997], [2.33243], [0.014308569704900626]]
[900.0, 1600.0, 0.016808, [0.113210347], [23.324299999999997], [2.33243], [0.013072404646812304]]
[900.0, 700.0, 0.016465, [0.11089400549999998], [23.324299999999997], [2.33243], [0.012891166588016771]]
[900.0, 1900.0, 0.019576, [0.13190385], [23.324299999999997], [2.33243], [0.014141582310689281]]
[900.0, 500.0, 0.017679, [0.11908801999999998], [23.324299999999997], [2.33243], [0.013398452541245201]]
[900.0, 1400.0, 0.018378, [0.12380819499999997], [23.324299999999997], [2.33243], [0.013672324802315075]]
[900.0, 1200.0, 0.016994, [0.11447002249999998], [23.324299999999997], [2.33243], [0.01313060814471287]]
[900.0, 1500.0, 0.017243, [0.11614792999999998], [23.324299999999997], [2.33243], [0.013236285185050977]]
[900.0, 800.0, 0.016587, [0.24208788], [64.841554], [8.396747999999999], [0.027066251070290467]]
[900.0, 400.0, 0.012514, [0.084245435], [23.324299999999997], [2.33243], [0.011257769920148483]]
[900.0, 100.0, 0.005172, [0.07544029899999999], [64.841554], [8.396747999999999], [0.01508806135658256]]
[900.0, 600.0, 0.01439, [0.09689859749999999], [23.324299999999997], [2.33243], [0.012112322795401382]]
[900.0, 1800.0, 0.0172, [0.115855715], [23.324299999999997], [2.33243], [0.013202981670819661]]
[900.0, 2000.0, 0.01554, [0.10465261049999999], [23.324299999999997], [2.33243], [0.01259868957471371]]
[900.0, 1700.0, 0.017814, [0.12000525999999997], [23.324299999999997], [2.33243], [0.013416996329283242]]
[900.0, 1300.0, 0.018505, [0.12466621], [23.324299999999997], [2.33243], [0.01368389344265732]]
[1000.0, 1600.0, 0.010974, [0.16011431599999998], [64.841554], [8.396747999999999], [0.017469904321432327]]
[1000.0, 1400.0, 0.010515, [0.0707674235], [23.324299999999997], [2.33243], [0.008226546521779354]]
[1000.0, 1500.0, 0.010642, [0.155260787], [64.841554], [8.396747999999999], [0.017251200558222025]]
[1000.0, 700.0, 0.01135, [0.0763977775], [23.324299999999997], [2.33243], [0.008541530843472965]]
[1000.0, 1900.0, 0.010908, [0.073420278], [23.324299999999997], [2.33243], [0.008367017026694758]]
[1000.0, 1800.0, 0.011716, [0.07886653999999998], [23.324299999999997], [2.33243], [0.008656727643861738]]
[1000.0, 500.0, 0.0115, [0.0774056145], [23.324299999999997], [2.33243], [0.008600623887253762]]
[1000.0, 1000.0, 0.011114, [0.0748084545], [23.324299999999997], [2.33243], [0.00847038977556523]]
[1000.0, 200.0, 0.003292, [0.048011304], [64.841554], [8.396747999999999], [0.009602261733570898]]
[1000.0, 1100.0, 0.012288, [0.08271801649999999], [23.324299999999997], [2.33243], [0.00891971388694727]]
[1000.0, 2000.0, 0.010849, [0.0730177435], [23.324299999999997], [2.33243], [0.008375710613136056]]
[1000.0, 1700.0, 0.011086, [0.07461812949999998], [23.324299999999997], [2.33243], [0.008395195340193102]]
[1000.0, 800.0, 0.010685, [0.07191391599999998], [23.324299999999997], [2.33243], [0.008303903067232903]]
[1000.0, 1300.0, 0.011486, [0.167588465], [64.841554], [8.396747999999999], [0.017864991460955135]]
[1000.0, 400.0, 0.007059, [0.0474868235], [23.324299999999997], [2.33243], [0.006715651446434665]]
[1000.0, 300.0, 0.004555, [0.0306357815], [23.324299999999997], [2.33243], [0.005415694207578563]]
[1000.0, 600.0, 0.01063, [0.07154293749999999], [23.324299999999997], [2.33243], [0.008261066442960013]]
[1000.0, 1200.0, 0.011672, [0.078569104], [23.324299999999997], [2.33243], [0.00867650574540235]]
[1000.0, 100.0, 0.004692, [0.031554137], [23.324299999999997], [2.33243], [0.005492871200474301]]
[1000.0, 900.0, 0.010756, [0.072392408], [23.324299999999997], [2.33243], [0.00835915532515098]]
[1100.0, 1300.0, 0.007693, [0.11222438299999998], [64.841554], [8.396747999999999], [0.011764312266341793]]
[1100.0, 1800.0, 0.00735, [0.04945138], [23.324299999999997], [2.33243], [0.005528832360905872]]
[1100.0, 2000.0, 0.007261, [0.048847032], [23.324299999999997], [2.33243], [0.00549572113784897]]
[1100.0, 700.0, 0.007807, [0.052528664999999995], [23.324299999999997], [2.33243], [0.00569753454136085]]
[1100.0, 900.0, 0.008811, [0.059285421], [23.324299999999997], [2.33243], [0.006050792510076675]]
[1100.0, 200.0, 0.002653, [0.017838846], [23.324299999999997], [2.33243], [0.0033125907198897965]]
[1100.0, 1900.0, 0.008327, [0.0560299665], [23.324299999999997], [2.33243], [0.0058735364836697826]]
[1100.0, 1500.0, 0.00886, [0.0596178055], [23.324299999999997], [2.33243], [0.006053270545746324]]
[1100.0, 800.0, 0.006872, [0.046230414000000004], [23.324299999999997], [2.33243], [0.005338228898707885]]
[1100.0, 500.0, 0.008241, [0.05545130949999999], [23.324299999999997], [2.33243], [0.005845080191922092]]
[1100.0, 1700.0, 0.00849, [0.057124053499999994], [23.324299999999997], [2.33243], [0.005923489140700774]]
[1100.0, 400.0, 0.003704, [0.05402492999999999], [64.841554], [8.396747999999999], [0.008144562732277283]]
[1100.0, 600.0, 0.007622, [0.051277534], [23.324299999999997], [2.33243], [0.005628441182956432]]
[1100.0, 1400.0, 0.009113, [0.061321093499999986], [23.324299999999997], [2.33243], [0.0061321090601032194]]
[1100.0, 100.0, 0.002294, [0.033446071], [64.841554], [8.396747999999999], [0.006436698242888196]]
[1100.0, 1100.0, 0.006924, [0.046580566], [23.324299999999997], [2.33243], [0.005343157914567002]]
[1100.0, 1000.0, 0.007008, [0.047148206], [23.324299999999997], [2.33243], [0.005373038265264821]]
[1100.0, 300.0, 0.002665, [0.017917551999999996], [23.324299999999997], [2.33243], [0.0033272059873864137]]
[1100.0, 1200.0, 0.006727, [0.098123773], [64.841554], [8.396747999999999], [0.01097057085114535]]
[1100.0, 1600.0, 0.007668, [0.05158851699999999], [23.324299999999997], [2.33243], [0.0056287689528883664]]
[1200.0, 100.0, 0.001429, [0.0208319326], [64.841554], [8.396747999999999], [0.004085478547245109]]
[1200.0, 1400.0, 0.005308, [0.0357050045], [23.324299999999997], [2.33243], [0.003784723206523827]]
[1200.0, 1700.0, 0.005405, [0.036351638000000006], [23.324299999999997], [2.33243], [0.0038317975840328517]]
[1200.0, 1800.0, 0.005247, [0.035294213], [23.324299999999997], [2.33243], [0.0037623757554236924]]
[1200.0, 700.0, 0.005309, [0.035705982], [23.324299999999997], [2.33243], [0.0037848262872950986]]
[1200.0, 200.0, 0.002042, [0.029777087999999997], [64.841554], [8.396747999999999], [0.004895325100542353]]
[1200.0, 1900.0, 0.005824, [0.039177935500000004], [23.324299999999997], [2.33243], [0.003957569238181437]]
[1200.0, 1200.0, 0.004949, [0.07217742699999999], [64.841554], [8.396747999999999], [0.007608169162157214]]
[1200.0, 1100.0, 0.005507, [0.037040695], [23.324299999999997], [2.33243], [0.0038617592461208656]]
[1200.0, 1300.0, 0.005208, [0.03502857449999999], [23.324299999999997], [2.33243], [0.003755457016129994]]
[1200.0, 2000.0, 0.004783, [0.069764819], [64.841554], [8.396747999999999], [0.007479573831442536]]
[1200.0, 800.0, 0.004958, [0.033345906], [23.324299999999997], [2.33243], [0.003660190039465164]]
[1200.0, 1600.0, 0.005299, [0.035640098499999995], [23.324299999999997], [2.33243], [0.0037778436441970433]]
[1200.0, 1000.0, 0.004947, [0.033269132], [23.324299999999997], [2.33243], [0.003651761578334489]]
[1200.0, 1500.0, 0.005319, [0.0357730615], [23.324299999999997], [2.33243], [0.003791937324772127]]
[1200.0, 300.0, 0.002129, [0.031050644], [64.841554], [8.396747999999999], [0.00497208241987198]]
[1200.0, 600.0, 0.005672, [0.03815410199999999], [23.324299999999997], [2.33243], [0.003914528039879136]]
[1200.0, 500.0, 0.003462, [0.0232806115], [23.324299999999997], [2.33243], [0.0030568949053737518]]
[1200.0, 900.0, 0.004702, [0.031625322], [23.324299999999997], [2.33243], [0.003558126575531005]]
[1200.0, 400.0, 0.002156, [0.014496715999999996], [23.324299999999997], [2.33243], [0.0024161188003697168]]
[1300.0, 1600.0, 0.003617, [0.024324857499999998], [23.324299999999997], [2.33243], [0.0025360412644513494]]
[1300.0, 1700.0, 0.003435, [0.0231006135], [23.324299999999997], [2.33243], [0.002462533213989204]]
[1300.0, 900.0, 0.003628, [0.024399389], [23.324299999999997], [2.33243], [0.002530099054879077]]
[1300.0, 200.0, 0.001193, [0.017390985399999996], [64.841554], [8.396747999999999], [0.0030273819349398248]]
[1300.0, 1800.0, 0.003563, [0.0239626765], [23.324299999999997], [2.33243], [0.0025119714583370567]]
[1300.0, 1000.0, 0.003884, [0.026120237499999994], [23.324299999999997], [2.33243], [0.002625183013144036]]
[1300.0, 1400.0, 0.003965, [0.026661806999999996], [23.324299999999997], [2.33243], [0.002652949553798564]]
[1300.0, 1200.0, 0.004323, [0.029071908], [23.324299999999997], [2.33243], [0.002759383962499601]]
[1300.0, 500.0, 0.002118, [0.014240266], [23.324299999999997], [2.33243], [0.0019378551010072965]]
[1300.0, 100.0, 0.001334, [0.008966223399999999], [23.324299999999997], [2.33243], [0.0015376944958280885]]
[1300.0, 1100.0, 0.003649, [0.0245387805], [23.324299999999997], [2.33243], [0.002544553731010607]]
[1300.0, 2000.0, 0.004291, [0.0288607795], [23.324299999999997], [2.33243], [0.002764361522576235]]
[1300.0, 1300.0, 0.003525, [0.023705444499999995], [23.324299999999997], [2.33243], [0.0024987729688789252]]
[1300.0, 1500.0, 0.004285, [0.028819724499999998], [23.324299999999997], [2.33243], [0.0027604292999459335]]
[1300.0, 600.0, 0.002903, [0.0195199045], [23.324299999999997], [2.33243], [0.0022691426299375713]]
[1300.0, 300.0, 0.001176, [0.007905313899999999], [23.324299999999997], [2.33243], [0.0014433063534814775]]
[1300.0, 1900.0, 0.002744, [0.040015515], [64.841554], [8.396747999999999], [0.004590095311646589]]
[1300.0, 400.0, 0.001609, [0.010820619099999998], [23.324299999999997], [2.33243], [0.0016898967290932306]]
[1300.0, 700.0, 0.003638, [0.024463029999999997], [23.324299999999997], [2.33243], [0.0025366977253902362]]
[1300.0, 800.0, 0.003863, [0.025978936999999997], [23.324299999999997], [2.33243], [0.0026109817396910303]]
[1400.0, 1100.0, 0.002179, [0.014651069], [23.324299999999997], [2.33243], [0.0015985628764612293]]
[1400.0, 400.0, 0.000789, [0.011499839], [64.841554], [8.396747999999999], [0.002001864956734095]]
[1400.0, 1500.0, 0.002715, [0.018254547999999995], [23.324299999999997], [2.33243], [0.0017814621010563204]]
[1400.0, 1800.0, 0.002357, [0.015844619499999997], [23.324299999999997], [2.33243], [0.0016609674974243174]]
[1400.0, 1600.0, 0.002436, [0.016377529499999998], [23.324299999999997], [2.33243], [0.0016892129964868254]]
[1400.0, 1400.0, 0.002586, [0.017389702], [23.324299999999997], [2.33243], [0.0017389707422783166]]
[1400.0, 600.0, 0.00191, [0.0128409345], [23.324299999999997], [2.33243], [0.0014927283510404695]]
[1400.0, 1700.0, 0.002597, [0.0174635665], [23.324299999999997], [2.33243], [0.0017463570733100373]]
[1400.0, 900.0, 0.002941, [0.019776964], [23.324299999999997], [2.33243], [0.001860460105054661]]
[1400.0, 100.0, 0.000702, [0.004716611149999998], [23.324299999999997], [2.33243], [0.0009077123452669353]]
[1400.0, 700.0, 0.002195, [0.014760169499999998], [23.324299999999997], [2.33243], [0.001600965221358665]]
[1400.0, 2000.0, 0.002072, [0.030221585999999998], [64.841554], [8.396747999999999], [0.0032400943365895997]]
[1400.0, 800.0, 0.002563, [0.017236614], [23.324299999999997], [2.33243], [0.0017323451287200248]]
[1400.0, 1300.0, 0.002367, [0.015917552499999998], [23.324299999999997], [2.33243], [0.0016595193332709325]]
[1400.0, 300.0, 0.00072, [0.00483679075], [23.324299999999997], [2.33243], [0.0009140675729944695]]
[1400.0, 1200.0, 0.002525, [0.016981037999999997], [23.324299999999997], [2.33243], [0.0017241629802602768]]
[1400.0, 500.0, 0.001318, [0.0192200604], [64.841554], [8.396747999999999], [0.0025916326109230834]]
[1400.0, 1000.0, 0.002632, [0.017696866999999998], [23.324299999999997], [2.33243], [0.00175225134327242]]
[1400.0, 200.0, 0.000703, [0.00472760055], [23.324299999999997], [2.33243], [0.0009098270624135117]]
[1400.0, 1900.0, 0.002878, [0.019352568], [23.324299999999997], [2.33243], [0.0018368642968385007]]
[1500.0, 1500.0, 0.001817, [0.0122165995], [23.324299999999997], [2.33243], [0.002879478521798695]]
[1500.0, 1100.0, 0.001716, [0.011534339], [23.324299999999997], [2.33243], [0.0027974884021207307]]
[1500.0, 1800.0, 0.001219, [0.00819201925], [23.324299999999997], [2.33243], [0.002364831769915145]]
[1500.0, 400.0, 0.000549, [0.0080029006], [64.841554], [8.396747999999999], [0.003267170846466404]]
[1500.0, 200.0, 0.00056, [0.008170747699999998], [64.841554], [8.396747999999999], [0.0033356938933301414]]
[1500.0, 500.0, 0.000707, [0.00475563985], [23.324299999999997], [2.33243], [0.0017974628758336008]]
[1500.0, 1300.0, 0.002224, [0.032435842], [64.841554], [8.396747999999999], [0.006620938215993259]]
[1500.0, 600.0, 0.001292, [0.0188376647], [64.841554], [8.396747999999999], [0.005034577591019926]]
[1500.0, 1000.0, 0.00102, [0.00685689915], [23.324299999999997], [2.33243], [0.0021683413914787494]]
[1500.0, 2000.0, 0.001522, [0.010231397049999999], [23.324299999999997], [2.33243], [0.002641735235124822]]
[1500.0, 800.0, 0.001927, [0.012955405499999998], [23.324299999999997], [2.33243], [0.002972173387018328]]
[1500.0, 1700.0, 0.001395, [0.009380776549999999], [23.324299999999997], [2.33243], [0.0025071178986038924]]
[1500.0, 1200.0, 0.00148, [0.021579487799999998], [64.841554], [8.396747999999999], [0.0053948719790185935]]
[1500.0, 300.0, 0.000802, [0.005389319749999999], [23.324299999999997], [2.33243], [0.0019054122309883495]]
[1500.0, 1400.0, 0.00182, [0.0122375755], [23.324299999999997], [2.33243], [0.002884423526027341]]
[1500.0, 100.0, 0.000409, [0.0027503583999999998], [23.324299999999997], [2.33243], [0.0013751788283710596]]
[1500.0, 900.0, 0.00122, [0.0177942444], [64.841554], [8.396747999999999], [0.004935235685354854]]
[1500.0, 700.0, 0.001501, [0.01009380415], [23.324299999999997], [2.33243], [0.002606209050517629]]
[1500.0, 1900.0, 0.001846, [0.012412525], [23.324299999999997], [2.33243], [0.002925659895220222]]
[1500.0, 1600.0, 0.001642, [0.01103771955], [23.324299999999997], [2.33243], [0.0027594297327527655]]
[1600.0, 1500.0, 0.001145, [0.007698930299999999], [23.324299999999997], [2.33243], [0.001867264671250436]]
[1600.0, 100.0, 0.000436, [0.0063628326999999995], [64.841554], [8.396747999999999], [0.0024049246973658032]]
[1600.0, 1300.0, 0.001291, [0.00867660395], [23.324299999999997], [2.33243], [0.0019905493475420293]]
[1600.0, 900.0, 0.00128, [0.0086020943], [23.324299999999997], [2.33243], [0.0019734559578313366]]
[1600.0, 300.0, 0.000265, [0.0017841651999999997], [23.324299999999997], [2.33243], [0.0008920824338310893]]
[1600.0, 500.0, 0.000408, [0.0027402303499999997], [23.324299999999997], [2.33243], [0.0011186943824163951]]
[1600.0, 1000.0, 0.001495, [0.01004913355], [23.324299999999997], [2.33243], [0.0021424824071623084]]
[1600.0, 1200.0, 0.001169, [0.0170394373], [64.841554], [8.396747999999999], [0.003909114399707432]]
[1600.0, 1800.0, 0.001009, [0.0067856854], [23.324299999999997], [2.33243], [0.0017520562312608576]]
[1600.0, 1100.0, 0.001143, [0.007686348149999999], [23.324299999999997], [2.33243], [0.0018642134936750134]]
[1600.0, 1900.0, 0.00111, [0.016191126], [64.841554], [8.396747999999999], [0.003816285006390377]]
[1600.0, 1700.0, 0.001553, [0.01044283605], [23.324299999999997], [2.33243], [0.0021774821061262477]]
[1600.0, 800.0, 0.000934, [0.0062762411499999995], [23.324299999999997], [2.33243], [0.0016773959289625093]]
[1600.0, 200.0, 0.000253, [0.0017017124999999997], [23.324299999999997], [2.33243], [0.0009824844475868307]]
[1600.0, 1600.0, 0.001159, [0.0077942077999999995], [23.324299999999997], [2.33243], [0.0018903733440778303]]
[1600.0, 2000.0, 0.001276, [0.00858041565], [23.324299999999997], [2.33243], [0.0019684825824731085]]
[1600.0, 1400.0, 0.001011, [0.0067988977499999995], [23.324299999999997], [2.33243], [0.00175546812560069]]
[1600.0, 700.0, 0.001067, [0.0071736356], [23.324299999999997], [2.33243], [0.0017934086846003617]]
[1600.0, 400.0, 0.000462, [0.0031056440000000003], [23.324299999999997], [2.33243], [0.0011738233140042838]]
[1600.0, 600.0, 0.000466, [0.0031354933999999998], [23.324299999999997], [2.33243], [0.001185104991129478]]
[1700.0, 900.0, 0.000665, [0.0044705675], [23.324299999999997], [2.33243], [0.0011542952785141244]]
[1700.0, 1500.0, 0.000756, [0.0050830874], [23.324299999999997], [2.33243], [0.0012328300369475105]]
[1700.0, 1800.0, 0.000886, [0.0059548748], [23.324299999999997], [2.33243], [0.0013315505313355553]]
[1700.0, 700.0, 0.000815, [0.005480421599999999], [23.324299999999997], [2.33243], [0.0012917479620653555]]
[1700.0, 500.0, 0.000268, [0.006250296], [110.09069599999998], [15.394037999999998], [0.006250293058729326]]
[1700.0, 300.0, 0.00035, [0.0015028671499999998], [9.796206], [1.3994579999999999], [0.0010626873665382495]]
[1700.0, 800.0, 0.000535, [0.0035982648999999993], [23.324299999999997], [2.33243], [0.0010387296937846727]]
[1700.0, 1300.0, 0.000874, [0.0127439159], [64.841554], [8.396747999999999], [0.0027809511052875415]]
[1700.0, 400.0, 0.000334, [0.004864849599999999], [64.841554], [8.396747999999999], [0.0017199845353955945]]
[1700.0, 1000.0, 0.000984, [0.0066162674], [23.324299999999997], [2.33243], [0.0014105925501362892]]
[1700.0, 2000.0, 0.000945, [0.0063547792499999995], [23.324299999999997], [2.33243], [0.001386726440218113]]
[1700.0, 1600.0, 0.000714, [0.00480247015], [23.324299999999997], [2.33243], [0.0012006176243917128]]
[1700.0, 1400.0, 0.000808, [0.005431025649999999], [23.324299999999997], [2.33243], [0.0012801049771405469]]
[1700.0, 1200.0, 0.000754, [0.0050654084499999995], [23.324299999999997], [2.33243], [0.0012285418297721894]]
[1700.0, 100.0, 0.000224, [0.0015026520999999998], [23.324299999999997], [2.33243], [0.0007513262533680025]]
[1700.0, 1700.0, 0.000817, [0.0054917939500000006], [23.324299999999997], [2.33243], [0.0012944280667538076]]
[1700.0, 1900.0, 0.001033, [0.0069429904499999995], [23.324299999999997], [2.33243], [0.001447713893523164]]
[1700.0, 1100.0, 0.000803, [0.005397734299999999], [23.324299999999997], [2.33243], [0.0012722581548176455]]
[1700.0, 600.0, 0.000449, [0.003015668], [23.324299999999997], [2.33243], [0.0009536378727011632]]
[1700.0, 200.0, 0.000224, [0.0015034237499999999], [23.324299999999997], [2.33243], [0.0006723518052329448]]
[1800.0, 600.0, 0.000197, [0.0028709014], [64.841554], [8.396747999999999], [0.0010850987084132023]]
[1800.0, 1800.0, 0.000296, [0.0019899450499999997], [23.324299999999997], [2.33243], [0.0006292756496560152]]
[1800.0, 400.0, 0.000173, [0.00403845638], [110.09069599999998], [15.394037999999998], [0.004038456295170223]]
[1800.0, 1300.0, 0.000485, [0.0032595438999999996], [23.324299999999997], [2.33243], [0.0008148860562986704]]
[1800.0, 1200.0, 0.000627, [0.0042153549], [23.324299999999997], [2.33243], [0.0009198659433580524]]
[1800.0, 1700.0, 0.000528, [0.007702769], [64.841554], [8.396747999999999], [0.0017671362658267186]]
[1800.0, 500.0, 0.000302, [0.0020273936499999997], [23.324299999999997], [2.33243], [0.0006411180380787925]]
[1800.0, 1600.0, 0.000535, [0.003598442], [23.324299999999997], [2.33243], [0.0008481610585555079]]
[1800.0, 1000.0, 0.000475, [0.0031937892], [23.324299999999997], [2.33243], [0.0007984472443436697]]
[1800.0, 700.0, 0.000454, [0.0030549359], [23.324299999999997], [2.33243], [0.0007887809676963561]]
[1800.0, 200.0, 0.000146, [0.0009785154499999998], [23.324299999999997], [2.33243], [0.00043760544900629377]]
[1800.0, 800.0, 0.000531, [0.007748929999999999], [64.841554], [8.396747999999999], [0.0017777262269539705]]
[1800.0, 2000.0, 0.000578, [0.0038879176999999997], [23.324299999999997], [2.33243], [0.0008919492966250939]]
[1800.0, 1100.0, 0.000483, [0.0032500356999999994], [23.324299999999997], [2.33243], [0.000812508897028211]]
[1800.0, 900.0, 0.000607, [0.004081469599999999], [23.324299999999997], [2.33243], [0.000912644448703875]]
[1800.0, 1500.0, 0.000688, [0.0046264706999999995], [23.324299999999997], [2.33243], [0.0009646857786346805]]
[1800.0, 1400.0, 0.000625, [0.00420426775], [23.324299999999997], [2.33243], [0.0009174465470805369]]
[1800.0, 1900.0, 0.00033, [0.00222033145], [23.324299999999997], [2.33243], [0.0006694550937142834]]
[1800.0, 100.0, 0.000143, [0.0049018106], [200.58897999999996], [23.324299999999997], [0.002001156499627153]]
[1800.0, 300.0, 0.00027, [0.0018126012500000001], [23.324299999999997], [2.33243], [0.000604200522384746]]
[1900.0, 300.0, 6.3e-05, [0.0021409595999999998], [200.58897999999996], [23.324299999999997], [0.0010704795986846269]]
[1900.0, 1600.0, 0.000585, [0.0039296580999999995], [23.324299999999997], [2.33243], [0.0007297191771496757]]
[1900.0, 600.0, 0.000183, [0.0012323733499999998], [23.324299999999997], [2.33243], [0.000410791203654606]]
[1900.0, 1500.0, 0.00042, [0.0028227302], [23.324299999999997], [2.33243], [0.0006159703166549504]]
[1900.0, 500.0, 0.000139, [0.0009351168649999998], [23.324299999999997], [2.33243], [0.0003534409146873067]]
[1900.0, 1700.0, 0.000176, [0.0011853820499999998], [23.324299999999997], [2.33243], [0.00039512718110755175]]
[1900.0, 1800.0, 0.000496, [0.0033375644999999996], [23.324299999999997], [2.33243], [0.0006675128416367733]]
[1900.0, 800.0, 0.000165, [0.0024113521999999995], [64.841554], [8.396747999999999], [0.0008037840244742364]]
[1900.0, 1300.0, 0.000406, [0.0027289304499999996], [23.324299999999997], [2.33243], [0.0006102074903260365]]
[1900.0, 1000.0, 0.000347, [0.0023327220999999998], [23.324299999999997], [2.33243], [0.0005657683273655391]]
[1900.0, 1900.0, 0.000293, [0.0042668105], [64.841554], [8.396747999999999], [0.0010667027074119572]]
[1900.0, 1200.0, 0.000438, [0.0029416931], [23.324299999999997], [2.33243], [0.0006271711383266931]]
[1900.0, 100.0, 7.4e-05, [0.00108272155], [64.841554], [8.396747999999999], [0.0005413607380481152]]
[1900.0, 2000.0, 0.000421, [0.0028304432499999996], [23.324299999999997], [2.33243], [0.0006176534270932202]]
[1900.0, 1100.0, 0.000388, [0.0026054204499999997], [23.324299999999997], [2.33243], [0.0005977243787900909]]
[1900.0, 900.0, 0.000364, [0.00244508515], [23.324299999999997], [2.33243], [0.0005763119183653934]]
[1900.0, 200.0, 0.00014, [0.0009396117549999999], [23.324299999999997], [2.33243], [0.0003551398674818134]]
[1900.0, 400.0, 0.00012, [0.0008076777749999999], [23.324299999999997], [2.33243], [0.0003297330568808654]]
[1900.0, 700.0, 9.3e-05, [0.00135496496], [64.841554], [8.396747999999999], [0.0006059587787135358]]
[1900.0, 1400.0, 0.000405, [0.0027255552], [23.324299999999997], [2.33243], [0.0006094525877785737]]
[2000.0, 1500.0, 0.000188, [0.0012619088], [23.324299999999997], [2.33243], [0.00033725939634797426]]
[2000.0, 1200.0, 0.000239, [0.00160869935], [23.324299999999997], [2.33243], [0.00037917385227623484]]
[2000.0, 1300.0, 0.000225, [0.0032869001], [64.841554], [8.396747999999999], [0.0007747300007099247]]
[2000.0, 300.0, 7.8e-05, [0.0018143697199999999], [110.09069599999998], [15.394037999999998], [0.0018143696911048746]]
[2000.0, 900.0, 0.000147, [0.000985813235], [23.324299999999997], [2.33243], [0.00029723386852779747]]
[2000.0, 1900.0, 0.00021, [0.0030666635999999996], [64.841554], [8.396747999999999], [0.0007437749800847026]]
[2000.0, 1600.0, 0.000265, [0.0017819042999999998], [23.324299999999997], [2.33243], [0.0003984458755590274]]
[2000.0, 500.0, 0.000108, [0.000723673955], [23.324299999999997], [2.33243], [0.00025585737467386004]]
[2000.0, 600.0, 0.000123, [0.0008241794699999999], [23.324299999999997], [2.33243], [0.00027472647956649533]]
[2000.0, 200.0, 6.7e-05, [0.00044907936999999995], [23.324299999999997], [2.33243], [0.00020083442091683385]]
[2000.0, 1800.0, 0.000295, [0.0019863306], [23.324299999999997], [2.33243], [0.0004234870901220012]]
[2000.0, 2000.0, 0.000191, [0.0012814898499999999], [23.324299999999997], [2.33243], [0.0003424926864547621]]
[2000.0, 400.0, 0.0001, [0.0014516282099999998], [64.841554], [8.396747999999999], [0.0005132280834093161]]
[2000.0, 1100.0, 0.000275, [0.0018507341], [23.324299999999997], [2.33243], [0.00041383657190973344]]
[2000.0, 100.0, 0.000108, [0.000723551365], [23.324299999999997], [2.33243], [0.0002558140556634838]]
[2000.0, 1400.0, 0.000174, [0.0011678295999999998], [23.324299999999997], [2.33243], [0.0003238974948961477]]
[2000.0, 1700.0, 0.000174, [0.00116817575], [23.324299999999997], [2.33243], [0.00032399369843408993]]
[2000.0, 700.0, 0.000133, [0.0008937560799999999], [23.324299999999997], [2.33243], [0.00028263050985341266]]
[2000.0, 1000.0, 0.000264, [0.0017743994], [23.324299999999997], [2.33243], [0.0003967676662733494]]
[2000.0, 800.0, 0.000176, [0.001184339], [23.324299999999997], [2.33243], [0.0003284765394590609]]
[2100.0, 200.0, 5.4e-05, [0.00036545022], [23.324299999999997], [2.33243], [0.0001491944068991864]]
[2100.0, 100.0, 4.5e-05, [0.00030051903499999993], [23.324299999999997], [2.33243], [0.0001343961855857524]]
[2100.0, 400.0, 5.7e-05, [0.0008317101299999999], [64.841554], [8.396747999999999], [0.000314356827983742]]
[2100.0, 1400.0, 9.8e-05, [0.0014347565599999999], [64.841554], [8.396747999999999], [0.00041417853095012053]]
[2100.0, 500.0, 7.2e-05, [0.00048281197499999994], [23.324299999999997], [2.33243], [0.00017069978815159668]]
[2100.0, 800.0, 8.1e-05, [0.00118138235], [64.841554], [8.396747999999999], [0.00037358599170739796]]
[2100.0, 300.0, 3.6e-05, [0.00023904889], [23.324299999999997], [2.33243], [0.00011952445210081492]]
[2100.0, 600.0, 6.3e-05, [0.00042513176999999994], [23.324299999999997], [2.33243], [0.00016068471450327813]]
[2100.0, 700.0, 9.9e-05, [0.0006662390449999999], [23.324299999999997], [2.33243], [0.00020087863450352303]]
[2100.0, 1000.0, 0.0001, [0.00067023679], [23.324299999999997], [2.33243], [0.0002020839933666197]]
[2100.0, 1700.0, 0.000145, [0.00097265551], [23.324299999999997], [2.33243], [0.00024316384928685432]]
[2100.0, 1800.0, 0.000166, [0.001114689595], [23.324299999999997], [2.33243], [0.0002557273180557759]]
[2100.0, 1900.0, 0.000134, [0.0009021201449999999], [23.324299999999997], [2.33243], [0.0002329264177803797]]
[2100.0, 900.0, 0.000155, [0.001042562745], [23.324299999999997], [2.33243], [0.00025285861504010496]]
[2100.0, 2000.0, 0.000154, [0.001038511295], [23.324299999999997], [2.33243], [0.0002518759655564619]]
[2100.0, 1200.0, 0.000206, [0.0013868965499999998], [23.324299999999997], [2.33243], [0.0002891880284520782]]
[2100.0, 1500.0, 0.000198, [0.0013310709499999998], [23.324299999999997], [2.33243], [0.000283785376737421]]
[2100.0, 1100.0, 0.000209, [0.0014064039999999998], [23.324299999999997], [2.33243], [0.000293255547006361]]
[2100.0, 1300.0, 0.000169, [0.0011391650449999997], [23.324299999999997], [2.33243], [0.0002613423770171994]]
[2100.0, 1600.0, 0.000161, [0.0010829520099999998], [23.324299999999997], [2.33243], [0.0002552542290051234]]
[2200.0, 1700.0, 9e-05, [0.00060783526], [23.324299999999997], [2.33243], [0.00015694239221765416]]
[2200.0, 1100.0, 0.000115, [0.000770382355], [23.324299999999997], [2.33243], [0.0001767378651421364]]
[2200.0, 200.0, 3e-05, [0.00019920426499999997], [23.324299999999997], [2.33243], [8.908687119884723e-05]]
[2200.0, 1800.0, 0.00012, [0.0008085992699999999], [23.324299999999997], [2.33243], [0.00018080827228033567]]
[2200.0, 900.0, 8.4e-05, [0.0005640766099999999], [23.324299999999997], [2.33243], [0.000150755833054645]]
[2200.0, 1000.0, 5.3e-05, [0.0003571969], [23.324299999999997], [2.33243], [0.00011906565972185263]]
[2200.0, 1300.0, 0.000125, [0.0008388997], [23.324299999999997], [2.33243], [0.00018306295146752112]]
[2200.0, 1900.0, 0.000101, [0.00068216505], [23.324299999999997], [2.33243], [0.00016544931338630567]]
[2200.0, 1400.0, 0.000108, [0.000725713825], [23.324299999999997], [2.33243], [0.00017105240096239514]]
[2200.0, 1600.0, 9.4e-05, [0.0006350523099999999], [23.324299999999997], [2.33243], [0.00015876307080048556]]
[2200.0, 800.0, 5e-05, [0.0007274465299999999], [64.841554], [8.396747999999999], [0.00024248218367541974]]
[2200.0, 400.0, 4.7e-05, [0.00031902851499999996], [23.324299999999997], [2.33243], [0.00011279361571028743]]
[2200.0, 600.0, 3e-05, [0.000200604505], [23.324299999999997], [2.33243], [8.971303975732846e-05]]
[2200.0, 2000.0, 0.000131, [0.00088223561], [23.324299999999997], [2.33243], [0.00018809328423683816]]
[2200.0, 500.0, 3.6e-05, [0.00024017589], [23.324299999999997], [2.33243], [9.805140355956154e-05]]
[2200.0, 700.0, 6.1e-05, [0.00040828806499999993], [23.324299999999997], [2.33243], [0.00012911197039779077]]
[2200.0, 300.0, 1.7e-05, [0.0007913839999999999], [254.23487], [33.120506], [0.0007913838449197709]]
[2200.0, 1200.0, 0.000109, [0.00159432527], [64.841554], [8.396747999999999], [0.00035650192902703906]]
[2200.0, 1500.0, 0.000124, [0.0008352667349999999], [23.324299999999997], [2.33243], [0.000182270138736437]]
[2200.0, 100.0, 3e-05, [0.000198330265], [23.324299999999997], [2.33243], [8.869599685160542e-05]]
[2300.0, 700.0, 3.2e-05, [0.00021530679499999998], [23.324299999999997], [2.33243], [7.612245166506397e-05]]
[2300.0, 100.0, 2.8e-05, [0.00018712305499999997], [23.324299999999997], [2.33243], [7.072586950685019e-05]]
[2300.0, 1800.0, 6.4e-05, [0.0004290727049999999], [23.324299999999997], [2.33243], [0.00010726816947491925]]
[2300.0, 1000.0, 6e-05, [0.00040042931], [23.324299999999997], [2.33243], [0.00010339041087064118]]
[2300.0, 1500.0, 6.3e-05, [0.0009147175899999998], [64.841554], [8.396747999999999], [0.0002218515906185935]]
[2300.0, 1200.0, 8.7e-05, [0.0005829639799999999], [23.324299999999997], [2.33243], [0.0001242883482069015]]
[2300.0, 500.0, 1.6e-05, [0.00010795644549999998], [23.324299999999997], [2.33243], [5.397822415104076e-05]]
[2300.0, 1900.0, 7.4e-05, [0.0005005878699999999], [23.324299999999997], [2.33243], [0.0001148427334662494]]
[2300.0, 1300.0, 6.3e-05, [0.0004211024], [23.324299999999997], [2.33243], [0.00010527560668312484]]
[2300.0, 1600.0, 8.3e-05, [0.0005558956249999999], [23.324299999999997], [2.33243], [0.0001213063587574864]]
[2300.0, 1700.0, 6e-05, [0.00040348808], [23.324299999999997], [2.33243], [0.00010418018772780168]]
[2300.0, 1400.0, 9.6e-05, [0.0006452108349999999], [23.324299999999997], [2.33243], [0.0001317031192682998]]
[2300.0, 1100.0, 7.6e-05, [0.0005095953599999999], [23.324299999999997], [2.33243], [0.00011690919456997382]]
[2300.0, 900.0, 6.3e-05, [0.00042422050999999997], [23.324299999999997], [2.33243], [0.00010605513612032186]]
[2300.0, 2000.0, 9.5e-05, [0.0006393037449999999], [23.324299999999997], [2.33243], [0.00013049733627549642]]
[2300.0, 300.0, 5.3e-05, [0.00053324028], [32.18753399999999], [5.5978319999999995], [0.0003770577658661866]]
[2300.0, 200.0, 2.2e-05, [0.00032158231999999997], [64.841554], [8.396747999999999], [0.0001312855029696729]]
[2300.0, 400.0, 1.2e-05, [8.0092532e-05], [23.324299999999997], [2.33243], [4.624145567021003e-05]]
[2300.0, 800.0, 5.2e-05, [0.000346266495], [23.324299999999997], [2.33243], [9.603704325675589e-05]]
[2300.0, 600.0, 1.3e-05, [0.0004286523799999999], [200.58897999999996], [23.324299999999997], [0.00021432618832051297]]
[2400.0, 1200.0, 6.8e-05, [0.00045634875], [23.324299999999997], [2.33243], [8.94973489691175e-05]]
[2400.0, 1500.0, 4.2e-05, [0.000285463465], [23.324299999999997], [2.33243], [7.136588125638188e-05]]
[2400.0, 1100.0, 3.6e-05, [0.00052532253], [64.841554], [8.396747999999999], [0.00013563769077951747]]
[2400.0, 1600.0, 2.6e-05, [0.00017770892499999996], [23.324299999999997], [2.33243], [5.6196488858290784e-05]]
[2400.0, 400.0, 3e-05, [0.00043336461999999996], [64.841554], [8.396747999999999], [0.00013704188648001018]]
[2400.0, 1300.0, 7.1e-05, [0.0004787592599999999], [23.324299999999997], [2.33243], [9.213725074583026e-05]]
[2400.0, 200.0, 1.6e-05, [0.0001056643805], [23.324299999999997], [2.33243], [4.3137310909466755e-05]]
[2400.0, 1700.0, 8.3e-05, [0.0005553803099999999], [23.324299999999997], [2.33243], [9.974925920777556e-05]]
[2400.0, 2000.0, 6.3e-05, [0.00042156423999999994], [23.324299999999997], [2.33243], [8.60514424486888e-05]]
[2400.0, 600.0, 2.9e-05, [0.00019649520999999998], [23.324299999999997], [2.33243], [5.924552896632792e-05]]
[2400.0, 1900.0, 4.4e-05, [0.00029737413], [23.324299999999997], [2.33243], [7.212380655858369e-05]]
[2400.0, 700.0, 1.2e-05, [0.00017669910999999996], [64.841554], [8.396747999999999], [7.902222301352956e-05]]
[2400.0, 100.0, 1.8e-05, [0.000176318046], [32.18753399999999], [5.5978319999999995], [0.00017631805100442777]]
[2400.0, 1800.0, 5.5e-05, [0.000368262315], [23.324299999999997], [2.33243], [8.036142894759898e-05]]
[2400.0, 500.0, 1.8e-05, [0.00012268016], [23.324299999999997], [2.33243], [4.6368735857256226e-05]]
[2400.0, 900.0, 5e-05, [0.00033601458999999996], [23.324299999999997], [2.33243], [7.708703997754745e-05]]
[2400.0, 1400.0, 5.5e-05, [0.00036873048], [23.324299999999997], [2.33243], [8.046359426784265e-05]]
[2400.0, 800.0, 2.3e-05, [0.00015682113], [23.324299999999997], [2.33243], [5.22736924274534e-05]]
[2400.0, 300.0, 1.8e-05, [0.00017687181699999998], [32.18753399999999], [5.5978319999999995], [0.0001768718094835918]]
[2400.0, 1000.0, 2.6e-05, [0.00038400432], [64.841554], [8.396747999999999], [0.00011578164362281266]]
[2500.0, 400.0, 1.4e-05, [9.51181905e-05], [23.324299999999997], [2.33243], [3.3629352688536836e-05]]
[2500.0, 1300.0, 4.3e-05, [0.00029034049999999994], [23.324299999999997], [2.33243], [5.806809959005029e-05]]
[2500.0, 500.0, 1.2e-05, [0.00011620715499999998], [32.18753399999999], [5.5978319999999995], [0.0001162071443586839]]
[2500.0, 900.0, 1.4e-05, [9.330339849999999e-05], [23.324299999999997], [2.33243], [3.298773346260697e-05]]
[2500.0, 1400.0, 2.3e-05, [0.00015425444499999997], [23.324299999999997], [2.33243], [4.278248850289099e-05]]
[2500.0, 200.0, 6e-06, [8.8234946e-05], [64.841554], [8.396747999999999], [5.094247149481462e-05]]
[2500.0, 1900.0, 3.5e-05, [0.00023624243000000002], [23.324299999999997], [2.33243], [5.2825409913222625e-05]]
[2500.0, 1000.0, 2.6e-05, [0.00017286063999999999], [23.324299999999997], [2.33243], [4.463241708668711e-05]]
[2500.0, 1800.0, 2.8e-05, [0.00018812735], [23.324299999999997], [2.33243], [4.7031822631065444e-05]]
[2500.0, 1700.0, 2.8e-05, [0.00018525131499999998], [23.324299999999997], [2.33243], [4.631282878425803e-05]]
[2500.0, 800.0, 1.6e-05, [0.00010605226399999998], [23.324299999999997], [2.33243], [3.535075496011365e-05]]
[2500.0, 700.0, 9e-06, [5.8958418499999995e-05], [23.324299999999997], [2.33243], [2.6367009803919744e-05]]
[2500.0, 1600.0, 1.4e-05, [0.00020931474299999995], [64.841554], [8.396747999999999], [6.977159464280575e-05]]
[2500.0, 1100.0, 2.7e-05, [0.000183057805], [23.324299999999997], [2.33243], [4.5764466374033025e-05]]
[2500.0, 600.0, 1.2e-05, [8.180585949999999e-05], [23.324299999999997], [2.33243], [3.091971062688006e-05]]
[2500.0, 300.0, 1.4e-05, [9.174607999999999e-05], [23.324299999999997], [2.33243], [3.2437135739765925e-05]]
[2500.0, 2000.0, 2.3e-05, [0.00015381871], [23.324299999999997], [2.33243], [4.2661652159755835e-05]]
[2500.0, 1200.0, 4e-05, [0.00026951537999999996], [23.324299999999997], [2.33243], [5.619784201817717e-05]]
[2500.0, 100.0, 9e-06, [0.000137624433], [64.841554], [8.396747999999999], [5.618493272221655e-05]]
[2500.0, 1500.0, 3.6e-05, [0.000244261725], [23.324299999999997], [2.33243], [5.330228290139175e-05]]
[2600.0, 800.0, 1.2e-05, [0.00016823941099999997], [64.841554], [8.396747999999999], [5.07260919843033e-05]]
[2600.0, 2000.0, 2e-05, [0.00013722639499999997], [23.324299999999997], [2.33243], [3.234458156708786e-05]]
[2600.0, 900.0, 1.3e-05, [8.477078949999999e-05], [23.324299999999997], [2.33243], [2.5559354745376494e-05]]
[2600.0, 1000.0, 2e-05, [0.00013597358499999997], [23.324299999999997], [2.33243], [3.2049278591724964e-05]]
[2600.0, 200.0, 8e-06, [5.276612849999999e-05], [23.324299999999997], [2.33243], [1.9943722276696492e-05]]
[2600.0, 1100.0, 2.7e-05, [0.00018005435], [23.324299999999997], [2.33243], [3.675343147244894e-05]]
[2600.0, 1500.0, 2.9e-05, [0.000197555395], [23.324299999999997], [2.33243], [3.874380550488039e-05]]
[2600.0, 700.0, 6e-06, [0.00015080998799999997], [110.09069599999998], [15.394037999999998], [0.00010663875528155792]]
[2600.0, 1800.0, 2.2e-05, [0.000146614305], [23.324299999999997], [2.33243], [3.363564029047165e-05]]
[2600.0, 1600.0, 2e-05, [0.00013682516], [23.324299999999997], [2.33243], [3.2250000554263556e-05]]
[2600.0, 1400.0, 1.8e-05, [0.00012204478499999999], [23.324299999999997], [2.33243], [3.051120566283804e-05]]
[2600.0, 1300.0, 1.8e-05, [0.000123258725], [23.324299999999997], [2.33243], [3.081467649919434e-05]]
[2600.0, 600.0, 8e-06, [7.496548699999999e-05], [32.18753399999999], [5.5978319999999995], [7.496550013172726e-05]]
[2600.0, 1700.0, 2e-05, [0.00013661172], [23.324299999999997], [2.33243], [3.2199685802038505e-05]]
[2600.0, 400.0, 1e-05, [6.8648974e-05], [23.324299999999997], [2.33243], [2.2882991746054534e-05]]
[2600.0, 300.0, 8e-06, [5.3709347e-05], [23.324299999999997], [2.33243], [2.0300223330052306e-05]]
[2600.0, 1900.0, 1.8e-05, [0.00012166965499999999], [23.324299999999997], [2.33243], [3.0417408695515138e-05]]
[2600.0, 1200.0, 1.3e-05, [8.48750255e-05], [23.324299999999997], [2.33243], [2.5590786979887894e-05]]
[2600.0, 100.0, 8e-06, [5.30518345e-05], [23.324299999999997], [2.33243], [2.005171012033637e-05]]
[2600.0, 500.0, 8e-06, [5.30510065e-05], [23.324299999999997], [2.33243], [2.0051393536360507e-05]]
[2700.0, 1400.0, 1.5e-05, [0.00010029448999999998], [23.324299999999997], [2.33243], [2.2426533280915265e-05]]
[2700.0, 1000.0, 1.3e-05, [8.546115750000001e-05], [23.324299999999997], [2.33243], [2.0727374260865747e-05]]
[2700.0, 800.0, 6e-06, [2.5779055499999997e-05], [9.796206], [1.3994579999999999], [2.5779057794069974e-05]]
[2700.0, 900.0, 7e-06, [4.4599161999999994e-05], [23.324299999999997], [2.33243], [1.4866386758388871e-05]]
[2700.0, 600.0, 7e-06, [4.52815605e-05], [23.324299999999997], [2.33243], [1.5093854047260426e-05]]
[2700.0, 1100.0, 1e-05, [6.5395578e-05], [23.324299999999997], [2.33243], [1.813746882147561e-05]]
[2700.0, 1300.0, 1.6e-05, [0.00010538245799999999], [23.324299999999997], [2.33243], [2.2996339833764846e-05]]
[2700.0, 400.0, 5e-06, [7.0156969e-05], [64.841554], [8.396747999999999], [2.6516845532604363e-05]]
[2700.0, 1700.0, 1.6e-05, [0.00010540868949999999], [23.324299999999997], [2.33243], [2.3002061282632907e-05]]
[2700.0, 100.0, 5e-06, [3.4424467999999995e-05], [23.324299999999997], [2.33243], [1.3011227257641761e-05]]
[2700.0, 2000.0, 1.4e-05, [9.40835815e-05], [23.324299999999997], [2.33243], [2.158425316057982e-05]]
[2700.0, 1200.0, 1.1e-05, [7.37262355e-05], [23.324299999999997], [2.33243], [1.9036033055760327e-05]]
[2700.0, 700.0, 3e-06, [3.9664673e-05], [64.841554], [8.396747999999999], [1.9832335994531757e-05]]
[2700.0, 300.0, 5e-06, [3.9418642e-06], [0.41983739999999997], [0.05597832], [9.291065165051559e-07]]
[2700.0, 1800.0, 1.1e-05, [7.4860469e-05], [23.324299999999997], [2.33243], [1.9328889918978788e-05]]
[2700.0, 200.0, 4e-06, [9.812513e-05], [110.09069599999998], [15.394037999999998], [9.812512726106396e-05]]
[2700.0, 1500.0, 1.5e-05, [9.860870499999999e-05], [23.324299999999997], [2.33243], [2.204957891321283e-05]]
[2700.0, 500.0, 7e-06, [4.4914894499999994e-05], [23.324299999999997], [2.33243], [1.497162647309904e-05]]
[2700.0, 1900.0, 1.7e-05, [0.000116424275], [23.324299999999997], [2.33243], [2.4276135004361795e-05]]
[2700.0, 1600.0, 1.6e-05, [0.0001043537255], [23.324299999999997], [2.33243], [2.2771846894795336e-05]]
[2800.0, 1500.0, 1.1e-05, [7.459713049999998e-05], [23.324299999999997], [2.33243], [1.5554577935450385e-05]]
[2800.0, 200.0, 2e-06, [1.6244922999999997e-05], [23.324299999999997], [2.33243], [7.264951496741048e-06]]
[2800.0, 400.0, 3e-06, [3.8933019999999996e-05], [64.841554], [8.396747999999999], [1.589433634034463e-05]]
[2800.0, 900.0, 5e-06, [7.1902853e-05], [64.841554], [8.396747999999999], [2.167952353950612e-05]]
[2800.0, 600.0, 5e-06, [3.5374184e-05], [23.324299999999997], [2.33243], [1.0665716523047104e-05]]
[2800.0, 1200.0, 6e-06, [3.8419165499999995e-05], [23.324299999999997], [2.33243], [1.1090658072224569e-05]]
[2800.0, 1000.0, 7e-06, [4.9080320999999996e-05], [23.324299999999997], [2.33243], [1.2672483428673322e-05]]
[2800.0, 1400.0, 9e-06, [6.1356088e-05], [23.324299999999997], [2.33243], [1.4076051674741748e-05]]
[2800.0, 800.0, 3e-06, [4.6006095e-05], [64.841554], [8.396747999999999], [1.738866777818243e-05]]
[2800.0, 100.0, 5e-06, [3.2309180999999994e-05], [23.324299999999997], [2.33243], [1.021705978254018e-05]]
[2800.0, 1100.0, 3e-06, [8.946494e-05], [200.58897999999996], [23.324299999999997], [3.381456839884253e-05]]
[2800.0, 1300.0, 7e-06, [4.4819824e-05], [23.324299999999997], [2.33243], [1.197860115998525e-05]]
[2800.0, 2000.0, 1.3e-05, [8.40273835e-05], [23.324299999999997], [2.33243], [1.6479126827596174e-05]]
[2800.0, 500.0, 3e-06, [2.2606263e-05], [23.324299999999997], [2.33243], [8.544363020436338e-06]]
[2800.0, 1900.0, 1.2e-05, [8.076703e-05], [23.324299999999997], [2.33243], [1.6153406954881065e-05]]
[2800.0, 1800.0, 1e-05, [6.48915445e-05], [23.324299999999997], [2.33243], [1.451018851531571e-05]]
[2800.0, 300.0, 2e-06, [2.6235088e-05], [64.841554], [8.396747999999999], [1.3117541427416952e-05]]
[2800.0, 700.0, 5e-06, [3.2479610999999997e-05], [23.324299999999997], [2.33243], [1.027095317266124e-05]]
[2800.0, 1600.0, 9e-06, [5.8061947499999994e-05], [23.324299999999997], [2.33243], [1.3685333399300142e-05]]
[2800.0, 1700.0, 1.2e-05, [8.064657899999999e-05], [23.324299999999997], [2.33243], [1.6129314740558568e-05]]
[2900.0, 1300.0, 3e-06, [4.1052999e-05], [64.841554], [8.396747999999999], [1.2982099348718604e-05]]
[2900.0, 900.0, 2e-06, [1.2570834e-05], [23.324299999999997], [2.33243], [5.132023660311787e-06]]
[2900.0, 1600.0, 9e-06, [5.846741449999999e-05], [23.324299999999997], [2.33243], [1.104930209673896e-05]]
[2900.0, 2000.0, 7e-06, [4.8532944e-05], [23.324299999999997], [2.33243], [1.0119817043800742e-05]]
[2900.0, 1200.0, 3e-06, [1.6875870499999998e-05], [23.324299999999997], [2.33243], [5.966518746304246e-06]]
[2900.0, 1700.0, 6e-06, [4.17243805e-05], [23.324299999999997], [2.33243], [9.32985368186447e-06]]
[2900.0, 1100.0, 4e-06, [2.3567525e-05], [23.324299999999997], [2.33243], [7.105875962891555e-06]]
[2900.0, 800.0, 4e-06, [2.9124946000000002e-05], [23.324299999999997], [2.33243], [7.783968497816523e-06]]
[2900.0, 600.0, 3e-06, [1.9010603999999998e-05], [23.324299999999997], [2.33243], [6.336868364973348e-06]]
[2900.0, 100.0, 2e-06, [1.4726922999999999e-05], [23.324299999999997], [2.33243], [5.566255417693299e-06]]
[2900.0, 400.0, 2e-06, [3.40699e-05], [64.841554], [8.396747999999999], [1.2045524023470294e-05]]
[2900.0, 1000.0, 4e-06, [2.9790335999999997e-05], [23.324299999999997], [2.33243], [7.961802234733038e-06]]
[2900.0, 1400.0, 5e-06, [3.16821205e-05], [23.324299999999997], [2.33243], [8.180289592978966e-06]]
[2900.0, 200.0, 2e-06, [1.056387585e-05], [23.324299999999997], [2.33243], [4.724310015758915e-06]]
[2900.0, 500.0, 3e-06, [2.1102166499999998e-05], [23.324299999999997], [2.33243], [6.67309238659259e-06]]
[2900.0, 1500.0, 7e-06, [4.3860758499999995e-05], [23.324299999999997], [2.33243], [9.571201357457694e-06]]
[2900.0, 1800.0, 6e-06, [3.960177949999999e-05], [23.324299999999997], [2.33243], [9.085272211111784e-06]]
[2900.0, 300.0, 3e-06, [1.9155377499999998e-05], [23.324299999999997], [2.33243], [6.385126846821447e-06]]
[2900.0, 700.0, 3e-06, [2.1002208499999997e-05], [23.324299999999997], [2.33243], [6.641480493835692e-06]]
[2900.0, 1900.0, 9e-06, [5.955623449999999e-05], [23.324299999999997], [2.33243], [1.1255069446698229e-05]]
[3000.0, 1900.0, 4e-06, [2.67399725e-05], [23.324299999999997], [2.33243], [5.979240288280778e-06]]
[3000.0, 800.0, 1e-06, [6.5445373e-06], [32.18753399999999], [5.5978319999999995], [6.544537141005466e-06]]
[3000.0, 900.0, 1e-06, [2.1380353799999997e-05], [200.58897999999996], [23.324299999999997], [1.069017633156722e-05]]
[3000.0, 1600.0, 3e-06, [4.3003169e-05], [64.841554], [8.396747999999999], [1.0750793928822184e-05]]
[3000.0, 700.0, 2e-06, [1.6145701e-05], [23.324299999999997], [2.33243], [4.660863600235475e-06]]
[3000.0, 600.0, 2e-06, [1.35862955e-05], [23.324299999999997], [2.33243], [4.29636521666862e-06]]
[3000.0, 1300.0, 3e-06, [1.85430715e-05], [23.324299999999997], [2.33243], [4.955844910305406e-06]]
[3000.0, 500.0, 1e-06, [3.4438624499999997e-06], [9.796206], [1.3994579999999999], [3.4438625491590103e-06]]
[3000.0, 1500.0, 3e-06, [2.2818253999999995e-05], [23.324299999999997], [2.33243], [5.534239238594587e-06]]
[3000.0, 1800.0, 4e-06, [2.4122814e-05], [23.324299999999997], [2.33243], [5.685801665112844e-06]]
[3000.0, 2000.0, 4e-06, [2.7010130499999998e-05], [23.324299999999997], [2.33243], [6.039649569718427e-06]]
[3000.0, 100.0, 1e-06, [3.0261437333333337e-07], [0.13994579999999998], [0.02798916], [3.026143821702734e-07]]
[3000.0, 1400.0, 4e-06, [2.5357488499999998e-05], [23.324299999999997], [2.33243], [5.817406600023759e-06]]
[3000.0, 1100.0, 2e-06, [1.2259161e-05], [23.324299999999997], [2.33243], [4.086385474964396e-06]]
[3000.0, 1200.0, 4e-06, [2.3949693e-05], [23.324299999999997], [2.33243], [5.644996133745354e-06]]
[3000.0, 1000.0, 2e-06, [1.6396630999999996e-05], [23.324299999999997], [2.33243], [4.7332999746477085e-06]]
[3000.0, 400.0, 1e-06, [1.3615861999999999e-05], [110.09069599999998], [15.394037999999998], [1.361586091145176e-05]]
[3000.0, 300.0, 1e-06, [2.7062315199999998e-05], [254.23487], [33.120506], [1.9135944711458586e-05]]
[3000.0, 1700.0, 5e-06, [3.379068e-05], [23.324299999999997], [2.33243], [6.758136226061146e-06]]
[3000.0, 200.0, 2e-06, [1.4989927999999997e-05], [23.324299999999997], [2.33243], [4.519631677471074e-06]]
