[200.0, 1800.0, 0.154835, [1.06923619], [23.324299999999997], [2.33243], [0.37803213090953]]
[200.0, 700.0, 0.209126, [1.4625964499999997], [23.324299999999997], [2.33243], [0.4409892390977358]]
[200.0, 2000.0, 0.139208, [4.808978], [200.58897999999996], [23.324299999999997], [1.6029927510753128]]
[200.0, 1300.0, 0.135559, [0.9322997099999999], [23.324299999999997], [2.33243], [0.35237623249163663]]
[200.0, 1400.0, 0.150654, [0.67583867], [9.796206], [1.3994579999999999], [0.4778901068760474]]
[200.0, 400.0, 0.127622, [1.8852925199999995], [64.841554], [8.396747999999999], [0.7125736305814298]]
[200.0, 1900.0, 0.126575, [1.86952832], [64.841554], [8.396747999999999], [0.7066152891779232]]
[200.0, 1700.0, 0.228704, [1.60763675], [23.324299999999997], [2.33243], [0.46408463371458436]]
[200.0, 500.0, 0.197443, [2.9488322999999994], [64.841554], [8.396747999999999], [0.8891066420851887]]
[200.0, 1500.0, 0.245226, [1.7314112499999996], [23.324299999999997], [2.33243], [0.480207007966356]]
[200.0, 100.0, 0.146969, [0.6643421199999999], [9.796206], [1.3994579999999999], [0.6643421701201873]]
[200.0, 600.0, 0.213602, [3.1995253999999997], [64.841554], [8.396747999999999], [0.9236231282292579]]
[200.0, 1000.0, 0.123842, [4.2712034999999995], [200.58897999999996], [23.324299999999997], [1.5100988007411966]]
[200.0, 1200.0, 0.130259, [1.3388260899999997], [32.18753399999999], [5.5978319999999995], [1.3388260290269232]]
[200.0, 300.0, 0.09325, [3.2069865999999996], [200.58897999999996], [23.324299999999997], [1.3092471966744859]]
[200.0, 1600.0, 0.135505, [0.9319190599999998], [23.324299999999997], [2.33243], [0.3522323659177276]]
[200.0, 900.0, 0.179915, [2.6789549], [64.841554], [8.396747999999999], [0.8471599713159257]]
[200.0, 800.0, 0.097755, [0.6673512100000001], [23.324299999999997], [2.33243], [0.29844853086420103]]
[200.0, 1100.0, 0.198543, [6.9103638], [200.58897999999996], [23.324299999999997], [1.9165904278170645]]
[200.0, 200.0, 0.161522, [2.3979156], [64.841554], [8.396747999999999], [0.7993054297325897]]
[300.0, 2000.0, 0.10425, [0.71184034], [23.324299999999997], [2.33243], [0.1902473678530139]]
[300.0, 400.0, 0.10413, [0.710999345], [23.324299999999997], [2.33243], [0.19002256333130543]]
[300.0, 1000.0, 0.137279, [2.0281678299999997], [64.841554], [8.396747999999999], [0.4535121196836971]]
[300.0, 200.0, 0.103283, [0.705110425], [23.324299999999997], [2.33243], [0.18844868625172212]]
[300.0, 1600.0, 0.075916, [1.1136160699999997], [64.841554], [8.396747999999999], [0.33576786147575227]]
[300.0, 1300.0, 0.140059, [0.9628409499999998], [23.324299999999997], [2.33243], [0.22089084329143202]]
[300.0, 800.0, 0.083245, [1.2220323199999998], [64.841554], [8.396747999999999], [0.35277029310870267]]
[300.0, 700.0, 0.096997, [0.661460795], [23.324299999999997], [2.33243], [0.18345621677937216]]
[300.0, 300.0, 0.14765, [1.01657907], [23.324299999999997], [2.33243], [0.22731401628584189]]
[300.0, 900.0, 0.126045, [0.86413553], [23.324299999999997], [2.33243], [0.20958367451927165]]
[300.0, 600.0, 0.067562, [0.45847751499999995], [23.324299999999997], [2.33243], [0.15282582741474032]]
[300.0, 1400.0, 0.133407, [0.91591037], [23.324299999999997], [2.33243], [0.21588214000931155]]
[300.0, 500.0, 0.081878, [0.556919125], [23.324299999999997], [2.33243], [0.1679174460114255]]
[300.0, 1200.0, 0.089785, [1.3189379899999998], [64.841554], [8.396747999999999], [0.3658075345041433]]
[300.0, 100.0, 0.08931, [0.6082335049999998], [23.324299999999997], [2.33243], [0.17558191564053513]]
[300.0, 1100.0, 0.076228, [1.11821607], [64.841554], [8.396747999999999], [0.33715489674628785]]
[300.0, 1900.0, 0.103898, [0.7093860099999999], [23.324299999999997], [2.33243], [0.18959137308960025]]
[300.0, 1500.0, 0.074623, [0.5069694499999999], [23.324299999999997], [2.33243], [0.1603177957214981]]
[300.0, 1700.0, 0.110264, [1.6235249200000001], [64.841554], [8.396747999999999], [0.405881254802436]]
[300.0, 1800.0, 0.10387, [0.7091932699999999], [23.324299999999997], [2.33243], [0.18953988669934355]]
[400.0, 900.0, 0.133377, [1.96871697], [64.841554], [8.396747999999999], [0.30377959082203004]]
[400.0, 1200.0, 0.130902, [1.9315802499999999], [64.841554], [8.396747999999999], [0.30166216401796225]]
[400.0, 1500.0, 0.108372, [1.59479194], [64.841554], [8.396747999999999], [0.27350462354410027]]
[400.0, 200.0, 0.113533, [0.776246205], [23.324299999999997], [2.33243], [0.13512715317433427]]
[400.0, 1600.0, 0.108814, [1.6013860399999997], [64.841554], [8.396747999999999], [0.27463540995290464]]
[400.0, 500.0, 0.086838, [0.590984425], [23.324299999999997], [2.33243], [0.11819689706164031]]
[400.0, 1700.0, 0.108993, [1.6040473699999998], [64.841554], [8.396747999999999], [0.2750918266688416]]
[400.0, 300.0, 0.103376, [0.7055275299999999], [23.324299999999997], [2.33243], [0.1288111401432345]]
[400.0, 1300.0, 0.115287, [1.6979170399999999], [64.841554], [8.396747999999999], [0.28298619012241566]]
[400.0, 1400.0, 0.103498, [0.7063743899999999], [23.324299999999997], [2.33243], [0.12896571928229608]]
[400.0, 1100.0, 0.118372, [1.7440028299999997], [64.841554], [8.396747999999999], [0.28671232097696814]]
[400.0, 800.0, 0.096424, [1.4170976199999998], [64.841554], [8.396747999999999], [0.2587253632715586]]
[400.0, 100.0, 0.035694, [0.5216735800000001], [64.841554], [8.396747999999999], [0.15729054110149154]]
[400.0, 1000.0, 0.13386, [0.918706135], [23.324299999999997], [2.33243], [0.1471107131550928]]
[400.0, 400.0, 0.130946, [0.8982074999999999], [23.324299999999997], [2.33243], [0.14570849443323472]]
[400.0, 1800.0, 0.110386, [0.7543050099999999], [23.324299999999997], [2.33243], [0.13334352899559843]]
[400.0, 2000.0, 0.12005, [0.821784365], [23.324299999999997], [2.33243], [0.13890690956536322]]
[400.0, 600.0, 0.133749, [1.9743029799999998], [64.841554], [8.396747999999999], [0.3046415769391958]]
[400.0, 700.0, 0.111786, [1.6456886399999997], [64.841554], [8.396747999999999], [0.27817214005000573]]
[400.0, 1900.0, 0.099127, [1.4572365299999999], [64.841554], [8.396747999999999], [0.26172736788498063]]
[500.0, 1700.0, 0.092174, [1.35386119], [64.841554], [8.396747999999999], [0.18255460919954883]]
[500.0, 1100.0, 0.07369, [1.08039556], [64.841554], [8.396747999999999], [0.16287574678263178]]
[500.0, 300.0, 0.07814, [1.1461180599999998], [64.841554], [8.396747999999999], [0.16717847089263616]]
[500.0, 1300.0, 0.093573, [0.6374643199999999], [23.324299999999997], [2.33243], [0.08840040350586642]]
[500.0, 1800.0, 0.06577, [2.25544256], [200.58897999999996], [23.324299999999997], [0.33254685035345016]]
[500.0, 1400.0, 0.087681, [0.59674098], [23.324299999999997], [2.33243], [0.0852487173510546]]
[500.0, 600.0, 0.088376, [1.2975670799999999], [64.841554], [8.396747999999999], [0.17823452255385316]]
[500.0, 1900.0, 0.082128, [1.2050808599999998], [64.841554], [8.396747999999999], [0.17215440848261768]]
[500.0, 1200.0, 0.080125, [1.1754598499999998], [64.841554], [8.396747999999999], [0.16966300421718342]]
[500.0, 800.0, 0.088291, [0.600951475], [23.324299999999997], [2.33243], [0.08585021512786091]]
[500.0, 1000.0, 0.077367, [0.5256613199999999], [23.324299999999997], [2.33243], [0.0801625975595851]]
[500.0, 2000.0, 0.081708, [1.19886373], [64.841554], [8.396747999999999], [0.17126625336008258]]
[500.0, 700.0, 0.066438, [0.9734149699999999], [64.841554], [8.396747999999999], [0.15391040799763997]]
[500.0, 100.0, 0.033426, [0.48842316999999996], [64.841554], [8.396747999999999], [0.10921476800323296]]
[500.0, 200.0, 0.066671, [0.9768435799999999], [64.841554], [8.396747999999999], [0.15445254374726236]]
[500.0, 1500.0, 0.090557, [1.3298878299999999], [64.841554], [8.396747999999999], [0.1809748244093636]]
[500.0, 900.0, 0.091624, [1.3457161999999998], [64.841554], [8.396747999999999], [0.18145635690159767]]
[500.0, 1600.0, 0.094348, [1.3861156999999997], [64.841554], [8.396747999999999], [0.1835955028861001]]
[500.0, 500.0, 0.101483, [1.4920734799999997], [64.841554], [8.396747999999999], [0.19104044231523334]]
[500.0, 400.0, 0.087295, [1.2815597699999999], [64.841554], [8.396747999999999], [0.1777203615233775]]
[600.0, 200.0, 0.024257, [0.163544835], [23.324299999999997], [2.33243], [0.03338345813048732]]
[600.0, 1400.0, 0.063701, [0.43187146], [23.324299999999997], [2.33243], [0.05441069171128042]]
[600.0, 1900.0, 0.05572, [0.37731085999999997], [23.324299999999997], [2.33243], [0.05087659007343161]]
[600.0, 100.0, 0.026322, [0.17751020499999998], [23.324299999999997], [2.33243], [0.03481262365507662]]
[600.0, 800.0, 0.063423, [0.42997004999999994], [23.324299999999997], [2.33243], [0.054171128103446396]]
[600.0, 1200.0, 0.054407, [0.368351785], [23.324299999999997], [2.33243], [0.05012632210226479]]
[600.0, 600.0, 0.059075, [0.86494191], [64.841554], [8.396747999999999], [0.10897243688199323]]
[600.0, 1600.0, 0.059812, [0.8757946899999999], [64.841554], [8.396747999999999], [0.10947437065359178]]
[600.0, 400.0, 0.059277, [0.40161059], [23.324299999999997], [2.33243], [0.05228525303563137]]
[600.0, 500.0, 0.064541, [0.9454209799999999], [64.841554], [8.396747999999999], [0.11381530885605855]]
[600.0, 1100.0, 0.061289, [0.41537126], [23.324299999999997], [2.33243], [0.05318283141672696]]
[600.0, 300.0, 0.063949, [0.9367023700000001], [64.841554], [8.396747999999999], [0.11276571859390601]]
[600.0, 1700.0, 0.05153, [0.7539910599999999], [64.841554], [8.396747999999999], [0.1016681173229838]]
[600.0, 1500.0, 0.060608, [0.41070984999999993], [23.324299999999997], [2.33243], [0.053022408376081895]]
[600.0, 1800.0, 0.058414, [0.395712585], [23.324299999999997], [2.33243], [0.05195961657864692]]
[600.0, 1000.0, 0.052113, [0.35270292999999997], [23.324299999999997], [2.33243], [0.04891108315095874]]
[600.0, 2000.0, 0.062176, [0.42143831499999995], [23.324299999999997], [2.33243], [0.053522722254197796]]
[600.0, 700.0, 0.060028, [0.87897191], [64.841554], [8.396747999999999], [0.10987148388003139]]
[600.0, 1300.0, 0.066983, [0.45434832499999994], [23.324299999999997], [2.33243], [0.055507487332791414]]
[600.0, 900.0, 0.066282, [0.97107978], [64.841554], [8.396747999999999], [0.1152459749405592]]
[700.0, 2000.0, 0.051191, [0.7490041999999999], [64.841554], [8.396747999999999], [0.07725388100283377]]
[700.0, 100.0, 0.015502, [0.1043985065], [23.324299999999997], [2.33243], [0.020474231304251692]]
[700.0, 1000.0, 0.043806, [0.296120515], [23.324299999999997], [2.33243], [0.03442331519116077]]
[700.0, 600.0, 0.042567, [0.62239242], [64.841554], [8.396747999999999], [0.07047205629893312]]
[700.0, 1400.0, 0.04207, [0.61511223], [64.841554], [8.396747999999999], [0.07009853653251256]]
[700.0, 1900.0, 0.037671, [0.5506114899999999], [64.841554], [8.396747999999999], [0.06628582442724838]]
[700.0, 200.0, 0.019146, [0.27947828999999996], [64.841554], [8.396747999999999], [0.04724046029623335]]
[700.0, 400.0, 0.044463, [0.30059240499999995], [23.324299999999997], [2.33243], [0.03470942337463992]]
[700.0, 1300.0, 0.041176, [0.278243765], [23.324299999999997], [2.33243], [0.033256498842331554]]
[700.0, 1100.0, 0.04573, [0.6688071099999999], [64.841554], [8.396747999999999], [0.07297284200303561]]
[700.0, 800.0, 0.040825, [0.5968408], [64.841554], [8.396747999999999], [0.06938133277042174]]
[700.0, 1500.0, 0.044548, [0.30117212], [23.324299999999997], [2.33243], [0.0347763669788838]]
[700.0, 1600.0, 0.042177, [0.61667853], [64.841554], [8.396747999999999], [0.07027704479415735]]
[700.0, 1800.0, 0.040962, [0.5988544499999999], [64.841554], [8.396747999999999], [0.06914976679642527]]
[700.0, 1200.0, 0.042919, [0.29008888], [23.324299999999997], [2.33243], [0.034187304756298054]]
[700.0, 700.0, 0.036646, [0.24747792999999996], [23.324299999999997], [2.33243], [0.031429723014210605]]
[700.0, 900.0, 0.049449, [0.72342107], [64.841554], [8.396747999999999], [0.07625528512831094]]
[700.0, 300.0, 0.029983, [0.43798945999999994], [64.841554], [8.396747999999999], [0.05905848708695474]]
[700.0, 500.0, 0.039734, [0.58084637], [64.841554], [8.396747999999999], [0.06798291895763228]]
[700.0, 1700.0, 0.039738, [0.26846968499999996], [23.324299999999997], [2.33243], [0.0327987903130588]]
[800.0, 300.0, 0.015514, [0.226406572], [64.841554], [8.396747999999999], [0.03302478849288819]]
[800.0, 100.0, 0.012612, [0.0849040745], [23.324299999999997], [2.33243], [0.014351405636731197]]
[800.0, 1800.0, 0.025194, [0.16988121999999997], [23.324299999999997], [2.33243], [0.02030469518362686]]
[800.0, 800.0, 0.0275, [0.4016515299999999], [64.841554], [8.396747999999999], [0.04408698651529724]]
[800.0, 400.0, 0.030384, [0.44386342999999995], [64.841554], [8.396747999999999], [0.04652952866728826]]
[800.0, 200.0, 0.012245, [0.0824301945], [23.324299999999997], [2.33243], [0.014136662380137681]]
[800.0, 1700.0, 0.027191, [0.39713639999999995], [64.841554], [8.396747999999999], [0.04385636839730348]]
[800.0, 600.0, 0.026832, [0.180964345], [23.324299999999997], [2.33243], [0.02089595885572136]]
[800.0, 1600.0, 0.029816, [0.43554961999999997], [64.841554], [8.396747999999999], [0.04591094404387694]]
[800.0, 1000.0, 0.028781, [0.42040273999999994], [64.841554], [8.396747999999999], [0.045071902333937486]]
[800.0, 1100.0, 0.022633, [0.15255968999999997], [23.324299999999997], [2.33243], [0.019220721708614375]]
[800.0, 1500.0, 0.024478, [0.35744116], [64.841554], [8.396747999999999], [0.04155168822081721]]
[800.0, 1400.0, 0.025595, [0.3737856499999999], [64.841554], [8.396747999999999], [0.04259683827468888]]
[800.0, 1200.0, 0.0248, [0.1672146], [23.324299999999997], [2.33243], [0.02013027616551745]]
[800.0, 900.0, 0.028932, [0.19517788499999997], [23.324299999999997], [2.33243], [0.021686432774894075]]
[800.0, 1300.0, 0.030366, [0.20489170499999995], [23.324299999999997], [2.33243], [0.022223627263567934]]
[800.0, 2000.0, 0.03074, [0.20742826], [23.324299999999997], [2.33243], [0.022367556169595283]]
[800.0, 500.0, 0.029097, [0.42503034], [64.841554], [8.396747999999999], [0.04530838880384072]]
[800.0, 1900.0, 0.026523, [0.38736324], [64.841554], [8.396747999999999], [0.04330852362988145]]
[800.0, 700.0, 0.026957, [0.181811435], [23.324299999999997], [2.33243], [0.02099377207649926]]
[900.0, 200.0, 0.008264, [0.0556042135], [23.324299999999997], [2.33243], [0.009141276144499739]]
[900.0, 1100.0, 0.016315, [0.10988753700000001], [23.324299999999997], [2.33243], [0.012861360620089928]]
[900.0, 300.0, 0.008437, [0.123070815], [64.841554], [8.396747999999999], [0.01922043272145557]]
[900.0, 1000.0, 0.018605, [0.12534103], [23.324299999999997], [2.33243], [0.01375796096810861]]
[900.0, 900.0, 0.01959, [0.13199515999999997], [23.324299999999997], [2.33243], [0.014070737578392969]]
[900.0, 1600.0, 0.019714, [0.13283351], [23.324299999999997], [2.33243], [0.01416009154278319]]
[900.0, 700.0, 0.018906, [0.12737825499999997], [23.324299999999997], [2.33243], [0.01381610976360567]]
[900.0, 1900.0, 0.020025, [0.13493616999999997], [23.324299999999997], [2.33243], [0.014303207926895281]]
[900.0, 500.0, 0.02058, [0.138684825], [23.324299999999997], [2.33243], [0.014458893794132385]]
[900.0, 1400.0, 0.02106, [0.14192644499999998], [23.324299999999997], [2.33243], [0.014638592077109056]]
[900.0, 1200.0, 0.016718, [0.24400193999999997], [64.841554], [8.396747999999999], [0.0271113128048053]]
[900.0, 1500.0, 0.017362, [0.25341354], [64.841554], [8.396747999999999], [0.02764969276502001]]
[900.0, 800.0, 0.016848, [0.1134787225], [23.324299999999997], [2.33243], [0.013103390877936901]]
[900.0, 400.0, 0.015637, [0.10530679949999999], [23.324299999999997], [2.33243], [0.012586570064954153]]
[900.0, 100.0, 0.006953, [0.0467729955], [23.324299999999997], [2.33243], [0.008400677189965105]]
[900.0, 600.0, 0.01798, [0.12112328999999998], [23.324299999999997], [2.33243], [0.013541991009449089]]
[900.0, 1800.0, 0.021655, [0.14594811], [23.324299999999997], [2.33243], [0.014818784160652318]]
[900.0, 2000.0, 0.017787, [0.11981964999999999], [23.324299999999997], [2.33243], [0.013480761875724976]]
[900.0, 1700.0, 0.017814, [0.12000525999999997], [23.324299999999997], [2.33243], [0.013416996329283242]]
[900.0, 1300.0, 0.022506, [0.15170224999999998], [23.324299999999997], [2.33243], [0.015094936096254265]]
[1000.0, 1600.0, 0.01373, [0.092446959], [23.324299999999997], [2.33243], [0.009386566713926875]]
[1000.0, 1400.0, 0.012501, [0.0841558615], [23.324299999999997], [2.33243], [0.008971044522517988]]
[1000.0, 1500.0, 0.011106, [0.074755198], [23.324299999999997], [2.33243], [0.008464360148587724]]
[1000.0, 700.0, 0.011781, [0.17189498499999997], [64.841554], [8.396747999999999], [0.01811932350834324]]
[1000.0, 1900.0, 0.012606, [0.08486239849999999], [23.324299999999997], [2.33243], [0.008995396004345778]]
[1000.0, 1800.0, 0.011983, [0.174836662], [64.841554], [8.396747999999999], [0.018227982485727816]]
[1000.0, 500.0, 0.012492, [0.08409499200000001], [23.324299999999997], [2.33243], [0.008964556489308323]]
[1000.0, 1000.0, 0.012964, [0.08727653599999999], [23.324299999999997], [2.33243], [0.009149066384063459]]
[1000.0, 200.0, 0.004214, [0.061454482], [64.841554], [8.396747999999999], [0.010863718336739037]]
[1000.0, 1100.0, 0.014142, [0.095221909], [23.324299999999997], [2.33243], [0.009570162225636511]]
[1000.0, 2000.0, 0.013699, [0.092232944], [23.324299999999997], [2.33243], [0.009413485844786722]]
[1000.0, 1700.0, 0.011911, [0.17379414099999999], [64.841554], [8.396747999999999], [0.01811929139342927]]
[1000.0, 800.0, 0.013245, [0.08917324249999999], [23.324299999999997], [2.33243], [0.00924683528565314]]
[1000.0, 1300.0, 0.012447, [0.0837942325], [23.324299999999997], [2.33243], [0.008932494990202905]]
[1000.0, 400.0, 0.00861, [0.057933929499999995], [23.324299999999997], [2.33243], [0.007417680075333527]]
[1000.0, 300.0, 0.005693, [0.038294735499999996], [23.324299999999997], [2.33243], [0.006054929650706109]]
[1000.0, 600.0, 0.011621, [0.07822027449999999], [23.324299999999997], [2.33243], [0.008637984459641033]]
[1000.0, 1200.0, 0.012951, [0.08719254], [23.324299999999997], [2.33243], [0.00914026192731915]]
[1000.0, 100.0, 0.003981, [0.0267732075], [23.324299999999997], [2.33243], [0.005059661522770075]]
[1000.0, 900.0, 0.014764, [0.09941890299999999], [23.324299999999997], [2.33243], [0.009796035894687196]]
[1100.0, 1300.0, 0.008431, [0.05672881], [23.324299999999997], [2.33243], [0.00591438750210028]]
[1100.0, 1800.0, 0.008176, [0.055014654499999996], [23.324299999999997], [2.33243], [0.0058315410313226805]]
[1100.0, 2000.0, 0.008362, [0.056266831999999996], [23.324299999999997], [2.33243], [0.00589836670401222]]
[1100.0, 700.0, 0.009184, [0.061798424], [23.324299999999997], [2.33243], [0.006179842560696833]]
[1100.0, 900.0, 0.008352, [0.05619763649999999], [23.324299999999997], [2.33243], [0.005891112263401539]]
[1100.0, 200.0, 0.003202, [0.0215296445], [23.324299999999997], [2.33243], [0.0036391731375409984]]
[1100.0, 1900.0, 0.008526, [0.12437422499999999], [64.841554], [8.396747999999999], [0.01237569709551749]]
[1100.0, 1500.0, 0.008586, [0.057773952999999996], [23.324299999999997], [2.33243], [0.005958927825120892]]
[1100.0, 800.0, 0.009069, [0.061024152], [23.324299999999997], [2.33243], [0.0061331581954161265]]
[1100.0, 500.0, 0.006758, [0.098580093], [64.841554], [8.396747999999999], [0.011021589440729498]]
[1100.0, 1700.0, 0.00931, [0.062652184], [23.324299999999997], [2.33243], [0.00620349163576449]]
[1100.0, 400.0, 0.004199, [0.028240296999999998], [23.324299999999997], [2.33243], [0.0041638052398016885]]
[1100.0, 600.0, 0.01019, [0.06857598349999999], [23.324299999999997], [2.33243], [0.006508944125201875]]
[1100.0, 1400.0, 0.008293, [0.0558021975], [23.324299999999997], [2.33243], [0.00584965900501901]]
[1100.0, 100.0, 0.002803, [0.040878521], [64.841554], [8.396747999999999], [0.007116037942563262]]
[1100.0, 1100.0, 0.008319, [0.12135464699999997], [64.841554], [8.396747999999999], [0.012196598779987803]]
[1100.0, 1000.0, 0.00719, [0.04837284099999999], [23.324299999999997], [2.33243], [0.005442370595613642]]
[1100.0, 300.0, 0.0034, [0.022860321], [23.324299999999997], [2.33243], [0.0037582151315484844]]
[1100.0, 1200.0, 0.008658, [0.058260978], [23.324299999999997], [2.33243], [0.005977450658516555]]
[1100.0, 1600.0, 0.009491, [0.063871506], [23.324299999999997], [2.33243], [0.0062631158060505315]]
[1200.0, 100.0, 0.001907, [0.012819647999999998], [23.324299999999997], [2.33243], [0.002266215572270211]]
[1200.0, 1400.0, 0.005368, [0.036106181999999994], [23.324299999999997], [2.33243], [0.0038059249565644353]]
[1200.0, 1700.0, 0.006365, [0.04281414349999999], [23.324299999999997], [2.33243], [0.00415847696278337]]
[1200.0, 1800.0, 0.005188, [0.0348931505], [23.324299999999997], [2.33243], [0.0037409378035460567]]
[1200.0, 700.0, 0.006262, [0.042125040499999995], [23.324299999999997], [2.33243], [0.004110982194074793]]
[1200.0, 200.0, 0.001676, [0.01126700885], [23.324299999999997], [2.33243], [0.0021292646735434277]]
[1200.0, 1900.0, 0.004879, [0.07115993000000001], [64.841554], [8.396747999999999], [0.007542937577628494]]
[1200.0, 1200.0, 0.005773, [0.08420700199999999], [64.841554], [8.396747999999999], [0.00821776192159398]]
[1200.0, 1100.0, 0.005028, [0.033819763499999995], [23.324299999999997], [2.33243], [0.003690038028259329]]
[1200.0, 1300.0, 0.006823, [0.045899501499999995], [23.324299999999997], [2.33243], [0.004298882433260998]]
[1200.0, 2000.0, 0.005782, [0.038891884499999994], [23.324299999999997], [2.33243], [0.0039488712659442315]]
[1200.0, 800.0, 0.006689, [0.0449968895], [23.324299999999997], [2.33243], [0.004251806774772344]]
[1200.0, 1600.0, 0.005821, [0.084895507], [64.841554], [8.396747999999999], [0.008245780678625886]]
[1200.0, 1000.0, 0.005304, [0.03567412699999999], [23.324299999999997], [2.33243], [0.0037814511169655487]]
[1200.0, 1500.0, 0.006035, [0.040596402999999996], [23.324299999999997], [2.33243], [0.004039493476910193]]
[1200.0, 300.0, 0.002427, [0.016321489999999998], [23.324299999999997], [2.33243], [0.0025489889436794344]]
[1200.0, 600.0, 0.006746, [0.045383301], [23.324299999999997], [2.33243], [0.00426930278558455]]
[1200.0, 500.0, 0.004297, [0.028900074999999997], [23.324299999999997], [2.33243], [0.0034059068729928596]]
[1200.0, 900.0, 0.00494, [0.033226605], [23.324299999999997], [2.33243], [0.0036470940521187547]]
[1200.0, 400.0, 0.002934, [0.019731642499999997], [23.324299999999997], [2.33243], [0.002818805534264469]]
[1300.0, 1600.0, 0.0046, [0.030934873499999998], [23.324299999999997], [2.33243], [0.0028599295410901295]]
[1300.0, 1700.0, 0.00406, [0.027300723999999995], [23.324299999999997], [2.33243], [0.0026770559991341233]]
[1300.0, 900.0, 0.004213, [0.028334781], [23.324299999999997], [2.33243], [0.0027265154015702897]]
[1300.0, 200.0, 0.001301, [0.0189719824], [64.841554], [8.396747999999999], [0.003161997305501698]]
[1300.0, 1800.0, 0.004385, [0.029492531999999995], [23.324299999999997], [2.33243], [0.002786781975684499]]
[1300.0, 1000.0, 0.004982, [0.03350778], [23.324299999999997], [2.33243], [0.00297333517451363]]
[1300.0, 1400.0, 0.004671, [0.031413423], [23.324299999999997], [2.33243], [0.0028796638371518294]]
[1300.0, 1200.0, 0.003272, [0.022000374], [23.324299999999997], [2.33243], [0.002400436792023485]]
[1300.0, 500.0, 0.002549, [0.0171410605], [23.324299999999997], [2.33243], [0.002126087517601286]]
[1300.0, 100.0, 0.001374, [0.020042144799999998], [64.841554], [8.396747999999999], [0.003251265389044702]]
[1300.0, 1100.0, 0.004433, [0.029815946499999996], [23.324299999999997], [2.33243], [0.002804848349733011]]
[1300.0, 2000.0, 0.004213, [0.0283312275], [23.324299999999997], [2.33243], [0.002738883081202993]]
[1300.0, 1300.0, 0.003956, [0.026602777499999997], [23.324299999999997], [2.33243], [0.002647075185936357]]
[1300.0, 1500.0, 0.004364, [0.029348528999999998], [23.324299999999997], [2.33243], [0.0027856389967115263]]
[1300.0, 600.0, 0.004001, [0.026905813999999997], [23.324299999999997], [2.33243], [0.002664072486344919]]
[1300.0, 300.0, 0.001489, [0.01001339615], [23.324299999999997], [2.33243], [0.0016243875176508837]]
[1300.0, 1900.0, 0.003915, [0.026326007], [23.324299999999997], [2.33243], [0.0026326004358808424]]
[1300.0, 400.0, 0.001492, [0.0100288671], [23.324299999999997], [2.33243], [0.0016268968344673857]]
[1300.0, 700.0, 0.004459, [0.029986939999999993], [23.324299999999997], [2.33243], [0.0028085340402067413]]
[1300.0, 800.0, 0.003599, [0.052482710999999994], [64.841554], [8.396747999999999], [0.005248270914310731]]
[1400.0, 1100.0, 0.002827, [0.0190115125], [23.324299999999997], [2.33243], [0.0018209722561038648]]
[1400.0, 400.0, 0.001477, [0.009931678299999998], [23.324299999999997], [2.33243], [0.001315482883773103]]
[1400.0, 1500.0, 0.002551, [0.037204523999999996], [64.841554], [8.396747999999999], [0.0035966970236593456]]
[1400.0, 1800.0, 0.003004, [0.020197542], [23.324299999999997], [2.33243], [0.0018752946015226511]]
[1400.0, 1600.0, 0.002488, [0.016725979499999998], [23.324299999999997], [2.33243], [0.0017070889124471517]]
[1400.0, 1400.0, 0.00269, [0.018085290999999996], [23.324299999999997], [2.33243], [0.0017734092540922413]]
[1400.0, 600.0, 0.001781, [0.0119733055], [23.324299999999997], [2.33243], [0.0014414166243664596]]
[1400.0, 1700.0, 0.002805, [0.018860655499999997], [23.324299999999997], [2.33243], [0.0018148676094966263]]
[1400.0, 900.0, 0.003253, [0.021877162999999995], [23.324299999999997], [2.33243], [0.0019567533020286437]]
[1400.0, 100.0, 0.000884, [0.005939437199999999], [23.324299999999997], [2.33243], [0.0010186049939746025]]
[1400.0, 700.0, 0.003512, [0.0236162735], [23.324299999999997], [2.33243], [0.0020250784910713954]]
[1400.0, 2000.0, 0.002382, [0.034737451999999995], [64.841554], [8.396747999999999], [0.0034737462774359325]]
[1400.0, 800.0, 0.002822, [0.018977690999999994], [23.324299999999997], [2.33243], [0.0018177327952699758]]
[1400.0, 1300.0, 0.002676, [0.017993751], [23.324299999999997], [2.33243], [0.0017644328238842078]]
[1400.0, 300.0, 0.000971, [0.014164885799999999], [64.841554], [8.396747999999999], [0.002212183593872805]]
[1400.0, 1200.0, 0.00276, [0.018556595499999995], [23.324299999999997], [2.33243], [0.0018023761829873363]]
[1400.0, 500.0, 0.001481, [0.009959486449999999], [23.324299999999997], [2.33243], [0.0013191662982732692]]
[1400.0, 1000.0, 0.002555, [0.017176376999999996], [23.324299999999997], [2.33243], [0.0017262905838820995]]
[1400.0, 200.0, 0.00099, [0.00665365965], [23.324299999999997], [2.33243], [0.001079366132273938]]
[1400.0, 1900.0, 0.003085, [0.0207473455], [23.324299999999997], [2.33243], [0.0019019060058267862]]
[1500.0, 1500.0, 0.002141, [0.031220176999999995], [64.841554], [8.396747999999999], [0.006509857770335692]]
[1500.0, 1100.0, 0.001413, [0.009498868899999999], [23.324299999999997], [2.33243], [0.0025386793737098823]]
[1500.0, 1800.0, 0.001625, [0.010922691949999999], [23.324299999999997], [2.33243], [0.0027306727600538293]]
[1500.0, 400.0, 0.000794, [0.005335267449999999], [23.324299999999997], [2.33243], [0.0018863018508446623]]
[1500.0, 200.0, 0.000912, [0.006128060199999999], [23.324299999999997], [2.33243], [0.0020426868323362734]]
[1500.0, 500.0, 0.001415, [0.009511280849999998], [23.324299999999997], [2.33243], [0.002541996376866025]]
[1500.0, 1300.0, 0.002814, [0.018920904], [23.324299999999997], [2.33243], [0.0035757152515266087]]
[1500.0, 600.0, 0.001101, [0.007400511049999999], [23.324299999999997], [2.33243], [0.002231337861015225]]
[1500.0, 1000.0, 0.001632, [0.010971037949999998], [23.324299999999997], [2.33243], [0.0027427591614102758]]
[1500.0, 2000.0, 0.001623, [0.010913489649999998], [23.324299999999997], [2.33243], [0.00272837251580498]]
[1500.0, 800.0, 0.002434, [0.0163647185], [23.324299999999997], [2.33243], [0.0033404344773547046]]
[1500.0, 1700.0, 0.001894, [0.012731052], [23.324299999999997], [2.33243], [0.0029207041090291907]]
[1500.0, 1200.0, 0.002407, [0.016184617], [23.324299999999997], [2.33243], [0.003303670994136674]]
[1500.0, 300.0, 0.000902, [0.0060629839999999996], [23.324299999999997], [2.33243], [0.002020994700636298]]
[1500.0, 1400.0, 0.001618, [0.01087784195], [23.324299999999997], [2.33243], [0.002719460661142205]]
[1500.0, 100.0, 0.000821, [0.0035291107999999996], [9.796206], [1.3994579999999999], [0.003529110361691739]]
[1500.0, 900.0, 0.001323, [0.0088971222], [23.324299999999997], [2.33243], [0.002467617842677427]]
[1500.0, 700.0, 0.001802, [0.012112559], [23.324299999999997], [2.33243], [0.0028549590194081598]]
[1500.0, 1900.0, 0.001986, [0.028962565999999995], [64.841554], [8.396747999999999], [0.006320147647800642]]
[1500.0, 1600.0, 0.002462, [0.016556572999999998], [23.324299999999997], [2.33243], [0.003379597021835591]]
[1600.0, 1500.0, 0.00101, [0.006793174199999999], [23.324299999999997], [2.33243], [0.001753989786885887]]
[1600.0, 100.0, 0.000499, [0.0072718088], [64.841554], [8.396747999999999], [0.0025709720574133045]]
[1600.0, 1300.0, 0.001223, [0.00821993895], [23.324299999999997], [2.33243], [0.001937458553750247]]
[1600.0, 900.0, 0.001212, [0.00814935195], [23.324299999999997], [2.33243], [0.001920820871398476]]
[1600.0, 300.0, 0.000306, [0.004460413], [64.841554], [8.396747999999999], [0.001994756996729175]]
[1600.0, 500.0, 0.000689, [0.0100475109], [64.841554], [8.396747999999999], [0.0030294387813586854]]
[1600.0, 1000.0, 0.001359, [0.00913557585], [23.324299999999997], [2.33243], [0.002042776823346104]]
[1600.0, 1200.0, 0.001201, [0.008071311799999998], [23.324299999999997], [2.33243], [0.0019024264079064925]]
[1600.0, 1800.0, 0.001144, [0.0076904433000000005], [23.324299999999997], [2.33243], [0.001865206409489309]]
[1600.0, 1100.0, 0.001681, [0.01130345235], [23.324299999999997], [2.33243], [0.0022606905803315945]]
[1600.0, 1900.0, 0.001542, [0.0224876727], [64.841554], [8.396747999999999], [0.004497535174959724]]
[1600.0, 1700.0, 0.001351, [0.009080727749999998], [23.324299999999997], [2.33243], [0.002030512505501998]]
[1600.0, 800.0, 0.001334, [0.008966058949999998], [23.324299999999997], [2.33243], [0.0020048715563596585]]
[1600.0, 200.0, 0.000269, [0.0018096675999999996], [23.324299999999997], [2.33243], [0.0009048337098605466]]
[1600.0, 1600.0, 0.001159, [0.0077942077999999995], [23.324299999999997], [2.33243], [0.0018903733440778303]]
[1600.0, 2000.0, 0.001209, [0.008128815249999997], [23.324299999999997], [2.33243], [0.001915980070355639]]
[1600.0, 1400.0, 0.001551, [0.0104249754], [23.324299999999997], [2.33243], [0.002173757974108433]]
[1600.0, 700.0, 0.001267, [0.008518691699999999], [23.324299999999997], [2.33243], [0.0019543220589247822]]
[1600.0, 400.0, 0.000462, [0.0031056440000000003], [23.324299999999997], [2.33243], [0.0011738233140042838]]
[1600.0, 600.0, 0.000866, [0.005823057199999999], [23.324299999999997], [2.33243], [0.0016150258697618437]]
[1700.0, 900.0, 0.000931, [0.0062587944999999996], [23.324299999999997], [2.33243], [0.0013657807858510822]]
[1700.0, 1500.0, 0.000756, [0.0050830874], [23.324299999999997], [2.33243], [0.0012328300369475105]]
[1700.0, 1800.0, 0.000974, [0.006550363199999999], [23.324299999999997], [2.33243], [0.0013965423104940285]]
[1700.0, 700.0, 0.000543, [0.0079161653], [64.841554], [8.396747999999999], [0.002195548966887325]]
[1700.0, 500.0, 0.000412, [0.0027696967999999997], [23.324299999999997], [2.33243], [0.0009232321474038909]]
[1700.0, 300.0, 0.000492, [0.00330856725], [23.324299999999997], [2.33243], [0.0009975706137913245]]
[1700.0, 800.0, 0.000758, [0.00509754175], [23.324299999999997], [2.33243], [0.001236335578433299]]
[1700.0, 1300.0, 0.000832, [0.0121370632], [64.841554], [8.396747999999999], [0.0027139298296013476]]
[1700.0, 400.0, 0.000317, [0.00212837285], [23.324299999999997], [2.33243], [0.0008044490436006495]]
[1700.0, 1000.0, 0.000784, [0.0114280974], [64.841554], [8.396747999999999], [0.0026217851227741755]]
[1700.0, 2000.0, 0.000855, [0.0057495618499999995], [23.324299999999997], [2.33243], [0.0013190399738067075]]
[1700.0, 1600.0, 0.000447, [0.0030015436999999996], [23.324299999999997], [2.33243], [0.0009491715033385693]]
[1700.0, 1400.0, 0.000853, [0.005732748849999999], [23.324299999999997], [2.33243], [0.0013151827572622748]]
[1700.0, 1200.0, 0.000798, [0.0053633734499999985], [23.324299999999997], [2.33243], [0.0012641591751041477]]
[1700.0, 100.0, 0.000222, [0.0014934923499999998], [23.324299999999997], [2.33243], [0.0006679098621820163]]
[1700.0, 1700.0, 0.000772, [0.005186694349999999], [23.324299999999997], [2.33243], [0.001257958081575058]]
[1700.0, 1900.0, 0.000943, [0.006339251949999999], [23.324299999999997], [2.33243], [0.0013833381500920154]]
[1700.0, 1100.0, 0.000864, [0.012594712599999999], [64.841554], [8.396747999999999], [0.0027483912530787895]]
[1700.0, 600.0, 0.000538, [0.0036188015999999994], [23.324299999999997], [2.33243], [0.001044657936479688]]
[1700.0, 200.0, 0.000211, [0.007216438599999999], [200.58897999999996], [23.324299999999997], [0.0029460980024432312]]
[1800.0, 600.0, 0.000225, [0.0032810305], [64.841554], [8.396747999999999], [0.0011600193136323204]]
[1800.0, 1800.0, 0.000546, [0.0079597779], [64.841554], [8.396747999999999], [0.001779860316429354]]
[1800.0, 400.0, 0.000194, [0.0028262445999999997], [64.841554], [8.396747999999999], [0.0010682196422084737]]
[1800.0, 1300.0, 0.000576, [0.0038707091], [23.324299999999997], [2.33243], [0.0008880015250549967]]
[1800.0, 1200.0, 0.000627, [0.0042153549], [23.324299999999997], [2.33243], [0.0009198659433580524]]
[1800.0, 1700.0, 0.000844, [0.0056757238], [23.324299999999997], [2.33243], [0.0010726110477475047]]
[1800.0, 500.0, 0.000416, [0.0027959559], [23.324299999999997], [2.33243], [0.0008430123612676151]]
[1800.0, 1600.0, 0.000862, [0.005797490399999999], [23.324299999999997], [2.33243], [0.001076566958205573]]
[1800.0, 1000.0, 0.000683, [0.0045910714], [23.324299999999997], [2.33243], [0.0009573046505684592]]
[1800.0, 700.0, 0.000606, [0.0040732471], [23.324299999999997], [2.33243], [0.0009108057354617392]]
[1800.0, 200.0, 0.000188, [0.0027398428], [64.841554], [8.396747999999999], [0.001035563602102739]]
[1800.0, 800.0, 0.000516, [0.0034666267], [23.324299999999997], [2.33243], [0.0008407803284746855]]
[1800.0, 2000.0, 0.000822, [0.0055249346500000004], [23.324299999999997], [2.33243], [0.0010632741665487786]]
[1800.0, 1100.0, 0.000665, [0.004468798799999999], [23.324299999999997], [2.33243], [0.0009527512293353391]]
[1800.0, 900.0, 0.000668, [0.00448961725], [23.324299999999997], [2.33243], [0.000957189566125749]]
[1800.0, 1500.0, 0.000598, [0.0040230174], [23.324299999999997], [2.33243], [0.0008995741493895874]]
[1800.0, 1400.0, 0.000687, [0.010010163499999997], [64.841554], [8.396747999999999], [0.002002032618615391]]
[1800.0, 1900.0, 0.000601, [0.00403696575], [23.324299999999997], [2.33243], [0.0009026930841930717]]
[1800.0, 100.0, 9.7e-05, [4.549081577777777e-05], [0.13994579999999998], [0.02798916], [4.5490812693401866e-05]]
[1800.0, 300.0, 0.0003, [0.0020140019], [23.324299999999997], [2.33243], [0.0006368832483273523]]
[1900.0, 300.0, 0.000147, [0.00214095937], [64.841554], [8.396747999999999], [0.0007569432435790677]]
[1900.0, 1600.0, 0.000423, [0.00284561405], [23.324299999999997], [2.33243], [0.0006209639017285947]]
[1900.0, 600.0, 0.000224, [0.00150623435], [23.324299999999997], [2.33243], [0.00045414677941167875]]
[1900.0, 1500.0, 0.00042, [0.0028227313499999997], [23.324299999999997], [2.33243], [0.0006159703166549504]]
[1900.0, 500.0, 0.000199, [0.0013358813999999998], [23.324299999999997], [2.33243], [0.0004224426034978006]]
[1900.0, 1700.0, 0.000353, [0.00237076295], [23.324299999999997], [2.33243], [0.0005587941000493831]]
[1900.0, 1800.0, 0.000477, [0.0032040610000000002], [23.324299999999997], [2.33243], [0.0006540263435061312]]
[1900.0, 800.0, 0.000259, [0.0017415323999999998], [23.324299999999997], [2.33243], [0.00048301410098464]]
[1900.0, 1300.0, 0.000528, [0.0035476108499999997], [23.324299999999997], [2.33243], [0.0006957436322022645]]
[1900.0, 1000.0, 0.000429, [0.0028815986999999998], [23.324299999999997], [2.33243], [0.0006288163825792073]]
[1900.0, 1900.0, 0.000278, [0.0018667294499999999], [23.324299999999997], [2.33243], [0.0004989045412200614]]
[1900.0, 1200.0, 0.000457, [0.0030754059], [23.324299999999997], [2.33243], [0.0006412666457878501]]
[1900.0, 100.0, 0.000116, [0.0027102625000000003], [110.09069599999998], [15.394037999999998], [0.0027102624603532405]]
[1900.0, 2000.0, 0.000561, [0.00377392395], [23.324299999999997], [2.33243], [0.0007132046520810138]]
[1900.0, 1100.0, 0.000286, [0.00191978355], [23.324299999999997], [2.33243], [0.0005130836834766819]]
[1900.0, 900.0, 0.000364, [0.00244508515], [23.324299999999997], [2.33243], [0.0005763119183653934]]
[1900.0, 200.0, 0.00018, [0.0012080727], [23.324299999999997], [2.33243], [0.0004026906905430022]]
[1900.0, 400.0, 0.00022, [0.0014807423], [23.324299999999997], [2.33243], [0.0004464607485546741]]
[1900.0, 700.0, 0.000181, [0.0012194680499999998], [23.324299999999997], [2.33243], [0.0004064894574278649]]
[1900.0, 1400.0, 0.000385, [0.0025892767499999993], [23.324299999999997], [2.33243], [0.0005940209202965835]]
[2000.0, 1500.0, 0.000215, [0.0014421816499999998], [23.324299999999997], [2.33243], [0.00036054546831849096]]
[2000.0, 1200.0, 0.000359, [0.00241304845], [23.324299999999997], [2.33243], [0.0004643913021364633]]
[2000.0, 1300.0, 0.000204, [0.0013695419], [23.324299999999997], [2.33243], [0.000353614266503771]]
[2000.0, 300.0, 0.000162, [0.00109101144], [23.324299999999997], [2.33243], [0.0003149478190907186]]
[2000.0, 900.0, 0.000147, [0.000985813235], [23.324299999999997], [2.33243], [0.00029723386852779747]]
[2000.0, 1900.0, 0.000198, [0.00288627], [64.841554], [8.396747999999999], [0.0007215678092875263]]
[2000.0, 1600.0, 0.000278, [0.0018709993999999998], [23.324299999999997], [2.33243], [0.0004082856322478174]]
[2000.0, 500.0, 0.000121, [0.0008141331849999999], [23.324299999999997], [2.33243], [0.00027137775438491635]]
[2000.0, 600.0, 0.000177, [0.0011904811499999998], [23.324299999999997], [2.33243], [0.00033018014071866883]]
[2000.0, 200.0, 0.00012, [0.0008083429349999999], [23.324299999999997], [2.33243], [0.00026944765043510765]]
[2000.0, 1800.0, 0.000282, [0.00189604295], [23.324299999999997], [2.33243], [0.0004137504386704623]]
[2000.0, 2000.0, 0.000245, [0.0016476302999999999], [23.324299999999997], [2.33243], [0.000388350249452733]]
[2000.0, 400.0, 9.4e-05, [0.0006350872699999999], [23.324299999999997], [2.33243], [0.00024004042862609622]]
[2000.0, 1100.0, 0.000358, [0.0024059540999999997], [23.324299999999997], [2.33243], [0.00047184641542561285]]
[2000.0, 100.0, 0.000108, [0.0007235514799999999], [23.324299999999997], [2.33243], [0.0002558140556634838]]
[2000.0, 1400.0, 0.000227, [0.0015271609], [23.324299999999997], [2.33243], [0.0003703908817047201]]
[2000.0, 1700.0, 0.000174, [0.00116817575], [23.324299999999997], [2.33243], [0.00032399371884343683]]
[2000.0, 700.0, 0.000213, [0.00143001005], [23.324299999999997], [2.33243], [0.0003575024663551287]]
[2000.0, 1000.0, 0.000238, [0.001596959], [23.324299999999997], [2.33243], [0.00037640696360455387]]
[2000.0, 800.0, 0.000122, [0.0008199268849999999], [23.324299999999997], [2.33243], [0.0002733090106454597]]
[2100.0, 200.0, 5e-05, [0.00073090044], [64.841554], [8.396747999999999], [0.0002983888137983728]]
[2100.0, 100.0, 4.1e-05, [0.0006010380699999999], [64.841554], [8.396747999999999], [0.0002687923711715048]]
[2100.0, 400.0, 5.1e-05, [0.00074294439], [64.841554], [8.396747999999999], [0.00033225480297506603]]
[2100.0, 1400.0, 0.000169, [0.0011358489050000001], [23.324299999999997], [2.33243], [0.0002605816007031195]]
[2100.0, 500.0, 9e-05, [0.0006035149399999999], [23.324299999999997], [2.33243], [0.00019084817368788206]]
[2100.0, 800.0, 9.7e-05, [0.00141765905], [64.841554], [8.396747999999999], [0.00040924291087323674]]
[2100.0, 300.0, 4.1e-05, [0.00059762234], [64.841554], [8.396747999999999], [0.00026726484935359534]]
[2100.0, 600.0, 8.1e-05, [0.00054659799], [23.324299999999997], [2.33243], [0.00018219930920560594]]
[2100.0, 700.0, 0.000108, [0.000726806325], [23.324299999999997], [2.33243], [0.0002098108737649219]]
[2100.0, 1000.0, 0.000172, [0.001157682], [23.324299999999997], [2.33243], [0.00026559042730301855]]
[2100.0, 1700.0, 0.000145, [0.0009726553949999998], [23.324299999999997], [2.33243], [0.00024316384928685432]]
[2100.0, 1800.0, 0.000271, [0.0018187042999999999], [23.324299999999997], [2.33243], [0.00032664885110007656]]
[2100.0, 1900.0, 0.000233, [0.00156367455], [23.324299999999997], [2.33243], [0.00030666187735843526]]
[2100.0, 900.0, 0.000173, [0.0011652167999999998], [23.324299999999997], [2.33243], [0.00026731917589278923]]
[2100.0, 2000.0, 0.000209, [0.0014050446999999998], [23.324299999999997], [2.33243], [0.00029297204179750666]]
[2100.0, 1200.0, 0.000161, [0.001085397715], [23.324299999999997], [2.33243], [0.0002558306759362528]]
[2100.0, 1500.0, 0.000198, [0.0013310709499999998], [23.324299999999997], [2.33243], [0.000283785376737421]]
[2100.0, 1100.0, 0.000164, [0.001100664195], [23.324299999999997], [2.33243], [0.00025942904010538216]]
[2100.0, 1300.0, 0.000214, [0.0014389455499999998], [23.324299999999997], [2.33243], [0.0002937234628864367]]
[2100.0, 1600.0, 0.000107, [0.0015642638099999998], [64.841554], [8.396747999999999], [0.000433848714069778]]
[2200.0, 1700.0, 0.000139, [0.0009320141649999999], [23.324299999999997], [2.33243], [0.0001943383975826702]]
[2200.0, 1100.0, 0.000133, [0.000892021765], [23.324299999999997], [2.33243], [0.00019017968319460414]]
[2200.0, 200.0, 3.1e-05, [0.00013518894], [9.796206], [1.3994579999999999], [9.559302627545588e-05]]
[2200.0, 1800.0, 0.000144, [0.0009703191699999998], [23.324299999999997], [2.33243], [0.0001980655252687857]]
[2200.0, 900.0, 7.8e-05, [0.00052378544], [23.324299999999997], [2.33243], [0.00014527194920217737]]
[2200.0, 1000.0, 0.00013, [0.0008731481949999999], [23.324299999999997], [2.33243], [0.00018615580376394393]]
[2200.0, 1300.0, 0.000125, [0.0008388998149999999], [23.324299999999997], [2.33243], [0.00018306291534606346]]
[2200.0, 1900.0, 0.000125, [0.000842674345], [23.324299999999997], [2.33243], [0.0001838866181917542]]
[2200.0, 1400.0, 0.000102, [0.0006853964349999999], [23.324299999999997], [2.33243], [0.00016623308673365837]]
[2200.0, 1600.0, 0.000112, [0.00075412469], [23.324299999999997], [2.33243], [0.00017300808839473372]]
[2200.0, 800.0, 6.7e-05, [0.00096992863], [64.841554], [8.396747999999999], [0.0002799942765486466]]
[2200.0, 400.0, 5.3e-05, [0.00035890706499999995], [23.324299999999997], [2.33243], [0.00011963571101473003]]
[2200.0, 600.0, 6.6e-05, [0.0009629014399999999], [64.841554], [8.396747999999999], [0.0002779656338470639]]
[2200.0, 2000.0, 0.000143, [0.0009624391399999998], [23.324299999999997], [2.33243], [0.00019645702812574558]]
[2200.0, 500.0, 7.1e-05, [0.00048035178], [23.324299999999997], [2.33243], [0.00013866563426098046]]
[2200.0, 700.0, 3.6e-05, [0.00024497276999999994], [23.324299999999997], [2.33243], [0.00010000972206490727]]
[2200.0, 300.0, 3.6e-05, [0.000242997875], [23.324299999999997], [2.33243], [9.920346204896276e-05]]
[2200.0, 1200.0, 9.5e-05, [0.0006377300849999999], [23.324299999999997], [2.33243], [0.00015943251777789872]]
[2200.0, 1500.0, 0.000154, [0.0010341398], [23.324299999999997], [2.33243], [0.00020281149079872177]]
[2200.0, 100.0, 2.7e-05, [0.00039666053], [64.841554], [8.396747999999999], [0.00017739199370321083]]
[2300.0, 700.0, 3.2e-05, [0.00021530679499999998], [23.324299999999997], [2.33243], [7.612244297840159e-05]]
[2300.0, 100.0, 2.4e-05, [0.00016039118999999996], [23.324299999999997], [2.33243], [6.54794387766114e-05]]
[2300.0, 1800.0, 8e-05, [0.0005363407949999999], [23.324299999999997], [2.33243], [0.00011992945249187123]]
[2300.0, 1000.0, 5.2e-05, [0.00034703883499999995], [23.324299999999997], [2.33243], [9.62512352907743e-05]]
[2300.0, 1500.0, 5.6e-05, [0.00037664846], [23.324299999999997], [2.33243], [0.0001006635209124934]]
[2300.0, 1200.0, 0.000102, [0.0006889574099999999], [23.324299999999997], [2.33243], [0.00013511565286820028]]
[2300.0, 500.0, 4e-05, [0.000269891085], [23.324299999999997], [2.33243], [8.534707005808693e-05]]
[2300.0, 1900.0, 0.000102, [0.000685014865], [23.324299999999997], [2.33243], [0.00013434249597577078]]
[2300.0, 1300.0, 0.000106, [0.000710610415], [23.324299999999997], [2.33243], [0.00013675700201452209]]
[2300.0, 1600.0, 9.1e-05, [0.00060883806], [23.324299999999997], [2.33243], [0.0001269515101328062]]
[2300.0, 1700.0, 0.000116, [0.0007800770849999999], [23.324299999999997], [2.33243], [0.00014485668598652947]]
[2300.0, 1400.0, 0.000104, [0.000698978395], [23.324299999999997], [2.33243], [0.00013708091652378168]]
[2300.0, 1100.0, 8.4e-05, [0.00056323688], [23.324299999999997], [2.33243], [0.0001229083717653114]]
[2300.0, 900.0, 5.1e-05, [0.00034467915], [23.324299999999997], [2.33243], [9.559680307154627e-05]]
[2300.0, 2000.0, 7.5e-05, [0.0005061154599999999], [23.324299999999997], [2.33243], [0.00011611088202662143]]
[2300.0, 300.0, 5.2e-05, [0.000347773685], [23.324299999999997], [2.33243], [9.645505286142349e-05]]
[2300.0, 200.0, 4.4e-05, [0.0006431648699999999], [64.841554], [8.396747999999999], [0.00018566572459665243]]
[2300.0, 400.0, 4e-05, [0.00026697514499999993], [23.324299999999997], [2.33243], [8.442494554336412e-05]]
[2300.0, 800.0, 3.3e-05, [0.00047944580999999996], [64.841554], [8.396747999999999], [0.00015981531422238607]]
[2300.0, 600.0, 2.2e-05, [0.00075014178], [200.58897999999996], [23.324299999999997], [0.00028352685022762836]]
[2400.0, 1200.0, 8.6e-05, [0.000579211875], [23.324299999999997], [2.33243], [0.00010082783955832834]]
[2400.0, 1500.0, 5.6e-05, [0.00037467091999999997], [23.324299999999997], [2.33243], [8.175989681683802e-05]]
[2400.0, 1100.0, 5.5e-05, [0.000367725725], [23.324299999999997], [2.33243], [8.02443433208846e-05]]
[2400.0, 1600.0, 6.1e-05, [0.0004087304699999999], [23.324299999999997], [2.33243], [8.522620439160716e-05]]
[2400.0, 400.0, 2.1e-05, [0.00013854417999999998], [23.324299999999997], [2.33243], [4.898275122428302e-05]]
[2400.0, 1300.0, 4.7e-05, [0.00031917284], [23.324299999999997], [2.33243], [7.52297531399645e-05]]
[2400.0, 200.0, 8e-06, [5.2832196e-05], [23.324299999999997], [2.33243], [3.050268073055219e-05]]
[2400.0, 1700.0, 8e-05, [0.0005374648049999999], [23.324299999999997], [2.33243], [9.812720954200216e-05]]
[2400.0, 2000.0, 5.2e-05, [0.00035130360999999997], [23.324299999999997], [2.33243], [7.855386443390292e-05]]
[2400.0, 600.0, 3.2e-05, [0.00021435838999999996], [23.324299999999997], [2.33243], [6.187993879279456e-05]]
[2400.0, 1900.0, 4.9e-05, [0.00033235919999999997], [23.324299999999997], [2.33243], [7.62484516564107e-05]]
[2400.0, 700.0, 2.9e-05, [0.000194368975], [23.324299999999997], [2.33243], [5.860445584595082e-05]]
[2400.0, 100.0, 2.1e-05, [0.00014145954500000002], [23.324299999999997], [2.33243], [5.001351189928577e-05]]
[2400.0, 1800.0, 5e-05, [0.00033318972999999997], [23.324299999999997], [2.33243], [7.643896970786562e-05]]
[2400.0, 500.0, 3.1e-05, [0.00021030877999999998], [23.324299999999997], [2.33243], [6.071091693427138e-05]]
[2400.0, 900.0, 3.2e-05, [0.00021221973499999997], [23.324299999999997], [2.33243], [6.126256271165938e-05]]
[2400.0, 1400.0, 6e-05, [0.00040384768499999996], [23.324299999999997], [2.33243], [8.42080619210536e-05]]
[2400.0, 800.0, 3.4e-05, [0.00022651929499999996], [23.324299999999997], [2.33243], [6.282515362098209e-05]]
[2400.0, 300.0, 1.9e-05, [0.00028050225], [64.841554], [8.396747999999999], [9.9172522202473e-05]]
[2400.0, 1000.0, 4.2e-05, [0.000279275775], [23.324299999999997], [2.33243], [6.981895206532392e-05]]
[2500.0, 400.0, 1.2e-05, [8.3228421e-05], [23.324299999999997], [2.33243], [3.1457377135578227e-05]]
[2500.0, 1300.0, 4e-05, [0.00026711337499999994], [23.324299999999997], [2.33243], [5.5696970676150776e-05]]
[2500.0, 500.0, 1.4e-05, [9.364024499999999e-05], [23.324299999999997], [2.33243], [3.3106828283603364e-05]]
[2500.0, 900.0, 1.6e-05, [0.0001049663535], [23.324299999999997], [2.33243], [3.498877598602157e-05]]
[2500.0, 1400.0, 6.2e-05, [0.00041530042], [23.324299999999997], [2.33243], [7.019858481479523e-05]]
[2500.0, 200.0, 1e-05, [7.04479535e-05], [23.324299999999997], [2.33243], [2.8760256170625466e-05]]
[2500.0, 1900.0, 5.3e-05, [0.0003543636449999999], [23.324299999999997], [2.33243], [6.46976549806869e-05]]
[2500.0, 1000.0, 2.9e-05, [0.00019590870999999996], [23.324299999999997], [2.33243], [4.751484936312015e-05]]
[2500.0, 1800.0, 3.7e-05, [0.00024691707499999995], [23.324299999999997], [2.33243], [5.3881727955773645e-05]]
[2500.0, 1700.0, 2.6e-05, [0.000173673115], [23.324299999999997], [2.33243], [4.4842199962758295e-05]]
[2500.0, 800.0, 2.1e-05, [0.000141402965], [23.324299999999997], [2.33243], [4.081954118433964e-05]]
[2500.0, 700.0, 1.8e-05, [0.00011791685999999999], [23.324299999999997], [2.33243], [3.728857931726549e-05]]
[2500.0, 1600.0, 3.5e-05, [0.00023257197499999997], [23.324299999999997], [2.33243], [5.200467334769059e-05]]
[2500.0, 1100.0, 2.7e-05, [0.000183057805], [23.324299999999997], [2.33243], [4.5764451925047675e-05]]
[2500.0, 600.0, 1.4e-05, [9.34924355e-05], [23.324299999999997], [2.33243], [3.3054561046851005e-05]]
[2500.0, 300.0, 1e-05, [6.880956e-05], [23.324299999999997], [2.33243], [2.8091383576641427e-05]]
[2500.0, 2000.0, 4.4e-05, [0.00029580529999999994], [23.324299999999997], [2.33243], [5.916106792055058e-05]]
[2500.0, 1200.0, 4.5e-05, [0.00030466961499999996], [23.324299999999997], [2.33243], [5.975061807211704e-05]]
[2500.0, 100.0, 1.7e-05, [0.00025466404999999995], [64.841554], [8.396747999999999], [8.488801163886452e-05]]
[2500.0, 1500.0, 4.3e-05, [0.00029078784999999994], [23.324299999999997], [2.33243], [5.8157559138945985e-05]]
[2600.0, 800.0, 1.5e-05, [9.941421099999999e-05], [23.324299999999997], [2.33243], [2.757253967265257e-05]]
[2600.0, 2000.0, 4.1e-05, [0.00027445290499999997], [23.324299999999997], [2.33243], [4.5742151703871555e-05]]
[2600.0, 900.0, 1.6e-05, [0.000107890079], [23.324299999999997], [2.33243], [2.8834839123012288e-05]]
[2600.0, 1000.0, 2e-05, [0.00013597358499999997], [23.324299999999997], [2.33243], [3.2049278591724964e-05]]
[2600.0, 200.0, 8e-06, [5.276612849999999e-05], [23.324299999999997], [2.33243], [1.9943722276696492e-05]]
[2600.0, 1100.0, 2.6e-05, [0.00017255209499999997], [23.324299999999997], [2.33243], [3.597959111079502e-05]]
[2600.0, 1500.0, 3.1e-05, [0.00020515378999999998], [23.324299999999997], [2.33243], [3.948184649304032e-05]]
[2600.0, 700.0, 1.4e-05, [9.1588691e-05], [23.324299999999997], [2.33243], [2.643937536610878e-05]]
[2600.0, 1800.0, 3.3e-05, [0.000223779765], [23.324299999999997], [2.33243], [4.1554864516684445e-05]]
[2600.0, 1600.0, 3.3e-05, [0.00022044051], [23.324299999999997], [2.33243], [4.093478267317416e-05]]
[2600.0, 1400.0, 2.7e-05, [0.00018306723499999998], [23.324299999999997], [2.33243], [3.73684355773693e-05]]
[2600.0, 1300.0, 2.3e-05, [0.00015407343499999998], [23.324299999999997], [2.33243], [3.445185615826816e-05]]
[2600.0, 600.0, 8e-06, [5.387879949999999e-05], [23.324299999999997], [2.33243], [2.0364275852580663e-05]]
[2600.0, 1700.0, 2.3e-05, [0.00015179079999999998], [23.324299999999997], [2.33243], [3.3941446860733555e-05]]
[2600.0, 400.0, 1e-05, [6.8648974e-05], [23.324299999999997], [2.33243], [2.2882991746054534e-05]]
[2600.0, 300.0, 9e-06, [3.9967399e-05], [9.796206], [1.3994579999999999], [3.9967389269253e-05]]
[2600.0, 1900.0, 2.8e-05, [0.00019010879999999995], [23.324299999999997], [2.33243], [3.802175489111464e-05]]
[2600.0, 1200.0, 2.3e-05, [0.00015431827], [23.324299999999997], [2.33243], [3.4506609950124044e-05]]
[2600.0, 100.0, 8e-06, [5.30518345e-05], [23.324299999999997], [2.33243], [2.005171012033637e-05]]
[2600.0, 500.0, 1.2e-05, [8.3365869e-05], [23.324299999999997], [2.33243], [2.5135753907531793e-05]]
[2700.0, 1400.0, 2.2e-05, [0.00014542704499999998], [23.324299999999997], [2.33243], [2.7005122157657423e-05]]
[2700.0, 1000.0, 1.4e-05, [9.55154235e-05], [23.324299999999997], [2.33243], [2.1912736250865612e-05]]
[2700.0, 800.0, 6e-06, [9.000516399999998e-05], [64.841554], [8.396747999999999], [3.000172580036022e-05]]
[2700.0, 900.0, 1e-05, [6.442099899999999e-05], [23.324299999999997], [2.33243], [1.7867169956375295e-05]]
[2700.0, 600.0, 5e-06, [7.043798299999999e-05], [64.841554], [8.396747999999999], [2.662305388192722e-05]]
[2700.0, 1100.0, 1e-05, [0.00014085199999999999], [64.841554], [8.396747999999999], [3.764428345712002e-05]]
[2700.0, 1300.0, 2.1e-05, [0.00014050999], [23.324299999999997], [2.33243], [2.6553883496581058e-05]]
[2700.0, 400.0, 5e-06, [7.0156969e-05], [64.841554], [8.396747999999999], [2.6516845532604363e-05]]
[2700.0, 1700.0, 2.2e-05, [0.00014556435499999998], [23.324299999999997], [2.33243], [2.703062707374729e-05]]
[2700.0, 100.0, 5e-06, [6.884893599999999e-05], [64.841554], [8.396747999999999], [2.6022454515283523e-05]]
[2700.0, 2000.0, 1.6e-05, [0.00010893889049999999], [23.324299999999997], [2.33243], [2.322584938166955e-05]]
[2700.0, 1200.0, 1.5e-05, [9.830164349999998e-05], [23.324299999999997], [2.33243], [2.198091661532794e-05]]
[2700.0, 700.0, 5e-06, [3.470658599999999e-05], [23.324299999999997], [2.33243], [1.3117855979541777e-05]]
[2700.0, 300.0, 9e-06, [5.9127985999999995e-05], [23.324299999999997], [2.33243], [1.7068774033304208e-05]]
[2700.0, 1800.0, 1.6e-05, [0.0001048046635], [23.324299999999997], [2.33243], [2.2870253288934077e-05]]
[2700.0, 200.0, 5e-06, [3.49868755e-05], [23.324299999999997], [2.33243], [1.3223794945098021e-05]]
[2700.0, 1500.0, 2.2e-05, [0.00014791299999999998], [23.324299999999997], [2.33243], [2.700510746599613e-05]]
[2700.0, 500.0, 7e-06, [4.9905434499999996e-05], [23.324299999999997], [2.33243], [1.5781482305220884e-05]]
[2700.0, 1900.0, 1.6e-05, [0.0001063003765], [23.324299999999997], [2.33243], [2.3196648831242842e-05]]
[2700.0, 1600.0, 1.9e-05, [0.00012919985499999998], [23.324299999999997], [2.33243], [2.5338174722146026e-05]]
[2800.0, 1500.0, 1.4e-05, [9.73005915e-05], [23.324299999999997], [2.33243], [1.776457823873114e-05]]
[2800.0, 200.0, 3e-06, [2.599187577777777e-06], [0.41983739999999997], [0.05597832], [6.126344165936662e-07]]
[2800.0, 400.0, 4e-06, [1.62990995e-05], [9.796206], [1.3994579999999999], [1.629909893214959e-05]]
[2800.0, 900.0, 6e-06, [3.9219738e-05], [23.324299999999997], [2.33243], [1.1321761973076451e-05]]
[2800.0, 600.0, 4e-06, [2.5726672999999998e-05], [23.324299999999997], [2.33243], [9.095753414368706e-06]]
[2800.0, 1200.0, 6e-06, [4.1620765499999995e-05], [23.324299999999997], [2.33243], [1.1543525631279207e-05]]
[2800.0, 1000.0, 7e-06, [4.9080309499999994e-05], [23.324299999999997], [2.33243], [1.2672483428673322e-05]]
[2800.0, 1400.0, 1.2e-05, [8.396095949999999e-05], [23.324299999999997], [2.33243], [1.6466096607878867e-05]]
[2800.0, 800.0, 5e-06, [3.28614915e-05], [23.324299999999997], [2.33243], [1.0391717785092125e-05]]
[2800.0, 100.0, 4e-06, [2.58473425e-05], [23.324299999999997], [2.33243], [9.138414055513134e-06]]
[2800.0, 1100.0, 5e-06, [3.5146944e-05], [23.324299999999997], [2.33243], [1.059720039326425e-05]]
[2800.0, 1300.0, 1.6e-05, [0.00010884815549999999], [23.324299999999997], [2.33243], [1.866729861951107e-05]]
[2800.0, 2000.0, 1.2e-05, [7.75637395e-05], [23.324299999999997], [2.33243], [1.5832631003721395e-05]]
[2800.0, 500.0, 4e-06, [6.4589313e-05], [64.841554], [8.396747999999999], [2.0424935001120568e-05]]
[2800.0, 1900.0, 1.6e-05, [0.0001066124865], [23.324299999999997], [2.33243], [1.8558851641467472e-05]]
[2800.0, 1800.0, 1.2e-05, [8.1114422e-05], [23.324299999999997], [2.33243], [1.6222884962299396e-05]]
[2800.0, 300.0, 5e-06, [3.279386e-05], [23.324299999999997], [2.33243], [1.0370326734245165e-05]]
[2800.0, 700.0, 4e-06, [5.196737299999999e-05], [64.841554], [8.396747999999999], [1.8373240166067604e-05]]
[2800.0, 1600.0, 9e-06, [6.128761699999999e-05], [23.324299999999997], [2.33243], [1.4060343212382831e-05]]
[2800.0, 1700.0, 1.3e-05, [9.032417399999998e-05], [23.324299999999997], [2.33243], [1.7069661163889576e-05]]
[2900.0, 1300.0, 5e-06, [3.6947705999999995e-05], [23.324299999999997], [2.33243], [8.708656990317162e-06]]
[2900.0, 900.0, 3e-06, [2.3046540499999998e-05], [23.324299999999997], [2.33243], [6.948791616173275e-06]]
[2900.0, 1600.0, 1e-05, [6.4731775e-05], [23.324299999999997], [2.33243], [1.1626170123905808e-05]]
[2900.0, 2000.0, 6e-06, [4.0092426999999996e-05], [23.324299999999997], [2.33243], [9.197833432390478e-06]]
[2900.0, 1200.0, 4e-06, [2.74232795e-05], [23.324299999999997], [2.33243], [7.605849096254803e-06]]
[2900.0, 1700.0, 7e-06, [4.79830255e-05], [23.324299999999997], [2.33243], [1.0005153332158382e-05]]
[2900.0, 1100.0, 5e-06, [3.64225355e-05], [23.324299999999997], [2.33243], [8.83376300763157e-06]]
[2900.0, 800.0, 4e-06, [2.9124946000000002e-05], [23.324299999999997], [2.33243], [7.783968497816523e-06]]
[2900.0, 600.0, 3e-06, [4.647035e-05], [64.841554], [8.396747999999999], [1.401134251240758e-05]]
[2900.0, 100.0, 3e-06, [2.1038467999999998e-05], [23.324299999999997], [2.33243], [6.6529482900440465e-06]]
[2900.0, 400.0, 3e-06, [1.9164312999999994e-05], [23.324299999999997], [2.33243], [6.388103531174178e-06]]
[2900.0, 1000.0, 5e-06, [3.4046095e-05], [23.324299999999997], [2.33243], [8.51152516738334e-06]]
[2900.0, 1400.0, 7e-06, [4.4354971e-05], [23.324299999999997], [2.33243], [9.679048629643308e-06]]
[2900.0, 200.0, 2e-06, [1.4789425499999997e-05], [23.324299999999997], [2.33243], [5.589877811723615e-06]]
[2900.0, 500.0, 4e-06, [2.9543039999999998e-05], [23.324299999999997], [2.33243], [7.895709391815277e-06]]
[2900.0, 1500.0, 6e-06, [9.189873099999999e-05], [64.841554], [8.396747999999999], [1.9592873694279764e-05]]
[2900.0, 1800.0, 8e-06, [5.627621599999999e-05], [23.324299999999997], [2.33243], [1.0830363346859603e-05]]
[2900.0, 300.0, 5e-06, [2.14982495e-05], [9.796206], [1.3994579999999999], [1.5201555907208972e-05]]
[2900.0, 700.0, 3e-06, [2.3102419e-05], [23.324299999999997], [2.33243], [6.965643127163491e-06]]
[2900.0, 1900.0, 8e-06, [5.104820099999999e-05], [23.324299999999997], [2.33243], [1.042016960874438e-05]]
[3000.0, 1900.0, 3e-06, [4.2783955999999995e-05], [64.841554], [8.396747999999999], [1.069598920156523e-05]]
[3000.0, 800.0, 2e-06, [2.6630802999999997e-05], [64.841554], [8.396747999999999], [8.421402181347236e-06]]
[3000.0, 900.0, 2e-06, [2.9397978999999998e-05], [64.841554], [8.396747999999999], [8.863828196665366e-06]]
[3000.0, 1600.0, 5e-06, [3.4940082e-05], [23.324299999999997], [2.33243], [6.852313383084577e-06]]
[3000.0, 700.0, 3e-06, [1.7491178e-05], [23.324299999999997], [2.33243], [4.851180642379749e-06]]
[3000.0, 600.0, 2e-06, [1.35862955e-05], [23.324299999999997], [2.33243], [4.296363677576655e-06]]
[3000.0, 1300.0, 4e-06, [2.5165599499999997e-05], [23.324299999999997], [2.33243], [5.773383702388055e-06]]
[3000.0, 500.0, 2e-06, [1.6053954e-05], [23.324299999999997], [2.33243], [4.634377293660929e-06]]
[3000.0, 1500.0, 5e-06, [3.221400699999999e-05], [23.324299999999997], [2.33243], [6.57565535136993e-06]]
[3000.0, 1800.0, 6e-06, [4.2884995e-05], [23.324299999999997], [2.33243], [7.581068305324783e-06]]
[3000.0, 2000.0, 5e-06, [3.3762665999999995e-05], [23.324299999999997], [2.33243], [6.752533254268356e-06]]
[3000.0, 100.0, 2e-06, [1.072011945e-05], [23.324299999999997], [2.33243], [3.7901355186853143e-06]]
[3000.0, 1400.0, 3e-06, [2.2688281e-05], [23.324299999999997], [2.33243], [5.5027157522445226e-06]]
[3000.0, 1100.0, 2e-06, [1.4983407499999998e-05], [23.324299999999997], [2.33243], [4.517669285704743e-06]]
[3000.0, 1200.0, 4e-06, [2.79413085e-05], [23.324299999999997], [2.33243], [6.097293059218984e-06]]
[3000.0, 1000.0, 2e-06, [1.6396630999999996e-05], [23.324299999999997], [2.33243], [4.7332999746477085e-06]]
[3000.0, 400.0, 1e-06, [1.3569783799999998e-05], [64.841554], [8.396747999999999], [6.0685926045500866e-06]]
[3000.0, 300.0, 1e-06, [2.6767197599999998e-05], [200.58897999999996], [23.324299999999997], [1.1970653101648211e-05]]
[3000.0, 1700.0, 6e-06, [4.3252075e-05], [23.324299999999997], [2.33243], [7.645958152841277e-06]]
[3000.0, 200.0, 1e-06, [3.8156176599999996e-05], [200.58897999999996], [23.324299999999997], [1.4421674944332921e-05]]
