[200.0, 1800.0, 0.217076, [1.3209274899999999], [15.114146399999997], [2.1924842], [1.3209274650789877]]
[200.0, 700.0, 0.183505, [1.3313651199999998], [23.0444084], [2.8455645999999994], [0.6656824245088643]]
[200.0, 2000.0, 0.164018, [2.1373237599999997], [60.643179999999994], [6.530804], [1.0686618780512382]]
[200.0, 1300.0, 0.103076, [1.3307013399999998], [60.643179999999994], [6.530804], [0.9409479624293791]]
[200.0, 1400.0, 0.149979, [1.07816019], [23.0444084], [2.8455645999999994], [0.5390800625139088]]
[200.0, 400.0, 0.165299, [2.15462022], [60.643179999999994], [6.530804], [1.0773100810815797]]
[200.0, 1900.0, 0.069317, [0.89125828], [60.643179999999994], [6.530804], [0.8912582799615383]]
[200.0, 1700.0, 0.141759, [0.5021098949999999], [6.530804], [0.8863233999999999], [0.28989323996085176]]
[200.0, 500.0, 0.114685, [0.402113485], [6.530804], [0.8863233999999999], [0.23216033549036752]]
[200.0, 1500.0, 0.249792, [3.3211148999999995], [60.643179999999994], [6.530804], [1.4852473275518796]]
[200.0, 100.0, 0.139775, [1.00356153], [23.0444084], [2.8455645999999994], [0.579406658228916]]
[200.0, 600.0, 0.148417, [1.06650816], [23.0444084], [2.8455645999999994], [0.5332540947803401]]
[200.0, 1000.0, 0.093866, [0.6673631699999999], [23.0444084], [2.8455645999999994], [0.4718968354418156]]
[200.0, 1200.0, 0.186141, [0.66906908], [6.530804], [0.8863233999999999], [0.29921685117152075]]
[200.0, 300.0, 0.115485, [0.666103], [15.114146399999997], [2.1924842], [0.6661030710783429]]
[200.0, 1600.0, 0.123462, [1.5975758599999998], [60.643179999999994], [6.530804], [0.9223606812955547]]
[200.0, 900.0, 0.242137, [2.6878466999999997], [43.38319799999999], [5.131346], [1.9005950878606415]]
[200.0, 800.0, 0.20284, [2.6754768399999995], [60.643179999999994], [6.530804], [1.5446872602569102]]
[200.0, 1100.0, 0.136485, [1.7752131399999997], [60.643179999999994], [6.530804], [1.2552652414529766]]
[200.0, 200.0, 0.114011, [0.399652715], [6.530804], [0.8863233999999999], [0.2307395834051886]]
[300.0, 2000.0, 0.098584, [1.2686192799999998], [60.643179999999994], [6.530804], [0.5673437557601211]]
[300.0, 400.0, 0.079142, [1.01571312], [60.643179999999994], [6.530804], [0.4542408348442486]]
[300.0, 1000.0, 0.04924, [0.169112675], [6.530804], [0.8863233999999999], [0.11958075806750848]]
[300.0, 200.0, 0.042957, [0.30219009999999996], [23.0444084], [2.8455645999999994], [0.17446960749654938]]
[300.0, 1600.0, 0.039551, [0.5055501199999999], [60.643179999999994], [6.530804], [0.35747798371368267]]
[300.0, 1300.0, 0.089618, [0.5120448599999999], [15.114146399999997], [2.1924842], [0.5120448319239244]]
[300.0, 800.0, 0.063589, [0.8146880599999999], [60.643179999999994], [6.530804], [0.40734409066537347]]
[300.0, 700.0, 0.031872, [0.407052712], [60.643179999999994], [6.530804], [0.2878297596844357]]
[300.0, 300.0, 0.039744, [0.5080235399999999], [60.643179999999994], [6.530804], [0.3592268384182896]]
[300.0, 900.0, 0.087879, [0.304989085], [6.530804], [0.8863233999999999], [0.12451128121579987]]
[300.0, 600.0, 0.063618, [0.81507124], [60.643179999999994], [6.530804], [0.4075355195808091]]
[300.0, 1400.0, 0.037186, [0.127269465], [6.530804], [0.8863233999999999], [0.0899930734695732]]
[300.0, 500.0, 0.094502, [1.2150964399999997], [60.643179999999994], [6.530804], [0.49606089464903397]]
[300.0, 1200.0, 0.073389, [0.25364193], [6.530804], [0.8863233999999999], [0.11343210830712792]]
[300.0, 100.0, 0.036047, [0.25335282], [23.0444084], [2.8455645999999994], [0.17914741192660305]]
[300.0, 1100.0, 0.097188, [0.33847720000000003], [6.530804], [0.8863233999999999], [0.16923858868473232]]
[300.0, 1900.0, 0.086119, [0.25567903999999997], [4.711508599999999], [0.7463776], [0.2556790890452326]]
[300.0, 1500.0, 0.095949, [1.01751632], [43.38319799999999], [5.131346], [0.7194927921807139]]
[300.0, 1700.0, 0.088382, [0.50477525], [15.114146399999997], [2.1924842], [0.5047752837649641]]
[300.0, 1800.0, 0.057482, [0.40525332999999997], [23.0444084], [2.8455645999999994], [0.2026266452616733]]
[400.0, 900.0, 0.046631, [0.32811937999999996], [23.0444084], [2.8455645999999994], [0.12401750574011718]]
[400.0, 1200.0, 0.058888, [0.75378728], [60.643179999999994], [6.530804], [0.2665041273226364]]
[400.0, 1500.0, 0.026737, [0.18762259199999998], [23.0444084], [2.8455645999999994], [0.09381130198435579]]
[400.0, 200.0, 0.042227, [0.23806931999999995], [15.114146399999997], [2.1924842], [0.23806922144620038]]
[400.0, 1600.0, 0.053495, [0.3767968099999999], [23.0444084], [2.8455645999999994], [0.1332177591389376]]
[400.0, 500.0, 0.03457, [0.11819688499999999], [6.530804], [0.8863233999999999], [0.052859246802238864]]
[400.0, 1700.0, 0.044289, [0.5661344199999999], [60.643179999999994], [6.530804], [0.2311233825470716]]
[400.0, 300.0, 0.021331, [0.0052287586666666655], [0.03265402], [0.01865944], [0.003697291013635006]]
[400.0, 1300.0, 0.053568, [0.37731499999999996], [23.0444084], [2.8455645999999994], [0.13340095172074298]]
[400.0, 1400.0, 0.044943, [0.47290161999999997], [43.38319799999999], [5.131346], [0.47290170183665015]]
[400.0, 1100.0, 0.046151, [0.5900769599999999], [60.643179999999994], [6.530804], [0.2638905378371873]]
[400.0, 800.0, 0.088992, [0.9424318999999999], [43.38319799999999], [5.131346], [0.6663998265305896]]
[400.0, 100.0, 0.02245, [0.23544520399999996], [43.38319799999999], [5.131346], [0.23544514826175544]]
[400.0, 1000.0, 0.044693, [0.4698762], [43.38319799999999], [5.131346], [0.3322526535635193]]
[400.0, 400.0, 0.033652, [0.23637031], [23.0444084], [2.8455645999999994], [0.10570806005220225]]
[400.0, 1800.0, 0.036906, [0.47144066], [60.643179999999994], [6.530804], [0.2108346157536755]]
[400.0, 2000.0, 0.058699, [0.7513455999999998], [60.643179999999994], [6.530804], [0.2656408197547959]]
[400.0, 600.0, 0.053391, [0.37605782000000004], [23.0444084], [2.8455645999999994], [0.13295649292155687]]
[400.0, 700.0, 0.079808, [0.23565362999999998], [4.711508599999999], [0.7463776], [0.16663230156545278]]
[400.0, 1900.0, 0.026795, [0.18803049699999996], [23.0444084], [2.8455645999999994], [0.09401526769626302]]
[500.0, 1700.0, 0.02167, [0.0738469855], [6.530804], [0.8863233999999999], [0.030147900884638718]]
[500.0, 1100.0, 0.023094, [0.294653322], [60.643179999999994], [6.530804], [0.12029171509293564]]
[500.0, 300.0, 0.021938, [0.005389037999999999], [0.03265402], [0.01865944], [0.003810624528704636]]
[500.0, 1300.0, 0.024466, [0.17162501099999997], [23.0444084], [2.8455645999999994], [0.06486815959313166]]
[500.0, 1800.0, 0.018001, [0.061289204], [6.530804], [0.8863233999999999], [0.027409364024909438]]
[500.0, 1400.0, 0.021615, [0.121340203], [15.114146399999997], [2.1924842], [0.1213402052083315]]
[500.0, 600.0, 0.013979, [0.097929584], [23.0444084], [2.8455645999999994], [0.048964790696989606]]
[500.0, 1900.0, 0.024541, [0.172154471], [23.0444084], [2.8455645999999994], [0.06506824795551207]]
[500.0, 1200.0, 0.022995, [0.24118467], [43.38319799999999], [5.131346], [0.24118467223271048]]
[500.0, 800.0, 0.014421, [0.049057263499999997], [6.530804], [0.8863233999999999], [0.024528634654215876]]
[500.0, 1000.0, 0.019169, [0.244493634], [60.643179999999994], [6.530804], [0.1093408775710164]]
[500.0, 2000.0, 0.014355, [0.183039796], [60.643179999999994], [6.530804], [0.10567805972859268]]
[500.0, 700.0, 0.022889, [0.292024468], [60.643179999999994], [6.530804], [0.11921849383380079]]
[500.0, 100.0, 0.026072, [0.182932708], [23.0444084], [2.8455645999999994], [0.07468195980288679]]
[500.0, 200.0, 0.026065, [0.18288167099999997], [23.0444084], [2.8455645999999994], [0.07466113178890336]]
[500.0, 1500.0, 0.021074, [0.14776531699999998], [23.0444084], [2.8455645999999994], [0.0603249400082586]]
[500.0, 900.0, 0.020937, [0.146805435], [23.0444084], [2.8455645999999994], [0.059933061768943516]]
[500.0, 1600.0, 0.027721, [0.194542533], [23.0444084], [2.8455645999999994], [0.06878117216942439]]
[500.0, 500.0, 0.023006, [0.293522642], [60.643179999999994], [6.530804], [0.11983012360838154]]
[500.0, 400.0, 0.034737, [0.44361686999999994], [60.643179999999994], [6.530804], [0.1478722928746288]]
[600.0, 200.0, 0.006022, [0.020443113], [6.530804], [0.8863233999999999], [0.011802832710836837]]
[600.0, 1400.0, 0.012905, [0.16452245], [60.643179999999994], [6.530804], [0.0671660017866182]]
[600.0, 1900.0, 0.017619, [0.123483573], [23.0444084], [2.8455645999999994], [0.041161184531060324]]
[600.0, 100.0, 0.012842, [0.13453827], [43.38319799999999], [5.131346], [0.13453829111446303]]
[600.0, 800.0, 0.012848, [0.16379808799999998], [60.643179999999994], [6.530804], [0.0668702998348295]]
[600.0, 1200.0, 0.013632, [0.095498599], [23.0444084], [2.8455645999999994], [0.03609507621546185]]
[600.0, 600.0, 0.015074, [0.192209298], [60.643179999999994], [6.530804], [0.0726482880183697]]
[600.0, 1600.0, 0.018087, [0.06157932599999999], [6.530804], [0.8863233999999999], [0.020526440168718976]]
[600.0, 400.0, 0.019213, [0.24505050999999997], [60.643179999999994], [6.530804], [0.08168351481174155]]
[600.0, 500.0, 0.015644, [0.10961404399999998], [23.0444084], [2.8455645999999994], [0.038754413051935124]]
[600.0, 1100.0, 0.019991, [0.06809365049999999], [6.530804], [0.8863233999999999], [0.021533101291964424]]
[600.0, 300.0, 0.033859, [0.23780458999999995], [23.0444084], [2.8455645999999994], [0.06355595039805478]]
[600.0, 1700.0, 0.024289, [0.13638974699999998], [15.114146399999997], [2.1924842], [0.09644212933153228]]
[600.0, 1500.0, 0.008593, [0.10952259599999999], [60.643179999999994], [6.530804], [0.0547613143377695]]
[600.0, 1800.0, 0.020029, [0.068226326], [6.530804], [0.8863233999999999], [0.02157505434523862]]
[600.0, 1000.0, 0.02321, [0.162785973], [23.0444084], [2.8455645999999994], [0.046992259064658724]]
[600.0, 2000.0, 0.010786, [0.32627482599999996], [198.25654999999998], [19.592412], [0.0941874235341428]]
[600.0, 700.0, 0.023497, [0.16480719], [23.0444084], [2.8455645999999994], [0.047575743231188725]]
[600.0, 1300.0, 0.013553, [0.09493845699999999], [23.0444084], [2.8455645999999994], [0.03588336875211133]]
[600.0, 900.0, 0.025344, [0.177803317], [23.0444084], [2.8455645999999994], [0.049313775387816325]]
[700.0, 2000.0, 0.01592, [0.111553841], [23.0444084], [2.8455645999999994], [0.02981401559669545]]
[700.0, 100.0, 0.005914, [0.0200766425], [6.530804], [0.8863233999999999], [0.008978545000444114]]
[700.0, 1000.0, 0.014118, [0.0480195495], [6.530804], [0.8863233999999999], [0.013862051534675521]]
[700.0, 600.0, 0.011394, [0.079793877], [23.0444084], [2.8455645999999994], [0.025233044128681735]]
[700.0, 1400.0, 0.016288, [0.207700212], [60.643179999999994], [6.530804], [0.05760566611020134]]
[700.0, 1900.0, 0.010256, [0.07181887999999999], [23.0444084], [2.8455645999999994], [0.02393963040650377]]
[700.0, 200.0, 0.004564, [0.03194037599999999], [23.0444084], [2.8455645999999994], [0.01597019040587807]]
[700.0, 400.0, 0.008805, [0.11222118599999999], [60.643179999999994], [6.530804], [0.042415614488063226]]
[700.0, 1300.0, 0.007949, [0.055648776], [23.0444084], [2.8455645999999994], [0.02103325666890413]]
[700.0, 1100.0, 0.007961, [0.05573392199999999], [23.0444084], [2.8455645999999994], [0.021065441220159617]]
[700.0, 800.0, 0.011516, [0.080654169], [23.0444084], [2.8455645999999994], [0.02550508153290242]]
[700.0, 1500.0, 0.010634, [0.036140659], [6.530804], [0.8863233999999999], [0.012046885365105786]]
[700.0, 1600.0, 0.006865, [0.04805286499999999], [23.0444084], [2.8455645999999994], [0.019617503459920683]]
[700.0, 1800.0, 0.010263, [0.07186253399999999], [23.0444084], [2.8455645999999994], [0.02395417702614723]]
[700.0, 1200.0, 0.009207, [0.06446419299999999], [23.0444084], [2.8455645999999994], [0.022791536633145208]]
[700.0, 700.0, 0.011399, [0.07983157399999999], [23.0444084], [2.8455645999999994], [0.025244959675150995]]
[700.0, 900.0, 0.009184, [0.06430411299999998], [23.0444084], [2.8455645999999994], [0.022734936335956604]]
[700.0, 300.0, 0.007076, [0.039624100999999995], [15.114146399999997], [2.1924842], [0.028018465571833157]]
[700.0, 500.0, 0.00684, [0.20687672000000001], [198.25654999999998], [19.592412], [0.05737728825938011]]
[700.0, 1700.0, 0.009435, [0.032056077499999995], [6.530804], [0.8863233999999999], [0.011333535600155847]]
[800.0, 300.0, 0.003781, [0.048171613999999995], [60.643179999999994], [6.530804], [0.02154299883488833]]
[800.0, 100.0, 0.004569, [0.0582199], [60.643179999999994], [6.530804], [0.0237681870911519]]
[800.0, 1800.0, 0.009012, [0.063098752], [23.0444084], [2.8455645999999994], [0.017500447448565423]]
[800.0, 800.0, 0.007837, [0.026615461999999996], [6.530804], [0.8863233999999999], [0.008024864472375841]]
[800.0, 400.0, 0.007665, [0.053653801999999993], [23.0444084], [2.8455645999999994], [0.01617723438972187]]
[800.0, 200.0, 0.004287, [0.014546499499999999], [6.530804], [0.8863233999999999], [0.005938585970161584]]
[800.0, 1700.0, 0.006487, [0.036321025], [15.114146399999997], [2.1924842], [0.020969947756253472]]
[800.0, 600.0, 0.006902, [0.048311937], [23.0444084], [2.8455645999999994], [0.0170808489982202]]
[800.0, 1600.0, 0.008986, [0.06291270499999999], [23.0444084], [2.8455645999999994], [0.01744884354907224]]
[800.0, 1000.0, 0.008283, [0.057986588], [23.0444084], [2.8455645999999994], [0.016739284019933468]]
[800.0, 1100.0, 0.006419, [0.021794248], [6.530804], [0.8863233999999999], [0.007264750341546501]]
[800.0, 1500.0, 0.00427, [0.014490850999999997], [6.530804], [0.8863233999999999], [0.005915867596980175]]
[800.0, 1400.0, 0.004856, [0.033980522], [23.0444084], [2.8455645999999994], [0.01284342942130333]]
[800.0, 1200.0, 0.006232, [0.043621202], [23.0444084], [2.8455645999999994], [0.014540400995158282]]
[800.0, 900.0, 0.005679, [0.019276829], [6.530804], [0.8863233999999999], [0.006815388431703654]]
[800.0, 1300.0, 0.00639, [0.021694416499999997], [6.530804], [0.8863233999999999], [0.007231473046689726]]
[800.0, 2000.0, 0.006394, [0.021707606999999997], [6.530804], [0.8863233999999999], [0.007235867259700111]]
[800.0, 500.0, 0.00995, [0.033809229499999996], [6.530804], [0.8863233999999999], [0.00903589695464706]]
[800.0, 1900.0, 0.00456, [0.058104486], [60.643179999999994], [6.530804], [0.02372105866946077]]
[800.0, 700.0, 0.006426, [0.021817363], [6.530804], [0.8863233999999999], [0.00727245579395296]]
[900.0, 200.0, 0.001917, [0.020062789600000002], [43.38319799999999], [5.131346], [0.01418653498638762]]
[900.0, 1100.0, 0.006207, [0.021074313499999997], [6.530804], [0.8863233999999999], [0.005632348508837143]]
[900.0, 300.0, 0.003003, [0.021012091599999998], [23.0444084], [2.8455645999999994], [0.007941823732619606]]
[900.0, 1000.0, 0.007865, [0.022675745999999997], [4.711508599999999], [0.7463776], [0.013091844665668775]]
[900.0, 900.0, 0.002826, [0.0359986984], [60.643179999999994], [6.530804], [0.014696406091286399]]
[900.0, 1600.0, 0.003115, [0.0105662966], [6.530804], [0.8863233999999999], [0.003993685256126225]]
[900.0, 700.0, 0.004857, [0.0164842495], [6.530804], [0.8863233999999999], [0.004970186382320083]]
[900.0, 1900.0, 0.005199, [0.036387288], [23.0444084], [2.8455645999999994], [0.010504102769870446]]
[900.0, 500.0, 0.003998, [0.0135669985], [6.530804], [0.8863233999999999], [0.004522331682882182]]
[900.0, 1400.0, 0.004894, [0.016608414999999998], [6.530804], [0.8863233999999999], [0.005007624788759637]]
[900.0, 1200.0, 0.005325, [0.0180742165], [6.530804], [0.8863233999999999], [0.005217575473819233]]
[900.0, 1500.0, 0.004311, [0.030168294999999994], [23.0444084], [2.8455645999999994], [0.009540049559619698]]
[900.0, 800.0, 0.003892, [0.027234898], [23.0444084], [2.8455645999999994], [0.009078295500808508]]
[900.0, 400.0, 0.003306, [0.042122710599999995], [60.643179999999994], [6.530804], [0.015920891733819432]]
[900.0, 100.0, 0.001294, [0.009052836799999998], [23.0444084], [2.8455645999999994], [0.005226657771463519]]
[900.0, 600.0, 0.00271, [0.015166873899999997], [15.114146399999997], [2.1924842], [0.010724599363146393]]
[900.0, 1800.0, 0.006205, [0.021064664999999996], [6.530804], [0.8863233999999999], [0.0056297697666068]]
[900.0, 2000.0, 0.005201, [0.036400904], [23.0444084], [2.8455645999999994], [0.01050803524927472]]
[900.0, 1700.0, 0.004862, [0.016500717499999998], [6.530804], [0.8863233999999999], [0.0049751557262059645]]
[900.0, 1300.0, 0.004426, [0.015020023499999998], [6.530804], [0.8863233999999999], [0.004749749206537119]]
[1000.0, 1600.0, 0.003542, [0.024779601999999998], [23.0444084], [2.8455645999999994], [0.006872623607473349]]
[1000.0, 1400.0, 0.002256, [0.007650533699999999], [6.530804], [0.8863233999999999], [0.0027048716295787496]]
[1000.0, 1500.0, 0.00274, [0.019168002200000003], [23.0444084], [2.8455645999999994], [0.006061453966665094]]
[1000.0, 700.0, 0.003003, [0.021009386799999995], [23.0444084], [2.8455645999999994], [0.006334569125047101]]
[1000.0, 1900.0, 0.00253, [0.008581590949999999], [6.530804], [0.8863233999999999], [0.0028605301667697894]]
[1000.0, 1800.0, 0.003282, [0.04180876519999999], [60.643179999999994], [6.530804], [0.012605818044062033]]
[1000.0, 500.0, 0.002536, [0.0086006246], [6.530804], [0.8863233999999999], [0.002866874808480482]]
[1000.0, 1000.0, 0.003838, [0.026854317], [23.0444084], [2.8455645999999994], [0.007177118214158103]]
[1000.0, 200.0, 0.001098, [0.007681809099999999], [23.0444084], [2.8455645999999994], [0.003840904280244432]]
[1000.0, 1100.0, 0.003402, [0.011542044], [6.530804], [0.8863233999999999], [0.0033319028808625256]]
[1000.0, 2000.0, 0.003318, [0.0422734388], [60.643179999999994], [6.530804], [0.012745920191182746]]
[1000.0, 1700.0, 0.00243, [0.0170016], [23.0444084], [2.8455645999999994], [0.0056672]]
[1000.0, 800.0, 0.003311, [0.0421894934], [60.643179999999994], [6.530804], [0.012720611145695792]]
[1000.0, 1300.0, 0.002526, [0.00856986555], [6.530804], [0.8863233999999999], [0.0028566217591763877]]
[1000.0, 400.0, 0.001629, [0.0113968404], [23.0444084], [2.8455645999999994], [0.004652740259245083]]
[1000.0, 300.0, 0.002258, [0.0076589471], [6.530804], [0.8863233999999999], [0.002707846859591583]]
[1000.0, 600.0, 0.002531, [0.00858515135], [6.530804], [0.8863233999999999], [0.0028617174069953165]]
[1000.0, 1200.0, 0.00356, [0.024912150999999997], [23.0444084], [2.8455645999999994], [0.006909388729113452]]
[1000.0, 100.0, 0.000846, [0.0028685576999999997], [6.530804], [0.8863233999999999], [0.001656162908653614]]
[1000.0, 900.0, 0.003311, [0.023165576999999996], [23.0444084], [2.8455645999999994], [0.006687324260120784]]
[1100.0, 1300.0, 0.002323, [0.029597637399999994], [60.643179999999994], [6.530804], [0.008544102211467276]]
[1100.0, 1800.0, 0.002329, [0.0296708234], [60.643179999999994], [6.530804], [0.008565229645491123]]
[1100.0, 2000.0, 0.001823, [0.006183169349999999], [6.530804], [0.8863233999999999], [0.0019552898461609215]]
[1100.0, 700.0, 0.002733, [0.009269763599999998], [6.530804], [0.8863233999999999], [0.0023934428701140953]]
[1100.0, 900.0, 0.001821, [0.006175564399999999], [6.530804], [0.8863233999999999], [0.0019528848852402951]]
[1100.0, 200.0, 0.001088, [0.0036907961999999993], [6.530804], [0.8863233999999999], [0.0015067611414885905]]
[1100.0, 1900.0, 0.001547, [0.019702844199999996], [60.643179999999994], [6.530804], [0.006966008598903679]]
[1100.0, 1500.0, 0.00145, [0.004916931949999999], [6.530804], [0.8863233999999999], [0.0017383979859341761]]
[1100.0, 800.0, 0.001938, [0.013560921899999998], [23.0444084], [2.8455645999999994], [0.004088771914646254]]
[1100.0, 500.0, 0.001635, [0.005545130949999999], [6.530804], [0.8863233999999999], [0.0018483766512807933]]
[1100.0, 1700.0, 0.001992, [0.006756608799999999], [6.530804], [0.8863233999999999], [0.0020371940831692987]]
[1100.0, 400.0, 0.001349, [0.0171897492], [60.643179999999994], [6.530804], [0.006497113669930671]]
[1100.0, 600.0, 0.002119, [0.014827239799999998], [23.0444084], [2.8455645999999994], [0.0042802555075602666]]
[1100.0, 1400.0, 0.00235, [0.0079717425], [6.530804], [0.8863233999999999], [0.002210963454017275]]
[1100.0, 100.0, 0.000913, [0.003096858], [6.530804], [0.8863233999999999], [0.001384956702391811]]
[1100.0, 1100.0, 0.001807, [0.0061290215999999995], [6.530804], [0.8863233999999999], [0.0019381669581075825]]
[1100.0, 1000.0, 0.002101, [0.014695546399999997], [23.0444084], [2.8455645999999994], [0.004242238864090517]]
[1100.0, 300.0, 0.001275, [0.00432492575], [6.530804], [0.8863233999999999], [0.0016346686720861816]]
[1100.0, 1200.0, 0.00298, [0.0208513032], [23.0444084], [2.8455645999999994], [0.005057183284200801]]
[1100.0, 1600.0, 0.002107, [0.014739579899999999], [23.0444084], [2.8455645999999994], [0.00425494964835073]]
[1200.0, 100.0, 0.000883, [0.0029955280499999997], [6.530804], [0.8863233999999999], [0.0012229194300934138]]
[1200.0, 1400.0, 0.001301, [0.0044129778], [6.530804], [0.8863233999999999], [0.0013305629212855736]]
[1200.0, 1700.0, 0.000888, [0.011309394399999999], [60.643179999999994], [6.530804], [0.004274549845305351]]
[1200.0, 1800.0, 0.001656, [0.005614988849999999], [6.530804], [0.8863233999999999], [0.0015006689250131088]]
[1200.0, 700.0, 0.001376, [0.009628579699999999], [23.0444084], [2.8455645999999994], [0.002779531681776626]]
[1200.0, 200.0, 0.000712, [0.00241435945], [6.530804], [0.8863233999999999], [0.0009856580833382334]]
[1200.0, 1900.0, 0.00097, [0.00035535546888888883], [0.08396748], [0.03265402], [7.945989509428679e-05]]
[1200.0, 1200.0, 0.001261, [0.0088216845], [23.0444084], [2.8455645999999994], [0.0026598383785485912]]
[1200.0, 1100.0, 0.001381, [0.0096627899], [23.0444084], [2.8455645999999994], [0.002789406963854503]]
[1200.0, 1300.0, 0.001496, [0.010468307399999998], [23.0444084], [2.8455645999999994], [0.0029033863039561233]]
[1200.0, 2000.0, 0.001537, [0.00521231405], [6.530804], [0.8863233999999999], [0.001445635995850961]]
[1200.0, 800.0, 0.001777, [0.00602636915], [6.530804], [0.8863233999999999], [0.0015560018468819372]]
[1200.0, 1600.0, 0.001181, [0.004004505849999999], [6.530804], [0.8863233999999999], [0.0012663359082407794]]
[1200.0, 1000.0, 0.000828, [0.0028058309499999997], [6.530804], [0.8863233999999999], [0.0010605042861770997]]
[1200.0, 1500.0, 0.001422, [0.0048233346], [6.530804], [0.8863233999999999], [0.0013923769550664071]]
[1200.0, 300.0, 0.00044, [0.0014904896999999998], [6.530804], [0.8863233999999999], [0.0008605346341083548]]
[1200.0, 600.0, 0.00154, [0.005221087399999999], [6.530804], [0.8863233999999999], [0.0014480692050105892]]
[1200.0, 500.0, 0.001184, [0.004013900199999999], [6.530804], [0.8863233999999999], [0.0012693067369631344]]
[1200.0, 900.0, 0.000916, [0.006405127399999999], [23.0444084], [2.8455645999999994], [0.002264554701260272]]
[1200.0, 400.0, 0.001188, [0.0040268653], [6.530804], [0.8863233999999999], [0.0012734062735435222]]
[1300.0, 1600.0, 0.000581, [0.007403216999999999], [60.643179999999994], [6.530804], [0.0027981524361621185]]
[1300.0, 1700.0, 0.000751, [0.0052501387], [23.0444084], [2.8455645999999994], [0.001660239670047671]]
[1300.0, 900.0, 0.001275, [0.0089202073], [23.0444084], [2.8455645999999994], [0.002163468320544583]]
[1300.0, 200.0, 0.000414, [0.005269994599999999], [60.643179999999994], [6.530804], [0.0023568139391984258]]
[1300.0, 1800.0, 0.001129, [0.007899784699999999], [23.0444084], [2.8455645999999994], [0.00203971555002162]]
[1300.0, 1000.0, 0.001245, [0.0042214533499999995], [6.530804], [0.8863233999999999], [0.0010553632769098988]]
[1300.0, 1400.0, 0.000779, [0.0026397835999999995], [6.530804], [0.8863233999999999], [0.0008347728725527679]]
[1300.0, 1200.0, 0.00085, [0.0028810006999999997], [6.530804], [0.8863233999999999], [0.0008686543098379238]]
[1300.0, 500.0, 0.000528, [0.0036919209], [23.0444084], [2.8455645999999994], [0.001395415136796215]]
[1300.0, 100.0, 0.000973, [0.00329830925], [6.530804], [0.8863233999999999], [0.0010430168434641888]]
[1300.0, 1100.0, 0.000754, [0.0052771591], [23.0444084], [2.8455645999999994], [0.0016687841744815292]]
[1300.0, 2000.0, 0.001405, [0.0047660001999999995], [6.530804], [0.8863233999999999], [0.0011233571200869293]]
[1300.0, 1300.0, 0.000579, [0.007375028199999999], [60.643179999999994], [6.530804], [0.002787498281972564]]
[1300.0, 1500.0, 0.001092, [0.00370161655], [6.530804], [0.8863233999999999], [0.000989298620614625]]
[1300.0, 600.0, 0.0007, [0.0023740427499999994], [6.530804], [0.8863233999999999], [0.000791347413592791]]
[1300.0, 300.0, 0.000414, [0.0052702062], [60.643179999999994], [6.530804], [0.0023569091064357993]]
[1300.0, 1900.0, 0.000776, [0.0026326007], [6.530804], [0.8863233999999999], [0.0008325013546535524]]
[1300.0, 400.0, 0.000474, [0.002650497], [15.114146399999997], [2.1924842], [0.0015302653799259788]]
[1300.0, 700.0, 0.000931, [0.0031565199999999995], [6.530804], [0.8863233999999999], [0.0009112087971480522]]
[1300.0, 800.0, 0.001161, [0.003936202749999999], [6.530804], [0.8863233999999999], [0.001016323259844032]]
[1400.0, 1100.0, 0.000617, [0.0020930103499999997], [6.530804], [0.8863233999999999], [0.0006041998657315309]]
[1400.0, 400.0, 0.000249, [0.0017423995], [23.0444084], [2.8455645999999994], [0.0007792249290160061]]
[1400.0, 1500.0, 0.000845, [0.005910997699999999], [23.0444084], [2.8455645999999994], [0.0014336276563320057]]
[1400.0, 1800.0, 0.000548, [0.003830567199999999], [23.0444084], [2.8455645999999994], [0.0011549596053542306]]
[1400.0, 1600.0, 0.000411, [0.0013938321999999999], [6.530804], [0.8863233999999999], [0.0004927941215659943]]
[1400.0, 1400.0, 0.000615, [0.0020867647], [6.530804], [0.8863233999999999], [0.0006023970698384911]]
[1400.0, 600.0, 0.00049, [0.0062469425999999995], [60.643179999999994], [6.530804], [0.0020823138629899192]]
[1400.0, 1700.0, 0.000618, [0.0020956289], [6.530804], [0.8863233999999999], [0.0006049558576871538]]
[1400.0, 900.0, 0.0005, [0.003500347], [23.0444084], [2.8455645999999994], [0.0011069068709697305]]
[1400.0, 100.0, 0.00025, [0.00174689324], [23.0444084], [2.8455645999999994], [0.0007812345371269756]]
[1400.0, 700.0, 0.000645, [0.0045148747], [23.0444084], [2.8455645999999994], [0.0012522011986897314]]
[1400.0, 2000.0, 0.000666, [0.0022579353], [6.530804], [0.8863233999999999], [0.000626238410471603]]
[1400.0, 800.0, 0.000548, [0.0038303601999999997], [23.0444084], [2.8455645999999994], [0.0011548966252440086]]
[1400.0, 1300.0, 0.000561, [0.0019031855999999995], [6.530804], [0.8863233999999999], [0.0005738320237665373]]
[1400.0, 300.0, 0.000217, [0.0027638805599999997], [60.643179999999994], [6.530804], [0.0013819402194016931]]
[1400.0, 1200.0, 0.000751, [0.005251865999999999], [23.0444084], [2.8455645999999994], [0.0013560262438463348]]
[1400.0, 500.0, 0.0005, [0.0034945579], [23.0444084], [2.8455645999999994], [0.0011050759236360186]]
[1400.0, 1000.0, 0.000645, [0.004510966999999999], [23.0444084], [2.8455645999999994], [0.0012511173410196183]]
[1400.0, 200.0, 0.0002, [0.0014007703799999997], [23.0444084], [2.8455645999999994], [0.0007003852355668272]]
[1400.0, 1900.0, 0.000402, [0.00014722678222222222], [0.08396748], [0.03265402], [3.377613110021285e-05]]
[1500.0, 1500.0, 0.000517, [0.00018912460444444446], [0.08396748], [0.03265402], [8.457908301672829e-05]]
[1500.0, 1100.0, 0.000669, [0.0022684462999999996], [6.530804], [0.8863233999999999], [0.0016040344120373474]]
[1500.0, 1800.0, 0.000751, [0.0025463920999999994], [6.530804], [0.8863233999999999], [0.0014701597481226315]]
[1500.0, 400.0, 0.000326, [0.0011040032199999999], [6.530804], [0.8863233999999999], [0.0011040033541615713]]
[1500.0, 200.0, 0.00098, [0.006852337099999999], [23.0444084], [2.8455645999999994], [0.0068523365431070295]]
[1500.0, 500.0, 0.000686, [0.0002511148688888889], [0.08396748], [0.03265402], [0.00011230198652640913]]
[1500.0, 1300.0, 0.000424, [0.0054059706], [60.643179999999994], [6.530804], [0.0038226005535498997]]
[1500.0, 600.0, 0.00048, [0.0033590257999999997], [23.0444084], [2.8455645999999994], [0.002375189632429377]]
[1500.0, 1000.0, 0.001011, [0.003428449], [6.530804], [0.8863233999999999], [0.001533248901842098]]
[1500.0, 2000.0, 0.001436, [0.010042908599999999], [23.0444084], [2.8455645999999994], [0.005798276735375778]]
[1500.0, 800.0, 0.000665, [0.00015166266444444442], [0.03265402], [0.01865944], [0.00015166265204291844]]
[1500.0, 1700.0, 0.000985, [0.0033403382999999997], [6.530804], [0.8863233999999999], [0.0019285448568804407]]
[1500.0, 1200.0, 0.001189, [0.0034209625], [4.711508599999999], [0.7463776], [0.0034209620046852314]]
[1500.0, 300.0, 0.000665, [0.00225387695], [6.530804], [0.8863233999999999], [0.00159373155675603]]
[1500.0, 1400.0, 0.000979, [0.006850729399999999], [23.0444084], [2.8455645999999994], [0.0039552698163336465]]
[1500.0, 100.0, 0.001245, [0.0069650968999999995], [15.114146399999997], [2.1924842], [0.006965096117786171]]
[1500.0, 900.0, 0.000587, [0.0041063648], [23.0444084], [2.8455645999999994], [0.002370810279208355]]
[1500.0, 700.0, 0.000397, [0.0013458403999999998], [6.530804], [0.8863233999999999], [0.0009516530373513236]]
[1500.0, 1900.0, 0.001261, [0.007056098699999999], [15.114146399999997], [2.1924842], [0.004989415716293842]]
[1500.0, 1600.0, 0.000542, [0.0069061869999999985], [60.643179999999994], [6.530804], [0.006906188824525434]]
[1600.0, 1500.0, 0.00065, [0.004545570499999999], [23.0444084], [2.8455645999999994], [0.002272784775116201]]
[1600.0, 100.0, 0.000335, [0.0011363994099999998], [6.530804], [0.8863233999999999], [0.0011363992537836338]]
[1600.0, 1300.0, 0.000901, [0.0114759788], [60.643179999999994], [6.530804], [0.005132214866897137]]
[1600.0, 900.0, 0.000275, [0.00010060930888888887], [0.08396748], [0.03265402], [4.499385167325711e-05]]
[1600.0, 300.0, 0.000255, [0.0178883696], [494.47515999999996], [51.31345999999999], [0.01788836795685956]]
[1600.0, 500.0, 0.000655, [0.0045791734999999995], [23.0444084], [2.8455645999999994], [0.004579172926413677]]
[1600.0, 1000.0, 0.000151, [0.00456929546], [198.25654999999998], [19.592412], [0.003230979879850693]]
[1600.0, 1200.0, 0.000864, [0.009040154600000001], [43.38319799999999], [5.131346], [0.009040156363691945]]
[1600.0, 1800.0, 0.00022, [5.023522e-05], [0.03265402], [0.01865944], [5.0235207603462364e-05]]
[1600.0, 1100.0, 0.000665, [0.00225400805], [6.530804], [0.8863233999999999], [0.0015938240782784026]]
[1600.0, 1900.0, 0.000644, [0.0045072364], [23.0444084], [2.8455645999999994], [0.0022536184728121126]]
[1600.0, 1700.0, 0.000496, [0.0001816145422222222], [0.08396748], [0.03265402], [6.053819302568268e-05]]
[1600.0, 800.0, 0.001036, [0.013202731399999997], [60.643179999999994], [6.530804], [0.00762260113609521]]
[1600.0, 200.0, 0.000219, [4.9918949555555556e-05], [0.03265402], [0.01865944], [4.991894037238004e-05]]
[1600.0, 1600.0, 0.000524, [0.0036678628999999995], [23.0444084], [2.8455645999999994], [0.0018339312168126698]]
[1600.0, 2000.0, 0.000831, [0.00281745745], [6.530804], [0.8863233999999999], [0.001260005412686787]]
[1600.0, 1400.0, 0.000668, [0.00226629925], [6.530804], [0.8863233999999999], [0.0010135198643835255]]
[1600.0, 700.0, 0.000397, [0.00134505725], [6.530804], [0.8863233999999999], [0.000776568782690883]]
[1600.0, 400.0, 0.000254, [0.0178250092], [494.47515999999996], [51.31345999999999], [0.01782500890322358]]
[1600.0, 600.0, 0.00025, [0.017539477999999997], [494.47515999999996], [51.31345999999999], [0.01753947607883428]]
[1700.0, 900.0, 0.000577, [0.0060353334], [43.38319799999999], [5.131346], [0.006035331477226416]]
[1700.0, 1500.0, 0.000284, [0.0019840013899999997], [23.0444084], [2.8455645999999994], [0.0014029008325608763]]
[1700.0, 1800.0, 0.00033, [0.00111811326], [6.530804], [0.8863233999999999], [0.0006455431556061917]]
[1700.0, 700.0, 0.000454, [0.00153965105], [6.530804], [0.8863233999999999], [0.0008889180880429871]]
[1700.0, 500.0, 0.000305, [0.0010334770549999999], [6.530804], [0.8863233999999999], [0.000730778265618238]]
[1700.0, 300.0, 0.000333, [0.00113001783], [6.530804], [0.8863233999999999], [0.0006524161934685557]]
[1700.0, 800.0, 0.000419, [0.0029314995], [23.0444084], [2.8455645999999994], [0.001692502317575961]]
[1700.0, 1300.0, 0.000476, [0.0060685316], [60.643179999999994], [6.530804], [0.0027139298296013476]]
[1700.0, 400.0, 0.00053, [0.0029646402], [15.114146399999997], [2.1924842], [0.0029646402243779933]]
[1700.0, 1000.0, 0.000146, [5.346477777777777e-05], [0.08396748], [0.03265402], [2.6732391301403583e-05]]
[1700.0, 2000.0, 0.000357, [0.00121043365], [6.530804], [0.8863233999999999], [0.0006052170414405066]]
[1700.0, 1600.0, 0.000472, [0.006010226599999999], [60.643179999999994], [6.530804], [0.0034700056628195865]]
[1700.0, 1400.0, 0.000224, [0.0007603337699999999], [6.530804], [0.8863233999999999], [0.0005376371148367641]]
[1700.0, 1200.0, 0.00053, [0.0015252196999999998], [4.711508599999999], [0.7463776], [0.0015252204225947145]]
[1700.0, 100.0, 0.000285, [0.0019899416], [23.0444084], [2.8455645999999994], [0.0014071012024726578]]
[1700.0, 1700.0, 0.000453, [0.0015372394999999999], [6.530804], [0.8863233999999999], [0.0008875252683726813]]
[1700.0, 1900.0, 0.000216, [0.0015085412499999996], [23.0444084], [2.8455645999999994], [0.0010666997318833447]]
[1700.0, 1100.0, 0.00032, [0.00223926413], [23.0444084], [2.8455645999999994], [0.0012928400044088981]]
[1700.0, 600.0, 0.000197, [0.0059497918], [198.25654999999998], [19.592412], [0.0034351123312054872]]
[1700.0, 200.0, 0.000204, [0.0061590044], [198.25654999999998], [19.592412], [0.0061590066341902895]]
[1800.0, 600.0, 0.000146, [0.00420864672], [160.004698], [19.125925999999996], [0.004208646815782954]]
[1800.0, 1800.0, 0.000287, [0.0020092622899999996], [23.0444084], [2.8455645999999994], [0.0011600480429706348]]
[1800.0, 400.0, 0.000361, [0.00201922819], [15.114146399999997], [2.1924842], [0.0020192281475851113]]
[1800.0, 1300.0, 0.000175, [0.0012223292499999997], [23.0444084], [2.8455645999999994], [0.0007057120025194413]]
[1800.0, 1200.0, 0.000236, [0.00300274016], [60.643179999999994], [6.530804], [0.0017336325331511286]]
[1800.0, 1700.0, 0.000419, [0.00141893095], [6.530804], [0.8863233999999999], [0.0005363055546980657]]
[1800.0, 500.0, 0.000386, [0.0027029784], [23.0444084], [2.8455645999999994], [0.0013514886895568158]]
[1800.0, 1600.0, 0.000357, [0.0010281070149999998], [4.711508599999999], [0.7463776], [0.0010281070106024956]]
[1800.0, 1000.0, 0.000356, [0.0010234277799999998], [4.711508599999999], [0.7463776], [0.0010234278317253248]]
[1800.0, 700.0, 0.000398, [0.00416665378], [43.38319799999999], [5.131346], [0.0041666537446732954]]
[1800.0, 200.0, 0.000157, [0.00199679146], [60.643179999999994], [6.530804], [0.001996791597538411]]
[1800.0, 800.0, 0.000196, [4.467943711111112e-05], [0.03265402], [0.01865944], [4.467943782044059e-05]]
[1800.0, 2000.0, 0.000304, [0.0010308536749999999], [6.530804], [0.8863233999999999], [0.0005154267413997842]]
[1800.0, 1100.0, 0.000174, [0.0012187633299999999], [23.0444084], [2.8455645999999994], [0.000703653378518145]]
[1800.0, 900.0, 0.000199, [4.5306008222222216e-05], [0.03265402], [0.01865944], [4.530600866044966e-05]]
[1800.0, 1500.0, 0.000126, [0.0016092069599999998], [60.643179999999994], [6.530804], [0.0011378812015320403]]
[1800.0, 1400.0, 0.000156, [0.0019904039000000003], [60.643179999999994], [6.530804], [0.0014074280156370345]]
[1800.0, 1900.0, 0.000119, [0.00040369657499999997], [6.530804], [0.8863233999999999], [0.0002854566174132244]]
[1800.0, 100.0, 6.7e-05, [0.0020382944999999997], [198.25654999999998], [19.592412], [0.0020382942064383147]]
[1800.0, 300.0, 0.000361, [0.00103786833], [4.711508599999999], [0.7463776], [0.0010378682783715857]]
[1900.0, 300.0, 0.00014, [0.0017837525799999998], [60.643179999999994], [6.530804], [0.0012613036432199821]]
[1900.0, 1600.0, 0.000159, [0.0020233596799999996], [60.643179999999994], [6.530804], [0.00116818709477549]]
[1900.0, 600.0, 0.000119, [0.00034220918], [4.711508599999999], [0.7463776], [0.00034220920056304735]]
[1900.0, 1500.0, 9.6e-05, [0.00066923629], [23.0444084], [2.8455645999999994], [0.0006692363320232994]]
[1900.0, 500.0, 0.000202, [0.000686324485], [6.530804], [0.8863233999999999], [0.0006863244897641348]]
[1900.0, 1700.0, 0.000228, [0.00065572586], [4.711508599999999], [0.7463776], [0.0006557259259782245]]
[1900.0, 1800.0, 0.000147, [0.0004996658], [6.530804], [0.8863233999999999], [0.0002884821015678442]]
[1900.0, 800.0, 0.000196, [0.0006647078199999999], [6.530804], [0.8863233999999999], [0.0003323538797351401]]
[1900.0, 1300.0, 0.000151, [0.00051239239], [6.530804], [0.8863233999999999], [0.00029582993940776176]]
[1900.0, 1000.0, 0.000135, [0.0004581516049999999], [6.530804], [0.8863233999999999], [0.0003239621644575181]]
[1900.0, 1900.0, 0.000143, [0.0009977802499999998], [23.0444084], [2.8455645999999994], [0.0005760686908694135]]
[1900.0, 1200.0, 0.000118, [0.0004011398949999999], [6.530804], [0.8863233999999999], [0.00023159826559151947]]
[1900.0, 100.0, 0.000133, [3.018764311111111e-05], [0.03265402], [0.01865944], [3.0187647518745963e-05]]
[1900.0, 2000.0, 0.000239, [0.00080869817], [6.530804], [0.8863233999999999], [0.00033014961824148753]]
[1900.0, 1100.0, 8.1e-05, [0.00027425476], [6.530804], [0.8863233999999999], [0.00019392737480819976]]
[1900.0, 900.0, 0.00015, [0.000509011965], [6.530804], [0.8863233999999999], [0.00029387817424912654]]
[1900.0, 200.0, 9.5e-05, [0.00066495553], [23.0444084], [2.8455645999999994], [0.0006649555373857713]]
[1900.0, 400.0, 9.9e-05, [0.00033599526999999996], [6.530804], [0.8863233999999999], [0.00023758451711969783]]
[1900.0, 700.0, 8.5e-05, [0.0010839720599999999], [60.643179999999994], [6.530804], [0.0007664839635634916]]
[1900.0, 1400.0, 0.000117, [0.0008176665599999999], [23.0444084], [2.8455645999999994], [0.0004720799725682079]]
[2000.0, 1500.0, 9.9e-05, [0.00033580552], [6.530804], [0.8863233999999999], [0.00019387741507199851]]
[2000.0, 1200.0, 6.5e-05, [2.3832574444444444e-05], [0.08396748], [0.03265402], [9.729607823291837e-06]]
[2000.0, 1300.0, 0.000163, [0.00090935054], [15.114146399999997], [2.1924842], [0.0009093503109363298]]
[2000.0, 300.0, 0.000206, [0.000698651795], [6.530804], [0.8863233999999999], [0.00040336682374731813]]
[2000.0, 900.0, 6.3e-05, [0.0018091597599999999], [160.004698], [19.125925999999996], [0.0018091595905281547]]
[2000.0, 1900.0, 8e-05, [0.000270587985], [6.530804], [0.8863233999999999], [0.00015622401863990055]]
[2000.0, 1600.0, 5.1e-05, [0.00035638086], [23.0444084], [2.8455645999999994], [0.0002519994031738964]]
[2000.0, 500.0, 4.3e-05, [0.00030078295999999994], [23.0444084], [2.8455645999999994], [0.00030078311006437845]]
[2000.0, 600.0, 0.000165, [0.0009213011099999999], [15.114146399999997], [2.1924842], [0.0009213011673714519]]
[2000.0, 200.0, 0.000129, [0.0009024790600000001], [23.0444084], [2.8455645999999994], [0.0009024790867383022]]
[2000.0, 1800.0, 0.000133, [0.00045143871], [6.530804], [0.8863233999999999], [0.0002018895338421484]]
[2000.0, 2000.0, 0.000108, [0.00036614010499999995], [6.530804], [0.8863233999999999], [0.00018307003113562852]]
[2000.0, 400.0, 5.2e-05, [0.0036375098], [494.47515999999996], [51.31345999999999], [0.003637509444661278]]
[2000.0, 1100.0, 0.000133, [0.0009299764799999998], [23.0444084], [2.8455645999999994], [0.0006575926054176703]]
[2000.0, 100.0, 0.000162, [0.00046473512499999996], [4.711508599999999], [0.7463776], [0.00032861734445248017]]
[2000.0, 1400.0, 5.3e-05, [0.00017966599499999998], [6.530804], [0.8863233999999999], [0.00012704304575615304]]
[2000.0, 1700.0, 9.7e-05, [0.0006780521899999998], [23.0444084], [2.8455645999999994], [0.000391473715975926]]
[2000.0, 700.0, 9.9e-05, [0.00033436859499999993], [6.530804], [0.8863233999999999], [0.00019304783888974254]]
[2000.0, 1000.0, 9.5e-05, [0.00066653218], [23.0444084], [2.8455645999999994], [0.00038482251207537223]]
[2000.0, 800.0, 0.000163, [0.00046984664499999997], [4.711508599999999], [0.7463776], [0.00046984671117291006]]
[2100.0, 200.0, 0.00012, [0.00125199672], [43.38319799999999], [5.131346], [0.0012519969667694885]]
[2100.0, 100.0, 0.000112, [0.00116884482], [43.38319799999999], [5.131346], [0.00116884488380623]]
[2100.0, 400.0, 4.3e-05, [0.0012293849599999999], [160.004698], [19.125925999999996], [0.001229384919055053]]
[2100.0, 1400.0, 0.000114, [0.00119471752], [43.38319799999999], [5.131346], [0.0011947174161281821]]
[2100.0, 500.0, 4.5e-05, [0.000151382435], [6.530804], [0.8863233999999999], [0.0001070435604205129]]
[2100.0, 800.0, 5.2e-05, [0.000149684805], [4.711508599999999], [0.7463776], [0.00014968481461056758]]
[2100.0, 300.0, 4.3e-05, [0.0002995425699999999], [23.0444084], [2.8455645999999994], [0.00029954248479973586]]
[2100.0, 600.0, 4.8e-05, [0.00061494594], [60.643179999999994], [6.530804], [0.0006149460239728362]]
[2100.0, 700.0, 3.2e-05, [0.00040825115], [60.643179999999994], [6.530804], [0.00040825110140696496]]
[2100.0, 1000.0, 5.4e-05, [0.00018279180999999998], [6.530804], [0.8863233999999999], [0.00010553493044959093]]
[2100.0, 1700.0, 4.5e-05, [0.000152511505], [6.530804], [0.8863233999999999], [0.00010784190838908592]]
[2100.0, 1800.0, 0.000104, [0.00035200718], [6.530804], [0.8863233999999999], [0.00014370633936956292]]
[2100.0, 1900.0, 6.7e-05, [0.00022636105499999998], [6.530804], [0.8863233999999999], [0.0001306895944595437]]
[2100.0, 900.0, 5.3e-05, [0.00015107619], [4.711508599999999], [0.7463776], [0.0001510762138789558]]
[2100.0, 2000.0, 7.3e-05, [0.0009288526999999999], [60.643179999999994], [6.530804], [0.0005362733978112284]]
[2100.0, 1200.0, 3.4e-05, [0.00024119939], [23.0444084], [2.8455645999999994], [0.00017055378568064678]]
[2100.0, 1500.0, 6.9e-05, [0.00048402603], [23.0444084], [2.8455645999999994], [0.0002420130122534737]]
[2100.0, 1100.0, 5.6e-05, [2.0342462444444442e-05], [0.08396748], [0.03265402], [8.304775484734783e-06]]
[2100.0, 1300.0, 5.6e-05, [0.0007194726599999999], [60.643179999999994], [6.530804], [0.00041538771753627955]]
[2100.0, 1600.0, 5.3e-05, [0.00018049192499999998], [6.530804], [0.8863233999999999], [0.00010420710262501303]]
[2200.0, 1700.0, 5.9e-05, [0.00020120503499999998], [6.530804], [0.8863233999999999], [0.00011616576873158461]]
[2200.0, 1100.0, 6e-05, [0.00020199680999999998], [6.530804], [0.8863233999999999], [0.00010099839891057678]]
[2200.0, 200.0, 3.5e-05, [0.000196686777], [15.114146399999997], [2.1924842], [0.00019668678310959278]]
[2200.0, 1800.0, 6.9e-05, [0.000198826145], [4.711508599999999], [0.7463776], [0.0001988261869070571]]
[2200.0, 900.0, 2.1e-05, [0.000270512798], [60.643179999999994], [6.530804], [0.00027051269870377614]]
[2200.0, 1000.0, 7.7e-05, [0.0008106874399999999], [43.38319799999999], [5.131346], [0.0008106873266555977]]
[2200.0, 1300.0, 5.9e-05, [0.00019973798], [6.530804], [0.8863233999999999], [8.932556432791231e-05]]
[2200.0, 1900.0, 4.7e-05, [0.00016050941], [6.530804], [0.8863233999999999], [8.025470090592823e-05]]
[2200.0, 1400.0, 2.5e-05, [8.959430222222222e-06], [0.08396748], [0.03265402], [4.006779266304658e-06]]
[2200.0, 1600.0, 4.6e-05, [0.0005922039999999999], [60.643179999999994], [6.530804], [0.00034190918419954727]]
[2200.0, 800.0, 5.8e-05, [0.00040467625999999996], [23.0444084], [2.8455645999999994], [0.00020233813884189007]]
[2200.0, 400.0, 4.4e-05, [0.00015043863], [6.530804], [0.8863233999999999], [8.685575514898248e-05]]
[2200.0, 600.0, 2.9e-05, [0.00019995606599999997], [23.0444084], [2.8455645999999994], [0.00014139029959654232]]
[2200.0, 2000.0, 7e-05, [0.00039329379], [15.114146399999997], [2.1924842], [0.00039329367831176745]]
[2200.0, 500.0, 1.5e-05, [4.99283425e-05], [6.530804], [0.8863233999999999], [4.992833303846624e-05]]
[2200.0, 700.0, 7.1e-05, [0.000204022075], [4.711508599999999], [0.7463776], [0.00014426538011595157]]
[2200.0, 300.0, 7.3e-05, [0.00040935514999999997], [15.114146399999997], [2.1924842], [0.00040935522507963665]]
[2200.0, 1200.0, 7.8e-05, [0.00026384737499999996], [6.530804], [0.8863233999999999], [0.00013192374757790956]]
[2200.0, 1500.0, 5.9e-05, [0.0001984693], [6.530804], [0.8863233999999999], [9.923465212565617e-05]]
[2200.0, 100.0, 7.8e-05, [0.0008125761999999999], [43.38319799999999], [5.131346], [0.0008125764264363075]]
[2300.0, 700.0, 2.4e-05, [8.07400625e-05], [6.530804], [0.8863233999999999], [4.661528936411314e-05]]
[2300.0, 100.0, 1.8e-05, [0.0005324444799999999], [198.25654999999998], [19.592412], [0.0005324445852856425]]
[2300.0, 1800.0, 4.8e-05, [0.00013927627], [4.711508599999999], [0.7463776], [0.00013927630011958242]]
[2300.0, 1000.0, 4.9e-05, [0.00027266868], [15.114146399999997], [2.1924842], [0.0002726687589365529]]
[2300.0, 1500.0, 3.1e-05, [0.000215227675], [23.0444084], [2.8455645999999994], [0.00010761382694616893]]
[2300.0, 1200.0, 5.5e-05, [0.00018548856], [6.530804], [0.8863233999999999], [7.010807845747878e-05]]
[2300.0, 500.0, 4.8e-05, [0.00026926490999999996], [15.114146399999997], [2.1924842], [0.00026926497934191146]]
[2300.0, 1900.0, 4.8e-05, [0.000137580595], [4.711508599999999], [0.7463776], [0.00013758061900209637]]
[2300.0, 1300.0, 4.2e-05, [0.0005302820199999999], [60.643179999999994], [6.530804], [0.00026514098332773827]]
[2300.0, 1600.0, 3.8e-05, [0.00026471229], [23.0444084], [2.8455645999999994], [0.00011838287904084778]]
[2300.0, 1700.0, 3.3e-05, [1.1955205777777776e-05], [0.08396748], [0.03265402], [3.7805673106193277e-06]]
[2300.0, 1400.0, 9.5e-05, [0.00027402407], [4.711508599999999], [0.7463776], [0.00019376428457019623]]
[2300.0, 1100.0, 4.6e-05, [0.00013289296499999998], [4.711508599999999], [0.7463776], [0.0001328930366874051]]
[2300.0, 900.0, 1.8e-05, [0.00052251032], [160.004698], [19.125925999999996], [0.0005225101912881699]]
[2300.0, 2000.0, 1.6e-05, [5.9202051111111105e-06], [0.08396748], [0.03265402], [3.4180320061494047e-06]]
[2300.0, 300.0, 4.8e-05, [0.00026662014], [15.114146399999997], [2.1924842], [0.00026662010314303005]]
[2300.0, 200.0, 2.6e-05, [0.000178550886], [23.0444084], [2.8455645999999994], [0.00012625456098692037]]
[2300.0, 400.0, 4.7e-05, [0.00013391565999999999], [4.711508599999999], [0.7463776], [0.00013391561130055]]
[2300.0, 800.0, 2e-05, [6.614627499999999e-05], [6.530804], [0.8863233999999999], [6.614630656733601e-05]]
[2300.0, 600.0, 1.2e-05, [4.441215155555555e-06], [0.08396748], [0.03265402], [2.564136504715538e-06]]
[2400.0, 1200.0, 2.6e-05, [8.732397349999999e-05], [6.530804], [0.8863233999999999], [4.366198807315122e-05]]
[2400.0, 1500.0, 3.3e-05, [0.00018229480299999996], [15.114146399999997], [2.1924842], [0.0001822947992401319]]
[2400.0, 1100.0, 2.6e-05, [8.755375499999999e-05], [6.530804], [0.8863233999999999], [3.915522864190682e-05]]
[2400.0, 1600.0, 2.2e-05, [0.00028433428], [60.643179999999994], [6.530804], [0.00014216712847912486]]
[2400.0, 400.0, 1.4e-05, [0.00017230716799999997], [60.643179999999994], [6.530804], [0.00017230718290309316]]
[2400.0, 1300.0, 2.6e-05, [8.8357536e-05], [6.530804], [0.8863233999999999], [4.417875838567671e-05]]
[2400.0, 200.0, 6e-06, [0.00017380368599999999], [198.25654999999998], [19.592412], [0.00017380368166411205]]
[2400.0, 1700.0, 1.7e-05, [3.900623155555556e-06], [0.03265402], [0.01865944], [3.900623397469806e-06]]
[2400.0, 2000.0, 2.6e-05, [8.786535899999999e-05], [6.530804], [0.8863233999999999], [4.3932679237669994e-05]]
[2400.0, 600.0, 2e-05, [6.7025772e-05], [6.530804], [0.8863233999999999], [3.869735475455655e-05]]
[2400.0, 1900.0, 2.1e-05, [6.997037e-05], [6.530804], [0.8863233999999999], [3.4985188787542644e-05]]
[2400.0, 700.0, 1.2e-05, [0.000356310802], [160.004698], [19.125925999999996], [0.0002519497729310348]]
[2400.0, 100.0, 1.1e-05, [3.934664177777778e-06], [0.08396748], [0.03265402], [2.2716798928991887e-06]]
[2400.0, 1800.0, 3.3e-05, [0.000349484264], [43.38319799999999], [5.131346], [0.000349484284796899]]
[2400.0, 500.0, 3.2e-05, [0.00017974725399999997], [15.114146399999997], [2.1924842], [0.00017974725878299228]]
[2400.0, 900.0, 3.2e-05, [0.000179377], [15.114146399999997], [2.1924842], [0.00017937699852545196]]
[2400.0, 1400.0, 2.5e-05, [0.00017558593299999998], [23.0444084], [2.8455645999999994], [7.852443874361663e-05]]
[2400.0, 800.0, 2.5e-05, [0.00017436845099999998], [23.0444084], [2.8455645999999994], [8.718422970927712e-05]]
[2400.0, 300.0, 1.7e-05, [0.00017500355], [43.38319799999999], [5.131346], [0.00017500355253536993]]
[2400.0, 1000.0, 1e-05, [3.49094805e-05], [6.530804], [0.8863233999999999], [2.4684727900059986e-05]]
[2500.0, 400.0, 6e-06, [7.8295312e-05], [60.643179999999994], [6.530804], [7.829532425375093e-05]]
[2500.0, 1300.0, 2.6e-05, [8.6858902e-05], [6.530804], [0.8863233999999999], [3.545999778976304e-05]]
[2500.0, 500.0, 2e-05, [5.8122449e-05], [4.711508599999999], [0.7463776], [5.812244942791038e-05]]
[2500.0, 900.0, 1.1e-05, [3.884504499999999e-05], [6.530804], [0.8863233999999999], [2.746759291874699e-05]]
[2500.0, 1400.0, 2.1e-05, [7.11943495e-05], [6.530804], [0.8863233999999999], [2.9064973142082892e-05]]
[2500.0, 200.0, 1.8e-05, [0.00023238008599999998], [60.643179999999994], [6.530804], [0.00016431751166567728]]
[2500.0, 1900.0, 1.4e-05, [4.724849749999999e-05], [6.530804], [0.8863233999999999], [2.362424430008291e-05]]
[2500.0, 1000.0, 7e-06, [2.5637767777777777e-06], [0.08396748], [0.03265402], [1.480197544373848e-06]]
[2500.0, 1800.0, 1.7e-05, [5.8659188499999994e-05], [6.530804], [0.8863233999999999], [2.9329601893820514e-05]]
[2500.0, 1700.0, 1.3e-05, [9.262566899999998e-05], [23.0444084], [2.8455645999999994], [4.631283449541822e-05]]
[2500.0, 800.0, 1.3e-05, [4.4098302499999994e-05], [6.530804], [0.8863233999999999], [2.5460166314264325e-05]]
[2500.0, 700.0, 7e-06, [4.716674399999999e-05], [23.0444084], [2.8455645999999994], [3.335191925511934e-05]]
[2500.0, 1600.0, 1.4e-05, [4.6514383499999994e-05], [6.530804], [0.8863233999999999], [2.325719695062154e-05]]
[2500.0, 1100.0, 1e-05, [3.432334849999999e-05], [6.530804], [0.8863233999999999], [1.981659231553195e-05]]
[2500.0, 600.0, 6e-06, [1.9618494e-05], [6.530804], [0.8863233999999999], [1.9618494424904268e-05]]
[2500.0, 300.0, 1.7e-05, [5.727793499999999e-05], [6.530804], [0.8863233999999999], [5.727793167966176e-05]]
[2500.0, 2000.0, 1.4e-05, [3.90827385e-05], [4.711508599999999], [0.7463776], [2.7635665289621667e-05]]
[2500.0, 1200.0, 2.1e-05, [0.00014685118199999998], [23.0444084], [2.8455645999999994], [6.567384493845322e-05]]
[2500.0, 100.0, 2e-05, [0.00011175476899999999], [15.114146399999997], [2.1924842], [0.00011175477287346613]]
[2500.0, 1500.0, 2e-05, [0.000139578099], [23.0444084], [2.8455645999999994], [5.698253597375251e-05]]
[2600.0, 800.0, 1.5e-05, [5.09095225e-05], [6.530804], [0.8863233999999999], [2.5454755783546614e-05]]
[2600.0, 2000.0, 1.7e-05, [5.7235890999999994e-05], [6.530804], [0.8863233999999999], [2.3366460579214815e-05]]
[2600.0, 900.0, 1.5e-05, [5.1353019999999996e-05], [6.530804], [0.8863233999999999], [2.567651023795874e-05]]
[2600.0, 1000.0, 1.3e-05, [3.8212728999999993e-05], [4.711508599999999], [0.7463776], [3.8212736718272344e-05]]
[2600.0, 200.0, 6e-06, [1.87783845e-05], [6.530804], [0.8863233999999999], [1.8778376726969775e-05]]
[2600.0, 1100.0, 6e-06, [7.5035062e-05], [60.643179999999994], [6.530804], [5.305778468801727e-05]]
[2600.0, 1500.0, 9e-06, [3.0393143e-05], [6.530804], [0.8863233999999999], [1.5196570122892862e-05]]
[2600.0, 700.0, 1.3e-05, [7.487539600000001e-05], [15.114146399999997], [2.1924842], [7.487540403897662e-05]]
[2600.0, 1800.0, 1.4e-05, [4.8213726999999996e-05], [6.530804], [0.8863233999999999], [2.156183145630259e-05]]
[2600.0, 1600.0, 6e-06, [2.027039577777778e-06], [0.08396748], [0.03265402], [8.275354526738407e-07]]
[2600.0, 1400.0, 1.4e-05, [4.7447689e-05], [6.530804], [0.8863233999999999], [2.1219245185679907e-05]]
[2600.0, 1300.0, 1.7e-05, [5.7964921999999985e-05], [6.530804], [0.8863233999999999], [2.3664080116285946e-05]]
[2600.0, 600.0, 9e-06, [0.00011454841799999998], [60.643179999999994], [6.530804], [6.613456330845468e-05]]
[2600.0, 1700.0, 1.4e-05, [7.559138599999999e-05], [15.114146399999997], [2.1924842], [7.559138165161423e-05]]
[2600.0, 400.0, 8e-06, [1.7129694666666663e-06], [0.03265402], [0.01865944], [1.7129696544413848e-06]]
[2600.0, 300.0, 6e-06, [2.1279707333333335e-06], [0.08396748], [0.03265402], [9.516574586049953e-07]]
[2600.0, 1900.0, 9e-06, [6.0834815999999986e-05], [23.0444084], [2.8455645999999994], [3.041741086943463e-05]]
[2600.0, 1200.0, 9e-06, [6.172730799999999e-05], [23.0444084], [2.8455645999999994], [3.086365192260954e-05]]
[2600.0, 100.0, 1.2e-05, [0.000150618812], [60.643179999999994], [6.530804], [0.00015061877997115763]]
[2600.0, 500.0, 1.3e-05, [3.8488246e-05], [4.711508599999999], [0.7463776], [3.848825112940311e-05]]
[2700.0, 1400.0, 6e-06, [4.0117796e-05], [23.0444084], [2.8455645999999994], [2.0058899847698525e-05]]
[2700.0, 1000.0, 7e-06, [2.5130800499999998e-05], [6.530804], [0.8863233999999999], [1.2565401207283434e-05]]
[2700.0, 800.0, 5e-06, [2.5197304999999997e-05], [15.114146399999997], [2.1924842], [2.5197295172299742e-05]]
[2700.0, 900.0, 9e-06, [2.4982450499999995e-05], [4.711508599999999], [0.7463776], [2.4982447117926616e-05]]
[2700.0, 600.0, 5e-06, [1.1291282666666666e-06], [0.03265402], [0.01865944], [1.1291283153798742e-06]]
[2700.0, 1100.0, 9e-06, [9.822214399999999e-05], [43.38319799999999], [5.131346], [9.822215100475045e-05]]
[2700.0, 1300.0, 1e-05, [3.3878447999999995e-05], [6.530804], [0.8863233999999999], [1.693922284226759e-05]]
[2700.0, 400.0, 5e-06, [3.3334037999999994e-05], [23.0444084], [2.8455645999999994], [2.3570724978243667e-05]]
[2700.0, 1700.0, 4e-06, [3.0116751999999998e-05], [23.0444084], [2.8455645999999994], [1.7387922420461853e-05]]
[2700.0, 100.0, 5e-06, [1.0501406444444443e-06], [0.03265402], [0.01865944], [1.0501406852252854e-06]]
[2700.0, 2000.0, 8e-06, [2.4286274999999996e-05], [4.711508599999999], [0.7463776], [2.4286273849646018e-05]]
[2700.0, 1200.0, 9e-06, [9.824656999999998e-05], [43.38319799999999], [5.131346], [6.947079849836188e-05]]
[2700.0, 700.0, 2e-06, [8.265003999999999e-07], [0.08396748], [0.03265402], [4.771800780252646e-07]]
[2700.0, 300.0, 9e-06, [5.059126e-05], [15.114146399999997], [2.1924842], [5.059126447322699e-05]]
[2700.0, 1800.0, 6e-06, [3.992558499999999e-05], [23.0444084], [2.8455645999999994], [1.9962794318431474e-05]]
[2700.0, 200.0, 9e-06, [9.812513e-05], [43.38319799999999], [5.131346], [9.812512726106396e-05]]
[2700.0, 1500.0, 6e-06, [3.944348199999999e-05], [23.0444084], [2.8455645999999994], [1.972174158891653e-05]]
[2700.0, 500.0, 5e-06, [3.2892713999999996e-05], [23.0444084], [2.8455645999999994], [2.3258663998604902e-05]]
[2700.0, 1900.0, 9e-06, [5.041052599999999e-05], [15.114146399999997], [2.1924842], [5.041051726574524e-05]]
[2700.0, 1600.0, 4e-06, [1.2464424499999999e-05], [4.711508599999999], [0.7463776], [1.2464429790407582e-05]]
[2800.0, 1500.0, 6e-06, [1.6032357e-05], [4.711508599999999], [0.7463776], [1.60323570085624e-05]]
[2800.0, 200.0, 6e-06, [3.2108782e-05], [15.114146399999997], [2.1924842], [3.210878258358606e-05]]
[2800.0, 400.0, 3e-06, [1.0737891549999998e-05], [6.530804], [0.8863233999999999], [7.592836136780511e-06]]
[2800.0, 900.0, 5e-06, [1.6373607999999997e-05], [6.530804], [0.8863233999999999], [9.453304982914705e-06]]
[2800.0, 600.0, 6e-06, [3.1734134999999994e-05], [15.114146399999997], [2.1924842], [3.173413279105008e-05]]
[2800.0, 1200.0, 3e-06, [1.062577e-05], [6.530804], [0.8863233999999999], [7.513552964476926e-06]]
[2800.0, 1000.0, 6e-06, [6.4018706e-05], [43.38319799999999], [5.131346], [6.40187141389141e-05]]
[2800.0, 1400.0, 6e-06, [1.6660739999999997e-05], [4.711508599999999], [0.7463776], [1.666073786631312e-05]]
[2800.0, 800.0, 2e-06, [6.57229945e-06], [6.530804], [0.8863233999999999], [4.647316335800695e-06]]
[2800.0, 100.0, 3e-06, [1.62590059e-05], [15.114146399999997], [2.1924842], [1.6259012184016594e-05]]
[2800.0, 1100.0, 2e-06, [5.680315111111111e-07], [0.08396748], [0.03265402], [2.840156651913307e-07]]
[2800.0, 1300.0, 8e-06, [2.5611328e-05], [6.530804], [0.8863233999999999], [9.054971036673722e-06]]
[2800.0, 2000.0, 6e-06, [1.6399919999999997e-05], [4.711508599999999], [0.7463776], [1.6399915297037358e-05]]
[2800.0, 500.0, 3e-06, [1.60537355e-05], [15.114146399999997], [2.1924842], [1.6053736387520508e-05]]
[2800.0, 1900.0, 8e-06, [2.58454565e-05], [6.530804], [0.8863233999999999], [9.137746877649873e-06]]
[2800.0, 1800.0, 2e-06, [8.08354895e-06], [6.530804], [0.8863233999999999], [5.715932679799509e-06]]
[2800.0, 300.0, 3e-06, [3.28746452e-05], [60.643179999999994], [6.530804], [2.3245885063812904e-05]]
[2800.0, 700.0, 4e-06, [1.2991837499999997e-05], [6.530804], [0.8863233999999999], [6.495921356897725e-06]]
[2800.0, 1600.0, 5e-06, [3.2578119999999994e-05], [23.0444084], [2.8455645999999994], [1.6289060513117384e-05]]
[2800.0, 1700.0, 5e-06, [3.2292851e-05], [23.0444084], [2.8455645999999994], [1.61464291965747e-05]]
[2900.0, 1300.0, 4e-06, [2.04494656e-05], [15.114146399999997], [2.1924842], [2.0449466724098205e-05]]
[2900.0, 900.0, 2e-06, [2.11040226e-05], [60.643179999999994], [6.530804], [1.4922799871337817e-05]]
[2900.0, 1600.0, 4e-06, [1.4616856499999998e-05], [6.530804], [0.8863233999999999], [5.524650749142428e-06]]
[2900.0, 2000.0, 2e-06, [1.05272472e-05], [23.0444084], [2.8455645999999994], [7.443888795515418e-06]]
[2900.0, 1200.0, 4e-06, [4.18851252e-05], [43.38319799999999], [5.131346], [2.96172563752958e-05]]
[2900.0, 1700.0, 3e-06, [1.0199293777777775e-06], [0.08396748], [0.03265402], [3.0752018446250293e-07]]
[2900.0, 1100.0, 3e-06, [1.0712511049999999e-05], [6.530804], [0.8863233999999999], [4.7907804713845935e-06]]
[2900.0, 800.0, 2e-06, [2.0737467e-05], [60.643179999999994], [6.530804], [2.0737466315825565e-05]]
[2900.0, 600.0, 2e-06, [5.208739849999999e-06], [4.711508599999999], [0.7463776], [5.2087408939205255e-06]]
[2900.0, 100.0, 3e-06, [1.0562275050000001e-05], [6.530804], [0.8863233999999999], [5.281137576318193e-06]]
[2900.0, 400.0, 2e-06, [1.06616086e-05], [23.0444084], [2.8455645999999994], [7.538896902067304e-06]]
[2900.0, 1000.0, 4e-06, [1.3351937e-05], [6.530804], [0.8863233999999999], [5.971166119360606e-06]]
[2900.0, 1400.0, 2e-06, [1.39631896e-05], [23.0444084], [2.8455645999999994], [9.873466296088723e-06]]
[2900.0, 200.0, 1e-06, [2.0909677199999998e-05], [198.25654999999998], [19.592412], [2.0909674306406592e-05]]
[2900.0, 500.0, 2e-06, [1.0826665799999998e-05], [23.0444084], [2.8455645999999994], [1.0826664601806042e-05]]
[2900.0, 1500.0, 1e-06, [6.9087101e-06], [23.0444084], [2.8455645999999994], [6.908709969306859e-06]]
[2900.0, 1800.0, 3e-06, [1.0368057299999999e-05], [6.530804], [0.8863233999999999], [5.184028568594119e-06]]
[2900.0, 300.0, 2e-06, [4.31315228e-05], [160.004698], [19.125925999999996], [4.3131521693536384e-05]]
[2900.0, 700.0, 2e-06, [6.300661399999999e-06], [6.530804], [0.8863233999999999], [3.637688318149316e-06]]
[2900.0, 1900.0, 3e-06, [8.50803235e-06], [6.530804], [0.8863233999999999], [4.254016170044491e-06]]
[3000.0, 1900.0, 2e-06, [1.0695988999999999e-05], [23.0444084], [2.8455645999999994], [5.347994600782615e-06]]
[3000.0, 800.0, 1e-06, [2.75170344e-05], [160.004698], [19.125925999999996], [2.7517033132225575e-05]]
[3000.0, 900.0, 1e-06, [1.6035264199999997e-05], [198.25654999999998], [19.592412], [9.257964845472248e-06]]
[3000.0, 1600.0, 3e-06, [2.6544180399999997e-05], [43.38319799999999], [5.131346], [2.6544180326391692e-05]]
[3000.0, 700.0, 2e-06, [5.3819022499999996e-06], [6.530804], [0.8863233999999999], [2.6909508542520795e-06]]
[3000.0, 600.0, 1e-06, [3.4307765999999997e-06], [4.711508599999999], [0.7463776], [3.4307761326702733e-06]]
[3000.0, 1300.0, 2e-06, [5.29802125e-06], [6.530804], [0.8863233999999999], [2.6490102099652237e-06]]
[3000.0, 500.0, 2e-06, [8.354806349999999e-06], [6.530804], [0.8863233999999999], [3.7363816788438512e-06]]
[3000.0, 1500.0, 2e-06, [2.01153998e-05], [60.643179999999994], [6.530804], [1.1613632671993718e-05]]
[3000.0, 1800.0, 2e-06, [1.3477093799999997e-05], [23.0444084], [2.8455645999999994], [6.738547834659926e-06]]
[3000.0, 2000.0, 2e-06, [1.37727588e-05], [15.114146399999997], [2.1924842], [1.3772760282528699e-05]]
[3000.0, 100.0, 2e-06, [6.913656249999999e-06], [4.711508599999999], [0.7463776], [6.913656152861523e-06]]
[3000.0, 1400.0, 1e-06, [1.0676839199999999e-05], [60.643179999999994], [6.530804], [7.549663727610654e-06]]
[3000.0, 1100.0, 1e-06, [3.015112422222222e-07], [0.03265402], [0.01865944], [3.0151124156509227e-07]]
[3000.0, 1200.0, 2e-06, [5.3221528499999995e-06], [6.530804], [0.8863233999999999], [2.661076642075534e-06]]
[3000.0, 1000.0, 1e-06, [6.7379557999999994e-06], [15.114146399999997], [2.1924842], [6.737955499259401e-06]]
[3000.0, 400.0, 1e-06, [3.407911149999999e-06], [4.711508599999999], [0.7463776], [3.4079106674764813e-06]]
[3000.0, 300.0, 2e-06, [6.833603599999999e-06], [4.711508599999999], [0.7463776], [6.833603460107998e-06]]
[3000.0, 1700.0, 3e-06, [1.012466555e-05], [6.530804], [0.8863233999999999], [4.133377411391319e-06]]
[3000.0, 200.0, 3e-06, [2.7167935799999996e-05], [43.38319799999999], [5.131346], [2.7167936469301454e-05]]
