[200.0, 1800.0, 0.999999, [116.97444879999999], [190.20999999999998], [15.425373200000001], [5.001465918868187]]
[200.0, 700.0, 0.999992, [105.09415759999999], [190.20999999999998], [15.425373200000001], [4.728409431341579]]
[200.0, 2000.0, 0.999995, [107.7211072], [190.20999999999998], [15.425373200000001], [4.798279381611705]]
[200.0, 1300.0, 0.999993, [105.9092776], [190.20999999999998], [15.425373200000001], [4.750680104237708]]
[200.0, 1400.0, 0.999986, [101.99394160000001], [190.20999999999998], [15.425373200000001], [4.689686802335525]]
[200.0, 400.0, 0.999993, [106.43824079999999], [190.20999999999998], [15.425373200000001], [4.788882708273403]]
[200.0, 1900.0, 0.999989, [103.6252856], [190.20999999999998], [15.425373200000001], [4.7053815297805555]]
[200.0, 1700.0, 0.999998, [114.4637136], [190.20999999999998], [15.425373200000001], [4.953328870486998]]
[200.0, 500.0, 0.999997, [110.23270720000001], [190.20999999999998], [15.425373200000001], [4.862156741529422]]
[200.0, 1500.0, 0.999997, [110.1710304], [190.20999999999998], [15.425373200000001], [4.845316059040937]]
[200.0, 100.0, 0.999997, [110.3160224], [190.20999999999998], [15.425373200000001], [4.856392001311262]]
[200.0, 600.0, 0.999993, [106.01091919999999], [190.20999999999998], [15.425373200000001], [4.755239270362743]]
[200.0, 1000.0, 0.999998, [113.61401999999998], [190.20999999999998], [15.425373200000001], [4.925792378247381]]
[200.0, 1200.0, 0.999996, [108.54978799999999], [190.20999999999998], [15.425373200000001], [4.82086531253467]]
[200.0, 300.0, 0.999977, [99.2028088], [190.20999999999998], [15.425373200000001], [4.60537481193442]]
[200.0, 1600.0, 0.999994, [107.1440832], [190.20999999999998], [15.425373200000001], [4.777318256930346]]
[200.0, 900.0, 0.999999, [118.7312624], [190.20999999999998], [15.425373200000001], [5.044408575363419]]
[200.0, 800.0, 0.999995, [107.41684479999998], [190.20999999999998], [15.425373200000001], [4.789480768183541]]
[200.0, 1100.0, 0.999992, [105.0375592], [190.20999999999998], [15.425373200000001], [4.725862963396209]]
[200.0, 200.0, 0.999993, [106.14774159999999], [190.20999999999998], [15.425373200000001], [4.7565943171138745]]
[300.0, 2000.0, 0.99869, [636.5889400000001], [3529.12], [183.784812], [35.98212210529]]
[300.0, 400.0, 0.999668, [713.03082], [3529.12], [183.784812], [38.058766559099105]]
[300.0, 1000.0, 0.999606, [703.77424], [3529.12], [183.784812], [37.78058159425288]]
[300.0, 200.0, 0.999201, [664.81822], [3529.12], [183.784812], [36.597051881264974]]
[300.0, 1600.0, 0.998724, [41.46701279999999], [77.83200000000001], [6.5614124], [1.8326002806940744]]
[300.0, 1300.0, 0.998974, [650.6778200000001], [3529.12], [183.784812], [36.31728986584764]]
[300.0, 800.0, 0.999495, [690.44804], [3529.12], [183.784812], [37.50000013866667]]
[300.0, 700.0, 0.999237, [667.56672], [3529.12], [183.784812], [36.86019352092444]]
[300.0, 300.0, 0.999314, [44.0788744], [77.83200000000001], [6.5614124], [1.8933492711066282]]
[300.0, 900.0, 0.998702, [41.397184800000005], [77.83200000000001], [6.5614124], [1.83489778191593]]
[300.0, 600.0, 0.999301, [672.43352], [3529.12], [183.784812], [37.01625173352915]]
[300.0, 1400.0, 0.999388, [679.8091599999999], [3529.12], [183.784812], [37.197492630552404]]
[300.0, 500.0, 0.999528, [45.606608], [77.83200000000001], [6.5614124], [1.9220893997938806]]
[300.0, 1200.0, 0.999243, [43.6669904], [77.83200000000001], [6.5614124], [1.8826176499756928]]
[300.0, 100.0, 0.816373, [259.512956], [3529.12], [183.784812], [22.937922024455485]]
[300.0, 1100.0, 0.999448, [44.9726176], [77.83200000000001], [6.5614124], [1.9124301808955013]]
[300.0, 1900.0, 0.999758, [729.6543], [3529.12], [183.784812], [38.45615131549177]]
[300.0, 1500.0, 0.998942, [648.92062], [3529.12], [183.784812], [36.27577907640303]]
[300.0, 1700.0, 0.999753, [728.55674], [3529.12], [183.784812], [38.45175742147555]]
[300.0, 1800.0, 0.999442, [684.87836], [3529.12], [183.784812], [37.25245750819669]]
[400.0, 900.0, 0.984943, [475.30466], [3529.12], [183.784812], [21.109013572405512]]
[400.0, 1200.0, 0.987918, [490.90418], [3529.12], [183.784812], [21.506901413267325]]
[400.0, 1500.0, 0.978541, [449.35606], [3529.12], [183.784812], [20.531604155545175]]
[400.0, 200.0, 0.988122, [492.09328], [3529.12], [183.784812], [21.517731097864385]]
[400.0, 1600.0, 0.984424, [472.88], [3529.12], [183.784812], [21.10566022658377]]
[400.0, 500.0, 0.985202, [476.56966], [3529.12], [183.784812], [21.22810539826859]]
[400.0, 1700.0, 0.989413, [500.08531999999997], [3529.12], [183.784812], [21.722318310898586]]
[400.0, 300.0, 0.984078, [471.29254000000003], [3529.12], [183.784812], [21.055793407041207]]
[400.0, 1300.0, 0.985924, [480.13328], [3529.12], [183.784812], [21.281530997557486]]
[400.0, 1400.0, 0.984406, [472.79996], [3529.12], [183.784812], [21.102090758974573]]
[400.0, 1100.0, 0.989912, [503.40422], [3529.12], [183.784812], [21.784426657591883]]
[400.0, 800.0, 0.986967, [485.5921], [3529.12], [183.784812], [21.418545468822106]]
[400.0, 100.0, 0.605125, [165.03857], [3529.12], [183.784812], [12.511542528401524]]
[400.0, 1000.0, 0.983188, [467.3623], [3529.12], [183.784812], [20.985182858388438]]
[400.0, 400.0, 0.98755, [488.81394], [3529.12], [183.784812], [21.498015229318263]]
[400.0, 1800.0, 0.987823, [341.32299], [1702.9199999999998], [127.16401], [17.93953999410241]]
[400.0, 2000.0, 0.981695, [461.1385], [3529.12], [183.784812], [20.810885007610803]]
[400.0, 600.0, 0.984428, [472.89241999999996], [3529.12], [183.784812], [21.085237926094173]]
[400.0, 700.0, 0.981842, [461.73328000000004], [3529.12], [183.784812], [20.83773090333974]]
[400.0, 1900.0, 0.985982, [480.41801999999996], [3529.12], [183.784812], [21.252438090722674]]
[500.0, 1700.0, 0.845002, [276.18768], [3529.12], [183.784812], [11.660654314402773]]
[500.0, 1100.0, 0.86185, [199.873174], [1702.9199999999998], [127.16401], [9.90734497632943]]
[500.0, 300.0, 0.863924, [200.936418], [1702.9199999999998], [127.16401], [9.89942657733265]]
[500.0, 1300.0, 0.902509, [223.602872], [1702.9199999999998], [127.16401], [10.471164206524508]]
[500.0, 1800.0, 0.875092, [206.91232399999998], [1702.9199999999998], [127.16401], [10.072334200174257]]
[500.0, 1400.0, 0.880506, [209.955408], [1702.9199999999998], [127.16401], [10.11319598544397]]
[500.0, 600.0, 0.876351, [207.610696], [1702.9199999999998], [127.16401], [10.082467582888626]]
[500.0, 1900.0, 0.875387, [207.07714199999998], [1702.9199999999998], [127.16401], [10.092322424496752]]
[500.0, 1200.0, 0.886633, [213.541844], [1702.9199999999998], [127.16401], [10.226800445887267]]
[500.0, 800.0, 0.876173, [207.51221], [1702.9199999999998], [127.16401], [10.089590128444266]]
[500.0, 1000.0, 0.895589, [219.06630600000003], [1702.9199999999998], [127.16401], [10.349909021822366]]
[500.0, 2000.0, 0.858714, [46.486542], [179.538], [27.3840668], [4.769419222504979]]
[500.0, 700.0, 0.857364, [197.60321199999998], [1702.9199999999998], [127.16401], [9.806882827891847]]
[500.0, 100.0, 0.33404, [83.52036], [3529.12], [183.784812], [6.386962097899125]]
[500.0, 200.0, 0.624933, [119.174914], [1702.9199999999998], [127.16401], [7.629392261510742]]
[500.0, 1500.0, 0.855183, [283.21684799999997], [3529.12], [183.784812], [11.81095931920858]]
[500.0, 900.0, 0.864282, [201.123454], [1702.9199999999998], [127.16401], [9.920686810901755]]
[500.0, 1600.0, 0.839721, [189.19261799999998], [1702.9199999999998], [127.16401], [9.592447180985674]]
[500.0, 500.0, 0.862267, [200.08459], [1702.9199999999998], [127.16401], [9.893547782266985]]
[500.0, 400.0, 0.847314, [192.726844], [1702.9199999999998], [127.16401], [9.746617382456336]]
[600.0, 200.0, 0.328551, [32.981549199999996], [630.66], [73.304726], [2.9983229085607177]]
[600.0, 1400.0, 0.731467, [15.0812242], [47.978], [10.8899618], [2.033551734281673]]
[600.0, 1900.0, 0.685001, [31.282502400000002], [179.538], [27.3840668], [2.929874660117733]]
[600.0, 100.0, 0.229715, [3.82329736], [47.978], [10.8899618], [1.021819258186104]]
[600.0, 800.0, 0.7223, [33.851607], [179.538], [27.3840668], [3.0399642149209587]]
[600.0, 1200.0, 0.702648, [32.4695278], [179.538], [27.3840668], [2.976476555929846]]
[600.0, 600.0, 0.664046, [29.9297344], [179.538], [27.3840668], [2.8667486391380743]]
[600.0, 1600.0, 0.6625, [29.8317636], [179.538], [27.3840668], [2.857364342186694]]
[600.0, 400.0, 0.70953, [32.945683], [179.538], [27.3840668], [2.9950620841645335]]
[600.0, 500.0, 0.672313, [76.45577200000001], [630.66], [73.304726], [4.577288242180079]]
[600.0, 1100.0, 0.693139, [137.276788], [1702.9199999999998], [127.16401], [6.114794724273253]]
[600.0, 300.0, 0.671596, [30.4088842], [179.538], [27.3840668], [2.8733696657409054]]
[600.0, 1700.0, 0.716674, [33.4497832], [179.538], [27.3840668], [3.028401187425471]]
[600.0, 1500.0, 0.667125, [130.0581], [1702.9199999999998], [127.16401], [5.967474883064025]]
[600.0, 1800.0, 0.706693, [32.748632799999996], [179.538], [27.3840668], [2.989527578063129]]
[600.0, 1000.0, 0.691256, [136.740198], [1702.9199999999998], [127.16401], [6.090893333493864]]
[600.0, 2000.0, 0.70495, [32.6274826], [179.538], [27.3840668], [2.9784678531083726]]
[600.0, 700.0, 0.72517, [34.0601572], [179.538], [27.3840668], [3.0586925108614627]]
[600.0, 1300.0, 0.781834, [38.517893], [179.538], [27.3840668], [3.2323496605410744]]
[600.0, 900.0, 0.691754, [31.7310576], [179.538], [27.3840668], [2.9461547427112516]]
[700.0, 2000.0, 0.578086, [24.860566600000002], [179.538], [27.3840668], [1.9904386571808739]]
[700.0, 100.0, 0.146111, [19.273567599999996], [621.92], [101.24287199999999], [7.868402393370587]]
[700.0, 1000.0, 0.580094, [24.9701662], [179.538], [27.3840668], [1.9992131332101637]]
[700.0, 600.0, 0.614685, [11.6499094], [47.978], [10.8899618], [1.3635186043468568]]
[700.0, 1400.0, 0.511723, [21.4090992], [179.538], [27.3840668], [1.8494643094690961]]
[700.0, 1900.0, 0.569176, [10.5334342], [47.978], [10.8899618], [1.2965763217026602]]
[700.0, 200.0, 0.217593, [8.4642024], [179.538], [27.3840668], [1.1626474292751006]]
[700.0, 400.0, 0.522212, [9.4586396], [47.978], [10.8899618], [1.2314102054149136]]
[700.0, 1300.0, 0.486991, [20.192550999999998], [179.538], [27.3840668], [1.7917994965955315]]
[700.0, 1100.0, 0.562929, [24.0452028], [179.538], [27.3840668], [1.9567710095971886]]
[700.0, 800.0, 0.684402, [13.549897999999999], [47.978], [10.8899618], [1.4784152393695082]]
[700.0, 1500.0, 0.607617, [26.503152999999998], [179.538], [27.3840668], [2.0632674291036537]]
[700.0, 1600.0, 0.531841, [22.4246734], [179.538], [27.3840668], [1.8952307036347844]]
[700.0, 1800.0, 0.542947, [22.9960164], [179.538], [27.3840668], [1.9163348246065979]]
[700.0, 1200.0, 0.573499, [10.6365938], [47.978], [10.8899618], [1.3092740252521624]]
[700.0, 700.0, 0.50823, [21.2352008], [179.538], [27.3840668], [1.841325472587614]]
[700.0, 900.0, 0.530594, [9.6456158], [47.978], [10.8899618], [1.2452436200197936]]
[700.0, 300.0, 0.416329, [16.8825014], [179.538], [27.3840668], [1.6397738661169106]]
[700.0, 500.0, 0.522716, [21.960763399999998], [179.538], [27.3840668], [1.8694243798560028]]
[700.0, 1700.0, 0.586555, [25.324301799999997], [179.538], [27.3840668], [2.0146933990064095]]
[800.0, 300.0, 0.222803, [8.6708896], [179.538], [27.3840668], [0.9139919874922319]]
[800.0, 100.0, 0.157067, [1.26143178], [12.3188], [5.1794528], [0.3498582611858694]]
[800.0, 1800.0, 0.494194, [8.833826199999999], [47.978], [10.8899618], [0.9260365556499376]]
[800.0, 800.0, 0.455872, [8.0330306], [47.978], [10.8899618], [0.8817397303059447]]
[800.0, 400.0, 0.439784, [7.7066422], [47.978], [10.8899618], [0.8670646146625982]]
[800.0, 200.0, 0.17669, [2.90930082], [47.978], [10.8899618], [0.5311633763730327]]
[800.0, 1700.0, 0.412677, [7.1678258], [47.978], [10.8899618], [0.8332428623156636]]
[800.0, 600.0, 0.445292, [7.8176586], [47.978], [10.8899618], [0.8686287319678068]]
[800.0, 1600.0, 0.426272, [17.3251916], [179.538], [27.3840668], [1.294945508969393]]
[800.0, 1000.0, 0.421464, [17.106043], [179.538], [27.3840668], [1.2857688747204918]]
[800.0, 1100.0, 0.468162, [19.275803200000002], [179.538], [27.3840668], [1.366425489809086]]
[800.0, 1500.0, 0.427669, [17.3890304], [179.538], [27.3840668], [1.2961016520319693]]
[800.0, 1400.0, 0.418914, [16.990261], [179.538], [27.3840668], [1.2843431480721965]]
[800.0, 1200.0, 0.417881, [7.270203400000001], [47.978], [10.8899618], [0.8394905478919938]]
[800.0, 900.0, 0.405943, [7.036040399999999], [47.978], [10.8899618], [0.8235065126639861]]
[800.0, 1300.0, 0.440138, [7.7135698], [47.978], [10.8899618], [0.8624034559299957]]
[800.0, 2000.0, 0.540049, [9.840779999999999], [47.978], [10.8899618], [0.9743822892479111]]
[800.0, 500.0, 0.464522, [8.210816], [47.978], [10.8899618], [0.8905877991528965]]
[800.0, 1900.0, 0.392676, [6.7788544], [47.978], [10.8899618], [0.8102283357177777]]
[800.0, 700.0, 0.416308, [16.8720962], [179.538], [27.3840668], [1.279070510957078]]
[900.0, 200.0, 0.088601, [1.4427039799999999], [47.978], [10.8899618], [0.2944906922807578]]
[900.0, 1100.0, 0.324055, [2.70955548], [12.3188], [5.1794528], [0.4039166725947321]]
[900.0, 300.0, 0.149458, [5.763317], [179.538], [27.3840668], [0.588216085465197]]
[900.0, 1000.0, 0.337691, [5.7385046], [47.978], [10.8899618], [0.5887581313238909]]
[900.0, 900.0, 0.33233, [5.639793200000001], [47.978], [10.8899618], [0.5817005112598751]]
[900.0, 1600.0, 0.350591, [5.9775068000000005], [47.978], [10.8899618], [0.6007619372097404]]
[900.0, 700.0, 0.315638, [5.3349006], [47.978], [10.8899618], [0.5654984887689798]]
[900.0, 1900.0, 0.355257, [6.064548], [47.978], [10.8899618], [0.6064546561780196]]
[900.0, 500.0, 0.282381, [11.094786000000001], [179.538], [27.3840668], [0.8179184186702242]]
[900.0, 1400.0, 0.404655, [7.005731], [47.978], [10.8899618], [0.6504656996337317]]
[900.0, 1200.0, 0.3434, [5.8439918], [47.978], [10.8899618], [0.5933677278046052]]
[900.0, 1500.0, 0.314243, [5.3096190000000005], [47.978], [10.8899618], [0.5660073359948614]]
[900.0, 800.0, 0.318471, [5.3864574], [47.978], [10.8899618], [0.5709632219329017]]
[900.0, 400.0, 0.235858, [1.92561014], [12.3188], [5.1794528], [0.3404029526898966]]
[900.0, 100.0, 0.098754, [0.7845792199999999], [12.3188], [5.1794528], [0.21760309602576888]]
[900.0, 600.0, 0.331915, [5.6322308], [47.978], [10.8899618], [0.5840351735983031]]
[900.0, 1800.0, 0.326496, [12.939726400000001], [179.538], [27.3840668], [0.8824820363044225]]
[900.0, 2000.0, 0.358621, [6.1274852], [47.978], [10.8899618], [0.6097075722016252]]
[900.0, 1700.0, 0.35824, [6.120267800000001], [47.978], [10.8899618], [0.6059968838203708]]
[900.0, 1300.0, 0.313, [5.287046800000001], [47.978], [10.8899618], [0.5636011909142846]]
[1000.0, 1600.0, 0.209107, [8.120085600000001], [179.538], [27.3840668], [0.5563788899661812]]
[1000.0, 1400.0, 0.24365, [4.05478224], [47.978], [10.8899618], [0.39383525332301067]]
[1000.0, 1500.0, 0.230898, [3.83360044], [47.978], [10.8899618], [0.3833600093384807]]
[1000.0, 700.0, 0.278126, [4.6602646], [47.978], [10.8899618], [0.4219204907562561]]
[1000.0, 1900.0, 0.236377, [3.92846118], [47.978], [10.8899618], [0.387082797912798]]
[1000.0, 1800.0, 0.206882, [3.42071686], [47.978], [10.8899618], [0.3605752773555059]]
[1000.0, 500.0, 0.232466, [3.86072434], [47.978], [10.8899618], [0.38415646291582806]]
[1000.0, 1000.0, 0.208751, [3.4526979], [47.978], [10.8899618], [0.36394631972311525]]
[1000.0, 200.0, 0.068173, [2.61181514], [179.538], [27.3840668], [0.316729090927878]]
[1000.0, 1100.0, 0.228247, [8.8873794], [179.538], [27.3840668], [0.5847464924221436]]
[1000.0, 2000.0, 0.226994, [3.7661786999999998], [47.978], [10.8899618], [0.38044149757879986]]
[1000.0, 1700.0, 0.232061, [3.853696], [47.978], [10.8899618], [0.38157278660826954]]
[1000.0, 800.0, 0.219882, [3.64363838], [47.978], [10.8899618], [0.3738294087949743]]
[1000.0, 1300.0, 0.229465, [3.8088289800000004], [47.978], [10.8899618], [0.38088288887793315]]
[1000.0, 400.0, 0.114495, [0.91174714], [12.3188], [5.1794528], [0.18610959900015905]]
[1000.0, 300.0, 0.091701, [1.49349488], [47.978], [10.8899618], [0.23915054488752477]]
[1000.0, 600.0, 0.238671, [3.9682479600000002], [47.978], [10.8899618], [0.3891187554975987]]
[1000.0, 1200.0, 0.233058, [3.87096578], [47.978], [10.8899618], [0.38517547279129805]]
[1000.0, 100.0, 0.058446, [7.649488119999999], [621.92], [101.24287199999999], [2.418980757261206]]
[1000.0, 900.0, 0.22801, [3.7837097600000003], [47.978], [10.8899618], [0.38221241942145207]]
[1100.0, 1300.0, 0.156331, [2.5651288200000004], [47.978], [10.8899618], [0.25153155849713965]]
[1100.0, 1800.0, 0.164078, [2.69509998], [47.978], [10.8899618], [0.2581437867545915]]
[1100.0, 2000.0, 0.141954, [2.32487174], [47.978], [10.8899618], [0.23979218043964654]]
[1100.0, 700.0, 0.168448, [2.7685698], [47.978], [10.8899618], [0.2616052394735243]]
[1100.0, 900.0, 0.145099, [0.08118809866666667], [0.115092], [0.0285439154], [0.003656527754274235]]
[1100.0, 200.0, 0.042961, [0.019848279333333337], [0.115092], [0.0285439154], [0.0018043892450232447]]
[1100.0, 1900.0, 0.162548, [1.30531348], [12.3188], [5.1794528], [0.17929859441724577]]
[1100.0, 1500.0, 0.158768, [2.60597406], [47.978], [10.8899618], [0.2531145558832996]]
[1100.0, 800.0, 0.166562, [2.7368408399999997], [47.978], [10.8899618], [0.25976945748105185]]
[1100.0, 500.0, 0.129672, [1.03509108], [12.3188], [5.1794528], [0.15971800161534705]]
[1100.0, 1700.0, 0.174744, [2.8746297], [47.978], [10.8899618], [0.265759640577722]]
[1100.0, 400.0, 0.075509, [1.22783936], [47.978], [10.8899618], [0.1736426581229394]]
[1100.0, 600.0, 0.155149, [2.54534284], [47.978], [10.8899618], [0.25080008277510596]]
[1100.0, 1400.0, 0.153, [1.2264221000000002], [12.3188], [5.1794528], [0.1734422664750435]]
[1100.0, 100.0, 0.045868, [0.0213063812], [0.115092], [0.0285439154], [0.0018759223874018763]]
[1100.0, 1100.0, 0.14808, [2.42709294], [47.978], [10.8899618], [0.24393201897249978]]
[1100.0, 1000.0, 0.172978, [6.6864726], [179.538], [27.3840668], [0.40468380718778457]]
[1100.0, 300.0, 0.055402, [0.026196699466666664], [0.115092], [0.0285439154], [0.0020775334717453345]]
[1100.0, 1200.0, 0.167194, [2.74746546], [47.978], [10.8899618], [0.259611097836745]]
[1100.0, 1600.0, 0.152783, [2.5057281], [47.978], [10.8899618], [0.24810406074871083]]
[1200.0, 100.0, 0.029629, [0.013353803066666666], [0.115092], [0.0285439154], [0.001194400331919281]]
[1200.0, 1400.0, 0.122768, [2.005899], [47.978], [10.8899618], [0.17941303285993468]]
[1200.0, 1700.0, 0.109672, [0.87243922], [12.3188], [5.1794528], [0.11872392365483884]]
[1200.0, 1800.0, 0.122735, [2.00535298], [47.978], [10.8899618], [0.1793642579780041]]
[1200.0, 700.0, 0.104616, [0.054240992], [0.115092], [0.0285439154], [0.0024089272769798964]]
[1200.0, 200.0, 0.036926, [4.828718439999999], [621.92], [101.24287199999999], [1.2467697301426595]]
[1200.0, 1900.0, 0.107836, [1.75900964], [47.978], [10.8899618], [0.16771495282174453]]
[1200.0, 1200.0, 0.10629, [0.05528255466666667], [0.115092], [0.0285439154], [0.002431324042025935]]
[1200.0, 1100.0, 0.107336, [0.055936828], [0.115092], [0.0285439154], [0.002450636250808712]]
[1200.0, 1300.0, 0.113307, [0.90188474], [12.3188], [5.1794528], [0.12051945572396185]]
[1200.0, 2000.0, 0.113099, [4.34626814], [179.538], [27.3840668], [0.2640169589249903]]
[1200.0, 800.0, 0.114203, [1.8641569], [47.978], [10.8899618], [0.17308260282304516]]
[1200.0, 1600.0, 0.11227, [0.05905311333333333], [0.115092], [0.0285439154], [0.0025111935120796865]]
[1200.0, 1000.0, 0.110061, [1.79573144], [47.978], [10.8899618], [0.16968071322339495]]
[1200.0, 1500.0, 0.121058, [1.97756714], [47.978], [10.8899618], [0.1783112140051769]]
[1200.0, 300.0, 0.035855, [0.016348032000000002], [0.115092], [0.0285439154], [0.0013173619747223783]]
[1200.0, 600.0, 0.113193, [1.84746166], [47.978], [10.8899618], [0.1722767248353648]]
[1200.0, 500.0, 0.075047, [1.2202254399999999], [47.978], [10.8899618], [0.1399694588258453]]
[1200.0, 900.0, 0.110892, [1.8094486399999998], [47.978], [10.8899618], [0.17021858547173985]]
[1200.0, 400.0, 0.04578, [0.021261847066666666], [0.115092], [0.0285439154], [0.0015110136065274564]]
[1300.0, 1600.0, 0.084898, [0.046957536], [0.1449], [0.046468142], [0.001819567845152005]]
[1300.0, 1700.0, 0.089006, [1.44903818], [47.978], [10.8899618], [0.12335032732830505]]
[1300.0, 900.0, 0.080639, [1.3117953400000002], [47.978], [10.8899618], [0.11733053641742204]]
[1300.0, 200.0, 0.020127, [0.7694194599999999], [179.538], [27.3840668], [0.09005372665248229]]
[1300.0, 1800.0, 0.077393, [0.04227262], [0.1449], [0.046468142], [0.0017229034429641662]]
[1300.0, 1000.0, 0.082379, [1.34031166], [47.978], [10.8899618], [0.1189334069805452]]
[1300.0, 1400.0, 0.0792, [1.28821436], [47.978], [10.8899618], [0.11662945084325828]]
[1300.0, 1200.0, 0.084529, [0.046724592], [0.1449], [0.046468142], [0.0018064769996383077]]
[1300.0, 500.0, 0.045355, [0.023487655200000002], [0.1449], [0.046468142], [0.0012851872780087561]]
[1300.0, 100.0, 0.020135, [0.158227488], [12.3188], [5.1794528], [0.04085415618024683]]
[1300.0, 1100.0, 0.080256, [0.04404668666666667], [0.1449], [0.046468142], [0.001760459524858969]]
[1300.0, 2000.0, 0.080843, [0.04441208000000001], [0.1449], [0.046468142], [0.0017708251515418832]]
[1300.0, 1300.0, 0.079026, [1.2853619], [47.978], [10.8899618], [0.1163711905756747]]
[1300.0, 1500.0, 0.078035, [1.26912574], [47.978], [10.8899618], [0.11585478760931721]]
[1300.0, 600.0, 0.064951, [1.05513006], [47.978], [10.8899618], [0.1055129907073058]]
[1300.0, 300.0, 0.025801, [3.3729343599999995], [621.92], [101.24287199999999], [0.8432334767548071]]
[1300.0, 1900.0, 0.086693, [1.41107392], [47.978], [10.8899618], [0.12189821206235964]]
[1300.0, 400.0, 0.035891, [0.01829828173333333], [0.1449], [0.046468142], [0.0011348112880807785]]
[1300.0, 700.0, 0.080376, [0.044121145333333334], [0.1449], [0.046468142], [0.0017592248136292555]]
[1300.0, 800.0, 0.07396, [0.04016677066666667], [0.1449], [0.046468142], [0.0016765284640192263]]
[1400.0, 1100.0, 0.052377, [0.027441686399999998], [0.1449], [0.046468142], [0.0011297564205516946]]
[1400.0, 400.0, 0.021089, [0.34151034799999996], [47.978], [10.8899618], [0.0487872018463859]]
[1400.0, 1500.0, 0.05825, [0.9457595400000001], [47.978], [10.8899618], [0.08109822178075175]]
[1400.0, 1800.0, 0.059619, [0.96808886], [47.978], [10.8899618], [0.08211222910139512]]
[1400.0, 1600.0, 0.05662, [0.029874473066666664], [0.1449], [0.046468142], [0.0011781341496903766]]
[1400.0, 1400.0, 0.052477, [0.02749892266666667], [0.1449], [0.046468142], [0.0011292456085566348]]
[1400.0, 600.0, 0.039093, [0.0200364868], [0.1449], [0.046468142], [0.0009628921180139203]]
[1400.0, 1700.0, 0.05666, [0.0298976356], [0.1449], [0.046468142], [0.0011799655060871718]]
[1400.0, 900.0, 0.058063, [0.030709722666666668], [0.1449], [0.046468142], [0.0011971891182636471]]
[1400.0, 100.0, 0.017695, [0.286490438], [47.978], [10.8899618], [0.04474229673139276]]
[1400.0, 700.0, 0.055483, [0.029219344133333332], [0.1449], [0.046468142], [0.001163203685612379]]
[1400.0, 2000.0, 0.054587, [0.430744552], [12.3188], [5.1794528], [0.054704599477557646]]
[1400.0, 800.0, 0.054728, [0.0287857328], [0.1449], [0.046468142], [0.0011560625619364685]]
[1400.0, 1300.0, 0.056659, [0.029897316666666666], [0.1449], [0.046468142], [0.0011744772832579134]]
[1400.0, 300.0, 0.015784, [0.0077849296], [0.1449], [0.046468142], [0.0005988407764636235]]
[1400.0, 1200.0, 0.053781, [0.0282433744], [0.1449], [0.046468142], [0.001148256402648042]]
[1400.0, 500.0, 0.026418, [0.55912908], [27.319399999999998], [16.034657], [0.2795645373505016]]
[1400.0, 1000.0, 0.054302, [0.88137334], [47.978], [10.8899618], [0.07820925357014986]]
[1400.0, 200.0, 0.019862, [0.42023116], [27.319399999999998], [16.034657], [0.2426205712960053]]
[1400.0, 1900.0, 0.054566, [0.88568538], [47.978], [10.8899618], [0.07859184474231408]]
[1500.0, 1500.0, 0.051189, [1.08591924], [27.319399999999998], [16.034657], [0.7678609575177006]]
[1500.0, 1100.0, 0.051173, [1.0855852799999999], [27.319399999999998], [16.034657], [0.7676244814230457]]
[1500.0, 1800.0, 0.051487, [1.09226908], [27.319399999999998], [16.034657], [0.7723508766357425]]
[1500.0, 400.0, 0.024486, [3.20116024], [621.92], [101.24287199999999], [1.3068683385865616]]
[1500.0, 200.0, 0.025728, [0.544716452], [27.319399999999998], [16.034657], [0.544716531785111]]
[1500.0, 500.0, 0.023489, [0.380451234], [47.978], [10.8899618], [0.101679855074641]]
[1500.0, 1300.0, 0.076276, [1.6217916399999999], [27.319399999999998], [16.034657], [0.9363421750620871]]
[1500.0, 600.0, 0.034188, [0.269109476], [12.3188], [5.1794528], [0.08509988810803454]]
[1500.0, 1000.0, 0.051713, [1.0971036799999998], [27.319399999999998], [16.034657], [0.7757694545159664]]
[1500.0, 2000.0, 0.051444, [1.0913490799999999], [27.319399999999998], [16.034657], [0.7717002555915088]]
[1500.0, 800.0, 0.044984, [0.354568966], [12.3188], [5.1794528], [0.09833972696728419]]
[1500.0, 1700.0, 0.039672, [0.64325342], [47.978], [10.8899618], [0.13130352517735386]]
[1500.0, 1200.0, 0.074986, [0.59343588], [12.3188], [5.1794528], [0.1265209658989371]]
[1500.0, 300.0, 0.050811, [1.0778637199999999], [27.319399999999998], [16.034657], [0.7621648368692956]]
[1500.0, 1400.0, 0.044853, [0.353529872], [12.3188], [5.1794528], [0.09805154383282295]]
[1500.0, 100.0, 0.020997, [0.16502145799999998], [12.3188], [5.1794528], [0.06736972869174998]]
[1500.0, 900.0, 0.043885, [0.71176996], [47.978], [10.8899618], [0.13958953721536582]]
[1500.0, 700.0, 0.050755, [1.07667232], [27.319399999999998], [16.034657], [0.7613224298810589]]
[1500.0, 1900.0, 0.039129, [0.6344177400000001], [47.978], [10.8899618], [0.1322852672976095]]
[1500.0, 1600.0, 0.052026, [1.1037718399999998], [27.319399999999998], [16.034657], [0.78048453627218]]
[1600.0, 1500.0, 0.034211, [0.7246052479999999], [27.319399999999998], [16.034657], [0.5123732667499349]]
[1600.0, 100.0, 0.006741, [0.10907713200000001], [47.978], [10.8899618], [0.04453054941048897]]
[1600.0, 1300.0, 0.051679, [1.09599232], [27.319399999999998], [16.034657], [0.6327712916370337]]
[1600.0, 900.0, 0.024935, [3.25974124], [621.92], [101.24287199999999], [1.0865803708884125]]
[1600.0, 300.0, 0.00882, [0.142733216], [47.978], [10.8899618], [0.05046380306714903]]
[1600.0, 500.0, 0.017269, [0.36536392399999995], [27.319399999999998], [16.034657], [0.3653639588136739]]
[1600.0, 1000.0, 0.051692, [1.09626924], [27.319399999999998], [16.034657], [0.6329313162105348]]
[1600.0, 1200.0, 0.022817, [0.179362464], [12.3188], [5.1794528], [0.05671939900950996]]
[1600.0, 1800.0, 0.026808, [0.43428388399999995], [47.978], [10.8899618], [0.08864781247160022]]
[1600.0, 1100.0, 0.017872, [0.289368382], [47.978], [10.8899618], [0.07234210442059313]]
[1600.0, 1900.0, 0.017883, [0.68362532], [179.538], [27.3840668], [0.11089867333742096]]
[1600.0, 1700.0, 0.034298, [0.72645822], [27.319399999999998], [16.034657], [0.5136835467873192]]
[1600.0, 800.0, 0.025325, [0.9683345], [179.538], [27.3840668], [0.13177362201897616]]
[1600.0, 200.0, 0.005683, [0.217160066], [179.538], [27.3840668], [0.06268871831518012]]
[1600.0, 1600.0, 0.069081, [1.4671451599999998], [27.319399999999998], [16.034657], [0.7335725444153427]]
[1600.0, 2000.0, 0.029849, [0.23483243799999998], [12.3188], [5.1794528], [0.06513080205248512]]
[1600.0, 1400.0, 0.051296, [1.08782364], [27.319399999999998], [16.034657], [0.6280553024057675]]
[1600.0, 700.0, 0.016953, [0.35868177999999995], [27.319399999999998], [16.034657], [0.3586817959138713]]
[1600.0, 400.0, 0.033517, [0.709861512], [27.319399999999998], [16.034657], [0.5019479024759441]]
[1600.0, 600.0, 0.017706, [0.286673656], [47.978], [10.8899618], [0.07166841334925728]]
[1700.0, 900.0, 0.022534, [0.476860472], [27.319399999999998], [16.034657], [0.33719135860813515]]
[1700.0, 1500.0, 0.033887, [0.717612236], [27.319399999999998], [16.034657], [0.41431370336980167]]
[1700.0, 1800.0, 0.033744, [0.7145850679999999], [27.319399999999998], [16.034657], [0.41256589388847936]]
[1700.0, 700.0, 0.012409, [0.09742970199999999], [12.3188], [5.1794528], [0.03444660788524757]]
[1700.0, 500.0, 0.013186, [1.723367], [621.92], [101.24287199999999], [0.6513713699572616]]
[1700.0, 300.0, 0.007665, [0.060155764], [12.3188], [5.1794528], [0.026902481684781425]]
[1700.0, 800.0, 0.016795, [0.131936372], [12.3188], [5.1794528], [0.03978032020987262]]
[1700.0, 1300.0, 0.018739, [0.30342658], [47.978], [10.8899618], [0.06068531585153034]]
[1700.0, 400.0, 0.005092, [0.19459403], [179.538], [27.3840668], [0.04864851783970402]]
[1700.0, 1000.0, 0.01605, [0.6135084399999999], [179.538], [27.3840668], [0.08590835910433862]]
[1700.0, 2000.0, 0.022879, [0.48417373599999997], [27.319399999999998], [16.034657], [0.3423623974679462]]
[1700.0, 1600.0, 0.022694, [0.48024708399999994], [27.319399999999998], [16.034657], [0.3395859455277853]]
[1700.0, 1400.0, 0.045558, [0.9655151599999999], [27.319399999999998], [16.034657], [0.4827578478699233]]
[1700.0, 1200.0, 0.033769, [0.7151163679999999], [27.319399999999998], [16.034657], [0.4128726918554919]]
[1700.0, 100.0, 0.006646, [0.107531394], [47.978], [10.8899618], [0.035843800970321214]]
[1700.0, 1700.0, 0.023067, [0.488159268], [27.319399999999998], [16.034657], [0.34518088591345836]]
[1700.0, 1900.0, 0.017153, [0.277719618], [47.978], [10.8899618], [0.057908537470739145]]
[1700.0, 1100.0, 0.067803, [1.4393951999999999], [27.319399999999998], [16.034657], [0.5876307985121271]]
[1700.0, 600.0, 0.0228, [0.48250687999999997], [27.319399999999998], [16.034657], [0.341183832676755]]
[1700.0, 200.0, 0.022734, [0.48109559999999996], [27.319399999999998], [16.034657], [0.34018609495392366]]
[1800.0, 600.0, 0.015511, [0.328103004], [27.319399999999998], [16.034657], [0.23200386272646412]]
[1800.0, 1800.0, 0.015052, [0.318391116], [27.319399999999998], [16.034657], [0.2251365006745907]]
[1800.0, 400.0, 0.00865, [1.13049692], [621.92], [101.24287199999999], [0.42728785688338955]]
[1800.0, 1300.0, 0.023105, [0.48893169999999997], [27.319399999999998], [16.034657], [0.2822848159997275]]
[1800.0, 1200.0, 0.014314, [0.112409464], [12.3188], [5.1794528], [0.03004269825431797]]
[1800.0, 1700.0, 0.012407, [1.6216352399999998], [621.92], [101.24287199999999], [0.5128061349087002]]
[1800.0, 500.0, 0.007671, [0.162191492], [27.319399999999998], [16.034657], [0.16219148604042075]]
[1800.0, 1600.0, 0.030219, [0.639723196], [27.319399999999998], [16.034657], [0.31986152178716337]]
[1800.0, 1000.0, 0.030173, [0.638757748], [27.319399999999998], [16.034657], [0.3193788977374679]]
[1800.0, 700.0, 0.007706, [0.162929884], [27.319399999999998], [16.034657], [0.16292989609031241]]
[1800.0, 200.0, 0.007405, [0.15656247199999998], [27.319399999999998], [16.034657], [0.15656248500838252]]
[1800.0, 800.0, 0.023127, [0.4894060519999999], [27.319399999999998], [16.034657], [0.2825587209767202]]
[1800.0, 2000.0, 0.012509, [0.098221086], [12.3188], [5.1794528], [0.028353979847633385]]
[1800.0, 1100.0, 0.009316, [0.073125786], [12.3188], [5.1794528], [0.02437526501189269]]
[1800.0, 900.0, 0.011242, [1.46932924], [621.92], [101.24287199999999], [0.48977641070186295]]
[1800.0, 1500.0, 0.037989, [0.804603572], [27.319399999999998], [16.034657], [0.35982963035303245]]
[1800.0, 1400.0, 0.017155, [2.24227644], [621.92], [101.24287199999999], [0.5992735515605541]]
[1800.0, 1900.0, 0.022893, [0.48443593599999996], [27.319399999999998], [16.034657], [0.27968921497977]]
[1800.0, 100.0, 0.007673, [0.0406170984], [6.683800000000001], [3.33366738], [0.023450292893693245]]
[1800.0, 300.0, 0.00762, [0.16112015200000002], [27.319399999999998], [16.034657], [0.1611201597317977]]
[1900.0, 300.0, 0.010124, [0.21409586799999997], [27.319399999999998], [16.034657], [0.15138867667035072]]
[1900.0, 1600.0, 0.025612, [0.542021772], [27.319399999999998], [16.034657], [0.24239952171569976]]
[1900.0, 600.0, 0.015537, [0.328632924], [27.319399999999998], [16.034657], [0.18973632217369452]]
[1900.0, 1500.0, 0.01017, [0.215065272], [27.319399999999998], [16.034657], [0.15207405201414212]]
[1900.0, 500.0, 0.002937, [0.11221401], [179.538], [27.3840668], [0.024487105300545427]]
[1900.0, 1700.0, 0.024895, [0.526836252], [27.319399999999998], [16.034657], [0.23560829985380397]]
[1900.0, 1800.0, 0.015148, [0.3204061919999999], [27.319399999999998], [16.034657], [0.18498658502713106]]
[1900.0, 800.0, 0.005299, [0.085736962], [47.978], [10.8899618], [0.021434242846436167]]
[1900.0, 1300.0, 0.020637, [0.43662896399999995], [27.319399999999998], [16.034657], [0.21831448798465025]]
[1900.0, 1000.0, 0.025935, [0.5488760479999999], [27.319399999999998], [16.034657], [0.24546479294595383]]
[1900.0, 1900.0, 0.015129, [0.32001086799999995], [27.319399999999998], [16.034657], [0.18475833430727825]]
[1900.0, 1200.0, 0.010117, [0.213941308], [27.319399999999998], [16.034657], [0.15127936292832542]]
[1900.0, 100.0, 0.002761, [0.021654431000000002], [12.3188], [5.1794528], [0.01082721378379498]]
[1900.0, 2000.0, 0.015293, [0.323479268], [27.319399999999998], [16.034657], [0.18676081576176515]]
[1900.0, 1100.0, 0.015559, [0.329105712], [27.319399999999998], [16.034657], [0.19000926844762073]]
[1900.0, 900.0, 0.020545, [0.434681692], [27.319399999999998], [16.034657], [0.21734084361665662]]
[1900.0, 200.0, 0.005079, [0.10738423999999998], [27.319399999999998], [16.034657], [0.10738421917581745]]
[1900.0, 400.0, 0.004944, [0.64614222], [621.92], [101.24287199999999], [0.26378646154797253]]
[1900.0, 700.0, 0.005127, [0.108397252], [27.319399999999998], [16.034657], [0.1083972016612975]]
[1900.0, 1400.0, 0.020612, [0.43608864799999997], [27.319399999999998], [16.034657], [0.2180443864537677]]
[2000.0, 1500.0, 0.00468, [0.075714528], [47.978], [10.8899618], [0.016522268960406133]]
[2000.0, 1200.0, 0.013522, [0.285990924], [27.319399999999998], [16.034657], [0.14299543752162167]]
[2000.0, 1300.0, 0.013814, [0.29216899999999996], [27.319399999999998], [16.034657], [0.146084499547351]]
[2000.0, 300.0, 0.001113, [0.14546819199999997], [621.92], [101.24287199999999], [0.10286151326905511]]
[2000.0, 900.0, 0.006782, [0.14339101599999998], [27.319399999999998], [16.034657], [0.10139276550129206]]
[2000.0, 1900.0, 0.010237, [0.216470296], [27.319399999999998], [16.034657], [0.12497921491192046]]
[2000.0, 1600.0, 0.023579, [0.498933204], [27.319399999999998], [16.034657], [0.1885790407866155]]
[2000.0, 500.0, 0.003423, [0.07236739319999999], [27.319399999999998], [16.034657], [0.07236739532137385]]
[2000.0, 600.0, 0.00693, [0.14652076399999997], [27.319399999999998], [16.034657], [0.10360584809748916]]
[2000.0, 200.0, 0.003399, [0.0718526992], [27.319399999999998], [16.034657], [0.07185270089286831]]
[2000.0, 1800.0, 0.005527, [0.7223020279999999], [621.92], [101.24287199999999], [0.22841193348859862]]
[2000.0, 2000.0, 0.004979, [0.08055082999999999], [47.978], [10.8899618], [0.01717348871953512]]
[2000.0, 400.0, 0.00157, [0.025403490799999998], [47.978], [10.8899618], [0.009601617145043848]]
[2000.0, 1100.0, 0.007003, [0.148058728], [27.319399999999998], [16.034657], [0.10469329170486522]]
[2000.0, 100.0, 0.003423, [0.0723551388], [27.319399999999998], [16.034657], [0.07235513115736851]]
[2000.0, 1400.0, 0.010196, [0.21559914799999996], [27.319399999999998], [16.034657], [0.1244762379894251]]
[2000.0, 1700.0, 0.010199, [0.21566327199999996], [27.319399999999998], [16.034657], [0.12451322281589212]]
[2000.0, 700.0, 0.003382, [0.0715004956], [27.319399999999998], [16.034657], [0.0715005036289955]]
[2000.0, 1000.0, 0.016777, [0.3548797879999999], [27.319399999999998], [16.034657], [0.15870709317481688]]
[2000.0, 800.0, 0.003448, [0.0728824092], [27.319399999999998], [16.034657], [0.0728824034839686]]
[2100.0, 200.0, 0.00461, [0.09745339199999999], [27.319399999999998], [16.034657], [0.06890994683498167]]
[2100.0, 100.0, 0.002208, [0.28849829199999993], [621.92], [101.24287199999999], [0.11777890160805542]]
[2100.0, 400.0, 0.002248, [0.04752629839999999], [27.319399999999998], [16.034657], [0.047526286402368945]]
[2100.0, 1400.0, 0.004524, [0.09565046799999999], [27.319399999999998], [16.034657], [0.06763506879718538]]
[2100.0, 500.0, 0.006851, [0.144843604], [27.319399999999998], [16.034657], [0.08362548489067193]]
[2100.0, 800.0, 0.00447, [0.09451058799999999], [27.319399999999998], [16.034657], [0.06682908749938159]]
[2100.0, 300.0, 0.001463, [0.191239112], [621.92], [101.24287199999999], [0.09561956168065193]]
[2100.0, 600.0, 0.004596, [0.09717297600000001], [27.319399999999998], [16.034657], [0.06871167064771457]]
[2100.0, 700.0, 0.004584, [0.096907464], [27.319399999999998], [16.034657], [0.06852394442820699]]
[2100.0, 1000.0, 0.011525, [0.24372244399999998], [27.319399999999998], [16.034657], [0.108996007486513]]
[2100.0, 1700.0, 0.006901, [0.14589829199999998], [27.319399999999998], [16.034657], [0.08423442328169642]]
[2100.0, 1800.0, 0.00666, [0.14080287199999997], [27.319399999999998], [16.034657], [0.08129258165417062]]
[2100.0, 1900.0, 0.006827, [0.144339168], [27.319399999999998], [16.034657], [0.08333428354764921]]
[2100.0, 900.0, 0.004641, [0.09812352], [27.319399999999998], [16.034657], [0.0693838297588134]]
[2100.0, 2000.0, 0.016173, [0.34209776799999997], [27.319399999999998], [16.034657], [0.12930082060064427]]
[2100.0, 1200.0, 0.015965, [0.33767928399999997], [27.319399999999998], [16.034657], [0.12763076143312788]]
[2100.0, 1500.0, 0.009156, [0.19361041199999998], [27.319399999999998], [16.034657], [0.09680520490138948]]
[2100.0, 1100.0, 0.004628, [0.09783684799999999], [27.319399999999998], [16.034657], [0.06918107600203974]]
[2100.0, 1300.0, 0.004538, [0.09592968799999999], [27.319399999999998], [16.034657], [0.06783253022554887]]
[2100.0, 1600.0, 0.006829, [0.14439354], [27.319399999999998], [16.034657], [0.08336568210001044]]
[2200.0, 1700.0, 0.012263, [0.259343032], [27.319399999999998], [16.034657], [0.09169161895833228]]
[2200.0, 1100.0, 0.009204, [0.194622964], [27.319399999999998], [16.034657], [0.07945448321145887]]
[2200.0, 200.0, 0.001508, [0.0318726824], [27.319399999999998], [16.034657], [0.031872695951237005]]
[2200.0, 1800.0, 0.00306, [0.0646879324], [27.319399999999998], [16.034657], [0.045741286068496145]]
[2200.0, 900.0, 0.00305, [0.06446589959999999], [27.319399999999998], [16.034657], [0.04558427786858096]]
[2200.0, 1000.0, 0.012011, [0.25400675599999994], [27.319399999999998], [16.034657], [0.0898049412805331]]
[2200.0, 1300.0, 0.007557, [0.159790384], [27.319399999999998], [16.034657], [0.07146045146232984]]
[2200.0, 1900.0, 0.007591, [0.160509364], [27.319399999999998], [16.034657], [0.07178198816973516]]
[2200.0, 1400.0, 0.004577, [0.09676182799999998], [27.319399999999998], [16.034657], [0.05586548021810964]]
[2200.0, 1600.0, 0.004506, [0.09525781199999998], [27.319399999999998], [16.034657], [0.05499715061710015]]
[2200.0, 800.0, 0.001529, [0.032330962], [27.319399999999998], [16.034657], [0.03233095200577923]]
[2200.0, 400.0, 0.001465, [0.191417132], [621.92], [101.24287199999999], [0.07814571739513304]]
[2200.0, 600.0, 0.001228, [0.0096290144], [12.3188], [5.1794528], [0.003931028230883111]]
[2200.0, 2000.0, 0.007587, [0.16040650799999998], [27.319399999999998], [16.034657], [0.07173596392326516]]
[2200.0, 500.0, 0.001515, [0.032023442799999996], [27.319399999999998], [16.034657], [0.03202345430461866]]
[2200.0, 700.0, 0.00309, [0.06532608120000001], [27.319399999999998], [16.034657], [0.04619251196460309]]
[2200.0, 300.0, 0.000826, [0.0064799418], [12.3188], [5.1794528], [0.003239971394318166]]
[2200.0, 1200.0, 0.004525, [0.09565948399999999], [27.319399999999998], [16.034657], [0.05522904902313636]]
[2200.0, 1500.0, 0.00602, [0.127278688], [27.319399999999998], [16.034657], [0.06363936662161244]]
[2200.0, 100.0, 0.003002, [0.0634657032], [27.319399999999998], [16.034657], [0.04487702098847471]]
[2300.0, 700.0, 0.002037, [0.043061345200000004], [27.319399999999998], [16.034657], [0.030448984140690145]]
[2300.0, 100.0, 0.000409, [0.0032078237999999997], [12.3188], [5.1794528], [0.0018520379218579732]]
[2300.0, 1800.0, 0.005074, [0.107268136], [27.319399999999998], [16.034657], [0.04797178540767478]]
[2300.0, 1000.0, 0.003031, [0.06406868959999999], [27.319399999999998], [16.034657], [0.036990087061265484]]
[2300.0, 1500.0, 0.004072, [0.08609106999999999], [27.319399999999998], [16.034657], [0.04304553077846759]]
[2300.0, 1200.0, 0.005014, [0.10599347599999999], [27.319399999999998], [16.034657], [0.04740171774102707]]
[2300.0, 500.0, 0.002043, [0.0431825736], [27.319399999999998], [16.034657], [0.03053468773706389]]
[2300.0, 1900.0, 0.008971, [0.18969645599999999], [27.319399999999998], [16.034657], [0.06323214948109862]]
[2300.0, 1300.0, 0.002988, [0.06316535079999999], [27.319399999999998], [16.034657], [0.0364685377387139]]
[2300.0, 1600.0, 0.004007, [0.08470790519999999], [27.319399999999998], [16.034657], [0.04235395637717922]]
[2300.0, 1700.0, 0.007125, [0.150635556], [27.319399999999998], [16.034657], [0.05693488960558366]]
[2300.0, 1400.0, 0.006104, [0.129042144], [27.319399999999998], [16.034657], [0.05268124369071026]]
[2300.0, 1100.0, 0.008118, [0.17165314], [27.319399999999998], [16.034657], [0.06068855852629884]]
[2300.0, 900.0, 0.001136, [0.148477144], [621.92], [101.24287199999999], [0.056119102615776024]]
[2300.0, 2000.0, 0.007055, [0.14917091600000001], [27.319399999999998], [16.034657], [0.05638129759414907]]
[2300.0, 300.0, 0.001012, [0.021401463199999998], [27.319399999999998], [16.034657], [0.021401452418001916]]
[2300.0, 200.0, 0.001014, [0.0214388336], [27.319399999999998], [16.034657], [0.021438832860022954]]
[2300.0, 400.0, 0.00101, [0.021358011599999997], [27.319399999999998], [16.034657], [0.02135800954021699]]
[2300.0, 800.0, 0.001008, [0.0213086996], [27.319399999999998], [16.034657], [0.02130870944567033]]
[2300.0, 600.0, 0.002028, [0.042865238], [27.319399999999998], [16.034657], [0.030310293248333973]]
[2400.0, 1200.0, 0.003985, [0.084249], [27.319399999999998], [16.034657], [0.034394517144451964]]
[2400.0, 1500.0, 0.002026, [0.0428195324], [27.319399999999998], [16.034657], [0.024721867094537983]]
[2400.0, 1100.0, 0.002651, [0.056034393999999994], [27.319399999999998], [16.034657], [0.028017197912710685]]
[2400.0, 1600.0, 0.004707, [0.09951695199999999], [27.319399999999998], [16.034657], [0.037613893688369995]]
[2400.0, 400.0, 0.000655, [0.013854417999999999], [27.319399999999998], [16.034657], [0.013854411929778902]]
[2400.0, 1300.0, 0.004026, [0.0851127604], [27.319399999999998], [16.034657], [0.034747134581142085]]
[2400.0, 200.0, 0.000667, [0.014088585599999998], [27.319399999999998], [16.034657], [0.014088585745915023]]
[2400.0, 1700.0, 0.005423, [0.11465913999999999], [27.319399999999998], [16.034657], [0.04053813779640106]]
[2400.0, 2000.0, 0.001994, [0.042156424], [27.319399999999998], [16.034657], [0.024339023829233575]]
[2400.0, 600.0, 0.000676, [0.014290562399999998], [27.319399999999998], [16.034657], [0.014290558740651115]]
[2400.0, 1900.0, 0.002648, [0.055976295999999995], [27.319399999999998], [16.034657], [0.027988151030034117]]
[2400.0, 700.0, 0.001337, [0.0282718576], [27.319399999999998], [16.034657], [0.0199912189563318]]
[2400.0, 100.0, 0.000669, [0.014145956799999998], [27.319399999999998], [16.034657], [0.014145956618058744]]
[2400.0, 1800.0, 0.003318, [0.0701452068], [27.319399999999998], [16.034657], [0.03136988203994398]]
[2400.0, 500.0, 0.000663, [0.014020588399999999], [27.319399999999998], [16.034657], [0.014020585693900236]]
[2400.0, 900.0, 0.001339, [0.028295961599999996], [27.319399999999998], [16.034657], [0.020008267787092415]]
[2400.0, 1400.0, 0.001994, [0.042140627599999994], [27.319399999999998], [16.034657], [0.024329902263675453]]
[2400.0, 800.0, 0.002638, [0.0557585964], [27.319399999999998], [16.034657], [0.027879303302629353]]
[2400.0, 300.0, 0.000217, [0.00350627916], [47.978], [10.8899618], [0.0015680555946776887]]
[2400.0, 1000.0, 0.001321, [0.0279275752], [27.319399999999998], [16.034657], [0.019747786606098414]]
[2500.0, 400.0, 0.000182, [0.0014267727999999998], [12.3188], [5.1794528], [0.0008237474965060592]]
[2500.0, 1300.0, 0.003516, [0.07432719559999999], [27.319399999999998], [16.034657], [0.026278625617029518]]
[2500.0, 500.0, 0.000443, [0.0093640268], [27.319399999999998], [16.034657], [0.00936402285345353]]
[2500.0, 900.0, 0.000883, [0.018660681999999998], [27.319399999999998], [16.034657], [0.013195093385042789]]
[2500.0, 1400.0, 0.003143, [0.0664480488], [27.319399999999998], [16.034657], [0.025115007526178446]]
[2500.0, 200.0, 0.000889, [0.018786124], [27.319399999999998], [16.034657], [0.013283793313658563]]
[2500.0, 1900.0, 0.002235, [0.0472484952], [27.319399999999998], [16.034657], [0.021130166969524872]]
[2500.0, 1000.0, 0.000872, [0.018438455999999995], [27.319399999999998], [16.034657], [0.013037964620292539]]
[2500.0, 1800.0, 0.00178, [0.0376254516], [27.319399999999998], [16.034657], [0.01881273130196676]]
[2500.0, 1700.0, 0.003067, [0.064837966], [27.319399999999998], [16.034657], [0.024506448085350924]]
[2500.0, 800.0, 0.000446, [0.009426872], [27.319399999999998], [16.034657], [0.009426866991742272]]
[2500.0, 700.0, 0.000893, [0.018866697599999996], [27.319399999999998], [16.034657], [0.013340767702047734]]
[2500.0, 1600.0, 0.00352, [0.07442301359999999], [27.319399999999998], [16.034657], [0.026312513071920743]]
[2500.0, 1100.0, 0.000866, [0.0183057828], [27.319399999999998], [16.034657], [0.012944144986827055]]
[2500.0, 600.0, 0.001769, [0.0373969696], [27.319399999999998], [16.034657], [0.018698483412298444]]
[2500.0, 300.0, 0.000434, [0.009174608], [27.319399999999998], [16.034657], [0.009174606996269648]]
[2500.0, 2000.0, 0.003582, [0.07572615679999999], [27.319399999999998], [16.034657], [0.026773239284031355]]
[2500.0, 1200.0, 0.002217, [0.0468722428], [27.319399999999998], [16.034657], [0.02096190271898045]]
[2500.0, 100.0, 0.000868, [0.0183499244], [27.319399999999998], [16.034657], [0.012975353325439736]]
[2500.0, 1500.0, 0.001761, [0.0372208356], [27.319399999999998], [16.034657], [0.018610417560065654]]
[2600.0, 800.0, 0.000289, [0.00611779668], [27.319399999999998], [16.034657], [0.00611779801170323]]
[2600.0, 2000.0, 0.001154, [0.0243958148], [27.319399999999998], [16.034657], [0.012197905964549817]]
[2600.0, 900.0, 0.000875, [0.0184954408], [27.319399999999998], [16.034657], [0.010678350868931026]]
[2600.0, 1000.0, 0.000286, [0.00604327024], [27.319399999999998], [16.034657], [0.006043270548966015]]
[2600.0, 200.0, 0.000285, [0.00603041416], [27.319399999999998], [16.034657], [0.006030413681332318]]
[2600.0, 1100.0, 0.001136, [0.0240072436], [27.319399999999998], [16.034657], [0.012003620453846415]]
[2600.0, 1500.0, 0.000575, [0.012157257199999999], [27.319399999999998], [16.034657], [0.00859647921232873]]
[2600.0, 700.0, 0.000578, [0.012211822399999999], [27.319399999999998], [16.034657], [0.008635064815506598]]
[2600.0, 1800.0, 0.003212, [0.0679055956], [27.319399999999998], [16.034657], [0.02047430597407394]]
[2600.0, 1600.0, 0.000863, [0.0182433516], [27.319399999999998], [16.034657], [0.01053280674464314]]
[2600.0, 1400.0, 0.001732, [0.036613442399999994], [27.319399999999998], [16.034657], [0.014947375646580907]]
[2600.0, 1300.0, 0.002041, [0.04314055719999999], [27.319399999999998], [16.034657], [0.016305595285054757]]
[2600.0, 600.0, 0.000583, [0.0123151568], [27.319399999999998], [16.034657], [0.008708131203421315]]
[2600.0, 1700.0, 0.000574, [0.012143263999999999], [27.319399999999998], [16.034657], [0.008586582332919191]]
[2600.0, 400.0, 0.000289, [0.00610213184], [27.319399999999998], [16.034657], [0.006102131902868046]]
[2600.0, 300.0, 0.00029, [0.00613821148], [27.319399999999998], [16.034657], [0.006138210767316482]]
[2600.0, 1900.0, 0.001727, [0.036500889599999996], [27.319399999999998], [16.034657], [0.014901424345343636]]
[2600.0, 1200.0, 0.00146, [0.030863653999999997], [27.319399999999998], [16.034657], [0.013802643213529791]]
[2600.0, 100.0, 0.000111, [0.0018189205], [28.639599999999998], [11.889159999999999], [0.0007425710912767881]]
[2600.0, 500.0, 0.000186, [0.02425189], [621.92], [101.24287199999999], [0.012125945518597714]]
[2700.0, 1400.0, 0.001518, [0.0320942368], [27.319399999999998], [16.034657], [0.011347028030281762]]
[2700.0, 1000.0, 0.000571, [0.012065100799999999], [27.319399999999998], [16.034657], [0.006965790799040694]]
[2700.0, 800.0, 0.000378, [0.00800045984], [27.319399999999998], [16.034657], [0.005657178672094421]]
[2700.0, 900.0, 0.00075, [0.015857478799999998], [27.319399999999998], [16.034657], [0.007928738596271162]]
[2700.0, 600.0, 0.000128, [0.0010062569], [12.3188], [5.1794528], [0.00045001181913367566]]
[2700.0, 1100.0, 0.00019, [0.00402434312], [27.319399999999998], [16.034657], [0.004024343329289886]]
[2700.0, 1300.0, 0.00038, [0.00802913992], [27.319399999999998], [16.034657], [0.005677459317687798]]
[2700.0, 400.0, 7.7e-05, [0.00060134558], [12.3188], [5.1794528], [0.00034718696173675646]]
[2700.0, 1700.0, 0.00057, [0.01204671], [27.319399999999998], [16.034657], [0.006955169576653038]]
[2700.0, 100.0, 0.000186, [0.0039342254399999995], [27.319399999999998], [16.034657], [0.003934224861901007]]
[2700.0, 2000.0, 0.000937, [0.0198070664], [27.319399999999998], [16.034657], [0.008857990092566145]]
[2700.0, 1200.0, 0.000744, [0.0157282648], [27.319399999999998], [16.034657], [0.007864132339679947]]
[2700.0, 700.0, 0.000375, [0.00793293552], [27.319399999999998], [16.034657], [0.005609431707401383]]
[2700.0, 300.0, 7.2e-05, [0.0027593054000000002], [179.538], [27.3840668], [0.0007374553236637458]]
[2700.0, 1800.0, 0.001322, [0.0279479072], [27.319399999999998], [16.034657], [0.010563318849679773]]
[2700.0, 200.0, 0.000189, [0.0039984994], [27.319399999999998], [16.034657], [0.00399849929648612]]
[2700.0, 1500.0, 0.00056, [0.0118330492], [27.319399999999998], [16.034657], [0.006831811844013269]]
[2700.0, 500.0, 0.000378, [0.007984868599999998], [27.319399999999998], [16.034657], [0.0056461547552294385]]
[2700.0, 1900.0, 0.001341, [0.028346773199999998], [27.319399999999998], [16.034657], [0.010714074474260482]]
[2700.0, 1600.0, 0.00094, [0.019876903600000002], [27.319399999999998], [16.034657], [0.008889219770486045]]
[2800.0, 1500.0, 0.000737, [0.015568092799999999], [27.319399999999998], [16.034657], [0.00635564872534661]]
[2800.0, 200.0, 0.000123, [0.00259918768], [27.319399999999998], [16.034657], [0.0025991877383521184]]
[2800.0, 400.0, 0.000123, [0.00259553436], [27.319399999999998], [16.034657], [0.0025955339295027522]]
[2800.0, 900.0, 0.000247, [0.00522929748], [27.319399999999998], [16.034657], [0.0036976721671884323]]
[2800.0, 600.0, 0.000487, [0.0102906692], [27.319399999999998], [16.034657], [0.0051453355466869214]]
[2800.0, 1200.0, 0.000485, [0.010245110799999999], [27.319399999999998], [16.034657], [0.00512255553879116]]
[2800.0, 1000.0, 0.000867, [0.018323318], [27.319399999999998], [16.034657], [0.006925562994009945]]
[2800.0, 1400.0, 0.0011, [0.0232507276], [27.319399999999998], [16.034657], [0.007750241850161838]]
[2800.0, 800.0, 0.000124, [0.0026289193199999995], [27.319399999999998], [16.034657], [0.002628919599227028]]
[2800.0, 100.0, 9.9e-05, [0.012923672399999999], [621.92], [101.24287199999999], [0.005779641804818011]]
[2800.0, 1100.0, 0.000484, [0.0102245672], [27.319399999999998], [16.034657], [0.005112281973443953]]
[2800.0, 1300.0, 0.000363, [0.00768339748], [27.319399999999998], [16.034657], [0.004436011615854944]]
[2800.0, 2000.0, 0.001223, [0.025854576], [27.319399999999998], [16.034657], [0.008175936011491284]]
[2800.0, 500.0, 0.000856, [0.0180850104], [27.319399999999998], [16.034657], [0.006835490416349071]]
[2800.0, 1900.0, 0.000611, [0.0129227248], [27.319399999999998], [16.034657], [0.005779218563093111]]
[2800.0, 1800.0, 0.000368, [0.00778698488], [27.319399999999998], [16.034657], [0.004495817948271482]]
[2800.0, 300.0, 0.000248, [0.00524701576], [27.319399999999998], [16.034657], [0.0037102004280092473]]
[2800.0, 700.0, 0.000492, [0.010393479199999998], [27.319399999999998], [16.034657], [0.00519673708551818]]
[2800.0, 1600.0, 0.000732, [0.015483185999999998], [27.319399999999998], [16.034657], [0.0063209845144565876]]
[2800.0, 1700.0, 0.000977, [0.020645517599999996], [27.319399999999998], [16.034657], [0.007299294726478716]]
[2900.0, 1300.0, 0.000311, [0.0065684798400000004], [27.319399999999998], [16.034657], [0.0032842402202031442]]
[2900.0, 900.0, 0.000238, [0.00502833544], [27.319399999999998], [16.034657], [0.002903110693583695]]
[2900.0, 1600.0, 0.000316, [0.006681990359999999], [27.319399999999998], [16.034657], [0.0033409949152909523]]
[2900.0, 2000.0, 0.00016, [0.0033762040399999997], [27.319399999999998], [16.034657], [0.0023873370704615635]]
[2900.0, 1200.0, 8e-05, [0.0016875863600000001], [27.319399999999998], [16.034657], [0.0016875864716215283]]
[2900.0, 1700.0, 0.000553, [0.011682822399999999], [27.319399999999998], [16.034657], [0.004415693322684446]]
[2900.0, 1100.0, 0.000243, [0.005142005119999999], [27.319399999999998], [16.034657], [0.0029687375067526597]]
[2900.0, 800.0, 0.000157, [0.0033285645999999998], [27.319399999999998], [16.034657], [0.002353650763898502]]
[2900.0, 600.0, 8e-05, [0.00168983116], [27.319399999999998], [16.034657], [0.0016898313970334438]]
[2900.0, 100.0, 0.000159, [0.00336615488], [27.319399999999998], [16.034657], [0.002380231140372716]]
[2900.0, 400.0, 8.1e-05, [0.0017034940799999997], [27.319399999999998], [16.034657], [0.0017034942197729933]]
[2900.0, 1000.0, 0.000161, [0.00340460996], [27.319399999999998], [16.034657], [0.0024074227337964557]]
[2900.0, 1400.0, 0.000959, [0.020276560800000003], [27.319399999999998], [16.034657], [0.005853338319967503]]
[2900.0, 200.0, 8e-05, [0.0016902203200000001], [27.319399999999998], [16.034657], [0.0016902202843416592]]
[2900.0, 500.0, 8e-05, [0.0016881733199999999], [27.319399999999998], [16.034657], [0.0016881736782689155]]
[2900.0, 1500.0, 0.000395, [0.00835442984], [27.319399999999998], [16.034657], [0.003736213901799521]]
[2900.0, 1800.0, 0.000394, [0.008337217559999999], [27.319399999999998], [16.034657], [0.0037285172237767655]]
[2900.0, 300.0, 0.000242, [0.00510810128], [27.319399999999998], [16.034657], [0.0029491632847300944]]
[2900.0, 700.0, 0.000477, [0.0100810564], [27.319399999999998], [16.034657], [0.00411557452417035]]
[2900.0, 1900.0, 0.000886, [0.018717676], [27.319399999999998], [16.034657], [0.005643590007787596]]
[3000.0, 1900.0, 0.000202, [0.00427839652], [27.319399999999998], [16.034657], [0.002139197840313046]]
[3000.0, 800.0, 0.000252, [0.00532616152], [27.319399999999998], [16.034657], [0.0023819320581410374]]
[3000.0, 900.0, 0.000101, [0.00213803492], [27.319399999999998], [16.034657], [0.0015118192352262224]]
[3000.0, 1600.0, 0.000106, [0.00172012722], [47.978], [10.8899618], [0.00030407837160837336]]
[3000.0, 700.0, 3.7e-05, [0.0005920089600000001], [47.978], [10.8899618], [0.00017849748625680978]]
[3000.0, 600.0, 0.000103, [0.00217380728], [27.319399999999998], [16.034657], [0.0015371140735807474]]
[3000.0, 1300.0, 0.000401, [0.00847683216], [27.319399999999998], [16.034657], [0.002997013497467103]]
[3000.0, 500.0, 0.000203, [0.004281055319999999], [27.319399999999998], [16.034657], [0.002140527050611601]]
[3000.0, 1500.0, 0.000356, [0.00751659872], [27.319399999999998], [16.034657], [0.0028410078169551025]]
[3000.0, 1800.0, 0.000152, [0.0032163752], [27.319399999999998], [16.034657], [0.0018569748198615941]]
[3000.0, 2000.0, 0.000409, [0.00864324176], [27.319399999999998], [16.034657], [0.0030558475485534284]]
[3000.0, 100.0, 5.1e-05, [0.0010720125199999999], [27.319399999999998], [16.034657], [0.0010720120133655218]]
[3000.0, 1400.0, 0.000202, [0.0042707347599999996], [27.319399999999998], [16.034657], [0.00213536756517467]]
[3000.0, 1100.0, 0.000309, [0.0065382155200000005], [27.319399999999998], [16.034657], [0.0026692153921330512]]
[3000.0, 1200.0, 7.3e-05, [0.009579877199999998], [621.92], [101.24287199999999], [0.003193292036754546]]
[3000.0, 1000.0, 0.000155, [0.0032793261999999996], [27.319399999999998], [16.034657], [0.0018933199898590835]]
[3000.0, 400.0, 5.1e-05, [0.00108558252], [27.319399999999998], [16.034657], [0.0010855828473221192]]
[3000.0, 300.0, 0.000152, [0.0032120631599999996], [27.319399999999998], [16.034657], [0.0018544856498770759]]
[3000.0, 1700.0, 0.000358, [0.007569111399999999], [27.319399999999998], [16.034657], [0.002860855496944926]]
[3000.0, 200.0, 0.000155, [0.0032705273199999997], [27.319399999999998], [16.034657], [0.0018882405520483877]]
