[200.0, 1800.0, 1.0, [745.52499], [1319.28], [127.221418], [14.116854029846735]]
[200.0, 700.0, 1.0, [729.43626], [1319.28], [127.221418], [13.927543602516563]]
[200.0, 2000.0, 1.0, [742.1856200000001], [1319.28], [127.221418], [14.081420116593355]]
[200.0, 1300.0, 1.0, [731.7222300000001], [1319.28], [127.221418], [13.961011367375933]]
[200.0, 1400.0, 1.0, [714.55066], [1319.28], [127.221418], [13.87804066862466]]
[200.0, 400.0, 1.0, [732.8402600000001], [1319.28], [127.221418], [14.04898666096598]]
[200.0, 1900.0, 1.0, [739.53188], [1319.28], [127.221418], [14.053854474840701]]
[200.0, 1700.0, 1.0, [736.2973900000001], [1319.28], [127.221418], [14.04574993013901]]
[200.0, 500.0, 1.0, [739.08476], [1319.28], [127.221418], [14.075887254450429]]
[200.0, 1500.0, 1.0, [705.61654], [1319.28], [127.221418], [13.709695952135482]]
[200.0, 100.0, 1.0, [717.26788], [1319.28], [127.221418], [13.844909176300147]]
[200.0, 600.0, 1.0, [722.02589], [1319.28], [127.221418], [13.874857469538203]]
[200.0, 1000.0, 1.0, [743.7234], [1319.28], [127.221418], [14.09031886083491]]
[200.0, 1200.0, 1.0, [746.68143], [1319.28], [127.221418], [14.136216134454084]]
[200.0, 300.0, 1.0, [741.08139], [1319.28], [127.221418], [14.073137862609036]]
[200.0, 1600.0, 1.0, [729.2932000000001], [1319.28], [127.221418], [13.934974754193133]]
[200.0, 900.0, 1.0, [732.9619299999999], [1319.28], [127.221418], [14.012750707837489]]
[200.0, 800.0, 1.0, [704.1891599999999], [1319.28], [127.221418], [13.710454142733566]]
[200.0, 1100.0, 1.0, [720.5384799999999], [1319.28], [127.221418], [13.838607079471547]]
[200.0, 200.0, 1.0, [734.02867], [1319.28], [127.221418], [13.984671447695865]]
[300.0, 2000.0, 0.999997, [289.82069999999993], [516.58], [54.743863999999995], [5.428840019746391]]
[300.0, 400.0, 0.999998, [295.16635999999994], [516.58], [54.743863999999995], [5.475439243567588]]
[300.0, 1000.0, 0.999996, [286.47857000000005], [516.58], [54.743863999999995], [5.389929649819189]]
[300.0, 200.0, 0.999995, [283.15231000000006], [516.58], [54.743863999999995], [5.340594056844238]]
[300.0, 1600.0, 0.999995, [282.04854], [516.58], [54.743863999999995], [5.343592529375719]]
[300.0, 1300.0, 0.999997, [289.76458], [516.58], [54.743863999999995], [5.41923538149064]]
[300.0, 800.0, 0.999997, [289.11253000000005], [516.58], [54.743863999999995], [5.426053909610555]]
[300.0, 700.0, 0.999995, [281.68054], [516.58], [54.743863999999995], [5.353942549187468]]
[300.0, 300.0, 0.999998, [293.0798], [516.58], [54.743863999999995], [5.4583768438978275]]
[300.0, 900.0, 0.999997, [289.43452999999994], [516.58], [54.743863999999995], [5.424462597345474]]
[300.0, 600.0, 0.999994, [279.67126], [516.58], [54.743863999999995], [5.337976444309209]]
[300.0, 1400.0, 0.999996, [285.56041000000005], [516.58], [54.743863999999995], [5.390813382041712]]
[300.0, 500.0, 0.999998, [291.62298], [516.58], [54.743863999999995], [5.4340755193500945]]
[300.0, 1200.0, 0.999997, [289.35472000000004], [516.58], [54.743863999999995], [5.41820934811493]]
[300.0, 100.0, 0.929051, [24.937566], [112.60799999999999], [7.11574], [1.5899617363320413]]
[300.0, 1100.0, 0.999997, [291.34605999999997], [516.58], [54.743863999999995], [5.442158208835903]]
[300.0, 1900.0, 0.999996, [286.89602], [516.58], [54.743863999999995], [5.3920575256575285]]
[300.0, 1500.0, 0.999996, [286.23499999999996], [516.58], [54.743863999999995], [5.387250579841261]]
[300.0, 1700.0, 0.999996, [286.75503], [516.58], [54.743863999999995], [5.3941752455774]]
[300.0, 1800.0, 0.999996, [283.88003000000003], [516.58], [54.743863999999995], [5.362911533859196]]
[400.0, 900.0, 0.999802, [126.700997], [235.704], [28.113567], [2.4370081944876594]]
[400.0, 1200.0, 0.999858, [57.005178], [110.078], [7.3977108], [1.6387838136862347]]
[400.0, 1500.0, 0.999792, [126.22310300000001], [235.704], [28.113567], [2.4332239066719694]]
[400.0, 200.0, 0.999814, [55.84268899999999], [110.078], [7.3977108], [1.620842980365464]]
[400.0, 1600.0, 0.999717, [123.400934], [235.704], [28.113567], [2.410836697082571]]
[400.0, 500.0, 0.999797, [126.47065200000002], [235.704], [28.113567], [2.445275370996076]]
[400.0, 1700.0, 0.999698, [122.80396899999998], [235.704], [28.113567], [2.4069958786836345]]
[400.0, 300.0, 0.999794, [55.407437], [110.078], [7.3977108], [1.614341311185463]]
[400.0, 1300.0, 0.999892, [58.15366], [110.078], [7.3977108], [1.6561343209413901]]
[400.0, 1400.0, 0.999837, [56.415757], [110.078], [7.3977108], [1.6299416995708773]]
[400.0, 1100.0, 0.999607, [52.555758999999995], [110.078], [7.3977108], [1.5739209386115938]]
[400.0, 800.0, 0.999768, [54.88890200000001], [110.078], [7.3977108], [1.61020632963605]]
[400.0, 100.0, 0.792263, [17.0255315], [110.078], [7.3977108], [0.898573235746536]]
[400.0, 1000.0, 0.999752, [124.61422999999999], [235.704], [28.113567], [2.4230082459620315]]
[400.0, 400.0, 0.999923, [59.612596], [110.078], [7.3977108], [1.6787290192285353]]
[400.0, 1800.0, 0.999753, [124.648891], [235.704], [28.113567], [2.4241399897695675]]
[400.0, 2000.0, 0.999585, [119.79267099999998], [235.704], [28.113567], [2.371784043710557]]
[400.0, 600.0, 0.999664, [121.79569500000001], [235.704], [28.113567], [2.392755121193976]]
[400.0, 700.0, 0.999705, [53.837526000000004], [110.078], [7.3977108], [1.591044845376773]]
[400.0, 1900.0, 0.99981, [55.751034], [110.078], [7.3977108], [1.6188652565917894]]
[500.0, 1700.0, 0.996109, [25.994139999999998], [40.6456], [3.71427414], [0.7999144072961807]]
[500.0, 1100.0, 0.995799, [25.733044], [40.6456], [3.71427414], [0.7948967706564167]]
[500.0, 300.0, 0.99479, [24.995112000000002], [40.6456], [3.71427414], [0.7807166970162737]]
[500.0, 1300.0, 0.995564, [25.547618], [40.6456], [3.71427414], [0.791436984857291]]
[500.0, 1800.0, 0.994915, [25.079545], [40.6456], [3.71427414], [0.7841185420585334]]
[500.0, 1400.0, 0.993735, [24.356769999999997], [40.6456], [3.71427414], [0.7702287582270607]]
[500.0, 600.0, 0.994973, [25.118944], [40.6456], [3.71427414], [0.7842015187437474]]
[500.0, 1900.0, 0.994776, [24.986993000000002], [40.6456], [3.71427414], [0.7839113993303071]]
[500.0, 1200.0, 0.994177, [24.611196], [40.6456], [3.71427414], [0.776335691566477]]
[500.0, 800.0, 0.995766, [25.705996], [40.6456], [3.71427414], [0.7940611349260207]]
[500.0, 1000.0, 0.994703, [24.938348], [40.6456], [3.71427414], [0.7808501693666974]]
[500.0, 2000.0, 0.993441, [24.197472], [40.6456], [3.71427414], [0.769434741222412]]
[500.0, 700.0, 0.992129, [23.556646], [40.6456], [3.71427414], [0.7571392494118899]]
[500.0, 100.0, 0.580567, [6.3006591], [40.6456], [3.71427414], [0.39226194883011534]]
[500.0, 200.0, 0.876507, [16.0446574], [65.918], [5.114073], [0.6259616803766825]]
[500.0, 1500.0, 0.995892, [25.80968], [40.6456], [3.71427414], [0.7972634087928532]]
[500.0, 900.0, 0.996265, [26.131358000000002], [40.6456], [3.71427414], [0.7996068340128166]]
[500.0, 1600.0, 0.995451, [25.460747], [40.6456], [3.71427414], [0.7868608924072921]]
[500.0, 500.0, 0.996202, [26.074594], [40.6456], [3.71427414], [0.7986178291272991]]
[500.0, 400.0, 0.996117, [26.000879], [40.6456], [3.71427414], [0.8005007838846879]]
[600.0, 200.0, 0.543316, [3.8069615333333333], [18.768], [1.88428282], [0.18598220906551488]]
[600.0, 1400.0, 0.940571, [10.876761333333333], [18.768], [1.88428282], [0.3153015446274319]]
[600.0, 1900.0, 0.940393, [13.683808600000003], [30.3278], [2.9384317], [0.35378645555381766]]
[600.0, 100.0, 0.432053, [2.8674728666666667], [18.768], [1.88428282], [0.16156379063529194]]
[600.0, 800.0, 0.937986, [10.7469754], [18.768], [1.88428282], [0.31272407575298]]
[600.0, 1200.0, 0.939155, [10.804986], [18.768], [1.88428282], [0.3134844407267732]]
[600.0, 600.0, 0.941042, [10.901014066666665], [18.768], [1.88428282], [0.3158719141958933]]
[600.0, 1600.0, 0.950842, [11.449193000000001], [18.768], [1.88428282], [0.32318636687418195]]
[600.0, 400.0, 0.927074, [12.933223533333333], [30.3278], [2.9384317], [0.342609463059294]]
[600.0, 500.0, 0.934654, [10.586889266666667], [18.768], [1.88428282], [0.3109758395045435]]
[600.0, 1100.0, 0.937858, [10.74063813333333], [18.768], [1.88428282], [0.3122753705020974]]
[600.0, 300.0, 0.932164, [13.204335266666668], [30.3278], [2.9384317], [0.3456916237856445]]
[600.0, 1700.0, 0.934966, [10.601570933333333], [18.768], [1.88428282], [0.31127282259922545]]
[600.0, 1500.0, 0.934166, [13.316124466666666], [30.3278], [2.9384317], [0.3486183308114732]]
[600.0, 1800.0, 0.92344, [10.097495266666668], [18.768], [1.88428282], [0.30307643407049795]]
[600.0, 1000.0, 0.933458, [13.276098333333334], [30.3278], [2.9384317], [0.34650334383507597]]
[600.0, 2000.0, 0.934128, [13.313824466666667], [30.3278], [2.9384317], [0.34736972074273964]]
[600.0, 700.0, 0.942344, [10.968834933333333], [18.768], [1.88428282], [0.3169072100438515]]
[600.0, 1300.0, 0.930111, [10.379938333333332], [18.768], [1.88428282], [0.3063542058177466]]
[600.0, 900.0, 0.935026, [10.604373866666666], [18.768], [1.88428282], [0.3109533086065066]]
[700.0, 2000.0, 0.847152, [6.385128133333334], [11.7484], [1.33514954], [0.18416935539515436]]
[700.0, 100.0, 0.300921, [1.49905536], [11.7484], [1.33514954], [0.08958570039663448]]
[700.0, 1000.0, 0.8316, [6.1091542], [11.7484], [1.33514954], [0.1805420401642417]]
[700.0, 600.0, 0.849063, [6.420749000000001], [11.7484], [1.33514954], [0.1848127881578184]]
[700.0, 1400.0, 0.850018, [6.438705866666666], [11.7484], [1.33514954], [0.18517633146094384]]
[700.0, 1900.0, 0.840353, [6.2615430000000005], [11.7484], [1.33514954], [0.18251272527933193]]
[700.0, 200.0, 0.405009, [2.1027428], [11.7484], [1.33514954], [0.10580042222137973]]
[700.0, 400.0, 0.852023, [6.476764733333334], [11.7484], [1.33514954], [0.1860402249216252]]
[700.0, 1300.0, 0.855039, [6.5347554], [11.7484], [1.33514954], [0.18610062308093198]]
[700.0, 1100.0, 0.845157, [6.348358800000001], [11.7484], [1.33514954], [0.18356753900888298]]
[700.0, 800.0, 0.842889, [6.307155066666667], [11.7484], [1.33514954], [0.18415543989913644]]
[700.0, 1500.0, 0.849857, [6.435714333333332], [11.7484], [1.33514954], [0.18562847698202628]]
[700.0, 1600.0, 0.826766, [6.027965733333333], [11.7484], [1.33514954], [0.1794005897426204]]
[700.0, 1800.0, 0.842346, [6.297288066666667], [11.7484], [1.33514954], [0.18308853972266473]]
[700.0, 1200.0, 0.851557, [6.4679082], [11.7484], [1.33514954], [0.1864020049963698]]
[700.0, 700.0, 0.842277, [6.296050666666667], [11.7484], [1.33514954], [0.1830525803029161]]
[700.0, 900.0, 0.838693, [6.232139800000001], [11.7484], [1.33514954], [0.1827457389684124]]
[700.0, 300.0, 0.690661, [4.294951], [11.7484], [1.33514954], [0.151002437787533]]
[700.0, 500.0, 0.843183, [6.312394466666667], [11.7484], [1.33514954], [0.1829871288734083]]
[700.0, 1700.0, 0.839153, [6.2402511333333335], [11.7484], [1.33514954], [0.18259148112049967]]
[800.0, 300.0, 0.443723, [1.7277554], [6.2008], [0.82986346], [0.07448880622840813]]
[800.0, 100.0, 0.243512, [0.86359572], [6.2008], [0.82986346], [0.05285119971307284]]
[800.0, 1800.0, 0.743701, [3.6953225999999995], [6.2008], [0.82986346], [0.10935011576481196]]
[800.0, 800.0, 0.735559, [3.6197032000000005], [6.2008], [0.82986346], [0.10806288913817219]]
[800.0, 400.0, 0.733363, [3.5996824666666667], [6.2008], [0.82986346], [0.10819083087047832]]
[800.0, 200.0, 0.304129, [1.1055344066666668], [6.2008], [0.82986346], [0.0597804566355557]]
[800.0, 1700.0, 0.727669, [3.548397066666667], [6.2008], [0.82986346], [0.10703684813080856]]
[800.0, 600.0, 0.741772, [3.6771940000000005], [6.2008], [0.82986346], [0.10876608969098166]]
[800.0, 1600.0, 0.732749, [3.5940904000000002], [6.2008], [0.82986346], [0.10768279158920632]]
[800.0, 1000.0, 0.719442, [3.4759731333333335], [6.2008], [0.82986346], [0.10581950931237166]]
[800.0, 1100.0, 0.730913, [3.5774859333333335], [6.2008], [0.82986346], [0.10747514964451602]]
[800.0, 1500.0, 0.747254, [3.7289808000000004], [6.2008], [0.82986346], [0.10958113396018493]]
[800.0, 1400.0, 0.733256, [3.5986995999999998], [6.2008], [0.82986346], [0.10791782569261772]]
[800.0, 1200.0, 0.738984, [3.6512561333333333], [6.2008], [0.82986346], [0.10861832896277988]]
[800.0, 900.0, 0.748377, [3.739704933333333], [6.2008], [0.82986346], [0.10961267963961915]]
[800.0, 1300.0, 0.737577, [3.6382335333333335], [6.2008], [0.82986346], [0.10813529352929442]]
[800.0, 2000.0, 0.710103, [3.396034333333333], [6.2008], [0.82986346], [0.10450571665384306]]
[800.0, 500.0, 0.719249, [3.4743002666666674], [6.2008], [0.82986346], [0.10576859533907028]]
[800.0, 1900.0, 0.723939, [3.515321533333333], [6.2008], [0.82986346], [0.10652489445091123]]
[800.0, 700.0, 0.714029, [3.4293674666666667], [6.2008], [0.82986346], [0.10528252337823639]]
[900.0, 200.0, 0.22432, [0.5530364566666667], [3.01392], [0.44629673799999997], [0.023538795506331433]]
[900.0, 1100.0, 0.617317, [1.9920246333333333], [3.01392], [0.44629673799999997], [0.04471101799333135]]
[900.0, 300.0, 0.307499, [0.7914553000000001], [3.01392], [0.44629673799999997], [0.02814091748089722]]
[900.0, 1000.0, 0.622022, [2.0165303666666667], [3.01392], [0.44629673799999997], [0.04505720285247287]]
[900.0, 900.0, 0.619801, [2.0049268666666666], [3.01392], [0.44629673799999997], [0.04477560439445669]]
[900.0, 1600.0, 0.616825, [1.9894831333333332], [3.01392], [0.44629673799999997], [0.04474421284739886]]
[900.0, 700.0, 0.614232, [1.9761117], [3.01392], [0.44629673799999997], [0.044432245873164376]]
[900.0, 1900.0, 0.616178, [1.9861389333333335], [3.01392], [0.44629673799999997], [0.044805196424819595]]
[900.0, 500.0, 0.612005, [1.9647014], [3.01392], [0.44629673799999997], [0.044434798925566836]]
[900.0, 1400.0, 0.607673, [1.9426812], [3.01392], [0.44629673799999997], [0.04422042018243508]]
[900.0, 1200.0, 0.625789, [2.036360966666667], [3.01392], [0.44629673799999997], [0.04521898529501863]]
[900.0, 1500.0, 0.616361, [1.9870842333333334], [3.01392], [0.44629673799999997], [0.044701584635098664]]
[900.0, 800.0, 0.608684, [1.9477986999999999], [3.01392], [0.44629673799999997], [0.044325428568461445]]
[900.0, 400.0, 0.499319, [1.4552391333333332], [3.01392], [0.44629673799999997], [0.03820329309540388]]
[900.0, 100.0, 0.184197, [0.4456007733333333], [3.01392], [0.44629673799999997], [0.021171130405971874]]
[900.0, 600.0, 0.617988, [1.9955053], [3.01392], [0.44629673799999997], [0.04487966084740145]]
[900.0, 1800.0, 0.621574, [2.0141836], [3.01392], [0.44629673799999997], [0.044948712736480746]]
[900.0, 2000.0, 0.614359, [1.9767710333333333], [3.01392], [0.44629673799999997], [0.04470777077620598]]
[900.0, 1700.0, 0.614227, [1.9760864], [3.01392], [0.44629673799999997], [0.044454166921298464]]
[900.0, 1300.0, 0.623007, [2.0216954], [3.01392], [0.44629673799999997], [0.0449932688916415]]
[1000.0, 1600.0, 0.424164, [1.1716299666666667], [3.01392], [0.44629673799999997], [0.02728412531939487]]
[1000.0, 1400.0, 0.426006, [1.49032364], [5.1888000000000005], [0.5894283600000001], [0.03376650671893674]]
[1000.0, 1500.0, 0.424032, [1.1711645999999998], [3.01392], [0.44629673799999997], [0.027355006163812538]]
[1000.0, 700.0, 0.429727, [1.5065644], [5.1888000000000005], [0.5894283600000001], [0.033926114896934485]]
[1000.0, 1900.0, 0.422715, [1.47603328], [5.1888000000000005], [0.5894283600000001], [0.03355488595122922]]
[1000.0, 1800.0, 0.425672, [1.1769805333333334], [3.01392], [0.44629673799999997], [0.027305261438452154]]
[1000.0, 500.0, 0.425053, [1.1747817333333335], [3.01392], [0.44629673799999997], [0.02735752003055508]]
[1000.0, 1000.0, 0.427875, [1.49847116], [5.1888000000000005], [0.5894283600000001], [0.033907610661914826]]
[1000.0, 200.0, 0.133586, [0.41020858800000004], [5.1888000000000005], [0.5894283600000001], [0.01775146138885472]]
[1000.0, 1100.0, 0.421783, [1.4719963200000001], [5.1888000000000005], [0.5894283600000001], [0.03365496563658921]]
[1000.0, 2000.0, 0.430232, [1.5087770000000003], [5.1888000000000005], [0.5894283600000001], [0.034053759921629796]]
[1000.0, 1700.0, 0.432175, [1.51729804], [5.1888000000000005], [0.5894283600000001], [0.03386017474260876]]
[1000.0, 800.0, 0.415835, [1.1423126333333333], [3.01392], [0.44629673799999997], [0.027022319252384276]]
[1000.0, 1300.0, 0.433074, [1.5212457599999998], [5.1888000000000005], [0.5894283600000001], [0.03404164104152443]]
[1000.0, 400.0, 0.26682, [0.862360804], [5.1888000000000005], [0.5894283600000001], [0.025597118187796062]]
[1000.0, 300.0, 0.176847, [0.551444228], [5.1888000000000005], [0.5894283600000001], [0.020551111479430985]]
[1000.0, 600.0, 0.430737, [1.5109868400000002], [5.1888000000000005], [0.5894283600000001], [0.033956899646463604]]
[1000.0, 1200.0, 0.424021, [1.48169772], [5.1888000000000005], [0.5894283600000001], [0.033701083068649294]]
[1000.0, 100.0, 0.109424, [0.25625787333333333], [3.01392], [0.44629673799999997], [0.012780981787188513]]
[1000.0, 900.0, 0.445076, [1.57448616], [5.1888000000000005], [0.5894283600000001], [0.03486826701744725]]
[1100.0, 1300.0, 0.345681, [0.5860332533333333], [1.08698], [0.199501126], [0.009816428261960775]]
[1100.0, 1800.0, 0.342415, [0.5789106133333333], [1.08698], [0.199501126], [0.009768645123841664]]
[1100.0, 2000.0, 0.345178, [0.8992802199999999], [2.96654], [0.424006978], [0.021091041635727715]]
[1100.0, 700.0, 0.340594, [0.8849534279999999], [2.96654], [0.424006978], [0.02091673768827252]]
[1100.0, 900.0, 0.349837, [0.5951596533333333], [1.08698], [0.199501126], [0.009900095828941366]]
[1100.0, 200.0, 0.108257, [0.15402922133333333], [1.08698], [0.199501126], [0.005026552930631929]]
[1100.0, 1900.0, 0.346638, [0.5881299333333334], [1.08698], [0.199501126], [0.009826764766584053]]
[1100.0, 1500.0, 0.35145, [0.5987185200000001], [1.08698], [0.199501126], [0.00990598842003047]]
[1100.0, 800.0, 0.34197, [0.5779418533333334], [1.08698], [0.199501126], [0.009746747642162488]]
[1100.0, 500.0, 0.290529, [0.733928804], [2.96654], [0.424006978], [0.019019829105436252]]
[1100.0, 1700.0, 0.354668, [0.92921748], [2.96654], [0.424006978], [0.021368391838414047]]
[1100.0, 400.0, 0.17961, [0.26816006666666664], [1.08698], [0.199501126], [0.006625782260231618]]
[1100.0, 600.0, 0.347773, [0.5906185333333333], [1.08698], [0.199501126], [0.009864213514855944]]
[1100.0, 1400.0, 0.348592, [0.91000512], [2.96654], [0.424006978], [0.021128652780525312]]
[1100.0, 100.0, 0.093965, [0.13246294933333333], [1.08698], [0.199501126], [0.004677428746651306]]
[1100.0, 1100.0, 0.337432, [0.5681196266666667], [1.08698], [0.199501126], [0.009636066902585883]]
[1100.0, 1000.0, 0.354061, [0.9272891600000001], [2.96654], [0.424006978], [0.02131276455835798]]
[1100.0, 300.0, 0.129071, [0.1861777933333333], [1.08698], [0.199501126], [0.0055384551861407064]]
[1100.0, 1200.0, 0.35111, [0.917947756], [2.96654], [0.424006978], [0.021221745911210985]]
[1100.0, 1600.0, 0.343085, [0.89272706], [2.96654], [0.424006978], [0.020943112464005917]]
[1200.0, 100.0, 0.065957, [0.091339992], [1.08698], [0.199501126], [0.003123762423744802]]
[1200.0, 1400.0, 0.258617, [0.40898937333333335], [1.08698], [0.199501126], [0.006614696213063084]]
[1200.0, 1700.0, 0.257694, [0.40724597333333334], [1.08698], [0.199501126], [0.0066229798288484415]]
[1200.0, 1800.0, 0.262671, [0.41668578666666667], [1.08698], [0.199501126], [0.0066757346688502296]]
[1200.0, 700.0, 0.260993, [0.41349400000000003], [1.08698], [0.199501126], [0.006651115027655973]]
[1200.0, 200.0, 0.072609, [0.100973864], [1.08698], [0.199501126], [0.0032916549191351553]]
[1200.0, 1900.0, 0.257295, [0.4064912666666667], [1.08698], [0.199501126], [0.006582905552346252]]
[1200.0, 1200.0, 0.262849, [0.41702496], [1.08698], [0.199501126], [0.006677745357362601]]
[1200.0, 1100.0, 0.261314, [0.41410426666666666], [1.08698], [0.199501126], [0.006667834652352375]]
[1200.0, 1300.0, 0.258034, [0.40788813333333335], [1.08698], [0.199501126], [0.006617691872884718]]
[1200.0, 2000.0, 0.26266, [0.41666432000000003], [1.08698], [0.199501126], [0.006674537123526495]]
[1200.0, 800.0, 0.258249, [0.40829324], [1.08698], [0.199501126], [0.006613824622880639]]
[1200.0, 1600.0, 0.259916, [0.41144976], [1.08698], [0.199501126], [0.006628528883880981]]
[1200.0, 1000.0, 0.253836, [0.3999776666666667], [1.08698], [0.199501126], [0.00653858857076799]]
[1200.0, 1500.0, 0.267129, [0.42520376000000004], [1.08698], [0.199501126], [0.006750966993121965]]
[1200.0, 300.0, 0.084692, [0.11868245333333334], [1.08698], [0.199501126], [0.003549487497278069]]
[1200.0, 600.0, 0.252657, [0.3977666], [1.08698], [0.199501126], [0.006526905619051037]]
[1200.0, 500.0, 0.171713, [0.25496288133333334], [1.08698], [0.199501126], [0.005224035837889663]]
[1200.0, 900.0, 0.26007, [0.41174293333333334], [1.08698], [0.199501126], [0.006629814885969458]]
[1200.0, 400.0, 0.113569, [0.162148436], [1.08698], [0.199501126], [0.004172768832961315]]
[1300.0, 1600.0, 0.204042, [0.30409591066666664], [1.04282], [0.189935978], [0.004630424982655479]]
[1300.0, 1700.0, 0.20563, [0.30681816000000006], [1.04282], [0.189935978], [0.004634418259549352]]
[1300.0, 900.0, 0.202628, [0.301677936], [1.04282], [0.189935978], [0.004594138932741732]]
[1300.0, 200.0, 0.055903, [0.03190103066666667], [0.16951], [0.074564344], [0.0014971898833036064]]
[1300.0, 1800.0, 0.196553, [0.291344036], [1.04282], [0.189935978], [0.004523081755715774]]
[1300.0, 1000.0, 0.202802, [0.3019746053333333], [1.04282], [0.189935978], [0.004609359145622451]]
[1300.0, 1400.0, 0.199922, [0.2970636146666667], [1.04282], [0.189935978], [0.00457291622393316]]
[1300.0, 1200.0, 0.205589, [0.30674793333333333], [1.04282], [0.189935978], [0.004628609918515253]]
[1300.0, 500.0, 0.114196, [0.15984260933333336], [1.04282], [0.189935978], [0.0033526858407352555]]
[1300.0, 100.0, 0.055944, [0.03192679066666667], [0.16951], [0.074564344], [0.0014983982505773735]]
[1300.0, 1100.0, 0.207367, [0.30980448], [1.04282], [0.189935978], [0.004668885942777641]]
[1300.0, 2000.0, 0.20446, [0.3048122226666667], [1.04282], [0.189935978], [0.004639180517672874]]
[1300.0, 1300.0, 0.205538, [0.306660656], [1.04282], [0.189935978], [0.004641049199384888]]
[1300.0, 1500.0, 0.204742, [0.305295192], [1.04282], [0.189935978], [0.004639552489913943]]
[1300.0, 600.0, 0.169916, [0.24711141733333336], [1.04282], [0.189935978], [0.004169209745529988]]
[1300.0, 300.0, 0.068598, [0.039913034666666666], [0.16951], [0.074564344], [0.001674714500378431]]
[1300.0, 1900.0, 0.200355, [0.2977997373333333], [1.04282], [0.189935978], [0.004572345494868519]]
[1300.0, 400.0, 0.085083, [0.11682748800000001], [1.04282], [0.189935978], [0.0028674182803816164]]
[1300.0, 700.0, 0.201322, [0.29944850000000006], [1.04282], [0.189935978], [0.004583098193240997]]
[1300.0, 800.0, 0.201599, [0.299921196], [1.04282], [0.189935978], [0.004581219216661774]]
[1400.0, 1100.0, 0.193653, [0.13692936533333333], [0.16951], [0.074564344], [0.002523641780179324]]
[1400.0, 400.0, 0.076667, [0.04516301466666667], [0.16951], [0.074564344], [0.001448604199911073]]
[1400.0, 1500.0, 0.193925, [0.13718150666666667], [0.16951], [0.074564344], [0.0025218725455502305]]
[1400.0, 1800.0, 0.193145, [0.13646105466666666], [0.16951], [0.074564344], [0.002517149254215967]]
[1400.0, 1600.0, 0.183907, [0.12804673466666666], [0.16951], [0.074564344], [0.002439095845959682]]
[1400.0, 1400.0, 0.190841, [0.13434128266666667], [0.16951], [0.074564344], [0.0024959462284094005]]
[1400.0, 600.0, 0.138067, [0.08944693866666666], [0.16951], [0.074564344], [0.0020344621220908053]]
[1400.0, 1700.0, 0.1906, [0.13412023733333334], [0.16951], [0.074564344], [0.0024991830057040643]]
[1400.0, 900.0, 0.191784, [0.13520672666666667], [0.16951], [0.074564344], [0.0025120257026285914]]
[1400.0, 100.0, 0.054787, [0.03121115333333333], [0.16951], [0.074564344], [0.001205792119175883]]
[1400.0, 700.0, 0.195201, [0.13836355333333333], [0.16951], [0.074564344], [0.00253122897019522]]
[1400.0, 2000.0, 0.191875, [0.13529081466666668], [0.16951], [0.074564344], [0.002503240561441198]]
[1400.0, 800.0, 0.19354, [0.136825068], [0.16951], [0.074564344], [0.0025204358536658786]]
[1400.0, 1300.0, 0.188633, [0.13232329333333334], [0.16951], [0.074564344], [0.0024708519851347724]]
[1400.0, 300.0, 0.066337, [0.038464003999999996], [0.16951], [0.074564344], [0.001331101848010804]]
[1400.0, 1200.0, 0.188608, [0.13230035466666668], [0.16951], [0.074564344], [0.0024851987395601]]
[1400.0, 500.0, 0.101744, [0.06229629733333333], [0.16951], [0.074564344], [0.0017037131558256316]]
[1400.0, 1000.0, 0.188123, [0.13185903066666665], [0.16951], [0.074564344], [0.0024699461446220507]]
[1400.0, 200.0, 0.056865, [0.03249786533333334], [0.16951], [0.074564344], [0.0012318288878285363]]
[1400.0, 1900.0, 0.194246, [0.13747878933333332], [0.16951], [0.074564344], [0.002528191693154088]]
[1500.0, 1500.0, 0.141217, [0.09194118133333333], [0.16951], [0.074564344], [0.0040792303871087145]]
[1500.0, 1100.0, 0.155015, [0.10313058933333333], [0.16951], [0.074564344], [0.004319664256500601]]
[1500.0, 1800.0, 0.152029, [0.10067081600000001], [0.16951], [0.074564344], [0.0042809579260306265]]
[1500.0, 400.0, 0.050583, [0.028632601866666666], [0.16951], [0.074564344], [0.002256565152615807]]
[1500.0, 200.0, 0.042538, [0.023785955999999997], [0.16951], [0.074564344], [0.0020781883871402143]]
[1500.0, 500.0, 0.064826, [0.03750162266666667], [0.16951], [0.074564344], [0.002606542553908018]]
[1500.0, 1300.0, 0.141304, [0.09766790533333332], [0.19789199999999998], [0.073314892], [0.0041951966374255524]]
[1500.0, 600.0, 0.093223, [0.056333593333333334], [0.16951], [0.074564344], [0.0031790877741194176]]
[1500.0, 1000.0, 0.154569, [0.10276203733333333], [0.16951], [0.074564344], [0.004334754757640724]]
[1500.0, 2000.0, 0.155017, [0.10313246], [0.16951], [0.074564344], [0.004331157244381178]]
[1500.0, 800.0, 0.146744, [0.09637003066666666], [0.16951], [0.074564344], [0.004186046055912694]]
[1500.0, 1700.0, 0.149972, [0.098989516], [0.16951], [0.074564344], [0.004205662489760416]]
[1500.0, 1200.0, 0.145875, [0.095669052], [0.16951], [0.074564344], [0.004147779752001196]]
[1500.0, 300.0, 0.046616, [0.02622801933333333], [0.16951], [0.074564344], [0.0021706463700934798]]
[1500.0, 1400.0, 0.15461, [0.10279561733333334], [0.16951], [0.074564344], [0.004317010615898203]]
[1500.0, 100.0, 0.03578, [0.019802576800000003], [0.16951], [0.074564344], [0.001905503630831259]]
[1500.0, 900.0, 0.14424, [0.09435513866666667], [0.16951], [0.074564344], [0.004149733742462682]]
[1500.0, 700.0, 0.130122, [0.083262668], [0.16951], [0.074564344], [0.0038653724546715207]]
[1500.0, 1900.0, 0.141221, [0.09194461599999999], [0.16951], [0.074564344], [0.004111887713555525]]
[1500.0, 1600.0, 0.1522, [0.10081114666666667], [0.16951], [0.074564344], [0.004306438664759238]]
[1600.0, 1500.0, 0.114615, [0.07620430533333333], [0.19789199999999998], [0.073314892], [0.0030336458077882314]]
[1600.0, 100.0, 0.032388, [0.019149094666666665], [0.19789199999999998], [0.073314892], [0.001523420181915241]]
[1600.0, 1300.0, 0.125637, [0.08487849466666667], [0.19789199999999998], [0.073314892], [0.0032150018351472212]]
[1600.0, 900.0, 0.110671, [0.073163092], [0.19789199999999998], [0.073314892], [0.0029720469908054207]]
[1600.0, 300.0, 0.031812, [0.01879320493333333], [0.19789199999999998], [0.073314892], [0.0014951070936000982]]
[1600.0, 500.0, 0.051527, [0.031299504], [0.19789199999999998], [0.073314892], [0.001952410378993105]]
[1600.0, 1000.0, 0.117493, [0.07844413733333333], [0.19789199999999998], [0.073314892], [0.0030911315468611167]]
[1600.0, 1200.0, 0.12356, [0.08322418133333333], [0.19789199999999998], [0.073314892], [0.0031546044428915508]]
[1600.0, 1800.0, 0.121445, [0.08154886133333333], [0.19789199999999998], [0.073314892], [0.0031364939576965017]]
[1600.0, 1100.0, 0.124583, [0.0840374], [0.19789199999999998], [0.073314892], [0.0031831438659148145]]
[1600.0, 1900.0, 0.115792, [0.07711774266666667], [0.19789199999999998], [0.073314892], [0.0030412264911819156]]
[1600.0, 1700.0, 0.114085, [0.07579380133333333], [0.19789199999999998], [0.073314892], [0.00302932979723972]]
[1600.0, 800.0, 0.116854, [0.07794494533333332], [0.19789199999999998], [0.073314892], [0.003052559445449015]]
[1600.0, 200.0, 0.033416, [0.019785694799999996], [0.19789199999999998], [0.073314892], [0.0015450032842827372]]
[1600.0, 1600.0, 0.120205, [0.08057071733333332], [0.19789199999999998], [0.073314892], [0.0031385891352644422]]
[1600.0, 2000.0, 0.114027, [0.07574850666666667], [0.19789199999999998], [0.073314892], [0.0030202911712467577]]
[1600.0, 1400.0, 0.119653, [0.08013635466666667], [0.19789199999999998], [0.073314892], [0.0031122376058963677]]
[1600.0, 700.0, 0.092133, [0.059302065333333334], [0.19789199999999998], [0.073314892], [0.00266274077045939]]
[1600.0, 400.0, 0.036223, [0.02153246813333333], [0.19789199999999998], [0.073314892], [0.001596092618866462]]
[1600.0, 600.0, 0.070793, [0.044195512], [0.19789199999999998], [0.073314892], [0.002297615759772629]]
[1700.0, 900.0, 0.084847, [0.054044204], [0.19789199999999998], [0.073314892], [0.002072500208604734]]
[1700.0, 1500.0, 0.085761, [0.05469801733333333], [0.19789199999999998], [0.073314892], [0.0020883797355845035]]
[1700.0, 1800.0, 0.086989, [0.05557882533333334], [0.19789199999999998], [0.073314892], [0.0021006825595505855]]
[1700.0, 700.0, 0.053081, [0.032314202666666667], [0.19789199999999998], [0.073314892], [0.001619763866466687]]
[1700.0, 500.0, 0.031146, [0.018382578266666665], [0.19789199999999998], [0.073314892], [0.0012282377106154075]]
[1700.0, 300.0, 0.024685, [0.0144373852], [0.19789199999999998], [0.073314892], [0.0010760989702521687]]
[1700.0, 800.0, 0.076482, [0.048136792], [0.19789199999999998], [0.073314892], [0.0019619091975816706]]
[1700.0, 1300.0, 0.079723, [0.050409284], [0.19789199999999998], [0.073314892], [0.0020196050161685906]]
[1700.0, 400.0, 0.026947, [0.01581076426666667], [0.19789199999999998], [0.073314892], [0.0011322322714198022]]
[1700.0, 1000.0, 0.085083, [0.0542133], [0.19789199999999998], [0.073314892], [0.002085126548570987]]
[1700.0, 2000.0, 0.086343, [0.055115114666666666], [0.19789199999999998], [0.073314892], [0.0021089208248138034]]
[1700.0, 1600.0, 0.083477, [0.053067286666666665], [0.19789199999999998], [0.073314892], [0.0020609629102274823]]
[1700.0, 1400.0, 0.081373, [0.05157461733333333], [0.19789199999999998], [0.073314892], [0.0020370752009246547]]
[1700.0, 1200.0, 0.085717, [0.054666676000000004], [0.19789199999999998], [0.073314892], [0.0020841475942616604]]
[1700.0, 100.0, 0.021345, [0.012425851199999999], [0.19789199999999998], [0.073314892], [0.0009948641957573908]]
[1700.0, 1700.0, 0.083219, [0.05288393066666667], [0.19789199999999998], [0.073314892], [0.0020742786890868836]]
[1700.0, 1900.0, 0.079012, [0.04990904933333334], [0.19789199999999998], [0.073314892], [0.002004395010082704]]
[1700.0, 1100.0, 0.085313, [0.05437718266666667], [0.19789199999999998], [0.073314892], [0.0020852692931343153]]
[1700.0, 600.0, 0.038819, [0.0231603284], [0.19789199999999998], [0.073314892], [0.0013647355787844034]]
[1700.0, 200.0, 0.022151, [0.012909403199999999], [0.19789199999999998], [0.073314892], [0.001017403352767339]]
[1800.0, 600.0, 0.027259, [0.010061825333333333], [0.075118], [0.0390613692], [0.0007417676509527764]]
[1800.0, 1800.0, 0.060271, [0.023985464133333332], [0.075118], [0.0390613692], [0.0011281811950608327]]
[1800.0, 400.0, 0.022273, [0.008128813333333334], [0.075118], [0.0390613692], [0.0006615135519229956]]
[1800.0, 1300.0, 0.059729, [0.02374034853333333], [0.075118], [0.0390613692], [0.001135655028998194]]
[1800.0, 1200.0, 0.06191, [0.024730084533333335], [0.075118], [0.0390613692], [0.0011505477806486595]]
[1800.0, 1700.0, 0.062088, [0.024811023066666667], [0.075118], [0.0390613692], [0.001158079476067549]]
[1800.0, 500.0, 0.025443, [0.009353042], [0.075118], [0.0390613692], [0.0007110986375711569]]
[1800.0, 1600.0, 0.062624, [0.0250558228], [0.075118], [0.0390613692], [0.0011557387478722575]]
[1800.0, 1000.0, 0.062075, [0.0248050952], [0.075118], [0.0390613692], [0.0011490739026615204]]
[1800.0, 700.0, 0.034985, [0.013143009599999998], [0.075118], [0.0390613692], [0.0008448647186910393]]
[1800.0, 200.0, 0.015957, [0.0057406252], [0.075118], [0.0390613692], [0.0005473470824095277]]
[1800.0, 800.0, 0.049441, [0.01919559146666667], [0.075118], [0.0390613692], [0.0010216783064046031]]
[1800.0, 2000.0, 0.065804, [0.02651968693333333], [0.075118], [0.0390613692], [0.0012029572176746584]]
[1800.0, 1100.0, 0.061964, [0.024754440000000003], [0.075118], [0.0390613692], [0.001157963749960344]]
[1800.0, 900.0, 0.060181, [0.023944625333333337], [0.075118], [0.0390613692], [0.0011415153312836213]]
[1800.0, 1500.0, 0.06541, [0.02633735826666667], [0.075118], [0.0390613692], [0.001188588333930447]]
[1800.0, 1400.0, 0.063402, [0.025412466933333332], [0.075118], [0.0390613692], [0.0011647783766307936]]
[1800.0, 1900.0, 0.063623, [0.025513624], [0.075118], [0.0390613692], [0.0011718796305271479]]
[1800.0, 100.0, 0.017064, [0.0061544964], [0.075118], [0.0390613692], [0.000578966443855869]]
[1800.0, 300.0, 0.018266, [0.0066059250666666664], [0.075118], [0.0390613692], [0.0005956362754418355]]
[1900.0, 300.0, 0.014432, [0.005173984933333334], [0.075118], [0.0390613692], [0.0004296760061048583]]
[1900.0, 1600.0, 0.053239, [0.020849772933333337], [0.075118], [0.0390613692], [0.0008679873744089446]]
[1900.0, 600.0, 0.025054, [0.009201723466666667], [0.075118], [0.0390613692], [0.0005796540292277799]]
[1900.0, 1500.0, 0.053102, [0.0207896356], [0.075118], [0.0390613692], [0.0008632426450180607]]
[1900.0, 500.0, 0.018886, [0.006839709333333333], [0.075118], [0.0390613692], [0.0004936136045306873]]
[1900.0, 1700.0, 0.055655, [0.021916384133333335], [0.075118], [0.0390613692], [0.0008773575764634268]]
[1900.0, 1800.0, 0.051803, [0.020221189066666666], [0.075118], [0.0390613692], [0.0008484622654085579]]
[1900.0, 800.0, 0.039614, [0.015039690799999998], [0.075118], [0.0390613692], [0.0007329897244694347]]
[1900.0, 1300.0, 0.052324, [0.020448790933333332], [0.075118], [0.0390613692], [0.0008625801248708563]]
[1900.0, 1000.0, 0.05763, [0.022796649333333332], [0.075118], [0.0390613692], [0.0009133284007652693]]
[1900.0, 1900.0, 0.054581, [0.021440725733333336], [0.075118], [0.0390613692], [0.0008731338023464674]]
[1900.0, 1200.0, 0.052447, [0.020502712133333333], [0.075118], [0.0390613692], [0.0008550221393884748]]
[1900.0, 100.0, 0.013126, [0.004691794533333333], [0.075118], [0.0390613692], [0.0004114974188119397]]
[1900.0, 2000.0, 0.054537, [0.021421513066666665], [0.075118], [0.0390613692], [0.0008774594015806214]]
[1900.0, 1100.0, 0.055297, [0.021757543066666666], [0.075118], [0.0390613692], [0.0008919723030079653]]
[1900.0, 900.0, 0.04886, [0.01894487613333333], [0.075118], [0.0390613692], [0.0008284016359230587]]
[1900.0, 200.0, 0.014669, [0.005261826533333333], [0.075118], [0.0390613692], [0.00043398805308697406]]
[1900.0, 400.0, 0.017213, [0.006210144133333333], [0.075118], [0.0390613692], [0.00047214856531957537]]
[1900.0, 700.0, 0.02896, [0.0107313216], [0.075118], [0.0390613692], [0.0006226945013050585]]
[1900.0, 1400.0, 0.05573, [0.021949801600000002], [0.075118], [0.0390613692], [0.0008931247457973357]]
[2000.0, 1500.0, 0.038, [0.014373745733333335], [0.075118], [0.0390613692], [0.000587786168828994]]
[2000.0, 1200.0, 0.036013, [0.0135607356], [0.075118], [0.0390613692], [0.0005684956525974691]]
[2000.0, 1300.0, 0.041331, [0.015752779733333333], [0.075118], [0.0390613692], [0.0006193056457391975]]
[2000.0, 300.0, 0.008969, [0.0031760546666666665], [0.075118], [0.0390613692], [0.00027749320962262603]]
[2000.0, 900.0, 0.032738, [0.012236033733333334], [0.075118], [0.0390613692], [0.0005407613429641994]]
[2000.0, 1900.0, 0.039423, [0.014960506399999999], [0.075118], [0.0390613692], [0.0005998616356016332]]
[2000.0, 1600.0, 0.039958, [0.015181824666666666], [0.075118], [0.0390613692], [0.0006005837073307193]]
[2000.0, 500.0, 0.013158, [0.004703880266666666], [0.075118], [0.0390613692], [0.00033685194136296733]]
[2000.0, 600.0, 0.016083, [0.0057875697333333335], [0.075118], [0.0390613692], [0.00037594319074384986]]
[2000.0, 200.0, 0.009723, [0.003448929733333333], [0.075118], [0.0390613692], [0.0002874108074980248]]
[2000.0, 1800.0, 0.038234, [0.014470115733333334], [0.075118], [0.0390613692], [0.0005902484164033537]]
[2000.0, 2000.0, 0.038897, [0.0147432392], [0.075118], [0.0390613692], [0.0005998940091568029]]
[2000.0, 400.0, 0.01168, [0.0041613348], [0.075118], [0.0390613692], [0.00031729879868106094]]
[2000.0, 1100.0, 0.036404, [0.013720104133333334], [0.075118], [0.0390613692], [0.0005818620795725087]]
[2000.0, 100.0, 0.010056, [0.0035695202666666667], [0.075118], [0.0390613692], [0.0002934127627611163]]
[2000.0, 1400.0, 0.039046, [0.014804477466666665], [0.075118], [0.0390613692], [0.0005955234530319617]]
[2000.0, 1700.0, 0.037834, [0.014305662666666667], [0.075118], [0.0390613692], [0.0005854918036052161]]
[2000.0, 700.0, 0.018824, [0.006816381200000001], [0.075118], [0.0390613692], [0.00040306104263360516]]
[2000.0, 1000.0, 0.039746, [0.015094222266666669], [0.075118], [0.0390613692], [0.0005975859352799766]]
[2000.0, 800.0, 0.02331, [0.0085272408], [0.075118], [0.0390613692], [0.00045515046811161493]]
[2100.0, 200.0, 0.006913, [0.0024363344933333335], [0.075118], [0.0390613692], [0.00019892587586558188]]
[2100.0, 100.0, 0.006284, [0.002211820146666667], [0.075118], [0.0390613692], [0.00018828261967348745]]
[2100.0, 400.0, 0.006745, [0.0023763146133333334], [0.075118], [0.0390613692], [0.00019402526387618242]]
[2100.0, 1400.0, 0.023397, [0.008560713466666666], [0.075118], [0.0390613692], [0.00036942210220830047]]
[2100.0, 500.0, 0.008151, [0.0028807782133333333], [0.075118], [0.0390613692], [0.00021531946551835743]]
[2100.0, 800.0, 0.013773, [0.004930301466666667], [0.075118], [0.0390613692], [0.00027867719782333585]]
[2100.0, 300.0, 0.006562, [0.00231080632], [0.075118], [0.0390613692], [0.00019190201763747385]]
[2100.0, 600.0, 0.009725, [0.0034496412], [0.075118], [0.0390613692], [0.00023636548934036696]]
[2100.0, 700.0, 0.011121, [0.003957054933333334], [0.075118], [0.0390613692], [0.0002528070237772501]]
[2100.0, 1000.0, 0.022811, [0.008335307333333333], [0.075118], [0.0390613692], [0.0003680129053292681]]
[2100.0, 1700.0, 0.024652, [0.009045694533333332], [0.075118], [0.0390613692], [0.00038293482752726126]]
[2100.0, 1800.0, 0.024159, [0.008854935599999999], [0.075118], [0.0390613692], [0.00037220074081961024]]
[2100.0, 1900.0, 0.024692, [0.009061294666666666], [0.075118], [0.0390613692], [0.0003812115840609021]]
[2100.0, 900.0, 0.016306, [0.005871059733333334], [0.075118], [0.0390613692], [0.0003098626528713076]]
[2100.0, 2000.0, 0.024009, [0.008796800799999999], [0.075118], [0.0390613692], [0.00037855400882833083]]
[2100.0, 1200.0, 0.024712, [0.009069099333333334], [0.075118], [0.0390613692], [0.0003818780750158063]]
[2100.0, 1500.0, 0.024124, [0.0088415404], [0.075118], [0.0390613692], [0.0003776919664370836]]
[2100.0, 1100.0, 0.025041, [0.0091966604], [0.075118], [0.0390613692], [0.0003872493363884996]]
[2100.0, 1300.0, 0.023462, [0.0085857068], [0.075118], [0.0390613692], [0.00037050054886748966]]
[2100.0, 1600.0, 0.023414, [0.008567352799999999], [0.075118], [0.0390613692], [0.0003707456683196417]]
[2200.0, 1700.0, 0.016268, [0.0058568304], [0.075118], [0.0390613692], [0.0002515724257279932]]
[2200.0, 1100.0, 0.015174, [0.005449442133333334], [0.075118], [0.0390613692], [0.0002427374665948561]]
[2200.0, 200.0, 0.003313, [0.0011580411066666669], [0.075118], [0.0390613692], [0.00011092019297174382]]
[2200.0, 1800.0, 0.015509, [0.005573942666666667], [0.075118], [0.0390613692], [0.0002451417835548327]]
[2200.0, 900.0, 0.008922, [0.0031588292], [0.075118], [0.0390613692], [0.00018422664041880586]]
[2200.0, 1000.0, 0.011443, [0.0040746891999999995], [0.075118], [0.0390613692], [0.00020766550993792343]]
[2200.0, 1300.0, 0.014785, [0.005305041999999999], [0.075118], [0.0390613692], [0.00023772462949107036]]
[2200.0, 1900.0, 0.014619, [0.005243306933333333], [0.075118], [0.0390613692], [0.0002368684678043914]]
[2200.0, 1400.0, 0.014512, [0.005203636533333334], [0.075118], [0.0390613692], [0.00023652896035040706]]
[2200.0, 1600.0, 0.016116, [0.005800146133333334], [0.075118], [0.0390613692], [0.00024776992847756524]]
[2200.0, 800.0, 0.0067, [0.0023601597199999994], [0.075118], [0.0390613692], [0.00015948480025103053]]
[2200.0, 400.0, 0.003919, [0.0013718227333333333], [0.075118], [0.0390613692], [0.00012078225410492496]]
[2200.0, 600.0, 0.005331, [0.0018723082533333333], [0.075118], [0.0390613692], [0.00014153319522681283]]
[2200.0, 2000.0, 0.015474, [0.005560759066666666], [0.075118], [0.0390613692], [0.00024385538658074473]]
[2200.0, 500.0, 0.004718, [0.0016545451733333335], [0.075118], [0.0390613692], [0.00013289625654789694]]
[2200.0, 700.0, 0.006341, [0.0022319742800000005], [0.075118], [0.0390613692], [0.0001558878398507508]]
[2200.0, 300.0, 0.003336, [0.0011663898], [0.075118], [0.0390613692], [0.00011223589427827643]]
[2200.0, 1200.0, 0.014639, [0.005250645466666666], [0.075118], [0.0390613692], [0.00023623765660876335]]
[2200.0, 1500.0, 0.013662, [0.0048896252], [0.075118], [0.0390613692], [0.0002277325332538639]]
[2200.0, 100.0, 0.003628, [0.0012693138800000002], [0.075118], [0.0390613692], [0.00011587196182760426]]
[2300.0, 700.0, 0.00357, [0.00124877948], [0.075118], [0.0390613692], [9.466972355627866e-05]]
[2300.0, 100.0, 0.001841, [0.00064156476], [0.075118], [0.0390613692], [6.762687009696006e-05]]
[2300.0, 1800.0, 0.009105, [0.0032251980000000003], [0.075118], [0.0390613692], [0.0001518685663328656]]
[2300.0, 1000.0, 0.007166, [0.002527153826666667], [0.075118], [0.0390613692], [0.0001341274251183884]]
[2300.0, 1500.0, 0.010243, [0.0036373488], [0.075118], [0.0390613692], [0.00016154025798887132]]
[2300.0, 1200.0, 0.009858, [0.0034977847999999997], [0.075118], [0.0390613692], [0.0001572137067815653]]
[2300.0, 500.0, 0.002844, [0.0009931994933333333], [0.075118], [0.0390613692], [8.454674306888205e-05]]
[2300.0, 1900.0, 0.009143, [0.0032388906666666667], [0.075118], [0.0390613692], [0.00015085020301978754]]
[2300.0, 1300.0, 0.009599, [0.003403911066666667], [0.075118], [0.0390613692], [0.0001545636507505349]]
[2300.0, 1600.0, 0.008501, [0.0030071310133333337], [0.075118], [0.0390613692], [0.00014569597459550257]]
[2300.0, 1700.0, 0.008676, [0.0030700952], [0.075118], [0.0390613692], [0.00014839872188727833]]
[2300.0, 1400.0, 0.009405, [0.0033335893333333332], [0.075118], [0.0390613692], [0.0001545914848883987]]
[2300.0, 1100.0, 0.008711, [0.003082604133333333], [0.075118], [0.0390613692], [0.0001484838388512366]]
[2300.0, 900.0, 0.005534, [0.0019443439466666666], [0.075118], [0.0390613692], [0.00011724837643983723]]
[2300.0, 2000.0, 0.009301, [0.0032959674666666666], [0.075118], [0.0390613692], [0.00015301139402744564]]
[2300.0, 300.0, 0.001904, [0.00066344512], [0.075118], [0.0390613692], [6.879605147584175e-05]]
[2300.0, 200.0, 0.00205, [0.0007146277866666667], [0.075118], [0.0390613692], [7.146276962011602e-05]]
[2300.0, 400.0, 0.002347, [0.0008187236400000001], [0.075118], [0.0390613692], [7.634638352491447e-05]]
[2300.0, 800.0, 0.004258, [0.0014916094933333335], [0.075118], [0.0390613692], [0.00010293082907143678]]
[2300.0, 600.0, 0.003534, [0.0012359476266666667], [0.075118], [0.0390613692], [9.396734561892587e-05]]
[2400.0, 1200.0, 0.006277, [0.002209196], [0.075118], [0.0390613692], [0.0001016864771955664]]
[2400.0, 1500.0, 0.005391, [0.0018935746666666668], [0.075118], [0.0390613692], [9.491633059349341e-05]]
[2400.0, 1100.0, 0.004582, [0.0016063196933333334], [0.075118], [0.0390613692], [8.66069451256653e-05]]
[2400.0, 1600.0, 0.00537, [0.001886084026666667], [0.075118], [0.0390613692], [9.454084214654415e-05]]
[2400.0, 400.0, 0.00134, [0.0004664320266666667], [0.075118], [0.0390613692], [4.64117077949567e-05]]
[2400.0, 1300.0, 0.005731, [0.002014335093333333], [0.075118], [0.0390613692], [9.759485387161672e-05]]
[2400.0, 200.0, 0.001188, [0.00041326522666666667], [0.075118], [0.0390613692], [4.4054211714406804e-05]]
[2400.0, 1700.0, 0.005346, [0.0018775439733333332], [0.075118], [0.0390613692], [9.470956521914775e-05]]
[2400.0, 2000.0, 0.005533, [0.001943879653333333], [0.075118], [0.0390613692], [9.542130326318355e-05]]
[2400.0, 600.0, 0.001941, [0.00067641988], [0.075118], [0.0390613692], [5.676389231036066e-05]]
[2400.0, 1900.0, 0.005366, [0.00188453536], [0.075118], [0.0390613692], [9.375913945376797e-05]]
[2400.0, 700.0, 0.002162, [0.00075391608], [0.075118], [0.0390613692], [5.9602305697384266e-05]]
[2400.0, 100.0, 0.001301, [0.00045267066666666666], [0.075118], [0.0390613692], [4.620050125750201e-05]]
[2400.0, 1800.0, 0.005379, [0.0018892442266666668], [0.075118], [0.0390613692], [9.399340837408641e-05]]
[2400.0, 500.0, 0.001757, [0.0006122320933333333], [0.075118], [0.0390613692], [5.3490983298330025e-05]]
[2400.0, 900.0, 0.002594, [0.0009054710533333333], [0.075118], [0.0390613692], [6.534673787658501e-05]]
[2400.0, 1400.0, 0.005267, [0.0018495054400000002], [0.075118], [0.0390613692], [9.305871626021927e-05]]
[2400.0, 800.0, 0.002583, [0.00090143072], [0.075118], [0.0390613692], [6.471895396764897e-05]]
[2400.0, 300.0, 0.001343, [0.0004675038266666666], [0.075118], [0.0390613692], [4.675038536264226e-05]]
[2400.0, 1000.0, 0.003804, [0.0013312148533333335], [0.075118], [0.0390613692], [7.87163753795161e-05]]
[2500.0, 400.0, 0.000957, [0.00033291365333333335], [0.075118], [0.0390613692], [3.248904302137021e-05]]
[2500.0, 1300.0, 0.003507, [0.0012263983333333332], [0.075118], [0.0390613692], [6.162883845877494e-05]]
[2500.0, 500.0, 0.000952, [0.00033086236], [0.075118], [0.0390613692], [3.213617929305778e-05]]
[2500.0, 900.0, 0.001519, [0.0005287194], [0.075118], [0.0390613692], [4.055092423114422e-05]]
[2500.0, 1400.0, 0.003133, [0.0010948110399999998], [0.075118], [0.0390613692], [5.885739496632706e-05]]
[2500.0, 200.0, 0.000748, [0.00025987466933333333], [0.075118], [0.0390613692], [2.852495075309801e-05]]
[2500.0, 1900.0, 0.00336, [0.0011749123733333334], [0.075118], [0.0390613692], [6.08346594193365e-05]]
[2500.0, 1000.0, 0.002151, [0.0007498309733333334], [0.075118], [0.0390613692], [4.800301244250777e-05]]
[2500.0, 1800.0, 0.003345, [0.0011695248533333334], [0.075118], [0.0390613692], [6.0555695546423306e-05]]
[2500.0, 1700.0, 0.003242, [0.00113312076], [0.075118], [0.0390613692], [5.914841631015999e-05]]
[2500.0, 800.0, 0.001354, [0.0004713432933333333], [0.075118], [0.0390613692], [3.848502944724813e-05]]
[2500.0, 700.0, 0.000977, [0.00033960052], [0.075118], [0.0390613692], [3.26780782516693e-05]]
[2500.0, 1600.0, 0.003581, [0.0012527876133333331], [0.075118], [0.0390613692], [6.232851191335578e-05]]
[2500.0, 1100.0, 0.002588, [0.0009030851866666667], [0.075118], [0.0390613692], [5.249077269175772e-05]]
[2500.0, 600.0, 0.000995, [0.00034592183999999996], [0.075118], [0.0390613692], [3.283346111650261e-05]]
[2500.0, 300.0, 0.000845, [0.0002935874253333333], [0.075118], [0.0390613692], [2.9964142481750858e-05]]
[2500.0, 2000.0, 0.003608, [0.001262102613333333], [0.075118], [0.0390613692], [6.310513762497207e-05]]
[2500.0, 1200.0, 0.003219, [0.00112493368], [0.075118], [0.0390613692], [5.928921582285339e-05]]
[2500.0, 100.0, 0.000616, [0.00021408240533333335], [0.075118], [0.0390613692], [2.55877436667549e-05]]
[2500.0, 1500.0, 0.003521, [0.0012313893333333334], [0.075118], [0.0390613692], [6.180166527781522e-05]]
[2600.0, 800.0, 0.000798, [0.00027734010266666667], [0.075118], [0.0390613692], [2.3781720221866018e-05]]
[2600.0, 2000.0, 0.002221, [0.0007745670133333333], [0.075118], [0.0390613692], [3.9682275629191316e-05]]
[2600.0, 900.0, 0.000893, [0.00031031262666666667], [0.075118], [0.0390613692], [2.5252868827125368e-05]]
[2600.0, 1000.0, 0.000985, [0.0003424519066666667], [0.075118], [0.0390613692], [2.6264865863819755e-05]]
[2600.0, 200.0, 0.000469, [0.0001628212013333333], [0.075118], [0.0390613692], [1.8091243721142497e-05]]
[2600.0, 1100.0, 0.001248, [0.00043413113333333334], [0.075118], [0.0390613692], [2.9470730489004773e-05]]
[2600.0, 1500.0, 0.002104, [0.0007334877866666666], [0.075118], [0.0390613692], [3.855126902076132e-05]]
[2600.0, 700.0, 0.000726, [0.000252377712], [0.075118], [0.0390613692], [2.2664187499714656e-05]]
[2600.0, 1800.0, 0.002213, [0.0007716546], [0.075118], [0.0390613692], [3.984806181261797e-05]]
[2600.0, 1600.0, 0.002168, [0.0007560857466666667], [0.075118], [0.0390613692], [3.914863955064935e-05]]
[2600.0, 1400.0, 0.002048, [0.0007139623199999999], [0.075118], [0.0390613692], [3.810848831661757e-05]]
[2600.0, 1300.0, 0.001963, [0.0006840859333333333], [0.075118], [0.0390613692], [3.748767641061081e-05]]
[2600.0, 600.0, 0.000656, [0.00022783039466666666], [0.075118], [0.0390613692], [2.1624703885448542e-05]]
[2600.0, 1700.0, 0.0022, [0.0007670493866666667], [0.075118], [0.0390613692], [3.940067606864972e-05]]
[2600.0, 400.0, 0.000457, [0.00015865541066666664], [0.075118], [0.0390613692], [1.796418677257615e-05]]
[2600.0, 300.0, 0.000565, [0.00019642272933333333], [0.075118], [0.0390613692], [2.0047313919270525e-05]]
[2600.0, 1900.0, 0.002117, [0.0007381291866666666], [0.075118], [0.0390613692], [3.868847646981664e-05]]
[2600.0, 1200.0, 0.001819, [0.00063373372], [0.075118], [0.0390613692], [3.611032229155536e-05]]
[2600.0, 100.0, 0.0005, [0.00017380793333333333], [0.075118], [0.0390613692], [1.8742191186968744e-05]]
[2600.0, 500.0, 0.000558, [0.00019401508933333334], [0.075118], [0.0390613692], [1.980158326329825e-05]]
[2700.0, 1400.0, 0.001284, [0.00044664497333333337], [0.075118], [0.0390613692], [2.443931894668462e-05]]
[2700.0, 1000.0, 0.000594, [0.0002064473253333333], [0.075118], [0.0390613692], [1.6636001031230766e-05]]
[2700.0, 800.0, 0.000476, [0.00016534282933333333], [0.075118], [0.0390613692], [1.4848222376208318e-05]]
[2700.0, 900.0, 0.000517, [0.00017971807466666666], [0.075118], [0.0390613692], [1.5410697231324596e-05]]
[2700.0, 600.0, 0.000394, [0.00013685095066666666], [0.075118], [0.0390613692], [1.3550263689111162e-05]]
[2700.0, 1100.0, 0.00083, [0.00028841122933333333], [0.075118], [0.0390613692], [1.9669483816307944e-05]]
[2700.0, 1300.0, 0.001135, [0.0003947661733333333], [0.075118], [0.0390613692], [2.2984166461090363e-05]]
[2700.0, 400.0, 0.000319, [0.000110914832], [0.075118], [0.0390613692], [1.21744851371857e-05]]
[2700.0, 1700.0, 0.00145, [0.0005046230666666667], [0.075118], [0.0390613692], [2.5989414703340707e-05]]
[2700.0, 100.0, 0.000242, [8.393012800000001e-05], [0.075118], [0.0390613692], [1.0491267911935143e-05]]
[2700.0, 2000.0, 0.001256, [0.00043707605333333336], [0.075118], [0.0390613692], [2.402386816110641e-05]]
[2700.0, 1200.0, 0.001018, [0.00035388597333333333], [0.075118], [0.0390613692], [2.1536813770327723e-05]]
[2700.0, 700.0, 0.000411, [0.00014279283200000002], [0.075118], [0.0390613692], [1.3740244403454644e-05]]
[2700.0, 300.0, 0.000318, [0.000110372216], [0.075118], [0.0390613692], [1.2042593445304416e-05]]
[2700.0, 1800.0, 0.001216, [0.00042321134666666667], [0.075118], [0.0390613692], [2.373250715041385e-05]]
[2700.0, 200.0, 0.000326, [0.000113290824], [0.075118], [0.0390613692], [1.2288114582799105e-05]]
[2700.0, 1500.0, 0.001243, [0.00043256345333333334], [0.075118], [0.0390613692], [2.384799992918111e-05]]
[2700.0, 500.0, 0.000364, [0.00012642707466666668], [0.075118], [0.0390613692], [1.2971144495036325e-05]]
[2700.0, 1900.0, 0.001319, [0.00045894782666666673], [0.075118], [0.0390613692], [2.488993647239784e-05]]
[2700.0, 1600.0, 0.001188, [0.00041343941333333336], [0.075118], [0.0390613692], [2.3406402390988856e-05]]
[2800.0, 1500.0, 0.000786, [0.00027330657733333334], [0.075118], [0.0390613692], [1.5374695944238303e-05]]
[2800.0, 200.0, 0.000175, [6.064771866666667e-05], [0.075118], [0.0390613692], [7.248789181956146e-06]]
[2800.0, 400.0, 0.000184, [6.402316799999999e-05], [0.075118], [0.0390613692], [7.442543492352299e-06]]
[2800.0, 900.0, 0.000341, [0.00011853074533333332], [0.075118], [0.0390613692], [1.0163929904870019e-05]]
[2800.0, 600.0, 0.000245, [8.489802933333333e-05], [0.075118], [0.0390613692], [8.532573328655832e-06]]
[2800.0, 1200.0, 0.000514, [0.00017843568666666668], [0.075118], [0.0390613692], [1.2342653314601543e-05]]
[2800.0, 1000.0, 0.000347, [0.00012041036666666667], [0.075118], [0.0390613692], [1.0250009344169183e-05]]
[2800.0, 1400.0, 0.000783, [0.000272119624], [0.075118], [0.0390613692], [1.5307926417382597e-05]]
[2800.0, 800.0, 0.000308, [0.00010690939733333334], [0.075118], [0.0390613692], [9.679121456000024e-06]]
[2800.0, 100.0, 0.000171, [5.9448866666666666e-05], [0.075118], [0.0390613692], [7.156805040115472e-06]]
[2800.0, 1100.0, 0.00042, [0.000145700032], [0.075118], [0.0390613692], [1.1141960098853544e-05]]
[2800.0, 1300.0, 0.000629, [0.00021854998666666667], [0.075118], [0.0390613692], [1.3659375355817377e-05]]
[2800.0, 2000.0, 0.000779, [0.0002706112533333333], [0.075118], [0.0390613692], [1.5271476563988318e-05]]
[2800.0, 500.0, 0.000218, [7.578478533333332e-05], [0.075118], [0.0390613692], [8.078686183615089e-06]]
[2800.0, 1900.0, 0.000746, [0.0002593160146666667], [0.075118], [0.0390613692], [1.4946726957951546e-05]]
[2800.0, 1800.0, 0.000811, [0.0002820619106666667], [0.075118], [0.0390613692], [1.5621962409092885e-05]]
[2800.0, 300.0, 0.000194, [6.733670133333333e-05], [0.075118], [0.0390613692], [7.673730239372938e-06]]
[2800.0, 700.0, 0.000262, [9.094292e-05], [0.075118], [0.0390613692], [8.875117712896983e-06]]
[2800.0, 1600.0, 0.000747, [0.0002597734693333333], [0.075118], [0.0390613692], [1.494828414084893e-05]]
[2800.0, 1700.0, 0.000787, [0.00027355319866666667], [0.075118], [0.0390613692], [1.534009997359861e-05]]
[2900.0, 1300.0, 0.000364, [0.00012644323600000001], [0.075118], [0.0390613692], [8.319355163045325e-06]]
[2900.0, 900.0, 0.000201, [6.983799733333334e-05], [0.075118], [0.0390613692], [6.246499649136839e-06]]
[2900.0, 1600.0, 0.000467, [0.00016203825066666666], [0.075118], [0.0390613692], [9.498850873190456e-06]]
[2900.0, 2000.0, 0.000499, [0.00017331183866666668], [0.075118], [0.0390613692], [9.875357118718403e-06]]
[2900.0, 1200.0, 0.000296, [0.00010294275599999999], [0.075118], [0.0390613692], [7.609748422765222e-06]]
[2900.0, 1700.0, 0.000506, [0.00017579869066666667], [0.075118], [0.0390613692], [9.889450837466492e-06]]
[2900.0, 1100.0, 0.000244, [8.455744533333334e-05], [0.075118], [0.0390613692], [6.950577505662549e-06]]
[2900.0, 800.0, 0.00019, [6.601653199999999e-05], [0.075118], [0.0390613692], [6.051726153751507e-06]]
[2900.0, 600.0, 0.000149, [5.182151466666667e-05], [0.075118], [0.0390613692], [5.402764350877346e-06]]
[2900.0, 100.0, 0.000123, [4.2637952e-05], [0.075118], [0.0390613692], [4.890909365115835e-06]]
[2900.0, 400.0, 0.000119, [4.1451704e-05], [0.075118], [0.0390613692], [4.851553897235171e-06]]
[2900.0, 1000.0, 0.000224, [7.773858933333333e-05], [0.075118], [0.0390613692], [6.641655944784319e-06]]
[2900.0, 1400.0, 0.000457, [0.00015883306266666666], [0.075118], [0.0390613692], [9.458370612789967e-06]]
[2900.0, 200.0, 0.000133, [4.6199364e-05], [0.075118], [0.0390613692], [5.101866154435823e-06]]
[2900.0, 500.0, 0.000122, [4.2204356e-05], [0.075118], [0.0390613692], [4.873337637936996e-06]]
[2900.0, 1500.0, 0.000438, [0.00015205063866666665], [0.075118], [0.0390613692], [9.202521987658238e-06]]
[2900.0, 1800.0, 0.000494, [0.000171746704], [0.075118], [0.0390613692], [9.77032973400136e-06]]
[2900.0, 300.0, 0.000136, [4.7108048e-05], [0.075118], [0.0390613692], [5.170779226899301e-06]]
[2900.0, 700.0, 0.000132, [4.592480533333333e-05], [0.075118], [0.0390613692], [5.071548155478101e-06]]
[2900.0, 1900.0, 0.000465, [0.00016165261733333333], [0.075118], [0.0390613692], [9.575475519842924e-06]]
[3000.0, 1900.0, 0.000285, [9.911616933333334e-05], [0.075118], [0.0390613692], [5.944592337765663e-06]]
[3000.0, 800.0, 0.0001, [3.4797589333333333e-05], [0.075118], [0.0390613692], [3.5150876581451623e-06]]
[3000.0, 900.0, 0.000116, [4.026634533333334e-05], [0.075118], [0.0390613692], [3.7879379274510584e-06]]
[3000.0, 1600.0, 0.000308, [0.00010679123866666667], [0.075118], [0.0390613692], [6.1862488680765e-06]]
[3000.0, 700.0, 9.5e-05, [3.300898666666667e-05], [0.075118], [0.0390613692], [3.441425849201978e-06]]
[3000.0, 600.0, 8.5e-05, [2.934640226666667e-05], [0.075118], [0.0390613692], [3.2607118377570395e-06]]
[3000.0, 1300.0, 0.000215, [7.452548933333334e-05], [0.075118], [0.0390613692], [5.130546164558571e-06]]
[3000.0, 500.0, 7.5e-05, [2.6043080933333333e-05], [0.075118], [0.0390613692], [3.0481120953432436e-06]]
[3000.0, 1500.0, 0.00029, [0.000100579276], [0.075118], [0.0390613692], [6.0000561789962535e-06]]
[3000.0, 1800.0, 0.000274, [9.506176000000002e-05], [0.075118], [0.0390613692], [5.828609640957839e-06]]
[3000.0, 2000.0, 0.000303, [0.00010515946533333334], [0.075118], [0.0390613692], [6.153991642647703e-06]]
[3000.0, 100.0, 6.9e-05, [2.3941598533333336e-05], [0.075118], [0.0390613692], [2.924932264818756e-06]]
[3000.0, 1400.0, 0.000242, [8.3991124e-05], [0.075118], [0.0390613692], [5.467355818349895e-06]]
[3000.0, 1100.0, 0.000153, [5.3032204e-05], [0.075118], [0.0390613692], [4.388975364098854e-06]]
[3000.0, 1200.0, 0.000159, [5.535038933333333e-05], [0.075118], [0.0390613692], [4.431578447661486e-06]]
[3000.0, 1000.0, 0.000129, [4.4817462666666665e-05], [0.075118], [0.0390613692], [4.041054546636174e-06]]
[3000.0, 400.0, 7.6e-05, [2.641584653333333e-05], [0.075118], [0.0390613692], [3.0917414869652706e-06]]
[3000.0, 300.0, 7.8e-05, [2.7124087066666668e-05], [0.075118], [0.0390613692], [3.1113460581126835e-06]]
[3000.0, 1700.0, 0.000282, [9.803802133333335e-05], [0.075118], [0.0390613692], [5.944428596780538e-06]]
[3000.0, 200.0, 5.9e-05, [2.0349955333333333e-05], [0.075118], [0.0390613692], [2.7193771064549163e-06]]
