[200.0, 1800.0, 0.119816, [12.528663], [735.0], [78.4], [3.7775332766237812]]
[200.0, 700.0, 0.14398, [0.906462172], [16.317], [2.7439999999999998], [0.45323121539452693]]
[200.0, 2000.0, 0.141254, [341.507068], [22099.0], [1911.0], [88.17676004934634]]
[200.0, 1300.0, 0.13586, [261.043972], [16954.0], [1519.0], [54.43143556806122]]
[200.0, 1400.0, 0.117802, [5.168137799999999], [255.29], [30.87], [1.7227127569621117]]
[200.0, 400.0, 0.114151, [275.416652], [22099.0], [1911.0], [79.50594502551365]]
[200.0, 1900.0, 0.113205, [273.113652], [22099.0], [1911.0], [78.84113095079243]]
[200.0, 1700.0, 0.124695, [9.1332374], [409.64], [54.39], [3.229087359611071]]
[200.0, 500.0, 0.124757, [9.137882600000001], [409.64], [54.39], [3.23073019548213]]
[200.0, 1500.0, 0.118289, [226.994362], [16954.0], [1519.0], [50.7574820139849]]
[200.0, 100.0, 0.085527, [13.6640126], [1151.5], [122.5], [3.944461651987505]]
[200.0, 600.0, 0.113016, [272.655208], [22099.0], [1911.0], [78.7087535360585]]
[200.0, 1000.0, 0.131831, [318.483144], [22099.0], [1911.0], [85.11822142878691]]
[200.0, 1200.0, 0.129816, [5.7016302], [255.29], [30.87], [1.803014908978847]]
[200.0, 300.0, 0.14467, [0.910970368], [16.317], [2.7439999999999998], [0.4554851502123863]]
[200.0, 1600.0, 0.136975, [12.479614000000002], [499.79999999999995], [68.60000000000001], [3.7627444255489895]]
[200.0, 900.0, 0.132293, [319.610928], [22099.0], [1911.0], [85.41962436817431]]
[200.0, 800.0, 0.100872, [193.357724], [16954.0], [1519.0], [46.89613855745481]]
[200.0, 1100.0, 0.133678, [4.529871149999999], [186.69], [23.03], [1.6015513388586702]]
[200.0, 200.0, 0.155514, [24.975398], [1151.5], [122.5], [5.324772080756133]]
[300.0, 2000.0, 0.07921, [190.6494548], [22099.0], [1911.0], [40.646596061170975]]
[300.0, 400.0, 0.077139, [5.6261692199999995], [409.64], [54.39], [1.560418521294848]]
[300.0, 1000.0, 0.071832, [172.8351716], [22099.0], [1911.0], [38.64711976434984]]
[300.0, 200.0, 0.093189, [4.07737722], [255.29], [30.87], [0.9354146202086002]]
[300.0, 1600.0, 0.078946, [3.45088919], [255.29], [30.87], [0.8627223374875603]]
[300.0, 1300.0, 0.074117, [3.23884708], [255.29], [30.87], [0.8362666507161456]]
[300.0, 800.0, 0.083015, [5.206920320000001], [366.52000000000004], [46.06], [1.5031085248910008]]
[300.0, 700.0, 0.077973, [1.08399907], [51.94], [8.33], [0.4847791418677169]]
[300.0, 300.0, 0.082954, [1.9491798200000001], [117.11], [15.19], [0.6497266966963879]]
[300.0, 900.0, 0.077897, [1.08293234], [51.94], [8.33], [0.4843019551787913]]
[300.0, 600.0, 0.133904, [0.607759544], [9.555], [1.6660000000000001], [0.2297114982929675]]
[300.0, 1400.0, 0.072508, [138.7582], [16954.0], [1519.0], [24.529215980132754]]
[300.0, 500.0, 0.062174, [0.86289441], [51.94], [8.33], [0.43144721208972947]]
[300.0, 1200.0, 0.073648, [1.7291757], [117.11], [15.19], [0.6113560557482031]]
[300.0, 100.0, 0.046753, [0.6479010299999999], [51.94], [8.33], [0.37406575609109155]]
[300.0, 1100.0, 0.069403, [3.03200093], [255.29], [30.87], [0.8103364537030281]]
[300.0, 1900.0, 0.116753, [7.34060278], [366.52000000000004], [46.06], [1.7803579380562777]]
[300.0, 1500.0, 0.076947, [2.59215684], [186.69], [23.03], [0.7482911271690985]]
[300.0, 1700.0, 0.074549, [142.676044], [16954.0], [1519.0], [24.836717154245648]]
[300.0, 1800.0, 0.065809, [0.64752422], [31.653999999999996], [5.390000000000001], [0.37384832505977605]]
[400.0, 900.0, 0.035661, [1.19834939], [186.69], [23.03], [0.3459336840783216]]
[400.0, 1200.0, 0.048314, [0.6022104899999999], [44.099999999999994], [7.3500000000000005], [0.24585146342863204]]
[400.0, 1500.0, 0.047891, [2.99788272], [366.52000000000004], [46.06], [0.7740500082552806]]
[400.0, 200.0, 0.061164, [98.22226400000001], [15190.0], [1274.0], [14.031748690737016]]
[400.0, 1600.0, 0.0643, [0.80274103], [44.099999999999994], [7.3500000000000005], [0.28381174773078016]]
[400.0, 500.0, 0.065186, [0.402897208], [16.317], [2.7439999999999998], [0.1274072668696727]]
[400.0, 1700.0, 0.043543, [0.60305623], [51.94], [8.33], [0.24619664662622842]]
[400.0, 300.0, 0.044948, [72.1478646], [15190.0], [1274.0], [12.02464392820012]]
[400.0, 1300.0, 0.061344, [0.60288375], [31.653999999999996], [5.390000000000001], [0.24612622446622787]]
[400.0, 1400.0, 0.047742, [1.6052101099999998], [186.69], [23.03], [0.4013025212978359]]
[400.0, 1100.0, 0.045117, [108.451994], [22099.0], [1911.0], [20.871598171678183]]
[400.0, 800.0, 0.043164, [82.5202532], [16954.0], [1519.0], [12.887499305916567]]
[400.0, 100.0, 0.022616, [1.41449868], [366.52000000000004], [46.06], [0.5346301955557693]]
[400.0, 1000.0, 0.048295, [92.3417446], [16954.0], [1519.0], [13.615046570614439]]
[400.0, 400.0, 0.0539, [1.8128579], [186.69], [23.03], [0.42729472222343207]]
[400.0, 1800.0, 0.05255, [84.367367], [15190.0], [1274.0], [13.018166698886597]]
[400.0, 2000.0, 0.052724, [2.30099639], [255.29], [30.87], [0.47979087571566015]]
[400.0, 600.0, 0.044922, [72.1049896], [15190.0], [1274.0], [12.017497494903004]]
[400.0, 700.0, 0.042966, [82.1413264], [16954.0], [1519.0], [12.828323528817007]]
[400.0, 1900.0, 0.053417, [102.14961399999999], [16954.0], [1519.0], [14.303807536456857]]
[500.0, 1700.0, 0.026891, [51.39321880000001], [16954.0], [1519.0], [7.3418876564545705]]
[500.0, 1100.0, 0.031142, [1.04623281], [186.69], [23.03], [0.2339447514478579]]
[500.0, 300.0, 0.041275, [0.57146838], [51.94], [8.33], [0.17230430397990645]]
[500.0, 1300.0, 0.033469, [0.78350559], [117.11], [15.19], [0.20230022525939015]]
[500.0, 1800.0, 0.029011, [0.67897781], [117.11], [15.19], [0.18831452899338386]]
[500.0, 1400.0, 0.03325, [0.77835814], [117.11], [15.19], [0.2009710971756884]]
[500.0, 600.0, 0.035912, [53.201308999999995], [13132.0], [1176.0], [7.449672904228748]]
[500.0, 1900.0, 0.027359, [1.9910032799999997], [409.64], [54.39], [0.4567674766005128]]
[500.0, 1200.0, 0.033534, [0.41737342499999996], [44.099999999999994], [7.3500000000000005], [0.14756378270768206]]
[500.0, 800.0, 0.033555, [1.46318606], [255.29], [30.87], [0.2765162085122679]]
[500.0, 1000.0, 0.042499, [0.41670217400000004], [31.653999999999996], [5.390000000000001], [0.14732646747954015]]
[500.0, 2000.0, 0.030144, [0.416996076], [51.94], [8.33], [0.14743037399396366]]
[500.0, 700.0, 0.029983, [0.414759422], [51.94], [8.33], [0.14663958784039188]]
[500.0, 100.0, 0.015778, [0.041622168], [3.7729999999999997], [0.784], [0.020811077039884315]]
[500.0, 200.0, 0.025098, [0.31216528000000004], [44.099999999999994], [7.3500000000000005], [0.1274409366922576]]
[500.0, 1500.0, 0.032141, [0.314804371], [31.653999999999996], [5.390000000000001], [0.12851835045237703]]
[500.0, 900.0, 0.029482, [0.9904046599999999], [186.69], [23.03], [0.22721443184797924]]
[500.0, 1600.0, 0.031739, [0.31084512200000003], [31.653999999999996], [5.390000000000001], [0.12690200650501945]]
[500.0, 500.0, 0.029318, [0.36477638399999995], [44.099999999999994], [7.3500000000000005], [0.13787249560735454]]
[500.0, 400.0, 0.030104, [48.3049448], [15190.0], [1274.0], [7.122175873706013]]
[600.0, 200.0, 0.014337, [0.29035146], [85.75000000000001], [13.23], [0.091817174869411]]
[600.0, 1400.0, 0.020939, [0.1285182584], [16.317], [2.7439999999999998], [0.038749715525149345]]
[600.0, 1900.0, 0.019579, [37.4149202], [16954.0], [1519.0], [4.676865572581705]]
[600.0, 100.0, 0.00792, [0.0349083644], [9.555], [1.6660000000000001], [0.020154357015791897]]
[600.0, 800.0, 0.023385, [0.290801035], [44.099999999999994], [7.3500000000000005], [0.09195934581650742]]
[600.0, 1200.0, 0.023124, [0.31971275], [51.94], [8.33], [0.09639702389078203]]
[600.0, 600.0, 0.019461, [0.8482282200000001], [255.29], [30.87], [0.15751202243003545]]
[600.0, 1600.0, 0.019939, [0.46645594100000004], [117.11], [15.19], [0.11661398808033281]]
[600.0, 400.0, 0.019427, [37.1245658], [16954.0], [1519.0], [4.640570604570089]]
[600.0, 500.0, 0.019029, [0.1167627664], [16.317], [2.7439999999999998], [0.036923632592690554]]
[600.0, 1100.0, 0.02076, [0.20309671899999998], [31.653999999999996], [5.390000000000001], [0.07676334432527025]]
[600.0, 300.0, 0.025099, [0.34705788600000004], [51.94], [8.33], [0.10018699178037037]]
[600.0, 1700.0, 0.018265, [0.6133256499999999], [186.69], [23.03], [0.13383859138903098]]
[600.0, 1500.0, 0.031624, [0.437495226], [51.94], [8.33], [0.11296078306208754]]
[600.0, 1800.0, 0.02084, [0.12790950199999998], [16.317], [2.7439999999999998], [0.03856617148330904]]
[600.0, 1000.0, 0.019066, [1.3872194], [409.64], [54.39], [0.2831649756237519]]
[600.0, 2000.0, 0.020764, [0.12743631879999998], [16.317], [2.7439999999999998], [0.03842349926802607]]
[600.0, 700.0, 0.029882, [0.292592524], [31.653999999999996], [5.390000000000001], [0.09252587104696718]]
[600.0, 1300.0, 0.020916, [0.260048831], [44.099999999999994], [7.3500000000000005], [0.08668293892687302]]
[600.0, 900.0, 0.026565, [0.1631747236], [16.317], [2.7439999999999998], [0.04361027748226329]]
[700.0, 2000.0, 0.011124, [0.373462859], [186.69], [23.03], [0.07962254242361268]]
[700.0, 100.0, 0.00551, [0.068435164], [44.099999999999994], [7.3500000000000005], [0.03421757045291205]]
[700.0, 1000.0, 0.016993, [0.075021842], [9.555], [1.6660000000000001], [0.02261993703616347]]
[700.0, 600.0, 0.015263, [0.356990921], [117.11], [15.19], [0.07790180208441908]]
[700.0, 1400.0, 0.01554, [0.09530592119999999], [16.317], [2.7439999999999998], [0.025471578146632378]]
[700.0, 1900.0, 0.012717, [20.4007286], [15190.0], [1274.0], [2.6337224231114407]]
[700.0, 200.0, 0.005882, [0.119082054], [85.75000000000001], [13.23], [0.04500879256545325]]
[700.0, 400.0, 0.012208, [0.409851288], [186.69], [23.03], [0.08366052276910538]]
[700.0, 1300.0, 0.018395, [0.37260482], [85.75000000000001], [13.23], [0.07943960940865709]]
[700.0, 1100.0, 0.015014, [0.18658744300000002], [44.099999999999994], [7.3500000000000005], [0.05625823136217491]]
[700.0, 800.0, 0.01406, [0.13746273800000003], [31.653999999999996], [5.390000000000001], [0.048600419721438616]]
[700.0, 1500.0, 0.021042, [0.290871203], [51.94], [8.33], [0.070546625815839]]
[700.0, 1600.0, 0.014818, [0.20474703900000002], [51.94], [8.33], [0.059105375356222886]]
[700.0, 1800.0, 0.017394, [0.170109429], [31.653999999999996], [5.390000000000001], [0.053793319427229994]]
[700.0, 1200.0, 0.017954, [0.223172264], [44.099999999999994], [7.3500000000000005], [0.06189683413551941]]
[700.0, 700.0, 0.014277, [0.289129155], [85.75000000000001], [13.23], [0.0701241189605973]]
[700.0, 900.0, 0.013912, [0.325364753], [117.11], [15.19], [0.07464380867828221]]
[700.0, 300.0, 0.009097, [0.305380789], [186.69], [23.03], [0.07197894857526053]]
[700.0, 500.0, 0.014375, [0.0881474916], [16.317], [2.7439999999999998], [0.02444771412790979]]
[700.0, 1700.0, 0.024425, [0.23902685099999998], [31.653999999999996], [5.390000000000001], [0.06388262129875386]]
[800.0, 300.0, 0.005198, [0.17446499000000001], [186.69], [23.03], [0.042313978300320576]]
[800.0, 100.0, 0.004232, [0.0413445879], [31.653999999999996], [5.390000000000001], [0.020672298029004905]]
[800.0, 1800.0, 0.00954, [15.304081799999999], [15190.0], [1274.0], [1.7790638856432337]]
[800.0, 800.0, 0.011194, [0.15464321600000003], [51.94], [8.33], [0.03992870766378496]]
[800.0, 400.0, 0.010531, [0.145480314], [51.94], [8.33], [0.038881245273267674]]
[800.0, 200.0, 0.005302, [0.12396152299999999], [117.11], [15.19], [0.03578460640135644]]
[800.0, 1700.0, 0.010457, [0.144451461], [51.94], [8.33], [0.038606281873550065]]
[800.0, 600.0, 0.010419, [0.143932208], [51.94], [8.33], [0.038467496734256056]]
[800.0, 1600.0, 0.009355, [0.0412404384], [9.555], [1.6660000000000001], [0.013041369285163274]]
[800.0, 1000.0, 0.010566, [0.24707323899999997], [117.11], [15.19], [0.050433617468906594]]
[800.0, 1100.0, 0.009711, [0.134134658], [51.94], [8.33], [0.03720226054825163]]
[800.0, 1500.0, 0.011201, [0.04939492039999999], [9.555], [1.6660000000000001], [0.014259085539262325]]
[800.0, 1400.0, 0.012821, [0.07859843039999999], [16.317], [2.7439999999999998], [0.018031716649947672]]
[800.0, 1200.0, 0.012801, [0.0784760284], [16.317], [2.7439999999999998], [0.01800363438509014]]
[800.0, 900.0, 0.009663, [0.1334711], [51.94], [8.33], [0.03701821741656397]]
[800.0, 1300.0, 0.009459, [0.092437079], [31.653999999999996], [5.390000000000001], [0.030812359520166574]]
[800.0, 2000.0, 0.012616, [0.12332432699999998], [31.653999999999996], [5.390000000000001], [0.035600670030211515]]
[800.0, 500.0, 0.008195, [0.11318740300000002], [51.94], [8.33], [0.03412729520486498]]
[800.0, 1900.0, 0.00968, [0.19599735399999998], [85.75000000000001], [13.23], [0.04496488143762863]]
[800.0, 700.0, 0.011043, [0.25822490400000003], [117.11], [15.19], [0.051644977219474114]]
[900.0, 200.0, 0.003246, [0.0448231273], [51.94], [8.33], [0.016941554246880656]]
[900.0, 1100.0, 0.006858, [0.16034809], [117.11], [15.19], [0.03206961469366291]]
[900.0, 300.0, 0.003242, [0.0447648859], [51.94], [8.33], [0.01691953751732003]]
[900.0, 1000.0, 0.005699, [0.070779275], [44.099999999999994], [7.3500000000000005], [0.021340746060060787]]
[900.0, 900.0, 0.006677, [0.0409028676], [16.317], [2.7439999999999998], [0.010225716538218728]]
[900.0, 1600.0, 0.00652, [0.090043233], [51.94], [8.33], [0.024065066852182227]]
[900.0, 700.0, 0.0071, [0.166015234], [117.11], [15.19], [0.03255826745544056]]
[900.0, 1900.0, 0.007801, [0.09690093000000001], [44.099999999999994], [7.3500000000000005], [0.025019709007100783]]
[900.0, 500.0, 0.007462, [0.2504978], [186.69], [23.03], [0.040111754359539044]]
[900.0, 1400.0, 0.007141, [0.0437464356], [16.317], [2.7439999999999998], [0.01061006675266466]]
[900.0, 1200.0, 0.00697, [0.096264812], [51.94], [8.33], [0.02485546915871837]]
[900.0, 1500.0, 0.006515, [0.08998021900000001], [51.94], [8.33], [0.024048219580667503]]
[900.0, 800.0, 0.006535, [0.09025667700000001], [51.94], [8.33], [0.02412211324697735]]
[900.0, 400.0, 0.005861, [0.035895871200000005], [16.317], [2.7439999999999998], [0.00959357834553927]]
[900.0, 100.0, 0.002447, [0.00642882646], [3.7729999999999997], [0.784], [0.0028750582873395803]]
[900.0, 600.0, 0.007271, [0.09031581999999999], [44.099999999999994], [7.3500000000000005], [0.02413791426573555]]
[900.0, 1800.0, 0.008371, [0.0512878884], [16.317], [2.7439999999999998], [0.011468321611116423]]
[900.0, 2000.0, 0.008597, [0.084012215], [31.653999999999996], [5.390000000000001], [0.023300795810443895]]
[900.0, 1700.0, 0.005844, [0.0357928732], [16.317], [2.7439999999999998], [0.00956604700887467]]
[900.0, 1300.0, 0.00655, [0.063998361], [31.653999999999996], [5.390000000000001], [0.020238061836549463]]
[1000.0, 1600.0, 0.005881, [0.08121740200000001], [51.94], [8.33], [0.018160764438756426]]
[1000.0, 1400.0, 0.004171, [0.0407474102], [31.653999999999996], [5.390000000000001], [0.012885460041069547]]
[1000.0, 1500.0, 0.005043, [0.102090422], [85.75000000000001], [13.23], [0.020418088923795]]
[1000.0, 700.0, 0.003618, [0.073242211], [85.75000000000001], [13.23], [0.01726335438725626]]
[1000.0, 1900.0, 0.004707, [0.06500452699999999], [51.94], [8.33], [0.016251129053084283]]
[1000.0, 1800.0, 0.005802, [0.056681436], [31.653999999999996], [5.390000000000001], [0.015148755554170116]]
[1000.0, 500.0, 0.005574, [0.069220487], [44.099999999999994], [7.3500000000000005], [0.016788432601050046]]
[1000.0, 1000.0, 0.004453, [0.019615327199999998], [9.555], [1.6660000000000001], [0.005662456960860718]]
[1000.0, 200.0, 0.001977, [0.024548382599999998], [44.099999999999994], [7.3500000000000005], [0.01002183812581305]]
[1000.0, 1100.0, 0.00495, [0.061473929999999996], [44.099999999999994], [7.3500000000000005], [0.015872506097021982]]
[1000.0, 2000.0, 0.005632, [0.07777975799999999], [51.94], [8.33], [0.017843906901236623]]
[1000.0, 1700.0, 0.004954, [0.068417083], [51.94], [8.33], [0.016593573454804722]]
[1000.0, 800.0, 0.004734, [0.06536869499999999], [51.94], [8.33], [0.016342179521104276]]
[1000.0, 1300.0, 0.004701, [0.06491569], [51.94], [8.33], [0.016228922795429153]]
[1000.0, 400.0, 0.002719, [0.16996159600000002], [366.52000000000004], [46.06], [0.0370886434693964]]
[1000.0, 300.0, 0.003023, [0.061188309], [85.75000000000001], [13.23], [0.015798758084102686]]
[1000.0, 600.0, 0.005042, [0.117869598], [117.11], [15.19], [0.021887828862178174]]
[1000.0, 1200.0, 0.005617, [0.077569303], [51.94], [8.33], [0.017795616783354267]]
[1000.0, 100.0, 0.001669, [0.016296733600000002], [31.653999999999996], [5.390000000000001], [0.008148368514003279]]
[1000.0, 900.0, 0.00421, [0.0411272827], [31.653999999999996], [5.390000000000001], [0.013005588639888621]]
[1100.0, 1300.0, 0.00309, [0.0189167538], [16.317], [2.7439999999999998], [0.004458721283596902]]
[1100.0, 1800.0, 0.003613, [0.0221241076], [16.317], [2.7439999999999998], [0.004827877872357585]]
[1100.0, 2000.0, 0.002754, [0.0168612332], [16.317], [2.7439999999999998], [0.0042153084387266376]]
[1100.0, 700.0, 0.004005, [0.055296157], [51.94], [8.33], [0.012066610903232109]]
[1100.0, 900.0, 0.004383, [0.060520537], [51.94], [8.33], [0.012619403720461596]]
[1100.0, 200.0, 0.001074, [0.0104840008], [31.653999999999996], [5.390000000000001], [0.005241999297023989]]
[1100.0, 1900.0, 0.00285, [0.0393521597], [51.94], [8.33], [0.010160681400378619]]
[1100.0, 1500.0, 0.004106, [0.0251404888], [16.317], [2.7439999999999998], [0.005131780831173522]]
[1100.0, 800.0, 0.002582, [0.08667198400000001], [186.69], [23.03], [0.015087656193060607]]
[1100.0, 500.0, 0.002807, [0.065630796], [117.11], [15.19], [0.013126154351903683]]
[1100.0, 1700.0, 0.003412, [0.0471093105], [51.94], [8.33], [0.011103773007856385]]
[1100.0, 400.0, 0.001901, [0.0083706602], [9.555], [1.6660000000000001], [0.0029594753881051284]]
[1100.0, 600.0, 0.003622, [0.050015084], [51.94], [8.33], [0.011474245368650611]]
[1100.0, 1400.0, 0.003367, [0.041804987], [44.099999999999994], [7.3500000000000005], [0.010451246286448331]]
[1100.0, 100.0, 0.001304, [0.026390616], [85.75000000000001], [13.23], [0.008345445181055351]]
[1100.0, 1100.0, 0.003365, [0.0417839366], [44.099999999999994], [7.3500000000000005], [0.010445985216818948]]
[1100.0, 1000.0, 0.002727, [0.016697549680000003], [16.317], [2.7439999999999998], [0.004174387275373477]]
[1100.0, 300.0, 0.001255, [0.0421210272], [186.69], [23.03], [0.010530256187766754]]
[1100.0, 1200.0, 0.003242, [0.075779284], [117.11], [15.19], [0.014071858185755]]
[1100.0, 1600.0, 0.003803, [0.01674757672], [9.555], [1.6660000000000001], [0.004186894452932865]]
[1200.0, 100.0, 0.000776, [0.003413928], [9.555], [1.6660000000000001], [0.0015267553326974168]]
[1200.0, 1400.0, 0.00234, [0.029059371599999998], [44.099999999999994], [7.3500000000000005], [0.007047932506061619]]
[1200.0, 1700.0, 0.003241, [0.044745869], [51.94], [8.33], [0.008775388371462542]]
[1200.0, 1800.0, 0.002791, [0.017089096919999998], [16.317], [2.7439999999999998], [0.0034178190910579215]]
[1200.0, 700.0, 0.002267, [0.052992079000000004], [117.11], [15.19], [0.00951765687341165]]
[1200.0, 200.0, 0.000513, [0.012001814999999999], [117.11], [15.19], [0.0045362600511875415]]
[1200.0, 1900.0, 0.002332, [0.054508432999999995], [117.11], [15.19], [0.009635821033518628]]
[1200.0, 1200.0, 0.002227, [0.030753855300000004], [51.94], [8.33], [0.007248753023106802]]
[1200.0, 1100.0, 0.002354, [0.014410161080000001], [16.317], [2.7439999999999998], [0.003144554756654748]]
[1200.0, 1300.0, 0.002494, [0.0109794692], [9.555], [1.6660000000000001], [0.0027448671629789296]]
[1200.0, 2000.0, 0.002351, [0.0324592905], [51.94], [8.33], [0.007446673335792298]]
[1200.0, 800.0, 0.002454, [0.023965733399999998], [31.653999999999996], [5.390000000000001], [0.006405111616513797]]
[1200.0, 1600.0, 0.002446, [0.023887745], [31.653999999999996], [5.390000000000001], [0.006384267521807024]]
[1200.0, 1000.0, 0.001897, [0.01161369972], [16.317], [2.7439999999999998], [0.0028167354962793365]]
[1200.0, 1500.0, 0.001931, [0.0239768662], [44.099999999999994], [7.3500000000000005], [0.006408087288731326]]
[1200.0, 300.0, 0.000868, [0.0084809445], [31.653999999999996], [5.390000000000001], [0.00379279403250427]]
[1200.0, 600.0, 0.003098, [0.0427814884], [51.94], [8.33], [0.00855629800556292]]
[1200.0, 500.0, 0.001751, [0.0171027003], [31.653999999999996], [5.390000000000001], [0.0054083482247355335]]
[1200.0, 900.0, 0.002445, [0.0238799883], [31.653999999999996], [5.390000000000001], [0.006382194980568989]]
[1200.0, 400.0, 0.00123, [0.012010561500000001], [31.653999999999996], [5.390000000000001], [0.0045395655901198295]]
[1300.0, 1600.0, 0.00155, [0.0214049493], [51.94], [8.33], [0.0049106337116506665]]
[1300.0, 1700.0, 0.001374, [0.0134220947], [31.653999999999996], [5.390000000000001], [0.0038746249230086774]]
[1300.0, 900.0, 0.001727, [0.00760156796], [9.555], [1.6660000000000001], [0.0018436512644640797]]
[1300.0, 200.0, 0.00069, [0.0067364269], [31.653999999999996], [5.390000000000001], [0.00275013564029122]]
[1300.0, 1800.0, 0.00205, [0.00538559196], [3.7729999999999997], [0.784], [0.0010993293875813561]]
[1300.0, 1000.0, 0.001611, [0.0326015473], [85.75000000000001], [13.23], [0.006053955453255334]]
[1300.0, 1400.0, 0.001728, [0.016871660400000002], [31.653999999999996], [5.390000000000001], [0.0043562438558923675]]
[1300.0, 1200.0, 0.001258, [0.015623449100000002], [44.099999999999994], [7.3500000000000005], [0.004175542410513873]]
[1300.0, 500.0, 0.001028, [0.006292319320000001], [16.317], [2.7439999999999998], [0.0016816927924921364]]
[1300.0, 100.0, 0.000817, [0.00359566312], [9.555], [1.6660000000000001], [0.0012712584779500983]]
[1300.0, 1100.0, 0.001532, [0.006745585], [9.555], [1.6660000000000001], [0.001741702694399937]]
[1300.0, 2000.0, 0.001843, [0.01128183644], [16.317], [2.7439999999999998], [0.0022563677998056965]]
[1300.0, 1300.0, 0.001467, [0.00897829352], [16.317], [2.7439999999999998], [0.0020076074393167603]]
[1300.0, 1500.0, 0.001767, [0.010815156519999999], [16.317], [2.7439999999999998], [0.0022076344085015524]]
[1300.0, 600.0, 0.001541, [0.00404619362], [3.7729999999999997], [0.784], [0.0009536970590077334]]
[1300.0, 300.0, 0.000587, [0.00359290736], [16.317], [2.7439999999999998], [0.0012702847551002098]]
[1300.0, 1900.0, 0.001718, [0.0347732224], [85.75000000000001], [13.23], [0.006245453194124506]]
[1300.0, 400.0, 0.000955, [0.00584749536], [16.317], [2.7439999999999998], [0.0016218032998363272]]
[1300.0, 700.0, 0.001624, [0.0224158634], [51.94], [8.33], [0.005012340749589957]]
[1300.0, 800.0, 0.001712, [0.0346614093], [85.75000000000001], [13.23], [0.00622537238243625]]
[1400.0, 1100.0, 0.00136, [0.008323506520000001], [16.317], [2.7439999999999998], [0.0015729949441749646]]
[1400.0, 400.0, 0.00054, [0.0023757238400000003], [9.555], [1.6660000000000001], [0.0008399454168932645]]
[1400.0, 1500.0, 0.00121, [0.0074076455599999995], [16.317], [2.7439999999999998], [0.00148152898199124]]
[1400.0, 1800.0, 0.001164, [0.0071221304], [16.317], [2.7439999999999998], [0.0014537988688948687]]
[1400.0, 1600.0, 0.001164, [0.007126724640000001], [16.317], [2.7439999999999998], [0.0014547366384332252]]
[1400.0, 1400.0, 0.000986, [0.0096323857], [31.653999999999996], [5.390000000000001], [0.0026715431815712808]]
[1400.0, 600.0, 0.000757, [0.0073937227], [31.653999999999996], [5.390000000000001], [0.002338100607116811]]
[1400.0, 1700.0, 0.001143, [0.0111614993], [31.653999999999996], [5.390000000000001], [0.002881887001428058]]
[1400.0, 900.0, 0.000993, [0.0096944393], [31.653999999999996], [5.390000000000001], [0.002688753725055532]]
[1400.0, 100.0, 0.000431, [0.005954627], [51.94], [8.33], [0.002105278599140741]]
[1400.0, 700.0, 0.001251, [0.0155378118], [44.099999999999994], [7.3500000000000005], [0.0033906289913524894]]
[1400.0, 2000.0, 0.001137, [0.0111008863], [31.653999999999996], [5.390000000000001], [0.002866236141702215]]
[1400.0, 800.0, 0.000896, [0.011127723599999998], [44.099999999999994], [7.3500000000000005], [0.00287316588191493]]
[1400.0, 1300.0, 0.001072, [0.00471809436], [9.555], [1.6660000000000001], [0.0011795237008894734]]
[1400.0, 300.0, 0.000474, [0.005888266299999999], [44.099999999999994], [7.3500000000000005], [0.0020818167702754244]]
[1400.0, 1200.0, 0.001072, [0.00656407332], [16.317], [2.7439999999999998], [0.0013994649801692073]]
[1400.0, 500.0, 0.000669, [0.0156343418], [117.11], [15.19], [0.0034116933969804497]]
[1400.0, 1000.0, 0.001545, [0.006801151], [9.555], [1.6660000000000001], [0.0014181379508637372]]
[1400.0, 200.0, 0.000458, [0.0044763754000000005], [31.653999999999996], [5.390000000000001], [0.0018274727204530305]]
[1400.0, 1900.0, 0.001165, [0.007131569760000001], [16.317], [2.7439999999999998], [0.0014557253964123866]]
[1500.0, 1500.0, 0.001577, [0.006940442319999999], [9.555], [1.6660000000000001], [0.002833423209899997]]
[1500.0, 1100.0, 0.001101, [0.00289095982], [3.7729999999999997], [0.784], [0.0012928766765627725]]
[1500.0, 1800.0, 0.001006, [0.0203613179], [85.75000000000001], [13.23], [0.0076958552026399245]]
[1500.0, 400.0, 0.000582, [0.0056832209], [31.653999999999996], [5.390000000000001], [0.004018643222904964]]
[1500.0, 200.0, 0.000467, [0.0058024133999999995], [44.099999999999994], [7.3500000000000005], [0.004102927156311698]]
[1500.0, 500.0, 0.000526, [0.002315789], [9.555], [1.6660000000000001], [0.001637510735818242]]
[1500.0, 1300.0, 0.001505, [0.00921365816], [16.317], [2.7439999999999998], [0.0032575205896509694]]
[1500.0, 600.0, 0.000437, [0.00114664018], [3.7729999999999997], [0.784], [0.0008107972418058662]]
[1500.0, 1000.0, 0.001177, [0.014608174], [44.099999999999994], [7.3500000000000005], [0.006532973581761984]]
[1500.0, 2000.0, 0.001474, [0.020344167899999998], [51.94], [8.33], [0.007689372520563691]]
[1500.0, 800.0, 0.000842, [0.0116213251], [51.94], [8.33], [0.005810660408249651]]
[1500.0, 1700.0, 0.001038, [0.00456803088], [9.555], [1.6660000000000001], [0.002284014835678613]]
[1500.0, 1200.0, 0.000883, [0.0086200653], [31.653999999999996], [5.390000000000001], [0.004976798561324337]]
[1500.0, 300.0, 0.000246, [0.0057407959], [117.11], [15.19], [0.004059356196369075]]
[1500.0, 1400.0, 0.000839, [0.0115872652], [51.94], [8.33], [0.005793634100458882]]
[1500.0, 100.0, 0.000893, [0.0023437827000000002], [3.7729999999999997], [0.784], [0.0011718915233075115]]
[1500.0, 900.0, 0.001334, [0.00816511892], [16.317], [2.7439999999999998], [0.0030861250315565637]]
[1500.0, 700.0, 0.000749, [0.00458756032], [16.317], [2.7439999999999998], [0.002293780388092984]]
[1500.0, 1900.0, 0.001006, [0.0235058439], [117.11], [15.19], [0.008310569013611524]]
[1500.0, 1600.0, 0.000846, [0.0529090632], [366.52000000000004], [46.06], [0.017636354567767114]]
[1600.0, 1500.0, 0.000757, [0.00463117228], [16.317], [2.7439999999999998], [0.0018906679557447413]]
[1600.0, 100.0, 0.000352, [0.0015492112439999999], [9.555], [1.6660000000000001], [0.0010954578345878949]]
[1600.0, 1300.0, 0.000797, [0.007783130600000001], [31.653999999999996], [5.390000000000001], [0.003891565686198808]]
[1600.0, 900.0, 0.000622, [0.0077162946000000005], [44.099999999999994], [7.3500000000000005], [0.0038581481086137686]]
[1600.0, 300.0, 0.000345, [0.0015204186480000002], [9.555], [1.6660000000000001], [0.00107509850250105]]
[1600.0, 500.0, 0.000423, [0.0058378845], [51.94], [8.33], [0.003370502674972978]]
[1600.0, 1000.0, 0.000784, [0.009731375499999998], [44.099999999999994], [7.3500000000000005], [0.004352003349263417]]
[1600.0, 1200.0, 0.000521, [0.0022927198], [9.555], [1.6660000000000001], [0.0013237027999970388]]
[1600.0, 1800.0, 0.000592, [0.0057825831000000005], [31.653999999999996], [5.390000000000001], [0.0033385764437855845]]
[1600.0, 1100.0, 0.00105, [0.00462360472], [9.555], [1.6660000000000001], [0.0018875783027360745]]
[1600.0, 1900.0, 0.000772, [0.009581705000000001], [44.099999999999994], [7.3500000000000005], [0.004285068630605582]]
[1600.0, 1700.0, 0.000594, [0.0058037707], [31.653999999999996], [5.390000000000001], [0.0033508079546581003]]
[1600.0, 800.0, 0.000472, [0.009550800699999999], [85.75000000000001], [13.23], [0.004271248238864138]]
[1600.0, 200.0, 0.000175, [0.00077107576], [9.555], [1.6660000000000001], [0.0007710755586322264]]
[1600.0, 1600.0, 0.001065, [0.00468848464], [9.555], [1.6660000000000001], [0.0019140661965564305]]
[1600.0, 2000.0, 0.000576, [0.0134694875], [117.11], [15.19], [0.00509098681298626]]
[1600.0, 1400.0, 0.000631, [0.0038625622], [16.317], [2.7439999999999998], [0.0017273903775580088]]
[1600.0, 700.0, 0.000415, [0.0057311135], [51.94], [8.33], [0.003308858291465502]]
[1600.0, 400.0, 0.000387, [0.00378078414], [31.653999999999996], [5.390000000000001], [0.0026734181762305726]]
[1600.0, 600.0, 0.000694, [0.00305369764], [9.555], [1.6660000000000001], [0.0015268488061363507]]
[1700.0, 900.0, 0.00039, [0.0038097010000000004], [31.653999999999996], [5.390000000000001], [0.002199531897700054]]
[1700.0, 1500.0, 0.000333, [0.00203843528], [16.317], [2.7439999999999998], [0.0010192175267723766]]
[1700.0, 1800.0, 0.00052, [0.005074586999999999], [31.653999999999996], [5.390000000000001], [0.002537294568236018]]
[1700.0, 700.0, 0.000395, [0.00103783862], [3.7729999999999997], [0.784], [0.0005189191151229641]]
[1700.0, 500.0, 0.000269, [0.0026225152800000004], [31.653999999999996], [5.390000000000001], [0.0018543978626497605]]
[1700.0, 300.0, 0.000131, [0.00128157981], [31.653999999999996], [5.390000000000001], [0.0012815796142261317]]
[1700.0, 800.0, 0.000417, [0.00255528924], [16.317], [2.7439999999999998], [0.0011427603470894499]]
[1700.0, 1300.0, 0.00053, [0.0051714453], [31.653999999999996], [5.390000000000001], [0.0025857221536739017]]
[1700.0, 400.0, 0.000256, [0.0051821224], [85.75000000000001], [13.23], [0.0025910618998781173]]
[1700.0, 1000.0, 0.000493, [0.011532703699999999], [117.11], [15.19], [0.003844234096930102]]
[1700.0, 2000.0, 0.000331, [0.0077362523], [117.11], [15.19], [0.0031583117152998055]]
[1700.0, 1600.0, 0.000524, [0.0051156735], [31.653999999999996], [5.390000000000001], [0.002557837078275315]]
[1700.0, 1400.0, 0.000311, [0.0038568154800000002], [44.099999999999994], [7.3500000000000005], [0.0022267332833098806]]
[1700.0, 1200.0, 0.000552, [0.007617544900000001], [51.94], [8.33], [0.0031098497671109455]]
[1700.0, 100.0, 0.000103, [0.00127271473], [44.099999999999994], [7.3500000000000005], [0.0012727145149246943]]
[1700.0, 1700.0, 0.000532, [0.0051999584], [31.653999999999996], [5.390000000000001], [0.0025999794324186487]]
[1700.0, 1900.0, 0.000559, [0.007717348099999999], [51.94], [8.33], [0.003150595215986973]]
[1700.0, 1100.0, 0.000463, [0.006388619999999999], [51.94], [8.33], [0.0028570786112741106]]
[1700.0, 600.0, 0.000196, [0.000513974622], [3.7729999999999997], [0.784], [0.00036343495219915214]]
[1700.0, 200.0, 0.000116, [0.000512471596], [9.555], [1.6660000000000001], [0.0005124716765168588]]
[1800.0, 600.0, 0.000171, [0.00104850298], [16.317], [2.7439999999999998], [0.0006053536073668018]]
[1800.0, 1800.0, 0.000347, [0.00339155705], [31.653999999999996], [5.390000000000001], [0.0016957787871653544]]
[1800.0, 400.0, 0.000156, [0.000688128952], [9.555], [1.6660000000000001], [0.00048658060914919324]]
[1800.0, 1300.0, 0.00034, [0.0020832742], [16.317], [2.7439999999999998], [0.0008504929872961915]]
[1800.0, 1200.0, 0.00031, [0.00427644707], [51.94], [8.33], [0.0019124857557639484]]
[1800.0, 1700.0, 0.000621, [0.0038002675199999996], [16.317], [2.7439999999999998], [0.0011458237782835542]]
[1800.0, 500.0, 0.000139, [0.00172769198], [44.099999999999994], [7.3500000000000005], [0.0012216625717030051]]
[1800.0, 1600.0, 0.000464, [0.00204433292], [9.555], [1.6660000000000001], [0.000834595295936899]]
[1800.0, 1000.0, 0.000334, [0.00204124788], [16.317], [2.7439999999999998], [0.000833335899334716]]
[1800.0, 700.0, 0.000198, [0.0005206672380000001], [3.7729999999999997], [0.784], [0.0003006073763499492]]
[1800.0, 200.0, 0.000218, [0.00133418474], [16.317], [2.7439999999999998], [0.0006670922698397875]]
[1800.0, 800.0, 0.000265, [0.000695098516], [3.7729999999999997], [0.784], [0.00034754923162050007]]
[1800.0, 2000.0, 0.000399, [0.0024412917199999997], [16.317], [2.7439999999999998], [0.0009227214967041788]]
[1800.0, 1100.0, 0.000396, [0.00242339496], [16.317], [2.7439999999999998], [0.0009159577221684415]]
[1800.0, 900.0, 0.000441, [0.0060867163], [51.94], [8.33], [0.0023005617411840963]]
[1800.0, 1500.0, 0.000263, [0.0025712328599999997], [31.653999999999996], [5.390000000000001], [0.0014845020462094353]]
[1800.0, 1400.0, 0.000262, [0.00255912006], [31.653999999999996], [5.390000000000001], [0.0014775085304660682]]
[1800.0, 1900.0, 0.000277, [0.0034401973899999996], [44.099999999999994], [7.3500000000000005], [0.0017200982221954651]]
[1800.0, 100.0, 0.000189, [0.00261074793], [51.94], [8.33], [0.0015073159831302792]]
[1800.0, 300.0, 0.00011, [0.00257442031], [117.11], [15.19], [0.0014863418858728297]]
[1900.0, 300.0, 0.000138, [0.0017104400600000001], [44.099999999999994], [7.3500000000000005], [0.000987523126260849]]
[1900.0, 1600.0, 0.000367, [0.0016166391639999998], [9.555], [1.6660000000000001], [0.0006110320983123555]]
[1900.0, 600.0, 0.000119, [0.00116688502], [31.653999999999996], [5.390000000000001], [0.0008251124244004572]]
[1900.0, 1500.0, 0.000187, [0.001145455752], [16.317], [2.7439999999999998], [0.0005122634642134845]]
[1900.0, 500.0, 9.7e-05, [0.00227680607], [117.11], [15.19], [0.0011384028807500445]]
[1900.0, 1700.0, 0.000214, [0.00056119504], [3.7729999999999997], [0.784], [0.0002509740585399216]]
[1900.0, 1800.0, 0.000169, [0.00341302248], [85.75000000000001], [13.23], [0.0013933603847892332]]
[1900.0, 800.0, 0.000175, [0.0017124093699999998], [31.653999999999996], [5.390000000000001], [0.0009886599721845727]]
[1900.0, 1300.0, 0.000201, [0.00406966707], [85.75000000000001], [13.23], [0.0015381894531883906]]
[1900.0, 1000.0, 0.00018, [0.0017540167399999998], [31.653999999999996], [5.390000000000001], [0.0010126819461212886]]
[1900.0, 1900.0, 0.000186, [0.001136270408], [16.317], [2.7439999999999998], [0.0005081555058208068]]
[1900.0, 1200.0, 0.000186, [0.001139470108], [16.317], [2.7439999999999998], [0.0005095865436684921]]
[1900.0, 100.0, 7.5e-05, [0.000461333432], [16.317], [2.7439999999999998], [0.0003262120157443622]]
[1900.0, 2000.0, 0.000338, [0.00206745504], [16.317], [2.7439999999999998], [0.0006891514412377007]]
[1900.0, 1100.0, 0.000229, [0.001402276316], [16.317], [2.7439999999999998], [0.0005724769798411113]]
[1900.0, 900.0, 0.000189, [0.001157576392], [16.317], [2.7439999999999998], [0.0005176838289149082]]
[1900.0, 200.0, 0.000104, [0.00045755004399999997], [9.555], [1.6660000000000001], [0.00032353675532773707]]
[1900.0, 400.0, 0.000117, [0.00114713655], [31.653999999999996], [5.390000000000001], [0.0008111480483241022]]
[1900.0, 700.0, 0.00014, [0.00173199859], [44.099999999999994], [7.3500000000000005], [0.0009999699535986068]]
[1900.0, 1400.0, 0.000187, [0.0023226465500000002], [44.099999999999994], [7.3500000000000005], [0.0011613233626341978]]
[2000.0, 1500.0, 0.000176, [0.000460871264], [3.7729999999999997], [0.784], [0.00018814984243416204]]
[2000.0, 1200.0, 0.000174, [0.001066248624], [16.317], [2.7439999999999998], [0.00040300407392481776]]
[2000.0, 1300.0, 0.000141, [0.0006224469999999999], [9.555], [1.6660000000000001], [0.0003112234990356609]]
[2000.0, 300.0, 7e-05, [0.00030991049599999996], [9.555], [1.6660000000000001], [0.0002191397456601609]]
[2000.0, 900.0, 0.000116, [0.00030548520799999996], [3.7729999999999997], [0.784], [0.00015274261262660137]]
[2000.0, 1900.0, 0.00014, [0.000614901196], [9.555], [1.6660000000000001], [0.00030745060054584376]]
[2000.0, 1600.0, 0.000183, [0.00227773854], [44.099999999999994], [7.3500000000000005], [0.0009298830325906587]]
[2000.0, 500.0, 7.4e-05, [0.00019394004], [3.7729999999999997], [0.784], [0.0001371362852056304]]
[2000.0, 600.0, 7.1e-05, [0.000312152932], [9.555], [1.6660000000000001], [0.0002207255024685639]]
[2000.0, 200.0, 6.3e-05, [6.12310076e-05], [0.5781999999999999], [0.12250000000000001], [3.0615501150887604e-05]]
[2000.0, 1800.0, 0.000155, [0.00192352146], [44.099999999999994], [7.3500000000000005], [0.0008602249702839368]]
[2000.0, 2000.0, 0.000142, [0.000624030092], [9.555], [1.6660000000000001], [0.0003120150711488148]]
[2000.0, 400.0, 7.9e-05, [0.0007731499300000001], [31.653999999999996], [5.390000000000001], [0.0005466994801534021]]
[2000.0, 1100.0, 0.000155, [0.000946288], [16.317], [2.7439999999999998], [0.0003863205245803023]]
[2000.0, 100.0, 5.9e-05, [0.000154147924], [3.7729999999999997], [0.784], [0.00010899899937155388]]
[2000.0, 1400.0, 0.000125, [0.0007655334680000001], [16.317], [2.7439999999999998], [0.0003423569652394997]]
[2000.0, 1700.0, 0.000166, [0.0022972826799999998], [51.94], [8.33], [0.0009378616640528602]]
[2000.0, 700.0, 0.000104, [0.00045698144799999997], [9.555], [1.6660000000000001], [0.00026383835120770443]]
[2000.0, 1000.0, 0.000116, [0.0011340726599999998], [31.653999999999996], [5.390000000000001], [0.000654756988049765]]
[2000.0, 800.0, 9.6e-05, [0.00194089], [85.75000000000001], [13.23], [0.000867992506016037]]
[2100.0, 200.0, 3.4e-05, [0.00020761809599999999], [16.317], [2.7439999999999998], [0.00014680814760496098]]
[2100.0, 100.0, 0.0001, [0.000614626796], [16.317], [2.7439999999999998], [0.0002509203451934498]]
[2100.0, 400.0, 4.2e-05, [0.0004050067559999999], [30.183999999999997], [5.439], [0.00020250328830910376]]
[2100.0, 1400.0, 0.000116, [0.000509442416], [9.555], [1.6660000000000001], [0.0002278295771492367]]
[2100.0, 500.0, 3.9e-05, [0.00010285991800000002], [3.7729999999999997], [0.784], [7.273296311577029e-05]]
[2100.0, 800.0, 6.6e-05, [0.000402697288], [16.317], [2.7439999999999998], [0.00020134867361867574]]
[2100.0, 300.0, 4.1e-05, [0.0005092780700000001], [44.099999999999994], [7.3500000000000005], [0.00036011403153723406]]
[2100.0, 600.0, 6.4e-05, [6.21062064e-05], [0.5781999999999999], [0.12250000000000001], [2.535474969626007e-05]]
[2100.0, 700.0, 4.4e-05, [0.0010322756499999998], [117.11], [15.19], [0.00051613772677455]]
[2100.0, 1000.0, 0.000153, [0.0009346226680000001], [16.317], [2.7439999999999998], [0.0003115409364561903]]
[2100.0, 1700.0, 9.4e-05, [0.0012951116499999998], [51.94], [8.33], [0.0005791916073286974]]
[2100.0, 1800.0, 0.000114, [0.00029997133599999996], [3.7729999999999997], [0.784], [0.0001224627935497145]]
[2100.0, 1900.0, 0.000105, [0.00102501777], [31.653999999999996], [5.390000000000001], [0.00051250884704559]]
[2100.0, 900.0, 9.5e-05, [0.00041809171599999995], [9.555], [1.6660000000000001], [0.00020904583042003015]]
[2100.0, 2000.0, 9.9e-05, [0.000260291822], [3.7729999999999997], [0.784], [0.00011640601544593819]]
[2100.0, 1200.0, 0.000103, [0.0012846496599999999], [44.099999999999994], [7.3500000000000005], [0.0005745126192695858]]
[2100.0, 1500.0, 0.000137, [0.00036091498799999995], [3.7729999999999997], [0.784], [0.00013641304307140137]]
[2100.0, 1100.0, 9.5e-05, [0.000416869852], [9.555], [1.6660000000000001], [0.00020843491884039008]]
[2100.0, 1300.0, 0.000165, [0.00204371944], [44.099999999999994], [7.3500000000000005], [0.0007225639421532188]]
[2100.0, 1600.0, 9.5e-05, [0.0012304844719999999], [47.53], [7.742], [0.0003552102435685097]]
[2200.0, 1700.0, 5e-05, [0.00069064177], [51.94], [8.33], [0.00034532090779447455]]
[2200.0, 1100.0, 6.6e-05, [0.00017276312199999999], [3.7729999999999997], [0.784], [7.726201538919367e-05]]
[2200.0, 200.0, 2.9e-05, [0.0006790268099999999], [117.11], [15.19], [0.0003395134296312886]]
[2200.0, 1800.0, 9e-05, [0.000551253724], [16.317], [2.7439999999999998], [0.00019489763397229838]]
[2200.0, 900.0, 5.1e-05, [0.0010300530100000001], [85.75000000000001], [13.23], [0.0004205173605215366]]
[2200.0, 1000.0, 9.5e-05, [0.0011837542499999998], [44.099999999999994], [7.3500000000000005], [0.00044741703860045386]]
[2200.0, 1300.0, 9.3e-05, [0.000408507708], [9.555], [1.6660000000000001], [0.0001667725635708704]]
[2200.0, 1900.0, 8.8e-05, [0.00085488683], [31.653999999999996], [5.390000000000001], [0.00038231711090402426]]
[2200.0, 1400.0, 7e-05, [0.00068714954], [31.653999999999996], [5.390000000000001], [0.0003435746735863981]]
[2200.0, 1600.0, 5.2e-05, [0.0005073513899999999], [31.653999999999996], [5.390000000000001], [0.00029291960654759865]]
[2200.0, 800.0, 2.9e-05, [0.00068879006], [117.11], [15.19], [0.00034439495839805784]]
[2200.0, 400.0, 3.5e-05, [0.000339834796], [31.653999999999996], [5.390000000000001], [0.000240299417186143]]
[2200.0, 600.0, 5.6e-05, [0.00034189985199999996], [16.317], [2.7439999999999998], [0.0001529021991575007]]
[2200.0, 2000.0, 6.5e-05, [0.000170867802], [3.7729999999999997], [0.784], [7.641439635304333e-05]]
[2200.0, 500.0, 1.6e-05, [6.8223876e-05], [9.555], [1.6660000000000001], [6.822388090983977e-05]]
[2200.0, 700.0, 2.8e-05, [0.00034793238900000003], [44.099999999999994], [7.3500000000000005], [0.0002460253354636469]]
[2200.0, 300.0, 3.1e-05, [0.0001380509536], [9.555], [1.6660000000000001], [9.761677631227124e-05]]
[2200.0, 1200.0, 8.6e-05, [0.0011888120300000001], [51.94], [8.33], [0.0004493287442730545]]
[2200.0, 1500.0, 9e-05, [0.00023726417399999998], [3.7729999999999997], [0.784], [8.96774273426708e-05]]
[2200.0, 100.0, 3.1e-05, [0.00013520950239999998], [9.555], [1.6660000000000001], [9.5607566453707e-05]]
[2300.0, 700.0, 3.1e-05, [0.0001376091108], [9.555], [1.6660000000000001], [7.944866709014066e-05]]
[2300.0, 100.0, 1e-05, [4.5560395999999994e-05], [9.555], [1.6660000000000001], [4.5560401311665374e-05]]
[2300.0, 1800.0, 5.5e-05, [0.0006855835], [44.099999999999994], [7.3500000000000005], [0.0002798882830880921]]
[2300.0, 1000.0, 4.3e-05, [0.00011374517], [3.7729999999999997], [0.784], [5.086838187322259e-05]]
[2300.0, 1500.0, 4.5e-05, [0.00027511716399999996], [16.317], [2.7439999999999998], [0.0001123160894119805]]
[2300.0, 1200.0, 4.1e-05, [0.0001806496916], [9.555], [1.6660000000000001], [9.032485146403509e-05]]
[2300.0, 500.0, 1.9e-05, [0.000229994142], [44.099999999999994], [7.3500000000000005], [0.0001626304020778403]]
[2300.0, 1900.0, 5.9e-05, [0.00035923193600000006], [16.317], [2.7439999999999998], [0.00012700766728351482]]
[2300.0, 1300.0, 3.7e-05, [0.0002242828], [16.317], [2.7439999999999998], [0.00010030231777980009]]
[2300.0, 1600.0, 4.5e-05, [0.0005639522700000001], [44.099999999999994], [7.3500000000000005], [0.000252207050773764]]
[2300.0, 1700.0, 6e-05, [0.000366764804], [16.317], [2.7439999999999998], [0.00012967095444701561]]
[2300.0, 1400.0, 6.2e-05, [0.00027491587199999996], [9.555], [1.6660000000000001], [0.00011223395394977404]]
[2300.0, 1100.0, 6e-05, [0.00036569582], [16.317], [2.7439999999999998], [0.0001292930159908106]]
[2300.0, 900.0, 2.7e-05, [0.000338915409], [44.099999999999994], [7.3500000000000005], [0.00019567283569775338]]
[2300.0, 2000.0, 5.8e-05, [0.00079449727], [51.94], [8.33], [0.00030029165373016945]]
[2300.0, 300.0, 2.2e-05, [0.000136783206], [16.317], [2.7439999999999998], [7.897182712841333e-05]]
[2300.0, 200.0, 1.7e-05, [3.4255522700000006e-05], [2.2981000000000003], [0.4557], [1.9777440433483806e-05]]
[2300.0, 400.0, 2.2e-05, [0.0001365055328], [16.317], [2.7439999999999998], [7.881150007454495e-05]]
[2300.0, 800.0, 2.6e-05, [6.809522159999999e-05], [3.7729999999999997], [0.784], [3.9314798155402e-05]]
[2300.0, 600.0, 4.6e-05, [0.00057075984], [44.099999999999994], [7.3500000000000005], [0.0002552515777228419]]
[2400.0, 1200.0, 2.3e-05, [5.9829e-05], [3.7729999999999997], [0.784], [2.9914499598689596e-05]]
[2400.0, 1500.0, 3.1e-05, [0.000380100938], [44.099999999999994], [7.3500000000000005], [0.00016998628977067535]]
[2400.0, 1100.0, 2.4e-05, [0.0001492220716], [16.317], [2.7439999999999998], [6.673412881577162e-05]]
[2400.0, 1600.0, 3.3e-05, [0.00045431673], [51.94], [8.33], [0.0001854740295027851]]
[2400.0, 400.0, 1.1e-05, [0.000147579621], [51.94], [8.33], [0.0001043545397000054]]
[2400.0, 1300.0, 3.7e-05, [0.000453317865], [44.099999999999994], [7.3500000000000005], [0.00018506626026912633]]
[2400.0, 200.0, 1.6e-05, [0.00022511104699999998], [51.94], [8.33], [0.00012996793474545943]]
[2400.0, 1700.0, 4.9e-05, [0.000213739568], [9.555], [1.6660000000000001], [8.078600740227233e-05]]
[2400.0, 2000.0, 2e-05, [0.0001197486892], [16.317], [2.7439999999999998], [5.987434293251159e-05]]
[2400.0, 600.0, 2.8e-05, [0.00012178042520000001], [9.555], [1.6660000000000001], [6.089021627158177e-05]]
[2400.0, 1900.0, 4.2e-05, [0.0005217353400000001], [44.099999999999994], [7.3500000000000005], [0.00019719751547623516]]
[2400.0, 700.0, 1.2e-05, [0.000150578372], [44.099999999999994], [7.3500000000000005], [0.00010647498180323864]]
[2400.0, 100.0, 1.1e-05, [0.000376712931], [186.69], [23.03], [0.0001684711640904757]]
[2400.0, 1800.0, 3.9e-05, [0.000239103536], [16.317], [2.7439999999999998], [8.453591564299756e-05]]
[2400.0, 500.0, 1.4e-05, [5.97398984e-05], [9.555], [1.6660000000000001], [4.224248365993647e-05]]
[2400.0, 900.0, 2.5e-05, [0.0001507067716], [16.317], [2.7439999999999998], [6.739812759416986e-05]]
[2400.0, 1400.0, 2.9e-05, [0.00017955573720000002], [16.317], [2.7439999999999998], [7.33033187134116e-05]]
[2400.0, 800.0, 1.9e-05, [0.00011879005320000001], [16.317], [2.7439999999999998], [5.939502776899763e-05]]
[2400.0, 300.0, 1.2e-05, [0.00014939796199999998], [44.099999999999994], [7.3500000000000005], [0.00010564031811765808]]
[2400.0, 1000.0, 2.2e-05, [0.00029748943699999995], [51.94], [8.33], [0.0001487447360715666]]
[2500.0, 400.0, 9e-06, [0.00031520132000000006], [186.69], [23.03], [0.00014096229521400394]]
[2500.0, 1300.0, 2e-05, [0.0002474206], [44.099999999999994], [7.3500000000000005], [0.00011064987704466734]]
[2500.0, 500.0, 1e-05, [5.9848325600000006e-05], [16.317], [2.7439999999999998], [3.455344920785767e-05]]
[2500.0, 900.0, 2.3e-05, [9.93884248e-05], [9.555], [1.6660000000000001], [4.444784355084057e-05]]
[2500.0, 1400.0, 2.3e-05, [0.000101116596], [9.555], [1.6660000000000001], [4.5220725653620374e-05]]
[2500.0, 200.0, 1e-05, [0.00020011296200000002], [85.75000000000001], [13.23], [0.00010005651223183825]]
[2500.0, 1900.0, 1.8e-05, [0.000251649594], [51.94], [8.33], [0.00011254110668551291]]
[2500.0, 1000.0, 1.5e-05, [0.00034371701700000004], [117.11], [15.19], [0.00012991284347207556]]
[2500.0, 1800.0, 3.4e-05, [9.017839459999999e-05], [3.7729999999999997], [0.784], [3.005947244181108e-05]]
[2500.0, 1700.0, 2e-05, [0.000246666147], [44.099999999999994], [7.3500000000000005], [0.00011031246275013535]]
[2500.0, 800.0, 9e-06, [0.00020083326200000002], [117.11], [15.19], [0.00010041663860635845]]
[2500.0, 700.0, 1e-05, [1.0048565239999999e-05], [0.5781999999999999], [0.12250000000000001], [4.493855583972409e-06]]
[2500.0, 1600.0, 2.4e-05, [0.00029728770400000003], [44.099999999999994], [7.3500000000000005], [0.00012136716417136886]]
[2500.0, 1100.0, 1.9e-05, [4.87491004e-05], [3.7729999999999997], [0.784], [2.180125806094685e-05]]
[2500.0, 600.0, 9e-06, [3.983588279999999e-05], [9.555], [1.6660000000000001], [2.8168234631229558e-05]]
[2500.0, 300.0, 1e-05, [9.772952e-06], [0.5781999999999999], [0.12250000000000001], [4.370596963894063e-06]]
[2500.0, 2000.0, 2.7e-05, [0.00012099722879999999], [9.555], [1.6660000000000001], [4.9396915310978676e-05]]
[2500.0, 1200.0, 1.6e-05, [0.00019971650299999998], [44.099999999999994], [7.3500000000000005], [9.985824919354434e-05]]
[2500.0, 100.0, 1.1e-05, [2.9319992799999998e-05], [3.7729999999999997], [0.784], [1.6927902283508134e-05]]
[2500.0, 1500.0, 1.8e-05, [0.00024780177100000003], [51.94], [8.33], [0.00011082032219769081]]
[2600.0, 800.0, 7e-06, [9.7751766e-05], [51.94], [8.33], [5.643700370324421e-05]]
[2600.0, 2000.0, 1e-05, [0.000129934231], [44.099999999999994], [7.3500000000000005], [6.49671078546675e-05]]
[2600.0, 900.0, 1.3e-05, [0.000164180625], [44.099999999999994], [7.3500000000000005], [7.342378181488611e-05]]
[2600.0, 1000.0, 9e-06, [3.8624367599999995e-05], [9.555], [1.6660000000000001], [2.2299796099516246e-05]]
[2600.0, 200.0, 5e-06, [6.42370204e-05], [47.53], [7.742], [2.872766992013101e-05]]
[2600.0, 1100.0, 1.2e-05, [0.00015983079699999998], [51.94], [8.33], [7.147852221471846e-05]]
[2600.0, 1500.0, 1.3e-05, [7.770073079999999e-05], [16.317], [2.7439999999999998], [3.1721193697589635e-05]]
[2600.0, 700.0, 7e-06, [6.5041228e-05], [31.653999999999996], [5.390000000000001], [4.5991100862014596e-05]]
[2600.0, 1800.0, 1e-05, [9.20617488e-06], [0.5781999999999999], [0.12250000000000001], [3.4796067189267236e-06]]
[2600.0, 1600.0, 1.3e-05, [7.77325612e-05], [16.317], [2.7439999999999998], [3.173418561992729e-05]]
[2600.0, 1400.0, 1.6e-05, [0.000325010679], [85.75000000000001], [13.23], [0.00010277740363523493]]
[2600.0, 1300.0, 1.2e-05, [0.00016412167799999998], [51.94], [8.33], [7.339743677404545e-05]]
[2600.0, 600.0, 9e-06, [5.24732768e-05], [16.317], [2.7439999999999998], [2.6236640824617777e-05]]
[2600.0, 1700.0, 1.6e-05, [0.000226366231], [51.94], [8.33], [8.555839192621611e-05]]
[2600.0, 400.0, 5e-06, [9.750142499999998e-05], [102.41], [13.72], [5.629249152418109e-05]]
[2600.0, 300.0, 3e-06, [5.23082252e-05], [73.01], [11.76], [2.6154112505684453e-05]]
[2600.0, 1900.0, 2.5e-05, [6.480229420000001e-05], [3.7729999999999997], [0.784], [2.0492289759809662e-05]]
[2600.0, 1200.0, 1.8e-05, [7.89036024e-05], [9.555], [1.6660000000000001], [3.2212258623077024e-05]]
[2600.0, 100.0, 3e-06, [3.22924259e-05], [44.099999999999994], [7.3500000000000005], [3.2292420150865124e-05]]
[2600.0, 500.0, 8e-06, [9.687574399999999e-05], [44.099999999999994], [7.3500000000000005], [5.593124097496854e-05]]
[2700.0, 1400.0, 1.1e-05, [2.99139218e-05], [3.7729999999999997], [0.784], [1.1306401473501638e-05]]
[2700.0, 1000.0, 6e-06, [3.42718936e-05], [16.317], [2.7439999999999998], [1.7135944960695922e-05]]
[2700.0, 800.0, 6e-06, [2.5566690800000003e-05], [9.555], [1.6660000000000001], [1.476093294016337e-05]]
[2700.0, 900.0, 5e-06, [1.68916622e-05], [5.684], [1.2739999999999998], [8.445829675289457e-06]]
[2700.0, 600.0, 4e-06, [4.28752989e-05], [31.653999999999996], [5.390000000000001], [3.0317413111939478e-05]]
[2700.0, 1100.0, 1.2e-05, [5.14416112e-05], [9.555], [1.6660000000000001], [2.1000949551865504e-05]]
[2700.0, 1300.0, 8e-06, [0.000171055619], [85.75000000000001], [13.23], [6.047729594649549e-05]]
[2700.0, 400.0, 6e-06, [8.540847e-05], [51.94], [8.33], [4.270424919021525e-05]]
[2700.0, 1700.0, 9e-06, [0.000128323601], [51.94], [8.33], [5.238789804907237e-05]]
[2700.0, 100.0, 5e-06, [6.286209999999999e-05], [44.099999999999994], [7.3500000000000005], [3.629343701552665e-05]]
[2700.0, 2000.0, 8e-06, [3.37581384e-05], [9.555], [1.6660000000000001], [1.687906777378419e-05]]
[2700.0, 1200.0, 6e-06, [6.2827555e-05], [31.653999999999996], [5.390000000000001], [3.6273518831235546e-05]]
[2700.0, 700.0, 3e-06, [2.1125745666666664e-06], [0.4214], [0.0931], [1.219695754094256e-06]]
[2700.0, 300.0, 5e-06, [6.2984159e-05], [51.94], [8.33], [3.63639098970394e-05]]
[2700.0, 1800.0, 1.4e-05, [5.9541213200000004e-05], [9.555], [1.6660000000000001], [2.2504461897143865e-05]]
[2700.0, 200.0, 4e-06, [4.25927159e-05], [31.653999999999996], [5.390000000000001], [3.0117597983571006e-05]]
[2700.0, 1500.0, 1e-05, [2.52095298e-05], [3.7729999999999997], [0.784], [1.029174985121578e-05]]
[2700.0, 500.0, 6e-06, [1.70112418e-05], [3.7729999999999997], [0.784], [8.505621496633858e-06]]
[2700.0, 1900.0, 1e-05, [6.03909516e-05], [16.317], [2.7439999999999998], [2.2825628508323706e-05]]
[2700.0, 1600.0, 9e-06, [8.4692874e-06], [0.5781999999999999], [0.12250000000000001], [2.678223638160189e-06]]
[2800.0, 1500.0, 8e-06, [2.21112108e-05], [3.7729999999999997], [0.784], [7.817493231720767e-06]]
[2800.0, 200.0, 3e-06, [2.76869992e-05], [31.653999999999996], [5.390000000000001], [1.957766777734263e-05]]
[2800.0, 400.0, 3e-06, [2.7648078499999998e-05], [31.653999999999996], [5.390000000000001], [1.955014647259708e-05]]
[2800.0, 900.0, 4e-06, [1.67110188e-05], [9.555], [1.6660000000000001], [9.648110700857448e-06]]
[2800.0, 600.0, 1e-06, [1.37022473e-05], [128.38], [17.150000000000002], [1.3702250518801647e-05]]
[2800.0, 1200.0, 6e-06, [2.72831804e-05], [9.555], [1.6660000000000001], [1.2201406949036657e-05]]
[2800.0, 1000.0, 5e-06, [2.78833128e-05], [16.317], [2.7439999999999998], [1.2469795111708933e-05]]
[2800.0, 1400.0, 6e-06, [5.5037976e-05], [31.653999999999996], [5.390000000000001], [2.7518977593653438e-05]]
[2800.0, 800.0, 3e-06, [1.680222348e-05], [16.317], [2.7439999999999998], [9.700768487496234e-06]]
[2800.0, 100.0, 2e-06, [2.20264212e-05], [30.183999999999997], [5.439], [1.1013215408408209e-05]]
[2800.0, 1100.0, 6e-06, [5.4456934e-05], [31.653999999999996], [5.390000000000001], [2.7228458336821056e-05]]
[2800.0, 1300.0, 5e-06, [9.548571200000001e-05], [85.75000000000001], [13.23], [3.609020481377184e-05]]
[2800.0, 2000.0, 6e-06, [0.00013770376900000002], [117.11], [15.19], [4.354574339128912e-05]]
[2800.0, 500.0, 1e-06, [2.7520663799999997e-05], [102.41], [13.72], [1.9460046330880098e-05]]
[2800.0, 1900.0, 9e-06, [2.4777918199999998e-05], [3.7729999999999997], [0.784], [8.25930720823484e-06]]
[2800.0, 1800.0, 5e-06, [6.9123614e-05], [51.94], [8.33], [3.091301225697683e-05]]
[2800.0, 300.0, 4e-06, [2.23568576e-05], [16.317], [2.7439999999999998], [1.1178426607711839e-05]]
[2800.0, 700.0, 4e-06, [2.21426296e-05], [16.317], [2.7439999999999998], [1.1071309443060473e-05]]
[2800.0, 1600.0, 5e-06, [3.2985918e-05], [16.317], [2.7439999999999998], [1.3466445269929255e-05]]
[2800.0, 1700.0, 6e-06, [2.74899604e-05], [9.555], [1.6660000000000001], [1.2293884976198532e-05]]
[2900.0, 1300.0, 3e-06, [7.871467800000001e-05], [117.11], [15.19], [2.6238221210668986e-05]]
[2900.0, 900.0, 2e-06, [2.67813518e-05], [44.099999999999994], [7.3500000000000005], [1.546221844561769e-05]]
[2900.0, 1600.0, 4e-06, [5.3383295e-05], [44.099999999999994], [7.3500000000000005], [2.1793638950391006e-05]]
[2900.0, 2000.0, 4e-06, [5.3945864e-05], [44.099999999999994], [7.3500000000000005], [2.2023311515301235e-05]]
[2900.0, 1200.0, 4e-06, [5.39294e-05], [44.099999999999994], [7.3500000000000005], [2.2016583901686473e-05]]
[2900.0, 1700.0, 3e-06, [1.06669276e-05], [5.684], [1.2739999999999998], [4.354754359088466e-06]]
[2900.0, 1100.0, 3e-06, [2.7386771300000002e-05], [31.653999999999996], [5.390000000000001], [1.581175411205221e-05]]
[2900.0, 800.0, 2e-06, [5.318464899999999e-05], [117.11], [15.19], [2.1712557415007565e-05]]
[2900.0, 600.0, 3e-06, [1.4400302279999999e-05], [9.555], [1.6660000000000001], [7.200152770601468e-06]]
[2900.0, 100.0, 2e-06, [1.075706016e-05], [16.317], [2.7439999999999998], [6.210593333329756e-06]]
[2900.0, 400.0, 2e-06, [4.53647978e-05], [85.75000000000001], [13.23], [2.028775161519876e-05]]
[2900.0, 1000.0, 2e-06, [2.7199875500000003e-05], [51.94], [8.33], [1.57038540428775e-05]]
[2900.0, 1400.0, 3e-06, [6.2996899e-05], [117.11], [15.19], [2.3810596979076355e-05]]
[2900.0, 200.0, 1e-06, [1.8004520800000002e-06], [5.684], [1.2739999999999998], [1.8004520420161155e-06]]
[2900.0, 500.0, 2e-06, [1.078963144e-05], [9.555], [1.6660000000000001], [6.229396806754247e-06]]
[2900.0, 1500.0, 3e-06, [1.779856792e-05], [16.317], [2.7439999999999998], [7.959762464797552e-06]]
[2900.0, 1800.0, 3e-06, [3.55237995e-05], [51.94], [8.33], [1.7761895093148142e-05]]
[2900.0, 300.0, 2e-06, [2.7206196499999998e-05], [51.94], [8.33], [1.5707500103453763e-05]]
[2900.0, 700.0, 2e-06, [1.4318023440000001e-05], [16.317], [2.7439999999999998], [7.159013695195729e-06]]
[2900.0, 1900.0, 4e-06, [3.6251621e-05], [31.653999999999996], [5.390000000000001], [1.8125808028885223e-05]]
[3000.0, 1900.0, 2e-06, [0.000113935584], [366.52000000000004], [46.06], [3.602957704997382e-05]]
[3000.0, 800.0, 1e-06, [3.4041123200000004e-06], [11.515], [2.499], [1.9653650172932253e-06]]
[3000.0, 900.0, 2e-06, [2.27747247e-05], [51.94], [8.33], [1.1387361744495518e-05]]
[3000.0, 1600.0, 3e-06, [3.43558012e-05], [44.099999999999994], [7.3500000000000005], [1.4025695154964691e-05]]
[3000.0, 700.0, 1e-06, [1.71986815e-05], [117.11], [15.19], [9.929665930936448e-06]]
[3000.0, 600.0, 2e-06, [9.26231124e-06], [16.317], [2.7439999999999998], [4.631155257341305e-06]]
[3000.0, 1300.0, 2e-06, [2.82177182e-05], [51.94], [8.33], [1.2619346641565877e-05]]
[3000.0, 500.0, 1e-06, [3.4201902000000003e-06], [5.684], [1.2739999999999998], [1.9746477164294393e-06]]
[3000.0, 1500.0, 2e-06, [4.57532159e-05], [117.11], [15.19], [1.6176205475945214e-05]]
[3000.0, 1800.0, 3e-06, [2.85511534e-05], [31.653999999999996], [5.390000000000001], [1.2768464528282169e-05]]
[3000.0, 2000.0, 4e-06, [3.45260027e-05], [31.653999999999996], [5.390000000000001], [1.4095177699128166e-05]]
[3000.0, 100.0, 1e-06, [2.28385129e-05], [168.07], [25.48], [1.141925840324143e-05]]
[3000.0, 1400.0, 3e-06, [6.823891900000001e-06], [3.7729999999999997], [0.784], [2.785842157840246e-06]]
[3000.0, 1100.0, 3e-06, [1.625078336e-05], [16.317], [2.7439999999999998], [6.142218779431421e-06]]
[3000.0, 1200.0, 2e-06, [1.1338500040000001e-05], [16.317], [2.7439999999999998], [5.070731754372341e-06]]
[3000.0, 1000.0, 3e-06, [2.91099641e-05], [31.653999999999996], [5.390000000000001], [1.3018371419651536e-05]]
[3000.0, 400.0, 2e-06, [5.78190886e-06], [3.7729999999999997], [0.784], [2.585748338953348e-06]]
[3000.0, 300.0, 2e-06, [3.99180313e-05], [117.11], [15.19], [1.5087598903735478e-05]]
[3000.0, 1700.0, 5e-06, [2.0732782e-05], [9.555], [1.6660000000000001], [6.910927759425647e-06]]
[3000.0, 200.0, 1e-06, [1.1612745200000001e-06], [2.2981000000000003], [0.4557], [8.211451228010795e-07]]
