[200.0, 1800.0, 0.020713, [1.0692359599999999, 0.10692359600000001], [786.6, 25.392], [50.808656000000006, 2.93968428], [0.33812221695712336, 0.10692363330901172]]
[200.0, 700.0, 0.035177, [4.8930476, 0.053185292], [4057.2, 1.8078], [209.489474, 0.304713108], [1.0202709575794071, 0.0531852907108723]]
[200.0, 2000.0, 0.067355, [0.026716546999999997, 0.053433093999999993], [0.09706000000000001, 1.8078], [0.0328924104, 0.304713108], [0.02671654695128096, 0.05343309390256192]]
[200.0, 1300.0, 0.027706, [1.5982285999999999, 1.70477656], [786.6, 874.0], [50.808656000000006, 74.882572], [0.41266076721685085, 0.602729628805487]]
[200.0, 1400.0, 0.023946, [0.5390800720000001, 0.215631992], [259.90000000000003, 86.94], [15.5177596, 7.5865132], [0.24108394179621337, 0.15247486712242117]]
[200.0, 400.0, 0.077059, [0.107731034, 0.6463860199999999], [1.1500000000000001, 314.64], [0.18400000000000002, 26.476988199999997], [0.07617733332166465, 0.26388600735923834]]
[200.0, 1900.0, 0.071286, [0.053415108, 0.106830216], [0.35742, 8.096], [0.090960262, 0.98766186], [0.053415092249288504, 0.10683018449857701]]
[200.0, 1700.0, 0.026278, [0.107175768, 2.5722188], [14.352, 1996.4], [1.25133524, 126.311676], [0.07578470333781086, 0.7425354139433351]]
[200.0, 500.0, 0.029343, [0.053615116, 3.43136816], [3.8824, 1996.4], [0.428071952, 126.311676], [0.053615126298461706, 0.8578420602418606]]
[200.0, 1500.0, 0.024373, [1.27858104, 1.7047737999999997], [786.6, 874.0], [50.808656000000006, 74.882572], [0.3690944375630713, 0.6027287862380558]]
[200.0, 100.0, 0.070808, [0.4275815, 0.053447676000000006], [259.90000000000003, 0.31418], [15.5177596, 0.093860286], [0.2137907394065515, 0.053447684851637874]]
[200.0, 600.0, 0.03343, [2.77292048, 0.21330163200000002], [1968.8, 25.392], [126.311676, 2.93968428], [0.76907003665466, 0.15082703460586896]]
[200.0, 1000.0, 0.034051, [0.7474606239999999, 0.320340228], [259.90000000000003, 86.94], [15.5177596, 7.5865132], [0.28251356045329934, 0.18494853610666945]]
[200.0, 1200.0, 0.030022, [0.053525553999999996, 0.8564084040000001], [3.8824, 314.64], [0.428071952, 26.476988199999997], [0.05352554149188965, 0.3027862427522096]]
[200.0, 300.0, 0.026702, [1.1758952399999998, 0.320698752], [786.6, 86.94], [50.808656000000006, 7.5865132], [0.35454584673917705, 0.18515550277536988]]
[200.0, 1600.0, 0.062484, [0.026626272000000003, 2.9821413599999995], [0.09706000000000001, 1996.4], [0.0328924104, 126.311676], [0.02662626269306303, 0.7970108199014616]]
[200.0, 900.0, 0.041603, [0.053579098000000006, 0.642949084], [1.1500000000000001, 314.64], [0.18400000000000002, 26.476988199999997], [0.053579101037624734, 0.2624828845925006]]
[200.0, 800.0, 0.023241, [4.48460072, 2.77618096], [4057.2, 1996.4], [209.489474, 126.311676], [0.9786200481903076, 0.7699739374290535]]
[200.0, 1100.0, 0.023158, [24.026812, 0.744193152], [25530.0, 314.64], [1383.06314, 26.476988199999997], [2.2602518358802413, 0.2812785919191149]]
[200.0, 200.0, 0.040842, [0.053286998, 0.106573996], [1.1500000000000001, 25.392], [0.18400000000000002, 2.93968428], [0.053287024236675105, 0.10657404847335021]]
[300.0, 2000.0, 0.0142, [0.0813531896, 0.0813531896], [43.37799999999999, 25.392], [3.22984216, 2.93968428], [0.0575253937526724, 0.0575253937526724]]
[300.0, 400.0, 0.009692, [0.20314262400000002, 0.6500565439999999], [259.90000000000003, 874.0], [15.5177596, 74.882572], [0.09084816696884974, 0.2298297001520909]]
[300.0, 1000.0, 0.025619, [0.010140838000000001, 1.216900744], [0.09706000000000001, 1996.4], [0.0328924104, 126.311676], [0.0101408379781949, 0.31420245366323923]]
[300.0, 200.0, 0.010794, [2.4175208, 1.047592592], [4057.2, 1996.4], [209.489474, 126.311676], [0.44137703537905093, 0.2905499249354575]]
[300.0, 1600.0, 0.010819, [5.3453564, 1.295844104], [9476.0, 1996.4], [553.91314, 126.311676], [0.6579678946574825, 0.32396098876253604]]
[300.0, 1300.0, 0.013789, [6.08110064, 0.162162696], [9476.0, 86.94], [553.91314, 7.5865132], [0.7021850805592497, 0.08108133861746487]]
[300.0, 800.0, 0.01022, [0.6110161599999999, 0.9776258560000001], [786.6, 1996.4], [50.808656000000006, 126.311676], [0.15776369128541584, 0.28221623448696215]]
[300.0, 700.0, 0.018292, [0.0203526356, 0.0407052804], [1.1500000000000001, 8.096], [0.18400000000000002, 0.98766186], [0.020352637490015885, 0.04070527498003177]]
[300.0, 300.0, 0.021246, [0.0203315814, 0.609947488], [1.1500000000000001, 314.64], [0.18400000000000002, 26.476988199999997], [0.02033158370614547, 0.1574877433199168]]
[300.0, 900.0, 0.010893, [1.3826172159999999, 0.284656464], [1968.8, 314.64], [126.311676, 26.476988199999997], [0.33533387923083463, 0.1075900174551524]]
[300.0, 600.0, 0.014617, [0.285274888, 1.0595923360000001], [259.90000000000003, 874.0], [15.5177596, 74.882572], [0.1078237645048623, 0.2938780698453016]]
[300.0, 1400.0, 0.013719, [0.020353564799999998, 0.08141425919999999], [3.8824, 25.392], [0.428071952, 2.93968428], [0.02035356277411893, 0.057568569035542305]]
[300.0, 500.0, 0.017279, [0.24301928800000003, 1.134089704], [103.5, 1996.4], [6.6977012, 126.311676], [0.09921217892980679, 0.3030982690547737]]
[300.0, 1200.0, 0.028162, [0.0202913544, 0.0405827088], [0.35742, 8.096], [0.090960262, 0.98766186], [0.02029135552889456, 0.04058270062970182]]
[300.0, 100.0, 0.015065, [0.12164672399999998, 0.72988016], [43.37799999999999, 874.0], [3.22984216, 74.882572], [0.070232754204858, 0.24329343902374348]]
[300.0, 1100.0, 0.01408, [13.662568559999999, 0.0203311996], [25530.0, 1.8078], [1383.06314, 0.304713108], [1.0540900552040136, 0.020331203830565466]]
[300.0, 1900.0, 0.019244, [0.04053634539999999, 0.1621454], [3.8824, 86.94], [0.428071952, 7.5865132], [0.028663526112465646, 0.0810726895273618]]
[300.0, 1500.0, 0.018251, [0.0202787734, 0.162230224], [1.1500000000000001, 86.94], [0.18400000000000002, 7.5865132], [0.020278775357501253, 0.08111510664728241]]
[300.0, 1700.0, 0.012026, [1.704701304, 0.649409968], [1968.8, 874.0], [126.311676, 74.882572], [0.3719963089709359, 0.229601110101846]]
[300.0, 1800.0, 0.011331, [526.8292600000001], [786600.0], [37086.3868], [73.0580799090696]]
[400.0, 900.0, 0.007094, [1.387476656, 0.0749987496], [4057.2, 86.94], [209.489474, 7.5865132], [0.2280997468828056, 0.03749937379743827]]
[400.0, 1200.0, 0.0123, [0.0047111704999999995, 0.376893824], [0.09706000000000001, 874.0], [0.0328924104, 74.882572], [0.0047111720314588395, 0.11918427254633893]]
[400.0, 1500.0, 0.009445, [2.1764219199999997, 0.037524527599999996], [4057.2, 25.392], [209.489474, 2.93968428], [0.28577824219488795, 0.026533843114030807]]
[400.0, 200.0, 0.00688, [319.90768999999995], [791200.0], [37086.3868], [38.79448937671432]]
[400.0, 1600.0, 0.014805, [0.0188398382, 0.565195008], [1.1500000000000001, 874.0], [0.18400000000000002, 74.882572], [0.013321775516799554, 0.14593274203138926]]
[400.0, 500.0, 0.007548, [1.5507429839999998, 0.0189115108], [4057.2, 8.096], [209.489474, 0.98766186], [0.24218538248209776, 0.01891149905427912]]
[400.0, 1700.0, 0.015929, [1.50969148, 0.056613432799999995], [4057.2, 8.096], [209.489474, 0.98766186], [0.23870317943420866, 0.0326857886917235]]
[400.0, 300.0, 0.009523, [0.0094070322, 0.26339692], [1.1500000000000001, 314.64], [0.18400000000000002, 26.476988199999997], [0.009407032616080375, 0.07039579456757342]]
[400.0, 1300.0, 0.009689, [0.07546298159999999, 0.037731490799999996], [43.37799999999999, 25.392], [3.22984216, 2.93968428], [0.037731487031390634, 0.026680190344148598]]
[400.0, 1400.0, 0.006831, [1.695298536, 0.48975298399999995], [4057.2, 1996.4], [209.489474, 126.311676], [0.2527201652421112, 0.13583300735830006]]
[400.0, 1100.0, 0.008137, [0.169686824, 0.009427042200000001], [259.90000000000003, 1.8078], [15.5177596, 0.304713108], [0.05656226291088432, 0.00942704543958498]]
[400.0, 800.0, 0.014293, [1.58714904, 0.009447319], [4057.2, 0.31418], [209.489474, 0.093860286], [0.24490241021272127, 0.009447316004029928]]
[400.0, 100.0, 0.015109, [0.0189699538, 0.0094849746], [3.8824, 0.31418], [0.428071952, 0.093860286], [0.01341378298914963, 0.00948497579754424]]
[400.0, 1000.0, 0.0076, [353.34853999999996], [791200.0], [37086.3868], [40.801170228315755]]
[400.0, 400.0, 0.01347, [0.009454816999999999, 0.009454816999999999], [0.35742, 1.8078], [0.090960262, 0.304713108], [0.009454814083841098, 0.009454814083841098]]
[400.0, 1800.0, 0.007135, [1.395464096, 0.0754304872], [4057.2, 86.94], [209.489474, 7.5865132], [0.2294128794292073, 0.03771524262682132]]
[400.0, 2000.0, 0.015757, [0.009391824600000001, 0.037567298400000004], [0.35742, 8.096], [0.090960262, 0.98766186], [0.009391822376940485, 0.026564083568608194]]
[400.0, 600.0, 0.009118, [1.429019256, 0.11281730000000001], [4057.2, 86.94], [209.489474, 7.5865132], [0.2318175830432196, 0.046057482484391184]]
[400.0, 700.0, 0.017496, [0.0047019659, 0.0094039318], [0.09706000000000001, 0.31418], [0.0328924104, 0.093860286], [0.004701968479264828, 0.009403936958529657]]
[400.0, 1900.0, 0.013218, [0.009401526, 0.0188030428], [0.35742, 8.096], [0.090960262, 0.98766186], [0.009401524518927767, 0.018803049037855533]]
[500.0, 1700.0, 0.003782, [0.09846263200000001, 0.23631028], [259.90000000000003, 1996.4], [15.5177596, 126.311676], [0.031136624942340815, 0.0682169174560094]]
[500.0, 1100.0, 0.004791, [0.0589306644, 0.0049108864], [103.5, 1.8078], [6.6977012, 0.304713108], [0.024058341259529922, 0.004910889422497722]]
[500.0, 300.0, 0.007627, [0.0024385497, 0.068279364], [0.09706000000000001, 86.94], [0.0328924104, 7.5865132], [0.0024385489004733942, 0.025807175802090396]]
[500.0, 1300.0, 0.005525, [1.0395573120000001, 0.0294214344], [4057.2, 25.392], [209.489474, 2.93968428], [0.14279417180263346, 0.016986471515885813]]
[500.0, 1800.0, 0.007777, [1.0198522, 0.0049031354000000004], [4057.2, 0.31418], [209.489474, 0.093860286], [0.14142806639702035, 0.00490313609437878]]
[500.0, 1400.0, 0.004587, [0.9937564, 0.004871354], [4057.2, 1.8078], [209.489474, 0.304713108], [0.13915373925554425, 0.0048713543907213325]]
[500.0, 600.0, 0.004335, [0.8813662560000001, 0.293788752], [4057.2, 874.0], [209.489474, 74.882572], [0.13138630771887913, 0.07585592756798905]]
[500.0, 1900.0, 0.004443, [0.0049186972, 0.0098373944], [1.1500000000000001, 8.096], [0.18400000000000002, 0.98766186], [0.004918697209627769, 0.009837394419255538]]
[500.0, 1200.0, 0.00374, [173.87008699999998], [786600.0], [37086.3868], [20.63458430402706]]
[500.0, 800.0, 0.005506, [1.295111784, 0.0049057252], [4057.2, 1.8078], [209.489474, 0.304713108], [0.15941724321289716, 0.004905726930843176]]
[500.0, 1000.0, 0.006777, [0.0048898736000000005, 0.0880177064], [0.35742, 314.64], [0.090960262, 26.476988199999997], [0.004889873564827623, 0.029339231291906746]]
[500.0, 2000.0, 0.006569, [0.919944432, 0.0097866426], [4057.2, 1.8078], [209.489474, 0.304713108], [0.13418768167607636, 0.0069202012282880915]]
[500.0, 700.0, 0.004808, [0.0048670760000000006, 0.048670741600000005], [1.1500000000000001, 86.94], [0.18400000000000002, 7.5865132], [0.00486707390533573, 0.021766218151989564]]
[500.0, 100.0, 0.006668, [0.002442117, 0.0390738536], [0.09706000000000001, 86.94], [0.0328924104, 7.5865132], [0.002442116995559385, 0.019536929466013847]]
[500.0, 200.0, 0.006699, [0.0024421101, 0.0195368808], [0.09706000000000001, 25.392], [0.0328924104, 2.93968428], [0.0024421094140107645, 0.013814653952958795]]
[500.0, 1500.0, 0.004399, [0.8077837360000001, 0.0492551164], [4057.2, 86.94], [209.489474, 7.5865132], [0.1261546188326056, 0.02202755329490772]]
[500.0, 900.0, 0.005084, [0.019574058, 0.0489351312], [14.352, 86.94], [1.25133524, 7.5865132], [0.009787028364115434, 0.021884460236432608]]
[500.0, 1600.0, 0.006907, [0.0048635662, 0.0194542556], [0.35742, 25.392], [0.090960262, 2.93968428], [0.004863564141655788, 0.013756236741202153]]
[500.0, 500.0, 0.006437, [0.0048920448, 0.0391363492], [1.1500000000000001, 25.392], [0.18400000000000002, 2.93968428], [0.004892043229571872, 0.019568177243678063]]
[500.0, 400.0, 0.005082, [0.0492907664, 0.0591489252], [103.5, 86.94], [6.6977012, 7.5865132], [0.02204349757729022, 0.02414744138827134]]
[600.0, 200.0, 0.002726, [0.174447824, 0.1308358864], [786.6, 874.0], [50.808656000000006, 74.882572], [0.03083831217171264, 0.03776907363862662]]
[600.0, 1400.0, 0.002831, [131.61795999999998], [786600.0], [37086.3868], [13.433203113926325]]
[600.0, 1900.0, 0.003187, [148.180283], [786600.0], [37086.3868], [14.258653323508499]]
[600.0, 100.0, 0.002134, [0.008192779399999999, 0.054618550800000006], [14.352, 314.64], [1.25133524, 26.476988199999997], [0.004730104197583812, 0.017271899272517773]]
[600.0, 800.0, 0.00273, [126.943532], [786600.0], [37086.3868], [13.163430681247196]]
[600.0, 1200.0, 0.003017, [0.0763988884, 0.130969544], [259.90000000000003, 874.0], [15.5177596, 74.882572], [0.02041846060015299, 0.03780764373932869]]
[600.0, 600.0, 0.002938, [0.428352184, 0.00549169528], [1968.8, 8.096], [126.311676, 0.98766186], [0.06859124151668346, 0.005491694929618724]]
[600.0, 1600.0, 0.006533, [0.0492634608, 0.027368592400000002], [43.37799999999999, 25.392], [3.22984216, 2.93968428], [0.016421154712138848, 0.012239603379194932]]
[600.0, 400.0, 0.004361, [0.005445567399999999, 0.0707923808], [1.1500000000000001, 314.64], [0.18400000000000002, 26.476988199999997], [0.003850597876693955, 0.01963427220347115]]
[600.0, 500.0, 0.003208, [0.394610448, 0.0328842132], [1968.8, 86.94], [126.311676, 7.5865132], [0.06576840569148686, 0.013424921696605908]]
[600.0, 1100.0, 0.004492, [0.653699008, 0.00272374602], [4057.2, 0.31418], [209.489474, 0.093860286], [0.0843921771919649, 0.002723745806788879]]
[600.0, 300.0, 0.006981, [0.0027150787, 0.0108603148], [0.09706000000000001, 25.392], [0.0328924104, 2.93968428], [0.0019198509322340626, 0.007679403177851779]]
[600.0, 1700.0, 0.002823, [0.0219342812, 0.06031927560000001], [43.37799999999999, 314.64], [3.22984216, 26.476988199999997], [0.010967140914568392, 0.018186948045232878]]
[600.0, 1500.0, 0.003298, [153.331662], [786600.0], [37086.3868], [14.488479364653834]]
[600.0, 1800.0, 0.003764, [0.00136452629, 0.060039163199999995], [0.09706000000000001, 314.64], [0.0328924104, 26.476988199999997], [0.0013645262474573363, 0.018102486317630513]]
[600.0, 1000.0, 0.00285, [0.48835789599999996, 0.0162785904], [4057.2, 25.392], [209.489474, 2.93968428], [0.07280008307687567, 0.009398451812931745]]
[600.0, 2000.0, 0.002922, [0.630798, 0.027189569599999998], [4057.2, 86.94], [209.489474, 7.5865132], [0.08282782021519097, 0.012159546412592865]]
[600.0, 700.0, 0.005576, [0.0013733934800000001, 0.0164807236], [0.09706000000000001, 8.096], [0.0328924104, 0.98766186], [0.0013733933438749438, 0.009515148646237745]]
[600.0, 1300.0, 0.002823, [0.5967559760000001, 0.02712528], [4057.2, 86.94], [209.489474, 7.5865132], [0.08046656814354641, 0.012130792211558156]]
[600.0, 900.0, 0.003804, [0.00136771823, 0.00273543646], [0.09706000000000001, 1.8078], [0.0328924104, 0.304713108], [0.0013677179698315001, 0.002735436326438618]]
[700.0, 2000.0, 0.002173, [0.0007968129199999999, 0.0318725168], [0.09706000000000001, 314.64], [0.0328924104, 26.476988199999997], [0.0007968130834769218, 0.010078976852835807]]
[700.0, 100.0, 0.002709, [0.057820712, 0.012849051200000001], [259.90000000000003, 25.392], [15.5177596, 2.93968428], [0.013628473340767116, 0.006424524090701195]]
[700.0, 1000.0, 0.001859, [86.435196], [791200.0], [37086.3868], [8.31723060279081]]
[700.0, 600.0, 0.002405, [0.004787634, 0.022342292], [3.8824, 86.94], [0.428071952, 7.5865132], [0.0027641414927604556, 0.008444591246946178]]
[700.0, 1400.0, 0.002454, [0.0351492716, 0.0127815508], [103.5, 86.94], [6.6977012, 7.5865132], [0.010597900856301686, 0.006390775877778848]]
[700.0, 1900.0, 0.002278, [0.0191517044, 0.0015959750599999999], [43.37799999999999, 1.8078], [3.22984216, 0.304713108], [0.007818649648116995, 0.001595975286776083]]
[700.0, 200.0, 0.008407, [0.0063880752, 0.0015970188], [0.35742, 1.8078], [0.090960262, 0.304713108], [0.003194038081175614, 0.001597019040587807]]
[700.0, 400.0, 0.002285, [0.0008015796700000001, 0.041682154799999996], [0.09706000000000001, 314.64], [0.0328924104, 26.476988199999997], [0.0008015798631452762, 0.011560549557871372]]
[700.0, 1300.0, 0.002276, [0.00079498212, 0.0158996516], [0.09706000000000001, 86.94], [0.0328924104, 7.5865132], [0.0007949822821925027, 0.0071105382907343945]]
[700.0, 1100.0, 0.001837, [0.044587128399999995, 0.0015923971799999999], [259.90000000000003, 1.8078], [15.5177596, 0.304713108], [0.011916411647807405, 0.0015923974880663434]]
[700.0, 800.0, 0.002404, [0.0258093304, 0.00645233352], [103.5, 8.096], [6.6977012, 0.98766186], [0.009124976764025211, 0.004562488613903601]]
[700.0, 1500.0, 0.002126, [0.0546125524, 0.012850017200000001], [259.90000000000003, 86.94], [15.5177596, 7.5865132], [0.013245488928688137, 0.006425004942566192]]
[700.0, 1600.0, 0.002104, [0.028831723599999998, 0.0016017627799999998], [103.5, 1.8078], [6.6977012, 0.304713108], [0.009610574700817843, 0.0016017626703104303]]
[700.0, 1800.0, 0.001924, [0.047908365200000004, 0.0894289496], [259.90000000000003, 874.0], [15.5177596, 74.882572], [0.012369884966320422, 0.02390089175240121]]
[700.0, 1200.0, 0.003325, [0.00161160494, 0.0096696324], [0.35742, 8.096], [0.090960262, 0.98766186], [0.0016116052568789915, 0.005582763615271562]]
[700.0, 700.0, 0.001976, [0.121343952, 0.0159663148], [786.6, 86.94], [50.808656000000006, 7.5865132], [0.019684594845716285, 0.007140352870832085]]
[700.0, 900.0, 0.003963, [0.0096456158, 0.1093169944], [3.8824, 874.0], [0.428071952, 74.882572], [0.003937806349733314, 0.026513263542612023]]
[700.0, 300.0, 0.001909, [0.0445952888, 0.015926892800000002], [259.90000000000003, 86.94], [15.5177596, 7.5865132], [0.01191859201080396, 0.007122721162027895]]
[700.0, 500.0, 0.0018, [0.369195448, 0.047740787199999996], [4057.2, 314.64], [209.489474, 26.476988199999997], [0.04847773940604078, 0.012326619922752547]]
[700.0, 1700.0, 0.001774, [0.02243926, 0.1666916352], [103.5, 1996.4], [6.6977012, 126.311676], [0.008481241439317715, 0.03269091291964787]]
[800.0, 300.0, 0.001765, [0.0173417792, 0.0009634322799999999], [103.5, 0.31418], [6.6977012, 0.093860286], [0.0057805928872391625, 0.0009634320868644556]]
[800.0, 100.0, 0.001473, [0.0097033228, 0.00388132912], [43.37799999999999, 8.096], [3.22984216, 0.98766186], [0.0043394567567841946, 0.002744513740246166]]
[800.0, 1800.0, 0.001717, [0.287342128, 0.00097074996], [4057.2, 0.31418], [209.489474, 0.093860286], [0.033402832138607653, 0.0009707501969095859]]
[800.0, 800.0, 0.001423, [0.036777736, 0.09291218], [259.90000000000003, 1996.4], [15.5177596, 126.311676], [0.008437390672476888, 0.018965616467702808]]
[800.0, 400.0, 0.001553, [72.188766], [791200.0], [37086.3868], [5.933880095687811]]
[800.0, 200.0, 0.0017, [0.0009697669400000001, 0.00193953342], [0.35742, 1.8078], [0.090960262, 0.304713108], [0.0009697671735009388, 0.001371457734820873]]
[800.0, 1700.0, 0.001751, [0.030996005200000003, 0.0009686252200000001], [259.90000000000003, 0.31418], [15.5177596, 0.093860286], [0.00774900113098456, 0.0009686250048393341]]
[800.0, 600.0, 0.001553, [0.00193028604, 0.0096514256], [1.1500000000000001, 86.94], [0.18400000000000002, 7.5865132], [0.0013649184460618883, 0.004316250374572819]]
[800.0, 1600.0, 0.001573, [0.09872455599999999, 0.00580732612], [786.6, 25.392], [50.808656000000006, 2.93968428], [0.013824202376990868, 0.0033528617126269912]]
[800.0, 1000.0, 0.001537, [0.0028993294, 0.0038657719200000003], [3.8824, 8.096], [0.428071952, 0.98766186], [0.0016739285600048765, 0.0027335139951351994]]
[800.0, 1100.0, 0.001621, [0.0852397204, 0.0019372665399999998], [786.6, 1.8078], [50.808656000000006, 0.304713108], [0.012850371493462747, 0.0013698543583899713]]
[800.0, 1500.0, 0.001886, [0.0444386312, 0.0038642272400000004], [259.90000000000003, 8.096], [15.5177596, 0.98766186], [0.009266094581861336, 0.0027324223029392804]]
[800.0, 1400.0, 0.001748, [0.09514548, 0.0174756944], [786.6, 86.94], [50.808656000000006, 7.5865132], [0.013592208403346384, 0.005825232662134622]]
[800.0, 1200.0, 0.00186, [0.40713128, 0.0019387205999999999], [4057.2, 1.8078], [209.489474, 0.304713108], [0.03973194020734452, 0.0013708823498754371]]
[800.0, 900.0, 0.001838, [0.0906010848, 0.00096384122], [786.6, 0.31418], [50.808656000000006, 0.093860286], [0.013215527007274436, 0.0009638415027378724]]
[800.0, 1300.0, 0.00163, [0.0009641968, 0.00385678444], [0.35742, 8.096], [0.090960262, 0.98766186], [0.0009641961014233568, 0.00272715933791922]]
[800.0, 2000.0, 0.001494, [0.006753476199999999, 0.0096478192], [14.352, 86.94], [1.25133524, 7.5865132], [0.0025525739464313272, 0.004314637182429132]]
[800.0, 500.0, 0.001413, [65.686505], [791200.0], [37086.3868], [5.632571333769329]]
[800.0, 1900.0, 0.00163, [0.023241794399999998, 0.023241794399999998], [103.5, 314.64], [6.6977012, 26.476988199999997], [0.006709327946076269, 0.006709327946076269]]
[800.0, 700.0, 0.001505, [0.00096966068, 0.0058179650000000005], [0.35742, 25.392], [0.090960262, 2.93968428], [0.0009696607967737997, 0.0033590030282808618]]
[900.0, 200.0, 0.0008, [0.020438306000000003, 0.00240450648], [259.90000000000003, 25.392], [15.5177596, 2.93968428], [0.004957016859362091, 0.0017002426386842557]]
[900.0, 1100.0, 0.001088, [0.028901928800000004, 0.0006021234400000001], [259.90000000000003, 1.8078], [15.5177596, 0.304713108], [0.005899580611535027, 0.000602123483348723]]
[900.0, 300.0, 0.00122, [0.010806218799999998, 0.00240138216], [43.37799999999999, 25.392], [3.22984216, 2.93968428], [0.0036020719948385263, 0.0016980334102720122]]
[900.0, 1000.0, 0.001101, [0.0265783308, 0.00845674304], [259.90000000000003, 86.94], [15.5177596, 7.5865132], [0.0056665189201131234, 0.003196347991067305]]
[900.0, 900.0, 0.001089, [0.256790768, 0.00839969476], [4057.2, 86.94], [209.489474, 7.5865132], [0.02482489377701343, 0.003174786569204298]]
[900.0, 1600.0, 0.001359, [0.0120757728, 0.00060378864], [43.37799999999999, 1.8078], [3.22984216, 0.304713108], [0.0038186938164770424, 0.0006037885073434241]]
[900.0, 700.0, 0.00109, [0.1702372968, 0.00599427012], [1968.8, 86.94], [126.311676, 7.5865132], [0.020203451364556504, 0.002680719452982725]]
[900.0, 1900.0, 0.001106, [0.0097032768, 0.00242581828], [43.37799999999999, 25.392], [3.22984216, 2.93968428], [0.0034306255989250706, 0.0017153130461813667]]
[900.0, 500.0, 0.001002, [0.24119088000000002, 0.00723573008], [4057.2, 86.94], [209.489474, 7.5865132], [0.02411910152887126, 0.0029539751630641717]]
[900.0, 1400.0, 0.001462, [0.033820764, 0.00603942188], [259.90000000000003, 25.392], [15.5177596, 2.93968428], [0.006391524124964248, 0.002700911926590721]]
[900.0, 1200.0, 0.001037, [48.197903], [791200.0], [37086.3868], [3.810378145276397]]
[900.0, 1500.0, 0.001064, [0.06999042600000001, 0.0181009724], [786.6, 314.64], [50.808656000000006, 26.476988199999997], [0.00919019355356567, 0.004673650708386326]]
[900.0, 800.0, 0.001496, [0.0774681216, 0.0018156590999999999], [786.6, 1.8078], [50.808656000000006, 0.304713108], [0.009683514618153886, 0.001048271371163021]]
[900.0, 400.0, 0.001399, [0.0312911596, 0.00060175314], [259.90000000000003, 0.31418], [15.5177596, 0.093860286], [0.0061367013719098315, 0.0006017531454010023]]
[900.0, 100.0, 0.000734, [0.0181056736, 0.0006035223], [259.90000000000003, 1.8078], [15.5177596, 0.304713108], [0.004674864828847996, 0.0006035224542633023]]
[900.0, 600.0, 0.001041, [0.008478628, 0.00726739556], [43.37799999999999, 86.94], [3.22984216, 7.5865132], [0.0032046202995050753, 0.002966900866560931]]
[900.0, 1800.0, 0.00105, [0.0276849988, 0.0361108648], [259.90000000000003, 874.0], [15.5177596, 74.882572], [0.005772720327887018, 0.00932378492416036]]
[900.0, 2000.0, 0.001219, [0.245099408, 0.00606681672], [4057.2, 25.392], [209.489474, 2.93968428], [0.024388302888065004, 0.00271316298279333]]
[900.0, 1700.0, 0.00108, [0.0624027352, 0.004800210399999999], [786.6, 25.392], [50.808656000000006, 2.93968428], [0.008653702609172562, 0.0024001052676913986]]
[900.0, 1300.0, 0.001206, [0.027636846, 0.00120160188], [259.90000000000003, 1.8078], [15.5177596, 0.304713108], [0.005762680545718286, 0.0008496608436311514]]
[1000.0, 1600.0, 0.00093, [0.0213485724, 0.00038122454000000006], [259.90000000000003, 0.31418], [15.5177596, 0.093860286], [0.004034501585078384, 0.00038122453861208884]]
[1000.0, 1400.0, 0.000955, [0.013770955599999999, 0.0022951598799999997], [103.5, 25.392], [6.6977012, 2.93968428], [0.0032458455317528586, 0.0013251111023608547]]
[1000.0, 1500.0, 0.000767, [35.652483999999994], [791200.0], [37086.3868], [2.614166280097729]]
[1000.0, 700.0, 0.000992, [0.027503197599999998, 0.0022919334400000003], [259.90000000000003, 86.94], [15.5177596, 7.5865132], [0.004583866186528573, 0.0013232485081797751]]
[1000.0, 1900.0, 0.000854, [0.022884245600000002, 0.0038140403199999995], [259.90000000000003, 86.94], [15.5177596, 7.5865132], [0.004178071392401044, 0.001705690668790798]]
[1000.0, 1800.0, 0.001048, [0.00228047852, 0.00038007973799999994], [3.8824, 0.31418], [0.428071952, 0.093860286], [0.000931001362834663, 0.00038007977046930556]]
[1000.0, 500.0, 0.000925, [0.0076449994399999995, 0.0061159990000000004], [43.37799999999999, 86.94], [3.22984216, 7.5865132], [0.002417561323648275, 0.002162332348923264]]
[1000.0, 1000.0, 0.000872, [0.007672662, 0.003836331], [43.37799999999999, 86.94], [3.22984216, 7.5865132], [0.002426308449311423, 0.0017156594044273473]]
[1000.0, 200.0, 0.000779, [0.00076818114, 0.000384090478], [1.1500000000000001, 0.31418], [0.18400000000000002, 0.093860286], [0.0005431859898782368, 0.00038409038670604605]]
[1000.0, 1100.0, 0.000895, [0.0200062188, 0.00038473498400000005], [259.90000000000003, 0.31418], [15.5177596, 0.093860286], [0.003923542758273446, 0.0003847350462851025]]
[1000.0, 2000.0, 0.001168, [0.0269012784, 0.0011529118], [259.90000000000003, 1.8078], [15.5177596, 0.304713108], [0.004547145953232643, 0.0006656339874135034]]
[1000.0, 1700.0, 0.001085, [0.01586816, 0.00226688], [103.5, 25.392], [6.6977012, 2.93968428], [0.0034627167230369855, 0.0013087836704360274]]
[1000.0, 800.0, 0.000929, [0.025313698800000003, 0.000383540916], [259.90000000000003, 1.8078], [15.5177596, 0.304713108], [0.004406549345689891, 0.0003835408720853619]]
[1000.0, 1300.0, 0.001035, [0.0007617659800000001, 0.00380882944], [0.35742, 86.94], [0.090960262, 7.5865132], [0.0005386497864104282, 0.0017033600619951145]]
[1000.0, 400.0, 0.000764, [0.00835768112, 0.000379894588], [103.5, 0.31418], [6.6977012, 0.093860286], [0.002519935924899679, 0.0003798945863789059]]
[1000.0, 300.0, 0.000917, [0.012254317200000002, 0.00076589494], [103.5, 1.8078], [6.6977012, 0.304713108], [0.0030635792792092064, 0.0005415692742392242]]
[1000.0, 600.0, 0.00074, [0.0099206176, 0.00534187236], [103.5, 86.94], [6.6977012, 7.5865132], [0.002751484837828477, 0.0020190380450105442]]
[1000.0, 1200.0, 0.001004, [0.023762358, 0.00038326390399999997], [259.90000000000003, 0.31418], [15.5177596, 0.093860286], [0.0042678461865442155, 0.0003832639559885589]]
[1000.0, 100.0, 0.000671, [0.000382474498, 0.00076494872], [0.35742, 1.8078], [0.090960262, 0.304713108], [0.0003824744957771694, 0.0005409005409499976]]
[1000.0, 900.0, 0.000794, [0.0548251828, 0.041698024800000004], [786.6, 1996.4], [50.808656000000006, 126.311676], [0.006506552599956447, 0.008024790377822963]]
[1100.0, 1300.0, 0.000882, [0.007892704839999999, 0.0014798825599999998], [43.37799999999999, 25.392], [3.22984216, 2.93968428], [0.001973176099186284, 0.0008544102954435883]]
[1100.0, 1800.0, 0.000658, [0.0168134692, 0.0019780552], [259.90000000000003, 25.392], [15.5177596, 2.93968428], [0.002883485774405693, 0.0009890273856673537]]
[1100.0, 2000.0, 0.000639, [0.0173128728, 0.00247326728], [259.90000000000003, 86.94], [15.5177596, 7.5865132], [0.0029264099507758648, 0.0011060791588308678]]
[1100.0, 700.0, 0.000632, [0.0148316236, 0.00024719374199999995], [259.90000000000003, 0.31418], [15.5177596, 0.093860286], [0.002707871494144432, 0.0002471937024278734]]
[1100.0, 900.0, 0.00073, [0.0093868612, 0.005928541640000001], [103.5, 86.94], [6.6977012, 7.5865132], [0.0021534930337477297, 0.0017114228134508431]]
[1100.0, 200.0, 0.000669, [0.00049210616, 0.0024605308], [0.35742, 86.94], [0.090960262, 7.5865132], [0.00034797155998730705, 0.0011003826905218023]]
[1100.0, 1900.0, 0.000701, [0.018225135599999998, 0.0039405688399999994], [259.90000000000003, 86.94], [15.5177596, 7.5865132], [0.002996192971088478, 0.0013932017197807358]]
[1100.0, 1500.0, 0.000617, [0.0432689984, 0.00245846632], [786.6, 86.94], [50.808656000000006, 7.5865132], [0.004612491359775105, 0.001099459278736598]]
[1100.0, 800.0, 0.000604, [0.00887624004, 0.00246562208], [103.5, 86.94], [6.6977012, 7.5865132], [0.002092149787754213, 0.0011026598198900692]]
[1100.0, 500.0, 0.000526, [0.0142941136, 0.0019716023200000003], [259.90000000000003, 86.94], [15.5177596, 7.5865132], [0.0026543503527605393, 0.000985800928382602]]
[1100.0, 1700.0, 0.000746, [0.0201469788, 0.0014741693599999999], [259.90000000000003, 25.392], [15.5177596, 2.93968428], [0.003146429590504132, 0.0008511119342601184]]
[1100.0, 400.0, 0.000445, [0.00049113556, 0.0039290854], [1.1500000000000001, 86.94], [0.18400000000000002, 7.5865132], [0.0003472853467107416, 0.0013891415087024072]]
[1100.0, 600.0, 0.000668, [0.041516269599999996, 0.000247120694], [786.6, 0.31418], [50.808656000000006, 0.093860286], [0.004529797302308349, 0.00024712067408454516]]
[1100.0, 1400.0, 0.001029, [0.0007358532599999999, 0.000245284374], [0.35742, 0.31418], [0.090960262, 0.093860286], [0.0004248449779860884, 0.0002452843624041288]]
[1100.0, 100.0, 0.000509, [0.00396397916, 0.00198198912], [43.37799999999999, 25.392], [3.22984216, 2.93968428], [0.0014014780072480624, 0.0009909946026089144]]
[1100.0, 1100.0, 0.000643, [0.016180619599999998, 0.00049032182], [259.90000000000003, 1.8078], [15.5177596, 0.304713108], [0.002816684236189779, 0.00034670987612123194]]
[1100.0, 1000.0, 0.0007, [0.009307179999999998, 0.000244925758], [103.5, 0.31418], [6.6977012, 0.093860286], [0.0021352135690838984, 0.00024492578941385487]]
[1100.0, 300.0, 0.000943, [0.00123569294, 0.003954218880000001], [1.1500000000000001, 86.94], [0.18400000000000002, 7.5865132], [0.0005526189280145949, 0.0013980274108900729]]
[1100.0, 1200.0, 0.000628, [0.0166810352, 0.0014718564799999997], [259.90000000000003, 25.392], [15.5177596, 2.93968428], [0.0028607747272373614, 0.0008497767142961732]]
[1100.0, 1600.0, 0.000652, [0.04323609, 0.00196527732], [786.6, 25.392], [50.808656000000006, 2.93968428], [0.004608983308279604, 0.0009826383863863655]]
[1200.0, 100.0, 0.000323, [0.008332773040000001, 0.0019229481200000002], [259.90000000000003, 86.94], [15.5177596, 7.5865132], [0.001634191159932032, 0.0007850400485070809]]
[1200.0, 1400.0, 0.00064, [0.0096283152, 0.0016047192], [103.5, 86.94], [6.6977012, 7.5865132], [0.001757881679294713, 0.0007176521904098111]]
[1200.0, 1700.0, 0.000524, [0.0142175236, 0.0009693764], [259.90000000000003, 25.392], [15.5177596, 2.93968428], [0.002143372751902944, 0.0005596699601729577]]
[1200.0, 1800.0, 0.000519, [0.03401079, 0.00016042822], [786.6, 0.31418], [50.808656000000006, 0.093860286], [0.0033034201089174237, 0.00016042825623935455]]
[1200.0, 700.0, 0.000767, [0.00674000464, 0.00016047633599999999], [43.37799999999999, 0.31418], [3.22984216, 0.093860286], [0.0014707897024387954, 0.0001604763254813619]]
[1200.0, 200.0, 0.000282, [0.000160957266, 0.000321914578], [0.35742, 1.8078], [0.090960262, 0.304713108], [0.0001609572800466012, 0.00022762796840458774]]
[1200.0, 1900.0, 0.000587, [0.00511711912, 0.000319819922], [43.37799999999999, 1.8078], [3.22984216, 0.304713108], [0.0012792794353072357, 0.0002261468260223875]]
[1200.0, 1200.0, 0.000514, [0.00737813688, 0.00128315436], [103.5, 25.392], [6.6977012, 2.93968428], [0.0015384477012885423, 0.000641577090738128]]
[1200.0, 1100.0, 0.000615, [0.0008052322999999999, 0.00257674428], [1.1500000000000001, 86.94], [0.18400000000000002, 7.5865132], [0.0003601109052500355, 0.0009110165459748796]]
[1200.0, 1300.0, 0.000596, [0.015460885199999998, 0.000161050876], [259.90000000000003, 0.31418], [15.5177596, 0.093860286], [0.0022315868259155857, 0.00016105092051894643]]
[1200.0, 2000.0, 0.00042, [0.029509717600000002, 0.010905764640000001], [786.6, 874.0], [50.808656000000006, 74.882572], [0.0030766002249236085, 0.0026450363197506378]]
[1200.0, 800.0, 0.0005, [0.013177666000000001, 0.00064281274], [259.90000000000003, 8.096], [15.5177596, 0.98766186], [0.002058004836534647, 0.0004545372635989265]]
[1200.0, 1600.0, 0.000458, [0.030434244000000003, 0.000320360422], [786.6, 1.8078], [50.808656000000006, 0.304713108], [0.0031224873187893016, 0.00022652905385402554]]
[1200.0, 1000.0, 0.000603, [0.00833732612, 0.00096199892], [103.5, 8.096], [6.6977012, 0.98766186], [0.0016350840898253522, 0.0005554104843086779]]
[1200.0, 1500.0, 0.000552, [0.0048233346000000005, 0.000643111188], [43.37799999999999, 8.096], [3.22984216, 0.98766186], [0.0012453796388250452, 0.0004547482851864315]]
[1200.0, 300.0, 0.000266, [0.00063693624, 0.000318468212], [3.8824, 8.096], [0.428071952, 0.98766186], [0.00031846816927284897, 0.00031846820249437774]]
[1200.0, 600.0, 0.000513, [0.00738984756, 0.000642595344], [103.5, 8.096], [6.6977012, 0.98766186], [0.0015408898706916077, 0.00045438361326086574]]
[1200.0, 500.0, 0.000412, [0.0112389224, 0.00385334364], [259.90000000000003, 314.64], [15.5177596, 26.476988199999997], [0.0018997240372222487, 0.001112364463294293]]
[1200.0, 900.0, 0.000581, [0.00864692268, 0.0019215386799999999], [103.5, 86.94], [6.6977012, 7.5865132], [0.0016641012286516708, 0.0007844647463334474]]
[1200.0, 400.0, 0.000462, [0.0103087748, 0.00048322356000000006], [259.90000000000003, 1.8078], [15.5177596, 0.304713108], [0.0018223511784505203, 0.0002789893742779463]]
[1300.0, 1600.0, 0.000351, [0.00317280676, 0.00253824596], [43.37799999999999, 314.64], [3.22984216, 26.476988199999997], [0.0008192152385301438, 0.0007327283961741896]]
[1300.0, 1700.0, 0.00042, [0.00588015516, 0.000630016736], [103.5, 8.096], [6.6977012, 0.98766186], [0.001111244994049467, 0.00036374024072131466]]
[1300.0, 900.0, 0.000388, [0.00566695528, 0.0016790984400000002], [103.5, 86.94], [6.6977012, 7.5865132], [0.0010906059666075554, 0.0005936507718179098]]
[1300.0, 200.0, 0.000222, [0.0046375958, 0.00010539989200000001], [259.90000000000003, 0.31418], [15.5177596, 0.093860286], [0.0009887389422896218, 0.00010539990349141692]]
[1300.0, 1800.0, 0.000426, [0.00631982684, 0.00400255752], [103.5, 314.64], [6.6977012, 26.476988199999997], [0.0011538373576895488, 0.0009182496449223382]]
[1300.0, 1000.0, 0.000417, [0.0035882355200000005, 0.00010553632800000002], [43.37799999999999, 0.31418], [3.22984216, 0.093860286], [0.0008702748740943864, 0.00010553632142537469]]
[1300.0, 1400.0, 0.000404, [0.010770320400000002, 0.0019006436400000003], [259.90000000000003, 86.94], [15.5177596, 7.5865132], [0.0015081460412042329, 0.0006335480320859658]]
[1300.0, 1200.0, 0.000431, [0.011943062800000001, 0.010895420159999999], [259.90000000000003, 1996.4], [15.5177596, 126.311676], [0.001581896326817911, 0.0021367676867642864]]
[1300.0, 500.0, 0.000247, [0.0143457532, 0.00010548352], [786.6, 0.31418], [50.808656000000006, 0.093860286], [0.0017396781592007187, 0.00010548349658595888]]
[1300.0, 100.0, 0.000227, [0.00548521848, 0.000843879844], [259.90000000000003, 25.392], [15.5177596, 2.93968428], [0.001075740071206795, 0.00042193992406502613]]
[1300.0, 1100.0, 0.000337, [0.0048549853599999995, 0.000422172636], [103.5, 8.096], [6.6977012, 0.98766186], [0.0010123344901760486, 0.0002985212166664206]]
[1300.0, 2000.0, 0.000413, [0.0108029344, 0.000105911182], [259.90000000000003, 0.31418], [15.5177596, 0.093860286], [0.0015127136194270218, 0.00010591112164451852]]
[1300.0, 1300.0, 0.000415, [0.011378615199999999, 0.00063214534], [259.90000000000003, 25.392], [15.5177596, 2.93968428], [0.0015484332484159596, 0.0003649691136521008]]
[1300.0, 1500.0, 0.000483, [0.006980190879999999, 0.0023267305999999997], [103.5, 86.94], [6.6977012, 7.5865132], [0.0012150953766680212, 0.0007015356227020835]]
[1300.0, 600.0, 0.000375, [0.00527564892, 0.0010551296], [103.5, 25.392], [6.6977012, 2.93968428], [0.0010551301076170653, 0.00047186843946167876]]
[1300.0, 300.0, 0.00035, [0.00274050888, 0.000316212556], [43.37799999999999, 1.8078], [3.22984216, 0.304713108], [0.0007600804261655473, 0.00018256541753574248]]
[1300.0, 1900.0, 0.000355, [0.009687968, 0.00126364852], [259.90000000000003, 86.94], [15.5177596, 7.5865132], [0.0014284131066326718, 0.0005158822375697772]]
[1300.0, 400.0, 0.000292, [0.0078119592, 0.000633402244], [259.90000000000003, 25.392], [15.5177596, 2.93968428], [0.0012842781511806546, 0.0003656948502782067]]
[1300.0, 700.0, 0.000473, [0.0124156484, 0.000631303908], [259.90000000000003, 8.096], [15.5177596, 0.98766186], [0.001616379258961213, 0.0003644835188592208]]
[1300.0, 800.0, 0.000399, [0.00566813288, 0.000104965468], [103.5, 0.31418], [6.6977012, 0.093860286], [0.0010908325591033666, 0.000104965408206704]]
[1400.0, 1100.0, 0.000284, [0.00418602024, 0.000279068016], [103.5, 8.096], [6.6977012, 0.98766186], [0.0007642591781326542, 0.0001973308855704043]]
[1400.0, 400.0, 0.00026, [0.000348479946, 0.000696959984], [1.1500000000000001, 86.94], [0.18400000000000002, 7.5865132], [0.00015584498580320126, 0.0003116899716064025]]
[1400.0, 1500.0, 0.000342, [0.00305981052, 0.00013908228799999997], [43.37799999999999, 1.8078], [3.22984216, 0.304713108], [0.0006523538942629223, 9.834604207592698e-05]]
[1400.0, 1800.0, 0.000318, [0.0084968946, 6.964666799999999e-05], [259.90000000000003, 0.31418], [15.5177596, 0.093860286], [0.001087915851892967, 6.964668885166042e-05]]
[1400.0, 1600.0, 0.000322, [0.00487841316, 0.00153321588], [103.5, 314.64], [6.6977012, 26.476988199999997], [0.0008246023177265511, 0.00046228182849859025]]
[1400.0, 1400.0, 0.000323, [0.0047300006, 0.0013911761599999998], [103.5, 86.94], [6.6977012, 7.5865132], [0.0008111883169770137, 0.00043992866639945165]]
[1400.0, 600.0, 0.000213, [0.00305406052, 0.00111056696], [103.5, 86.94], [6.6977012, 7.5865132], [0.0006511278795444103, 0.0003926448555119499]]
[1400.0, 1700.0, 0.000305, [0.00796338844, 0.00041912578], [259.90000000000003, 8.096], [15.5177596, 0.98766186], [0.0010547766899206674, 0.0002419823343304217]]
[1400.0, 900.0, 0.000268, [0.00392038864, 0.00056005552], [103.5, 25.392], [6.6977012, 2.93968428], [0.0007408837742048344, 0.00028002774959635696]]
[1400.0, 100.0, 0.000284, [0.000104813599, 6.987570199999999e-05], [0.09706000000000001, 0.31418], [0.0328924104, 0.093860286], [6.0514153922863364e-05, 6.987572611429524e-05]]
[1400.0, 700.0, 0.000351, [0.005140011480000001, 6.9459632e-05], [103.5, 0.31418], [6.6977012, 0.093860286], [0.0008450127631698825, 6.94596192042542e-05]]
[1400.0, 2000.0, 0.000345, [0.0093096364, 0.000694749224], [259.90000000000003, 25.392], [15.5177596, 2.93968428], [0.0011373533255765334, 0.0003107013125173436]]
[1400.0, 800.0, 0.000352, [0.0097500036, 0.0008357147519999999], [259.90000000000003, 86.94], [15.5177596, 7.5865132], [0.0011653484244636878, 0.0003411791191734922]]
[1400.0, 1300.0, 0.000266, [0.00678226116, 0.00041524043600000004], [259.90000000000003, 8.096], [15.5177596, 0.98766186], [0.0009688945395655814, 0.00023973918461528144]]
[1400.0, 300.0, 0.000187, [0.00262568644, 0.00110555204], [103.5, 86.94], [6.6977012, 7.5865132], [0.0006023738201482531, 0.000390871720133345]]
[1400.0, 1200.0, 0.000329, [0.0091032344, 0.0021007464], [259.90000000000003, 314.64], [15.5177596, 26.476988199999997], [0.0011291173905312061, 0.000542410497538534]]
[1400.0, 500.0, 0.000222, [0.00587085488, 0.00027956453999999995], [259.90000000000003, 8.096], [15.5177596, 0.98766186], [0.0009058926585418385, 0.0001976819694357581]]
[1400.0, 1000.0, 0.00032, [0.00888313544, 0.0018043868], [259.90000000000003, 314.64], [15.5177596, 26.476988199999997], [0.001110391979077659, 0.0005004469364078473]]
[1400.0, 200.0, 0.000178, [0.00140077084, 0.00140077084], [43.37799999999999, 86.94], [3.22984216, 7.5865132], [0.00044296256455822534, 0.00044296246901966765]]
[1400.0, 1900.0, 0.000416, [0.0037659050000000004, 0.00027895586799999995], [43.37799999999999, 8.096], [3.22984216, 0.98766186], [0.0007247487661803917, 0.00019725162589950937]]
[1500.0, 1500.0, 0.000254, [0.00217183848, 0.000678671856], [43.37799999999999, 25.392], [3.22984216, 2.93968428], [0.00108591922425197, 0.0006786718467123857]]
[1500.0, 1100.0, 0.000439, [0.0037995475600000003, 0.00108558528], [43.37799999999999, 25.392], [3.22984216, 2.93968428], [0.001436093772982809, 0.0007676244814230458]]
[1500.0, 1800.0, 0.000526, [0.000273067224, 0.000273067224], [0.35742, 0.31418], [0.090960262, 0.093860286], [0.00027306725178973765, 0.00027306725178973765]]
[1500.0, 400.0, 0.000119, [0.00053352686, 0.00213410652], [14.352, 314.64], [1.25133524, 26.476988199999997], [0.0003772603281024921, 0.0010670536623806695]]
[1500.0, 200.0, 0.000425, [0.00054471636, 0.000544716544], [1.1500000000000001, 8.096], [0.18400000000000002, 0.98766186], [0.00038517275344966966, 0.0005447165317851112]]
[1500.0, 500.0, 0.000127, [0.00869602676, 0.0043480138400000005], [786.6, 874.0], [50.808656000000006, 74.882572], [0.0021740067197688236, 0.002174006525105203]]
[1500.0, 1300.0, 0.000476, [0.00432477832, 0.0005405973359999999], [43.37799999999999, 25.392], [3.22984216, 2.93968428], [0.001529040276774945, 0.000540597354636517]]
[1500.0, 600.0, 0.000242, [0.0053821895199999996, 0.00107643772], [259.90000000000003, 25.392], [15.5177596, 2.93968428], [0.001701997762160691, 0.0007611565943483641]]
[1500.0, 1000.0, 0.000351, [0.00877683036, 0.000274275966], [259.90000000000003, 1.8078], [15.5177596, 0.304713108], [0.002194207329128221, 0.00027427590167566673]]
[1500.0, 2000.0, 0.000222, [0.00081851158, 0.00109134908], [14.352, 25.392], [1.25133524, 2.93968428], [0.0004725680099202654, 0.0007717002555915088]]
[1500.0, 800.0, 0.000299, [0.0027274540800000004, 0.000545490632], [43.37799999999999, 86.94], [3.22984216, 7.5865132], [0.0012197541667073738, 0.0005454906465192598]]
[1500.0, 1700.0, 0.000273, [0.007504621239999999, 0.0053604444], [259.90000000000003, 874.0], [15.5177596, 74.882572], [0.0020056945298823547, 0.0023972636854547313]]
[1500.0, 1200.0, 0.000275, [0.00134871816, 0.00215794924], [14.352, 314.64], [1.25133524, 26.476988199999997], [0.0006031650785647326, 0.0010789744938597945]]
[1500.0, 300.0, 0.000357, [0.00026946597600000004, 0.00053893186], [0.35742, 86.94], [0.090960262, 7.5865132], [0.00026946598189753006, 0.0005389318852693724]]
[1500.0, 1400.0, 0.00033, [0.00081583806, 0.0027194602], [3.8824, 314.64], [0.428071952, 26.476988199999997], [0.0004710245016981601, 0.0012161798018385276]]
[1500.0, 100.0, 0.00023, [0.0005500716800000001, 0.0005500715879999999], [3.8824, 25.392], [0.428071952, 2.93968428], [0.00038895930995413904, 0.0005500715313484237]]
[1500.0, 900.0, 0.000377, [0.000273757638, 0.00438012184], [0.35742, 314.64], [0.090960262, 26.476988199999997], [0.00027375759057969513, 0.0015486067896015438]]
[1500.0, 700.0, 0.000242, [0.00646003392, 0.000538336344], [259.90000000000003, 25.392], [15.5177596, 2.93968428], [0.001864851346783437, 0.0005383362528383167]]
[1500.0, 1900.0, 0.000702, [0.00027583394, 0.0033100072799999995], [0.09706000000000001, 874.0], [0.0328924104, 74.882572], [0.0001950439869875511, 0.0019110328934898008]]
[1500.0, 1600.0, 0.000368, [0.0016556577600000003, 0.00027594291400000003], [14.352, 1.8078], [1.25133524, 0.304713108], [0.0006759194043671183, 0.0002759429541046482]]
[1600.0, 1500.0, 0.000169, [0.010144472, 0.000362302532], [786.6, 8.096], [50.808656000000006, 0.98766186], [0.001917125262469826, 0.0003623026114175828]]
[1600.0, 100.0, 0.00012, [0.00327231396, 0.0029087235200000003], [259.90000000000003, 874.0], [15.5177596, 74.882572], [0.0010907712596140403, 0.0014543616536198966]]
[1600.0, 1300.0, 0.000293, [0.00073066124, 0.00073066124], [3.8824, 86.94], [0.428071952, 7.5865132], [0.0003653306562553983, 0.0005166555688270475]]
[1600.0, 900.0, 0.000436, [0.00398412808, 0.00036219341999999997], [43.37799999999999, 25.392], [3.22984216, 2.93968428], [0.0012012596808350807, 0.00036219349591068027]]
[1600.0, 300.0, 0.000133, [0.00017841652, 0.0035683304], [1.1500000000000001, 1996.4], [0.18400000000000002, 126.311676], [0.00017841650159108042, 0.0015958055973833405]]
[1600.0, 500.0, 9.9e-05, [0.0014614558800000001, 0.000365364108], [103.5, 86.94], [6.6977012, 7.5865132], [0.0007307281492867233, 0.00036536407464336166]]
[1600.0, 1000.0, 0.000261, [0.00018271154000000002, 0.000730846068], [0.35742, 25.392], [0.090960262, 2.93968428], [0.00018271151359451873, 0.0005167862010541691]]
[1600.0, 1200.0, 0.000201, [0.0017936246399999998, 0.0003587250199999999], [43.37799999999999, 25.392], [3.22984216, 2.93968428], [0.0008021334332890008, 0.00035872497677189974]]
[1600.0, 1800.0, 0.000217, [0.00054285474, 0.00108570948], [3.8824, 314.64], [0.428071952, 26.476988199999997], [0.00031341738043701406, 0.0006268346933602191]]
[1600.0, 1100.0, 0.00027, [0.000361710512, 0.000361710512], [1.1500000000000001, 25.392], [0.18400000000000002, 2.93968428], [0.0002557679423227235, 0.00036171049285305503]]
[1600.0, 1900.0, 0.000399, [0.0005397042, 0.0007196056000000001], [1.1500000000000001, 86.94], [0.18400000000000002, 7.5865132], [0.0003115983433203714, 0.0005088380193342475]]
[1600.0, 1700.0, 0.00029, [0.00435874932, 0.00072645822], [103.5, 86.94], [6.6977012, 7.5865132], [0.0012582627134267311, 0.0005136835467873192]]
[1600.0, 800.0, 0.000466, [0.00017932115599999997, 0.00035864240399999996], [0.09706000000000001, 8.096], [0.0328924104, 0.98766186], [0.00012679923154341276, 0.00035864238589436133]]
[1600.0, 200.0, 9.3e-05, [0.000723866948, 0.00036193342799999996], [43.37799999999999, 25.392], [3.22984216, 2.93968428], [0.00051185115899058, 0.00036193342548043283]]
[1600.0, 1600.0, 0.000287, [0.00036678624399999997, 0.0007335725800000001], [1.1500000000000001, 25.392], [0.18400000000000002, 2.93968428], [0.00025935708072077, 0.00051871416144154]]
[1600.0, 2000.0, 0.000232, [9.032017199999999e-05, 0.00108384188], [0.09706000000000001, 314.64], [0.0328924104, 26.476988199999997], [9.032015367568856e-05, 0.0006257565157151782]]
[1600.0, 1400.0, 0.00025, [9.065194700000001e-05, 0.00036260797199999994], [0.09706000000000001, 8.096], [0.0328924104, 0.98766186], [9.065198420332563e-05, 0.00036260793681330253]]
[1600.0, 700.0, 0.000256, [0.001255386, 0.000358681872], [14.352, 25.392], [1.25133524, 2.93968428], [0.0004744912821116949, 0.0003586817959138713]]
[1600.0, 400.0, 0.000253, [0.00017746542400000004, 0.000709861604], [0.35742, 25.392], [0.090960262, 2.93968428], [0.00017746535301291913, 0.0005019479024759442]]
[1600.0, 600.0, 0.000233, [8.9585529e-05, 0.000358342116], [0.09706000000000001, 25.392], [0.0328924104, 2.93968428], [8.95855166865716e-05, 0.0003583420667462864]]
[1700.0, 900.0, 0.000112, [0.0030995931600000005, 0.0028611632], [259.90000000000003, 1996.4], [15.5177596, 126.311676], [0.0008596724863807147, 0.0011680649850415003]]
[1700.0, 1500.0, 0.000161, [0.00011960206999999999, 0.00047840827999999996], [0.35742, 86.94], [0.090960262, 7.5865132], [0.00011960204344408169, 0.00033828563883203796]]
[1700.0, 1800.0, 0.000159, [0.00142917032, 0.000476389984], [43.37799999999999, 86.94], [3.22984216, 7.5865132], [0.0005834562099763786, 0.000336858599890221]]
[1700.0, 700.0, 0.000148, [0.0007307228800000001, 0.00097429748], [14.352, 314.64], [1.25133524, 26.476988199999997], [0.0002983163661618316, 0.0004871486439270872]]
[1700.0, 500.0, 0.000135, [0.00012309761000000002, 0.0007385858439999999], [1.1500000000000001, 25.392], [0.18400000000000002, 2.93968428], [0.0001230976330235476, 0.00042642262998110226]]
[1700.0, 300.0, 8.5e-05, [0.00120311528, 0.00048124611200000005], [103.5, 86.94], [6.6977012, 7.5865132], [0.0005380495550411691, 0.00034029244246677005]]
[1700.0, 800.0, 0.000156, [5.9971074e-05, 0.000239884296], [0.09706000000000001, 25.392], [0.0328924104, 2.93968428], [5.99710831568015e-05, 0.00023988431498536957]]
[1700.0, 1300.0, 0.000133, [0.00121370632, 0.000242741264], [43.37799999999999, 86.94], [3.22984216, 7.5865132], [0.0005427860438883815, 0.00024274131570871903]]
[1700.0, 400.0, 0.00011, [0.00012162128599999999, 0.00024324248000000002], [1.1500000000000001, 8.096], [0.18400000000000002, 0.98766186], [0.00012162125980271705, 0.0002432425370037075]]
[1700.0, 1000.0, 0.000162, [0.00012029574999999998, 0.000240591408], [0.35742, 25.392], [0.090960262, 2.93968428], [0.00012029576085631611, 0.00024059150412265184]]
[1700.0, 2000.0, 0.000122, [0.00060521694, 0.00024208677600000002], [14.352, 86.94], [1.25133524, 7.5865132], [0.0002706613184775394, 0.00024208682531686848]]
[1700.0, 1600.0, 0.000109, [0.0009604937999999999, 0.000480247084], [43.37799999999999, 86.94], [3.22984216, 7.5865132], [0.0004802470497566851, 0.00033958594552778535]]
[1700.0, 1400.0, 0.000187, [0.00168965268, 0.000482757764], [43.37799999999999, 86.94], [3.22984216, 7.5865132], [0.0006386285878975354, 0.00034136140988694073]]
[1700.0, 1200.0, 0.000164, [5.9593023000000007e-05, 0.00023837218399999998], [0.09706000000000001, 8.096], [0.0328924104, 0.98766186], [5.9593044384391036e-05, 0.00023837212427630877]]
[1700.0, 100.0, 5.7e-05, [0.00047791736799999995, 0.00238958592], [43.37799999999999, 874.0], [3.22984216, 74.882572], [0.0003379385546515816, 0.0010686556210866061]]
[1700.0, 1700.0, 0.000208, [0.00317303584, 0.00024407968], [103.5, 86.94], [6.6977012, 7.5865132], [0.0008800419162744465, 0.00024407971048819274]]
[1700.0, 1900.0, 0.000174, [0.000120747608, 0.00012074770000000001], [0.35742, 1.8078], [0.090960262, 0.304713108], [0.00012074766931084011, 0.00012074766054876591]]
[1700.0, 1100.0, 0.000157, [0.00143939612, 0.00023989929200000001], [43.37799999999999, 86.94], [3.22984216, 7.5865132], [0.0005876308705301314, 0.0002398993277189413]]
[1700.0, 600.0, 0.000105, [0.00289504128, 0.00289504128], [259.90000000000003, 1996.4], [15.5177596, 126.311676], [0.0008357263491837503, 0.0011818954658344366]]
[1700.0, 200.0, 0.000123, [0.0009621912000000001, 0.00024054780000000003], [43.37799999999999, 8.096], [3.22984216, 0.98766186], [0.0004810957892145805, 0.00024054791220045956]]
[1800.0, 600.0, 8.3e-05, [0.000410128732, 0.00016405154799999997], [14.352, 86.94], [1.25133524, 7.5865132], [0.0001834151580431672, 0.00016405150459535564]]
[1800.0, 1800.0, 0.000106, [0.00095517344, 0.000159195604], [43.37799999999999, 25.392], [3.22984216, 2.93968428], [0.0003899478361011893, 0.00015919554631961286]]
[1800.0, 400.0, 6.5e-05, [0.000322999212, 0.000322999304], [14.352, 314.64], [1.25133524, 26.476988199999997], [0.00016149963900888447, 0.00022839497980472337]]
[1800.0, 1300.0, 0.000171, [0.00260763512, 0.000162977264], [103.5, 86.94], [6.6977012, 7.5865132], [0.0006519088450389364, 0.00016297721450558663]]
[1800.0, 1200.0, 0.000177, [0.000240877436, 0.000642339952], [1.1500000000000001, 314.64], [0.18400000000000002, 26.476988199999997], [0.00013907065969499103, 0.00032116987853782306]]
[1800.0, 1700.0, 0.000251, [0.0022702895199999996, 8.1081762e-05], [43.37799999999999, 1.8078], [3.22984216, 0.304713108], [0.0006067604014765632, 8.108176922095373e-05]]
[1800.0, 500.0, 7.1e-05, [0.00048657438399999996, 8.1095746e-05], [43.37799999999999, 1.8078], [3.22984216, 0.304713108], [0.0002809238793125283, 8.109574302021038e-05]]
[1800.0, 1600.0, 0.00015, [0.004158200359999999, 0.000159930776], [259.90000000000003, 25.392], [15.5177596, 2.93968428], [0.0008154901484628737, 0.00015993077412430667]]
[1800.0, 1000.0, 0.000128, [0.00063875784, 0.0012775154959999999], [14.352, 874.0], [1.25133524, 74.882572], [0.00022583498435804848, 0.0006387577954749359]]
[1800.0, 700.0, 6.5e-05, [0.00097757912, 0.00016292988400000002], [103.5, 86.94], [6.6977012, 7.5865132], [0.0003990951092659493, 0.0001629298960903124]]
[1800.0, 200.0, 6.3e-05, [0.00015656247200000002, 0.00015656247200000002], [3.8824, 86.94], [0.428071952, 7.5865132], [0.00011070639482884447, 0.0001565624850083825]]
[1800.0, 800.0, 0.000107, [0.00048940596, 0.00016313532], [14.352, 8.096], [1.25133524, 0.98766186], [0.0001997991876860364, 0.00016313535361778576]]
[1800.0, 2000.0, 0.0001, [0.00245552692, 8.185088200000001e-05], [259.90000000000003, 1.8078], [15.5177596, 0.304713108], [0.0006340142470323517, 8.185088302516962e-05]]
[1800.0, 1100.0, 0.000173, [0.00065000714, 8.1250904e-05], [14.352, 0.31418], [1.25133524, 0.093860286], [0.00022981219732642565, 8.125089784119313e-05]]
[1800.0, 900.0, 0.000124, [0.0034284352, 0.000163258784], [259.90000000000003, 25.392], [15.5177596, 2.93968428], [0.0007481458440705261, 0.00016325881508819055]]
[1800.0, 1500.0, 0.000118, [0.0017701278400000001, 0.000160920696], [103.5, 25.392], [6.6977012, 2.93968428], [0.0005337135603298833, 0.00016092070275760046]]
[1800.0, 1400.0, 9.7e-05, [0.00144146336, 0.00032032523200000004], [103.5, 86.94], [6.6977012, 7.5865132], [0.0004804878249446077, 0.00022650413078793952]]
[1800.0, 1900.0, 0.00013, [0.0011303506399999998, 0.000161478676], [43.37799999999999, 8.096], [3.22984216, 0.98766186], [0.0004272322899781804, 0.00016147863482207173]]
[1800.0, 100.0, 5.4e-05, [0.0004901812439999999, 0.000163393748], [103.5, 8.096], [6.6977012, 0.98766186], [0.00028300626622037895, 0.00016339373535114495]]
[1800.0, 300.0, 5.4e-05, [0.000805600668, 0.000483360456], [103.5, 314.64], [6.6977012, 26.476988199999997], [0.0003602755709731094, 0.00027906827244959256]]
[1900.0, 300.0, 4.4e-05, [0.00010704798, 0.000428191736], [3.8824, 314.64], [0.428071952, 26.476988199999997], [7.569433833517537e-05, 0.00021409591973692538]]
[1900.0, 1600.0, 0.0001, [0.0015176605200000002, 0.00021680876399999998], [103.5, 86.94], [6.6977012, 7.5865132], [0.0004056119221127506, 0.00015330692399236247]]
[1900.0, 600.0, 4.8e-05, [0.00043817723200000004, 0.00021908861600000002], [43.37799999999999, 314.64], [3.22984216, 26.476988199999997], [0.0002190886462416526, 0.00015491906743845318]]
[1900.0, 1500.0, 0.000119, [0.00016129890800000002, 0.0017205218079999998], [1.1500000000000001, 1996.4], [0.18400000000000002, 126.311676], [9.312596331850748e-05, 0.0006082963193707487]]
[1900.0, 500.0, 0.000144, [0.000106870466, 5.3435256e-05], [0.35742, 1.8078], [0.090960262, 0.304713108], [7.556884424152588e-05, 5.3435232309778537e-05]]
[1900.0, 1700.0, 7.1e-05, [2.6341807999999998e-05, 0.0009483047199999999], [0.09706000000000001, 314.64], [0.0328924104, 26.476988199999997], [2.634180872681297e-05, 0.0003161017448860414]]
[1900.0, 1800.0, 7.6e-05, [5.340103199999999e-05, 0.00021360412799999997], [0.35742, 25.392], [0.090960262, 2.93968428], [5.3401027330941864e-05, 0.0001510409141921486]]
[1900.0, 800.0, 4.5e-05, [0.000214342428, 0.000107171168], [14.352, 25.392], [1.25133524, 2.93968428], [0.00010717119448807127, 0.00010717119448807127]]
[1900.0, 1300.0, 0.000121, [0.000163735896, 0.000109157264], [1.1500000000000001, 25.392], [0.18400000000000002, 2.93968428], [9.45329435064835e-05, 0.00010915725368476434]]
[1900.0, 1000.0, 0.00012, [0.00109775228, 0.0010977519120000002], [43.37799999999999, 1996.4], [3.22984216, 126.311676], [0.00034713966365138975, 0.0004909296203734299]]
[1900.0, 1900.0, 7.9e-05, [0.000106670274, 0.000533351232], [1.1500000000000001, 314.64], [0.18400000000000002, 26.476988199999997], [7.542726477872573e-05, 0.00023852197211997054]]
[1900.0, 1200.0, 7.1e-05, [0.000641824016, 0.0001069707], [43.37799999999999, 25.392], [3.22984216, 2.93968428], [0.0002620235588797313, 0.00010697064359907346]]
[1900.0, 100.0, 3e-05, [0.000433088528, 0.000324816488], [103.5, 314.64], [6.6977012, 26.476988199999997], [0.0002165442756758996, 0.00018753285506278627]]
[1900.0, 2000.0, 0.000104, [0.000862611228, 0.000323479176], [43.37799999999999, 25.392], [3.22984216, 2.93968428], [0.0003049792368014583, 0.0001867608157617652]]
[1900.0, 1100.0, 7.1e-05, [0.00098731732, 0.000109701904], [103.5, 8.096], [6.6977012, 0.98766186], [0.0003291057454375417, 0.00010970188942766665]]
[1900.0, 900.0, 7.1e-05, [0.00016300564600000002, 0.0001086704], [3.8824, 8.096], [0.428071952, 0.98766186], [9.411134592598281e-05, 0.00010867042180832831]]
[1900.0, 200.0, 6.5e-05, [0.000161076268, 0.00010738423999999999], [3.8824, 25.392], [0.428071952, 2.93968428], [9.299745039515869e-05, 0.00010738417976592269]]
[1900.0, 400.0, 7.3e-05, [5.3845162e-05, 0.000107690324], [0.35742, 25.392], [0.090960262, 2.93968428], [5.384517616277247e-05, 0.00010769035232554494]]
[1900.0, 700.0, 4.4e-05, [0.0006503832360000001, 0.00195114888], [103.5, 1996.4], [6.6977012, 126.311676], [0.0002655178654930775, 0.0006503831318845838]]
[1900.0, 1400.0, 0.000111, [0.00098119932, 0.000109022208], [43.37799999999999, 8.096], [3.22984216, 0.98766186], [0.0003270665343932332, 0.00010902221263577437]]
[2000.0, 1500.0, 7.9e-05, [0.0011537453199999999, 0.00036054542399999997], [103.5, 86.94], [6.6977012, 7.5865132], [0.00028843635998257916, 0.00016124083358752523]]
[2000.0, 1200.0, 8.1e-05, [0.000393237486, 3.57488678e-05], [14.352, 1.8078], [1.25133524, 0.304713108], [0.00011856555994048188, 3.574885790063788e-05]]
[2000.0, 1300.0, 0.000121, [0.00109563352, 7.304225e-05], [43.37799999999999, 8.096], [3.22984216, 0.98766186], [0.00028289141320301685, 7.304224108281454e-05]]
[2000.0, 300.0, 1.6e-05, [0.000436404484, 0.000145468192], [259.90000000000003, 314.64], [15.5177596, 26.476988199999997], [0.00017816139087916888, 0.00010286151326905511]]
[2000.0, 900.0, 8.2e-05, [0.00017923877, 7.169550799999999e-05], [3.8824, 1.8078], [0.428071952, 0.304713108], [8.015801931185675e-05, 5.069638275064603e-05]]
[2000.0, 1900.0, 5.8e-05, [0.0015152924399999999, 0.000144313592], [259.90000000000003, 25.392], [15.5177596, 2.93968428], [0.0003306639217090368, 0.00010204508783866081]]
[2000.0, 1600.0, 5.8e-05, [0.000285104688, 7.1276172e-05], [14.352, 25.392], [1.25133524, 2.93968428], [0.0001007997402774432, 7.127617692328902e-05]]
[2000.0, 500.0, 3.1e-05, [0.000144734814, 7.236740239999999e-05], [14.352, 25.392], [1.25133524, 2.93968428], [7.236740116931103e-05, 7.236738947343617e-05]]
[2000.0, 600.0, 4.5e-05, [0.000219781192, 0.000146520764], [14.352, 86.94], [1.25133524, 7.5865132], [8.972529643305727e-05, 0.00010360584809748918]]
[2000.0, 200.0, 3.6e-05, [0.000179631748, 0.00014370538000000002], [14.352, 314.64], [1.25133524, 26.476988199999997], [8.033376836673357e-05, 0.00010161507242530509]]
[2000.0, 1800.0, 8.3e-05, [0.0012279129600000001, 7.22302028e-05], [103.5, 8.096], [6.6977012, 0.98766186], [0.00029781268260435114, 7.22301954586861e-05]]
[2000.0, 2000.0, 9.6e-05, [0.000878736068, 7.32280072e-05], [43.37799999999999, 86.94], [3.22984216, 7.5865132], [0.0002536692928992392, 7.322801823346035e-05]]
[2000.0, 400.0, 3e-05, [0.0007983955959999999, 0.000145162844], [259.90000000000003, 86.94], [15.5177596, 7.5865132], [0.00024072529150049855, 0.00010264561668186325]]
[2000.0, 1100.0, 7.4e-05, [0.000185073364, 0.000148058728], [3.8824, 86.94], [0.428071952, 7.5865132], [8.276732077335837e-05, 0.00010469333212769569]]
[2000.0, 100.0, 8.8e-05, [3.61775648e-05, 5.9723824000000005e-05], [1.1500000000000001, 0.31418], [0.18400000000000002, 0.093860286], [3.617756557868426e-05, 5.972382147853568e-05]]
[2000.0, 1400.0, 6.4e-05, [0.00093426276, 7.18664072e-05], [103.5, 8.096], [6.6977012, 0.98766186], [0.00025911799591691817, 7.186639343671003e-05]]
[2000.0, 1700.0, 5.8e-05, [0.000287551014, 7.18877512e-05], [14.352, 25.392], [1.25133524, 2.93968428], [0.00010166464152299953, 7.188776037128992e-05]]
[2000.0, 700.0, 4.6e-05, [3.5750247800000003e-05, 0.00014300102800000002], [1.1500000000000001, 8.096], [0.18400000000000002, 0.98766186], [3.575024885507792e-05, 0.00010111695683712006]]
[2000.0, 1000.0, 5.7e-05, [0.000283903858, 0.000283903904], [14.352, 314.64], [1.25133524, 26.476988199999997], [0.00010037517272712411, 0.00014195191568978558]]
[2000.0, 800.0, 5.4e-05, [7.28824e-05, 0.0001457648], [1.1500000000000001, 314.64], [0.18400000000000002, 26.476988199999997], [5.153564583858439e-05, 0.00010307129167716878]]
[2100.0, 200.0, 3.6e-05, [4.8726696e-05, 4.8726677599999996e-05], [1.1500000000000001, 25.392], [0.18400000000000002, 2.93968428], [3.445497341749084e-05, 4.8726695040809e-05]]
[2100.0, 100.0, 3.9e-05, [4.8083063999999995e-05, 2.40415228e-05], [3.8824, 0.31418], [0.428071952, 0.093860286], [3.399984753495227e-05, 2.4041520550913585e-05]]
[2100.0, 400.0, 2.2e-05, [0.000617841824, 0.00028515768], [259.90000000000003, 874.0], [15.5177596, 74.882572], [0.0001713584650258049, 0.00016463589577002947]]
[2100.0, 1400.0, 6.4e-05, [4.7825234e-05, 0.000191300844], [0.35742, 86.94], [0.090960262, 7.5865132], [3.381753439859269e-05, 9.56504492827922e-05]]
[2100.0, 500.0, 6.5e-05, [4.8281186e-05, 4.8281204400000005e-05], [0.35742, 8.096], [0.090960262, 0.98766186], [3.4139956080815334e-05, 4.828119329096994e-05]]
[2100.0, 800.0, 3.8e-05, [0.000330787104, 2.3627647e-05], [43.37799999999999, 1.8078], [3.22984216, 0.304713108], [0.00012502576598445616, 2.362765271456308e-05]]
[2100.0, 300.0, 2.3e-05, [0.000286858668, 2.39048936e-05], [103.5, 1.8078], [6.6977012, 0.304713108], [0.00011710956777309019, 2.3904894846035196e-05]]
[2100.0, 600.0, 3.5e-05, [0.00017005270799999998, 4.8586488e-05], [14.352, 25.392], [1.25133524, 2.93968428], [6.427388580131126e-05, 4.858648826165563e-05]]
[2100.0, 700.0, 2.6e-05, [0.000339176216, 4.8453741199999995e-05], [103.5, 8.096], [6.6977012, 0.98766186], [0.00012819657792624575, 4.8453745778835306e-05]]
[2100.0, 1000.0, 6e-05, [0.00024372249, 2.4372244399999997e-05], [14.352, 0.31418], [1.25133524, 0.093860286], [7.707181601597306e-05, 2.4372248201591905e-05]]
[2100.0, 1700.0, 4.5e-05, [0.0006808587879999999, 0.00048632764], [103.5, 874.0], [6.6977012, 74.882572], [0.00018196716257610877, 0.000217492358670368]]
[2100.0, 1800.0, 5.7e-05, [0.000281605836, 0.00018773722400000002], [14.352, 314.64], [1.25133524, 26.476988199999997], [8.129258165417062e-05, 9.38685878023101e-05]]
[2100.0, 1900.0, 3.4e-05, [0.000481130836, 9.6226112e-05], [103.5, 25.392], [6.6977012, 2.93968428], [0.00015214688970859706, 6.804215759071725e-05]]
[2100.0, 900.0, 5.5e-05, [0.000490617784, 4.90617692e-05], [43.37799999999999, 8.096], [3.22984216, 0.98766186], [0.0001551469735186607, 4.90617722142199e-05]]
[2100.0, 2000.0, 5.1e-05, [0.00141726276, 0.000146613316], [259.90000000000003, 86.94], [15.5177596, 7.5865132], [0.0002631790213523867, 8.464725468909196e-05]]
[2100.0, 1200.0, 5.5e-05, [7.235984000000001e-05, 4.82399056e-05], [1.1500000000000001, 8.096], [0.18400000000000002, 0.98766186], [4.17769761280062e-05, 4.823989975113961e-05]]
[2100.0, 1500.0, 3.5e-05, [0.000532428564, 0.00014520783200000002], [103.5, 314.64], [6.6977012, 26.476988199999997], [0.00016053325143408764, 8.383575909121357e-05]]
[2100.0, 1100.0, 6.5e-05, [4.8918377999999995e-05, 0.00014675518], [0.35742, 86.94], [0.090960262, 7.5865132], [3.459053800101987e-05, 8.472916803084992e-05]]
[2100.0, 1300.0, 5.1e-05, [0.0013909801999999998, 0.000143894532], [259.90000000000003, 86.94], [15.5177596, 7.5865132], [0.0002582985813356318, 8.307754350725592e-05]]
[2100.0, 1600.0, 4.4e-05, [0.000673836796, 0.00014439354], [103.5, 314.64], [6.6977012, 26.476988199999997], [0.00018009046411179022, 8.336567702358087e-05]]
[2200.0, 1700.0, 4.8e-05, [6.4835758e-05, 6.483577640000001e-05], [1.1500000000000001, 86.94], [0.18400000000000002, 7.5865132], [3.241788440352023e-05, 4.584580717143063e-05]]
[2200.0, 1100.0, 5e-05, [0.000454120188, 3.24371484e-05], [43.37799999999999, 8.096], [3.22984216, 0.98766186], [0.00012136874879473712, 3.243715694076779e-05]]
[2200.0, 200.0, 2.1e-05, [1.59363504e-05, 6.37453832e-05], [0.35742, 86.94], [0.090960262, 7.5865132], [1.5936341336705863e-05, 4.507478949479409e-05]]
[2200.0, 1800.0, 3.3e-05, [0.00016171985400000003, 3.23439708e-05], [14.352, 25.392], [1.25133524, 2.93968428], [5.114031251371074e-05, 3.234397355922738e-05]]
[2200.0, 900.0, 2.1e-05, [0.000193397708, 3.22329544e-05], [43.37799999999999, 86.94], [3.22984216, 7.5865132], [7.895427993465585e-05, 3.223294543165424e-05]]
[2200.0, 1000.0, 3.6e-05, [0.00014287876, 1.58754234e-05], [14.352, 0.31418], [1.25133524, 0.093860286], [4.762626388874105e-05, 1.5875419074783505e-05]]
[2200.0, 1300.0, 5.4e-05, [0.000479371244, 9.587430400000002e-05], [43.37799999999999, 25.392], [3.22984216, 2.93968428], [0.00012377313608372375, 5.535302921430768e-05]]
[2200.0, 1900.0, 3.2e-05, [8.025468199999999e-05, 9.630569199999999e-05], [3.8824, 86.94], [0.428071952, 7.5865132], [3.589099408486759e-05, 5.560208590331841e-05]]
[2200.0, 1400.0, 4.6e-05, [0.00022577765999999997, 9.6761828e-05], [14.352, 86.94], [1.25133524, 7.5865132], [6.0341621058768375e-05, 5.586548021810964e-05]]
[2200.0, 1600.0, 4.2e-05, [0.00020639206400000003, 3.17526224e-05], [14.352, 25.392], [1.25133524, 2.93968428], [5.724285541445325e-05, 3.175262415612291e-05]]
[2200.0, 800.0, 1.9e-05, [0.000258647604, 3.2330962e-05], [103.5, 8.096], [6.6977012, 0.98766186], [9.144574624989398e-05, 3.2330952005779226e-05]]
[2200.0, 400.0, 2.3e-05, [1.59514292e-05, 1.59514246e-05], [0.35742, 1.8078], [0.090960262, 0.304713108], [1.595142445049971e-05, 1.595142445049971e-05]]
[2200.0, 600.0, 2.4e-05, [3.20967116e-05, 6.4193414e-05], [1.1500000000000001, 314.64], [0.18400000000000002, 26.476988199999997], [2.269580051903876e-05, 4.539160103807752e-05]]
[2200.0, 2000.0, 3.3e-05, [0.000481219524, 6.41626032e-05], [103.5, 25.392], [6.6977012, 2.93968428], [0.00012425031721488683, 4.536980722903724e-05]]
[2200.0, 500.0, 2.5e-05, [3.2023452e-05, 3.2023442800000004e-05], [1.1500000000000001, 8.096], [0.18400000000000002, 0.98766186], [2.2644001695813397e-05, 3.2023454304618666e-05]]
[2200.0, 700.0, 2.3e-05, [0.00019597821599999998, 3.2663036e-05], [43.37799999999999, 8.096], [3.22984216, 0.98766186], [8.000777765192583e-05, 3.266304492848148e-05]]
[2200.0, 300.0, 4.3e-05, [3.23997136e-05, 9.719910400000001e-05], [0.35742, 86.94], [0.090960262, 7.5865132], [2.2910059746757535e-05, 5.611794881497362e-05]]
[2200.0, 1200.0, 3.2e-05, [0.00047829760399999995, 3.18865008e-05], [103.5, 25.392], [6.6977012, 2.93968428], [0.00012349590794840127, 3.188650189657059e-05]]
[2200.0, 1500.0, 2.9e-05, [0.00025455746799999996, 0.00012727878], [43.37799999999999, 86.94], [3.22984216, 7.5865132], [8.999966007935808e-05, 6.363936662161245e-05]]
[2200.0, 100.0, 1.1e-05, [9.5198564e-05, 0.00031895185600000004], [43.37799999999999, 874.0], [3.22984216, 74.882572], [5.496289744909742e-05, 0.0001594759536782897]]
[2300.0, 700.0, 5.7e-05, [4.3061359e-05, 2.1530668e-05], [0.35742, 8.096], [0.090960262, 0.98766186], [2.1530678252205615e-05, 2.1530679234989314e-05]]
[2300.0, 100.0, 1.2e-05, [0.000299396888, 1.0692746e-05], [259.90000000000003, 1.8078], [15.5177596, 0.304713108], [8.001718709377379e-05, 1.0692747246615342e-05]]
[2300.0, 1800.0, 2.9e-05, [2.1453627199999998e-05, 6.43609e-05], [0.35742, 86.94], [0.090960262, 7.5865132], [1.5170009136450775e-05, 3.7158787472144464e-05]]
[2300.0, 1000.0, 3.1e-05, [4.2712462800000004e-05, 8.54249164e-05], [1.1500000000000001, 314.64], [0.18400000000000002, 26.476988199999997], [2.1356235070817138e-05, 4.2712460233519684e-05]]
[2300.0, 1500.0, 2.5e-05, [0.000387409792, 0.000215227744], [103.5, 874.0], [6.6977012, 74.882572], [9.131336245698107e-05, 9.625273734497112e-05]]
[2300.0, 1200.0, 3.2e-05, [4.239738579999999e-05, 1.0599343e-05], [1.1500000000000001, 1.8078], [0.18400000000000002, 0.304713108], [2.1198689629314357e-05, 1.0599345313744619e-05]]
[2300.0, 500.0, 1.3e-05, [0.00025909546, 6.47738604e-05], [259.90000000000003, 25.392], [15.5177596, 2.93968428], [7.479442138555522e-05, 3.73972135218655e-05]]
[2300.0, 1900.0, 3.6e-05, [0.000548011984, 2.1077384000000002e-05], [103.5, 25.392], [6.6977012, 2.93968428], [0.00010747399678061666, 2.107738271417967e-05]]
[2300.0, 1300.0, 3.2e-05, [0.00029477168000000003, 8.42204984e-05], [43.37799999999999, 1996.4], [3.22984216, 126.311676], [7.878105095008569e-05, 5.9552872750187287e-05]]
[2300.0, 1600.0, 2.4e-05, [0.00021176974, 5.2777916000000005e-05], [43.37799999999999, 25.392], [3.22984216, 2.93968428], [6.69674818759075e-05, 3.731962735076544e-05]]
[2300.0, 1700.0, 3.1e-05, [0.00047342602, 0.000258232408], [103.5, 1996.4], [6.6977012, 126.311676], [0.00010093477608832348, 0.00010542292805647166]]
[2300.0, 1400.0, 2.6e-05, [6.4521072e-05, 2.1507024e-05], [3.8824, 8.096], [0.428071952, 0.98766186], [2.634062184535513e-05, 2.150702439669421e-05]]
[2300.0, 1100.0, 2.9e-05, [2.1456644799999997e-05, 2.1456644799999997e-05], [0.35742, 8.096], [0.090960262, 0.98766186], [1.5172143118228221e-05, 2.1456642678667136e-05]]
[2300.0, 900.0, 1.5e-05, [6.3633088e-05, 1.32358146e-05], [14.352, 1.8078], [1.25133524, 0.304713108], [2.5978094264206525e-05, 1.32358099820147e-05]]
[2300.0, 2000.0, 2.1e-05, [0.000596683572, 0.00021310125599999997], [259.90000000000003, 874.0], [15.5177596, 74.882572], [0.00011276258017622689, 9.530178709761952e-05]]
[2300.0, 300.0, 1.1e-05, [0.000299620356, 2.1401454e-05], [259.90000000000003, 25.392], [15.5177596, 2.93968428], [8.007691309734659e-05, 2.140145439543771e-05]]
[2300.0, 200.0, 1.5e-05, [5.359706099999999e-06, 4.2877658e-05], [0.09706000000000001, 25.392], [0.0328924104, 2.93968428], [5.359708215005738e-06, 3.0319088192094434e-05]]
[2300.0, 400.0, 1.4e-05, [6.4074044e-05, 6.4074044e-05], [14.352, 86.94], [1.25133524, 7.5865132], [2.6158113456440236e-05, 3.699315309621498e-05]]
[2300.0, 800.0, 1.6e-05, [0.00014916098, 0.000383556648], [43.37799999999999, 4876.0], [3.22984216, 416.54771000000005], [5.637754445166977e-05, 0.00012785225137790888]]
[2300.0, 600.0, 2.1e-05, [5.358153600000001e-05, 0.000342921904], [3.8824, 4876.0], [0.428071952, 416.54771000000005], [2.396239301071577e-05, 0.00012124118695558865]]
[2400.0, 1200.0, 1.6e-05, [0.00023870550000000003, 1.40415e-05], [103.5, 8.096], [6.6977012, 0.98766186], [5.789458467248902e-05, 1.4041499811629811e-05]]
[2400.0, 1500.0, 1.8e-05, [7.1365895e-06, 8.56390464e-05], [0.09706000000000001, 1996.4], [0.0328924104, 126.311676], [5.046329989209979e-06, 4.9443741036454754e-05]]
[2400.0, 1100.0, 1.8e-05, [0.00016810322800000002, 4.2025802400000005e-05], [43.37799999999999, 86.94], [3.22984216, 7.5865132], [4.852721375887967e-05, 2.42636077515278e-05]]
[2400.0, 1600.0, 1.9e-05, [1.4216714e-05, 8.5300284e-05], [0.35742, 1996.4], [0.090960262, 126.311676], [1.005273353471582e-05, 4.9248138797725144e-05]]
[2400.0, 400.0, 8e-06, [4.1563231e-05, 5.54176536e-05], [14.352, 874.0], [1.25133524, 74.882572], [1.6968121204187577e-05, 3.918619881948235e-05]]
[2400.0, 1300.0, 1.7e-05, [8.5112742e-05, 8.51127512e-05], [14.352, 1996.4], [1.25133524, 126.311676], [2.4569934489127154e-05, 4.913987242311482e-05]]
[2400.0, 200.0, 1e-05, [7.044292799999999e-06, 1.75108752e-05], [0.35742, 25.392], [0.090960262, 2.93968428], [7.0442928729575115e-06, 1.7510875048380652e-05]]
[2400.0, 1700.0, 2.3e-05, [0.000200653564, 2.86647896e-05], [43.37799999999999, 8.096], [3.22984216, 0.98766186], [5.362691758436242e-05, 2.0269069942155707e-05]]
[2400.0, 2000.0, 1.6e-05, [0.000238886464, 1.40521444e-05], [103.5, 25.392], [6.6977012, 2.93968428], [5.7938463617876504e-05, 1.4052140955740517e-05]]
[2400.0, 600.0, 1e-05, [5.0016949999999996e-05, 1.42905624e-05], [14.352, 25.392], [1.25133524, 2.93968428], [1.8904634500566258e-05, 1.4290558740651117e-05]]
[2400.0, 1900.0, 1.5e-05, [0.00013994074, 8.3964444e-05], [43.37799999999999, 1996.4], [3.22984216, 126.311676], [4.425314759426724e-05, 4.847689784794403e-05]]
[2400.0, 700.0, 9e-06, [8.48155636e-05, 2.8271857599999998e-05], [43.37799999999999, 86.94], [3.22984216, 7.5865132], [3.46258106042299e-05, 1.9991221073261133e-05]]
[2400.0, 100.0, 1.1e-05, [1.41459568e-05, 2.82919136e-05], [1.1500000000000001, 86.94], [0.18400000000000002, 7.5865132], [1.0002700793285783e-05, 2.000540370200012e-05]]
[2400.0, 1800.0, 2e-05, [9.8203284e-05, 7.0145216e-06], [14.352, 1.8078], [1.25133524, 0.304713108], [2.6245932789672384e-05, 7.014520377046459e-06]]
[2400.0, 500.0, 9e-06, [7.01029236e-05, 7.0102942e-06], [43.37799999999999, 1.8078], [3.22984216, 0.304713108], [3.135098944531097e-05, 7.010292846950119e-06]]
[2400.0, 900.0, 1.5e-05, [7.073990400000001e-05, 2.8295961599999998e-05], [14.352, 25.392], [1.25133524, 2.93968428], [2.2369928171543156e-05, 2.0008267787092416e-05]]
[2400.0, 1400.0, 1.9e-05, [1.4046877400000001e-05, 7.023436400000001e-06], [0.35742, 1.8078], [0.090960262, 0.304713108], [9.932641006298374e-06, 7.023437810645154e-06]]
[2400.0, 800.0, 1.1e-05, [2.78792982e-05, 6.96982524e-05], [3.8824, 314.64], [0.428071952, 26.476988199999997], [1.3939651651314678e-05, 3.11700018864292e-05]]
[2400.0, 300.0, 1.9e-05, [1.4025114799999998e-05, 1.4025114799999998e-05], [0.35742, 8.096], [0.090960262, 0.98766186], [9.917254353902596e-06, 1.4025115608792678e-05]]
[2400.0, 1000.0, 2.8e-05, [2.0945685999999997e-05, 2.79275844e-05], [0.35742, 86.94], [0.090960262, 7.5865132], [1.2092997558918137e-05, 1.9747782320047992e-05]]
[2500.0, 400.0, 7e-06, [4.7559078e-06, 9.5118156e-06], [0.35742, 8.096], [0.090960262, 0.98766186], [4.755908388520536e-06, 9.511816777041071e-06]]
[2500.0, 1300.0, 1.4e-05, [0.000204399712, 4.645448e-06], [103.5, 1.8078], [6.6977012, 0.304713108], [4.35781674327868e-05, 4.6454488782032685e-06]]
[2500.0, 500.0, 7e-06, [1.8728053600000002e-05, 7.4912196e-05], [3.8824, 874.0], [0.428071952, 74.882572], [9.364025113165811e-06, 3.7456100452663245e-05]]
[2500.0, 900.0, 1.8e-05, [1.3995509200000001e-05, 5.5982036800000005e-05], [0.35742, 874.0], [0.090960262, 74.882572], [8.080310820754362e-06, 3.232124328301745e-05]]
[2500.0, 1400.0, 2.2e-05, [2.84777398e-05, 4.7462891999999996e-06], [1.1500000000000001, 0.31418], [0.18400000000000002, 0.093860286], [1.1625989256833158e-05, 4.746290610571586e-06]]
[2500.0, 200.0, 8e-06, [7.51444776e-05, 0.0001127166888], [43.37799999999999, 1996.4], [3.22984216, 126.311676], [2.6567586627317132e-05, 4.6016409873000735e-05]]
[2500.0, 1900.0, 1.2e-05, [0.00017954425600000002, 4.724848599999999e-06], [103.5, 1.8078], [6.6977012, 0.304713108], [4.119028126148206e-05, 4.724849419822816e-06]]
[2500.0, 1000.0, 7e-06, [3.68769304e-05, 0.0001106307912], [14.352, 1996.4], [1.25133524, 126.311676], [1.303796462029254e-05, 4.516483429926428e-05]]
[2500.0, 1800.0, 1.6e-05, [0.00015050188, 9.40636336e-05], [43.37799999999999, 1996.4], [3.22984216, 126.311676], [3.762545810485235e-05, 4.206654502761072e-05]]
[2500.0, 1700.0, 1.1e-05, [2.7787698400000003e-05, 2.7787698400000003e-05], [3.8824, 86.94], [0.428071952, 7.5865132], [1.1344279906631361e-05, 1.6043235818250634e-05]]
[2500.0, 800.0, 1.2e-05, [9.4268674e-06, 2.82806068e-05], [0.35742, 314.64], [0.090960262, 26.476988199999997], [6.665801575204591e-06, 1.6327815177787873e-05]]
[2500.0, 700.0, 6e-06, [2.83000418e-05, 3.7733395199999996e-05], [14.352, 86.94], [1.25133524, 7.5865132], [1.155344465170453e-05, 1.886669685981094e-05]]
[2500.0, 1600.0, 1.8e-05, [1.3954316199999998e-05, 0.00011163452959999999], [0.35742, 1996.4], [0.090960262, 126.311676], [8.056529352022496e-06, 4.557461972984525e-05]]
[2500.0, 1100.0, 1.3e-05, [0.000118987556, 0.0001281404888], [43.37799999999999, 1996.4], [3.22984216, 126.311676], [3.3001222013737606e-05, 4.843254696750936e-05]]
[2500.0, 600.0, 6e-06, [9.3492424e-05, 0.0001121909088], [103.5, 1996.4], [6.6977012, 126.311676], [2.9564898186870183e-05, 4.580174332402643e-05]]
[2500.0, 300.0, 9e-06, [2.29365246e-05, 0.00018349212319999998], [3.8824, 13938.0], [0.428071952, 875.2098], [1.0257522455252047e-05, 5.802531532495107e-05]]
[2500.0, 2000.0, 1.3e-05, [3.31301982e-05, 4.732884800000001e-06], [3.8824, 1.8078], [0.428071952, 0.304713108], [1.2522037334235992e-05, 4.732885880728585e-06]]
[2500.0, 1200.0, 1.3e-05, [3.28105672e-05, 9.3744504e-06], [3.8824, 8.096], [0.428071952, 0.98766186], [1.2401228889106111e-05, 9.374447883475591e-06]]
[2500.0, 100.0, 6e-06, [5.5049764e-05, 4.58748064e-05], [43.37799999999999, 314.64], [3.22984216, 26.476988199999997], [2.247397308888662e-05, 2.0515837039711543e-05]]
[2500.0, 1500.0, 1.8e-05, [6.9789061e-06, 0.0001674937464], [0.09706000000000001, 1996.4], [0.0328924104, 126.311676], [4.029273759624679e-06, 5.58312549541921e-05]]
[2600.0, 800.0, 7e-06, [9.176701e-06, 3.0588988e-05], [1.1500000000000001, 314.64], [0.18400000000000002, 26.476988199999997], [5.298167694590272e-06, 1.3679809133171413e-05]]
[2600.0, 2000.0, 1.6e-05, [6.0989537000000006e-06, 6.098953239999999e-06], [0.09706000000000001, 8.096], [0.0328924104, 0.98766186], [3.049476491137454e-06, 6.098953329219695e-06]]
[2600.0, 900.0, 6e-06, [1.54128704e-05, 3.08257454e-06], [3.8824, 1.8078], [0.428071952, 0.304713108], [6.892844823438288e-06, 3.0825742599327593e-06]]
[2600.0, 1000.0, 1.6e-05, [1.2086541399999999e-05, 8.4605776e-05], [0.35742, 1996.4], [0.090960262, 126.311676], [6.043269148399729e-06, 3.197797719181124e-05]]
[2600.0, 200.0, 6e-06, [3.6182486799999996e-05, 3.01520754e-06], [43.37799999999999, 0.31418], [3.22984216, 0.093860286], [1.4771438749153719e-05, 3.0152075424421453e-06]]
[2600.0, 1100.0, 6e-06, [8.402535720000002e-05, 0.000228068736], [103.5, 13938.0], [6.6977012, 875.2098], [2.245671945409659e-05, 5.23225733679069e-05]]
[2600.0, 1500.0, 1.2e-05, [4.5589726e-06, 8.510079119999999e-05], [0.09706000000000001, 1996.4], [0.0328924104, 126.311676], [2.6321236578094123e-06, 3.2165078892488355e-05]]
[2600.0, 700.0, 4e-06, [0.000103800472, 7.32709528e-05], [259.90000000000003, 874.0], [15.5177596, 74.882572], [2.5175322177084445e-05, 2.9912735749175463e-05]]
[2600.0, 1800.0, 1e-05, [8.64252968e-05, 6.173236799999999e-06], [43.37799999999999, 8.096], [3.22984216, 0.98766186], [2.3098134961940107e-05, 6.173236333723179e-06]]
[2600.0, 1600.0, 9e-06, [1.2162239000000002e-05, 8.51356592e-05], [1.1500000000000001, 874.0], [0.18400000000000002, 74.882572], [6.081118229404852e-06, 3.217825437154725e-05]]
[2600.0, 1400.0, 9e-06, [7.93291344e-05, 3.0511202e-06], [43.37799999999999, 1.8078], [3.22984216, 0.304713108], [2.2001943779584565e-05, 3.051120046146988e-06]]
[2600.0, 1300.0, 1.1e-05, [1.54073412e-05, 6.16293464e-06], [1.1500000000000001, 8.096], [0.18400000000000002, 0.98766186], [6.890371615522635e-06, 6.162935729017463e-06]]
[2600.0, 600.0, 7e-06, [9.2363676e-06, 8.620611599999999e-05], [1.1500000000000001, 1996.4], [0.18400000000000002, 126.311676], [5.332618324988204e-06, 3.2582841364129064e-05]]
[2600.0, 1700.0, 1.6e-05, [1.2143259400000002e-05, 6.07163016e-06], [0.35742, 25.392], [0.090960262, 2.93968428], [6.071630594823766e-06, 6.071630594823766e-06]]
[2600.0, 400.0, 3e-06, [5.4919188399999994e-05, 6.102130920000001e-06], [259.90000000000003, 8.096], [15.5177596, 0.98766186], [1.830639339684363e-05, 6.1021319028680464e-06]]
[2600.0, 300.0, 5e-06, [4.29674776e-05, 0.00018414628000000004], [43.37799999999999, 13938.0], [3.22984216, 875.2098], [1.6240178664041847e-05, 4.754637615465557e-05]]
[2600.0, 1900.0, 7e-06, [0.00018250444800000003, 1.82504448e-05], [259.90000000000003, 25.392], [15.5177596, 2.93968428], [3.3320604148184353e-05, 1.0536900212111718e-05]]
[2600.0, 1200.0, 8e-06, [0.000123454616, 1.85181924e-05], [103.5, 86.94], [6.6977012, 7.5865132], [2.760528796009924e-05, 1.0691484626561457e-05]]
[2600.0, 100.0, 5e-06, [5.45676196e-05, 1.21261336e-05], [103.5, 8.096], [6.6977012, 0.98766186], [1.8189200387042854e-05, 8.57447156622494e-06]]
[2600.0, 500.0, 4e-06, [3.63778304e-05, 8.48816104e-05], [43.37799999999999, 13938.0], [3.22984216, 875.2098], [1.4851188159874618e-05, 3.2082234934617634e-05]]
[2700.0, 1400.0, 6e-06, [9.6282692e-05, 1.2035338800000002e-05], [103.5, 86.94], [6.6977012, 7.5865132], [1.965362906335621e-05, 6.948606583769152e-06]]
[2700.0, 1000.0, 6e-06, [1.6086802599999998e-05, 2.0108504400000003e-05], [3.8824, 314.64], [0.428071952, 26.476988199999997], [5.687544246860854e-06, 8.992797409482769e-06]]
[2700.0, 800.0, 3e-06, [7.60043648e-05, 4.0002299199999995e-06], [259.90000000000003, 25.392], [15.5177596, 2.93968428], [1.7436597168025648e-05, 4.000229401421873e-06]]
[2700.0, 900.0, 3e-06, [4.3608064399999995e-05, 1.98218508e-06], [103.5, 1.8078], [6.6977012, 0.304713108], [1.3148325733719865e-05, 1.982184782506414e-06]]
[2700.0, 600.0, 3e-06, [4.83003404e-05, 2.01251334e-06], [103.5, 1.8078], [6.6977012, 0.304713108], [1.3943106127402172e-05, 2.012513931380352e-06]]
[2700.0, 1100.0, 6e-06, [4.82921156e-05, 2.0121715599999997e-06], [43.37799999999999, 0.31418], [3.22984216, 0.093860286], [1.3940732405436955e-05, 2.012171664644943e-06]]
[2700.0, 1300.0, 1.1e-05, [8.029139e-06, 4.01457088e-06], [0.35742, 25.392], [0.090960262, 2.93968428], [4.014569983447791e-06, 4.0145694563676434e-06]]
[2700.0, 400.0, 4e-06, [2.00448496e-05, 7.21614512e-05], [14.352, 13938.0], [1.25133524, 875.2098], [6.338738243530806e-06, 2.4053818298141353e-05]]
[2700.0, 1700.0, 6e-06, [9.637368e-05, 0.00010440478320000001], [103.5, 13938.0], [6.6977012, 875.2098], [1.967219028781493e-05, 2.895667810782169e-05]]
[2700.0, 100.0, 3e-06, [9.835563599999999e-07, 7.868450879999999e-06], [0.09706000000000001, 8.096], [0.0328924104, 0.98766186], [9.835562154752519e-07, 5.563834157125823e-06]]
[2700.0, 2000.0, 5e-06, [0.000150533712, 3.96141328e-06], [259.90000000000003, 25.392], [15.5177596, 2.93968428], [2.4419794842709064e-05, 3.961413598199511e-06]]
[2700.0, 1200.0, 5e-06, [7.8641324e-05, 5.50489176e-05], [103.5, 874.0], [6.6977012, 74.882572], [1.758473329226235e-05, 2.0806535803924693e-05]]
[2700.0, 700.0, 5e-06, [1.1899404199999999e-05, 0.0001110610752], [3.8824, 13938.0], [0.428071952, 875.2098], [4.8579114483489705e-06, 2.968232543989773e-05]]
[2700.0, 300.0, 3e-06, [2.7593054e-05, 0.0001261396728], [43.37799999999999, 13938.0], [3.22984216, 875.2098], [1.0429193203695097e-05, 3.1534916105168253e-05]]
[2700.0, 1800.0, 1e-05, [9.582140400000001e-05, 3.99255804e-06], [43.37799999999999, 25.392], [3.22984216, 2.93968428], [1.955946396811528e-05, 3.992558333700335e-06]]
[2700.0, 200.0, 2e-06, [2.39909964e-05, 1.19955028e-05], [103.5, 86.94], [6.6977012, 7.5865132], [9.794284741623554e-06, 6.925604546608188e-06]]
[2700.0, 1500.0, 8e-06, [3.74713102e-05, 7.88869732e-06], [14.352, 86.94], [1.25133524, 7.5865132], [8.59650776536612e-06, 5.5781512650698175e-06]]
[2700.0, 500.0, 4e-06, [9.9810846e-06, 4.79092208e-05], [3.8824, 13938.0], [0.428071952, 875.2098], [4.46367726207888e-06, 1.9558853806908012e-05]]
[2700.0, 1900.0, 7e-06, [3.44210778e-05, 2.02476912e-05], [14.352, 314.64], [1.25133524, 26.476988199999997], [8.348337218871791e-06, 9.055045026503182e-06]]
[2700.0, 1600.0, 7e-06, [9.938451800000002e-06, 7.95076052e-06], [1.1500000000000001, 86.94], [0.18400000000000002, 7.5865132], [4.444609885243023e-06, 5.62203561710525e-06]]
[2800.0, 1500.0, 8e-06, [1.0378731599999999e-05, 1.0378731599999999e-05], [1.1500000000000001, 86.94], [0.18400000000000002, 7.5865132], [3.669435598562809e-06, 5.189365997499117e-06]]
[2800.0, 200.0, 2e-06, [5.1983771999999995e-06, 5.1983753599999996e-05], [3.8824, 13938.0], [0.428071952, 875.2098], [2.599188063992292e-06, 1.643870869867825e-05]]
[2800.0, 400.0, 2e-06, [2.5955339e-06, 4.67196056e-05], [1.1500000000000001, 13938.0], [0.18400000000000002, 875.2098], [1.835319872937685e-06, 1.5573204990110415e-05]]
[2800.0, 900.0, 2e-06, [1.56878952e-05, 8.88980728e-05], [43.37799999999999, 13938.0], [3.22984216, 875.2098], [6.40455540252405e-06, 2.156094538929126e-05]]
[2800.0, 600.0, 2e-06, [1.54360084e-05, 7.718002359999999e-06], [43.37799999999999, 86.94], [3.22984216, 7.5865132], [6.301722650831279e-06, 4.455991294425965e-06]]
[2800.0, 1200.0, 6e-06, [7.6838308e-06, 4.098044319999999e-05], [1.1500000000000001, 13938.0], [0.18400000000000002, 875.2098], [3.1369119809137137e-06, 1.4488775033935756e-05]]
[2800.0, 1000.0, 5e-06, [6.5440428e-06, 9.946944320000001e-05], [1.1500000000000001, 13938.0], [0.18400000000000002, 875.2098], [2.9265845670337294e-06, 2.281985773838216e-05]]
[2800.0, 1400.0, 4e-06, [1.93756048e-05, 5.16682948e-06], [14.352, 25.392], [1.25133524, 2.93968428], [5.002759602459427e-06, 3.6534994315039935e-06]]
[2800.0, 800.0, 2e-06, [5.2578367999999995e-06, 3.15470392e-05], [3.8824, 13938.0], [0.428071952, 875.2098], [2.628919518737689e-06, 1.2879022134308178e-05]]
[2800.0, 100.0, 2e-06, [1.80931432e-05, 5.169468959999999e-05], [43.37799999999999, 13938.0], [3.22984216, 875.2098], [6.838563664396201e-06, 1.6347293581018235e-05]]
[2800.0, 1100.0, 3e-06, [2.81175552e-05, 7.668423560000001e-06], [43.37799999999999, 86.94], [3.22984216, 7.5865132], [8.477760314611402e-06, 4.427365582375144e-06]]
[2800.0, 1300.0, 6e-06, [2.8172460800000002e-05, 7.6833984e-06], [14.352, 86.94], [1.25133524, 7.5865132], [6.006388239199995e-06, 4.436011615854946e-06]]
[2800.0, 2000.0, 5e-06, [1.16345592e-05, 5.1709152000000005e-05], [3.8824, 13938.0], [0.428071952, 875.2098], [3.8781868608926005e-06, 1.635187409344874e-05]]
[2800.0, 500.0, 3e-06, [3.87535924e-06, 2.5835725199999996e-06], [1.1500000000000001, 8.096], [0.18400000000000002, 0.98766186], [2.237439716282877e-06, 2.5835724627732043e-06]]
[2800.0, 1900.0, 5e-06, [4.65218148e-05, 6.719818e-05], [43.37799999999999, 13938.0], [3.22984216, 875.2098], [1.0965296253179846e-05, 1.86374198557633e-05]]
[2800.0, 1800.0, 5e-06, [1.29783066e-05, 2.5956622400000002e-06], [3.8824, 8.096], [0.428071952, 0.98766186], [4.104101335980875e-06, 2.595661920050452e-06]]
[2800.0, 300.0, 2e-06, [7.8705264e-06, 5.23968704e-05], [14.352, 13938.0], [1.25133524, 875.2098], [3.2131284823361797e-06, 1.852509039330173e-05]]
[2800.0, 700.0, 2e-06, [9.0942874e-06, 5.19673776e-05], [14.352, 13938.0], [1.25133524, 875.2098], [3.4373184123674086e-06, 1.6433525076257986e-05]]
[2800.0, 1600.0, 6e-06, [5.935221760000001e-05, 5.161062920000001e-06], [43.37799999999999, 25.392], [3.22984216, 2.93968428], [1.2375791989202148e-05, 3.6494221109649676e-06]]
[2800.0, 1700.0, 5e-06, [7.484003119999999e-05, 5.16138124e-06], [103.5, 25.392], [6.6977012, 2.93968428], [1.3897442774841708e-05, 3.6496470733483255e-06]]
[2900.0, 1300.0, 3e-06, [6.5684780000000005e-06, 1.9705443199999997e-05], [3.8824, 13938.0], [0.428071952, 875.2098], [2.3223085307512437e-06, 8.044712732223568e-06]]
[2900.0, 900.0, 5e-06, [6.7044448000000004e-06, 4.35789096e-05], [1.1500000000000001, 13938.0], [0.18400000000000002, 875.2098], [2.3703800446341933e-06, 1.208661392715098e-05]]
[2900.0, 1600.0, 4e-06, [1.0022985999999999e-05, 2.6727968799999998e-05], [3.8824, 13938.0], [0.428071952, 875.2098], [2.8933864705566035e-06, 9.44976064204803e-06]]
[2900.0, 2000.0, 3e-06, [4.0514454e-05, 4.38906608e-05], [103.5, 13938.0], [6.6977012, 875.2098], [8.269978201664137e-06, 1.2173079003111743e-05]]
[2900.0, 1200.0, 3e-06, [1.26569e-05, 5.06276e-05], [14.352, 13938.0], [1.25133524, 875.2098], [3.267997149937558e-06, 1.3071987304767398e-05]]
[2900.0, 1700.0, 4e-06, [1.83587242e-05, 1.6689751280000002e-05], [14.352, 13938.0], [1.25133524, 875.2098], [3.914093210438402e-06, 7.463882378494453e-06]]
[2900.0, 1100.0, 2e-06, [2.0568025999999998e-05, 2.74240224e-05], [43.37799999999999, 13938.0], [3.22984216, 875.2098], [5.937476439026937e-06, 9.695857259675393e-06]]
[2900.0, 800.0, 2e-06, [8.3214138e-06, 1.9971396800000002e-05], [14.352, 13938.0], [1.25133524, 875.2098], [2.631461752714639e-06, 8.153284789825509e-06]]
[2900.0, 600.0, 1e-06, [1.35186548e-05, 5.0694944e-05], [103.5, 13938.0], [6.6977012, 875.2098], [4.779565136704385e-06, 1.3089377717217883e-05]]
[2900.0, 100.0, 2e-06, [8.4153872e-07, 4.03938512e-05], [0.09706000000000001, 13938.0], [0.0328924104, 875.2098], [5.950577406437127e-07, 1.1660702946906758e-05]]
[2900.0, 400.0, 1e-06, [1.022097e-05, 4.42908608e-05], [103.5, 13938.0], [6.6977012, 875.2098], [4.172691415381684e-06, 1.228407206491398e-05]]
[2900.0, 1000.0, 2e-06, [1.70230452e-05, 4.42599304e-05], [43.37799999999999, 13938.0], [3.22984216, 875.2098], [5.383161276424847e-06, 1.2275494876541637e-05]]
[2900.0, 1400.0, 4e-06, [5.0691402000000004e-06, 3.04148504e-05], [1.1500000000000001, 13938.0], [0.18400000000000002, 875.2098], [2.0694678649353316e-06, 1.0138279781501396e-05]]
[2900.0, 200.0, 2e-06, [1.6902203200000002e-06, 3.04239768e-05], [0.35742, 13938.0], [0.090960262, 875.2098], [1.195166224757042e-06, 1.0141321539128912e-05]]
[2900.0, 500.0, 1e-06, [2.3634432000000003e-05, 4.05161744e-05], [259.90000000000003, 13938.0], [15.5177596, 875.2098], [6.3165675134522224e-06, 1.169601033104879e-05]]
[2900.0, 1500.0, 5e-06, [1.1696199200000002e-05, 2.00506272e-05], [3.8824, 13938.0], [0.428071952, 875.2098], [3.1259411606746535e-06, 8.185636602732864e-06]]
[2900.0, 1800.0, 3e-06, [2.66790984e-05, 6.00279576e-05], [43.37799999999999, 13938.0], [3.22984216, 875.2098], [6.66977412031322e-06, 1.4148727827476221e-05]]
[2900.0, 300.0, 1e-06, [2.38378072e-05, 4.76756144e-05], [259.90000000000003, 13938.0], [15.5177596, 875.2098], [6.370921284712282e-06, 1.2741842569424564e-05]]
[2900.0, 700.0, 2e-06, [8.400881100000001e-07, 4.3684580799999997e-05], [0.09706000000000001, 13938.0], [0.0328924104, 875.2098], [5.940320742182193e-07, 1.211592427312089e-05]]
[2900.0, 1900.0, 5e-06, [2.63749004e-05, 2.04192712e-05], [14.352, 13938.0], [1.25133524, 875.2098], [4.7370732103272376e-06, 8.336136194664768e-06]]
[3000.0, 1900.0, 4e-06, [2.67399748e-06, 2.56703736e-05], [0.35742, 13938.0], [0.090960262, 875.2098], [1.1958479249469808e-06, 7.410399835906292e-06]]
[3000.0, 800.0, 1e-06, [3.83483692e-05, 2.5565567199999998e-05], [786.6, 13938.0], [50.808656000000006, 875.2098], [6.391394346775984e-06, 7.38014572864249e-06]]
[3000.0, 900.0, 1e-06, [1.17591916e-05, 1.282821136e-05], [103.5, 13938.0], [6.6977012, 875.2098], [3.545530085050753e-06, 5.237095454543482e-06]]
[3000.0, 1600.0, 3e-06, [1.34384906e-06, 8.600634720000001e-06], [0.09706000000000001, 13938.0], [0.0328924104, 875.2098], [6.009876234166557e-07, 4.300317768351544e-06]]
[3000.0, 700.0, 1e-06, [1.9374841199999998e-05, 2.5833121600000002e-05], [259.90000000000003, 13938.0], [15.5177596, 875.2098], [4.566695032515309e-06, 7.457381760376761e-06]]
[3000.0, 600.0, 1e-06, [1.63035592e-05, 3.6954725600000005e-05], [259.90000000000003, 13938.0], [15.5177596, 875.2098], [4.209560509126814e-06, 8.962838125504666e-06]]
[3000.0, 1300.0, 1e-06, [2.9668914399999998e-05, 2.9668914399999998e-05], [259.90000000000003, 13938.0], [15.5177596, 875.2098], [5.606897713352723e-06, 7.929349721635438e-06]]
[3000.0, 500.0, 1e-06, [1.4983690400000001e-05, 3.2107908e-05], [259.90000000000003, 13938.0], [15.5177596, 875.2098], [4.004559319575626e-06, 8.290226129605875e-06]]
[3000.0, 1500.0, 2e-06, [3.22140024e-05, 2.1476001599999998e-05], [103.5, 13938.0], [6.6977012, 875.2098], [5.881444944909372e-06, 6.791307644334778e-06]]
[3000.0, 1800.0, 4e-06, [4.8245628e-06, 1.07212522e-06], [1.1500000000000001, 1.8078], [0.18400000000000002, 0.304713108], [1.6081872366114587e-06, 7.581067956429359e-07]]
[3000.0, 2000.0, 2e-06, [3.4572974400000005e-05, 1.5125673999999999e-05], [103.5, 13938.0], [6.6977012, 875.2098], [6.111695097106857e-06, 5.716967942677307e-06]]
[3000.0, 100.0, 1e-06, [3.21603664e-06, 1.0720119680000001e-05], [14.352, 13938.0], [1.25133524, 875.2098], [1.312941296022027e-06, 4.794183116068889e-06]]
[3000.0, 1400.0, 3e-06, [6.939946399999999e-06, 2.3489035200000004e-05], [3.8824, 13938.0], [0.428071952, 875.2098], [1.9247941334075185e-06, 7.082212345870463e-06]]
[3000.0, 1100.0, 1e-06, [1.96146484e-05, 1.7435241999999997e-05], [259.90000000000003, 13938.0], [15.5177596, 875.2098], [4.623217407823257e-06, 6.164288351464424e-06]]
[3000.0, 1200.0, 1e-06, [2.1288616e-05, 2.1288616e-05], [259.90000000000003, 13938.0], [15.5177596, 875.2098], [4.760278612014217e-06, 6.7320518310541844e-06]]
[3000.0, 1000.0, 2e-06, [1.6396631e-06, 2.40483952e-05], [0.35742, 13938.0], [0.090960262, 875.2098], [9.466599949295417e-07, 7.250863138689077e-06]]
[3000.0, 400.0, 1e-06, [8.68466292e-06, 1.95404872e-05], [103.5, 13938.0], [6.6977012, 875.2098], [3.0704922471812236e-06, 6.513496044368186e-06]]
[3000.0, 300.0, 2e-06, [8.0301602e-07, 2.7837875199999998e-05], [0.09706000000000001, 13938.0], [0.0328924104, 875.2098], [4.6362141246926896e-07, 7.720838205272793e-06]]
[3000.0, 1700.0, 2e-06, [3.0276445600000003e-05, 3.460166e-05], [103.5, 13938.0], [6.6977012, 875.2098], [5.721710698034286e-06, 8.650415152118424e-06]]
[3000.0, 200.0, 1e-06, [9.811588400000001e-06, 2.39838848e-05], [103.5, 13938.0], [6.6977012, 875.2098], [3.2705281848655576e-06, 7.231410683953719e-06]]
