[100.0, 800.0, 0.998532, [1019.170664], [2932.04], [313.353196], [22.542726039234914]]
[100.0, 500.0, 0.998738, [1033.21336], [2932.04], [313.353196], [22.70935722560196]]
[100.0, 650.0, 0.997896, [985.001128], [2932.04], [313.353196], [22.153042185668316]]
[100.0, 850.0, 0.998247, [1002.450032], [2932.04], [313.353196], [22.354076625081163]]
[100.0, 600.0, 0.998263, [1003.311704], [2932.04], [313.353196], [22.328921213529327]]
[100.0, 150.0, 0.998362, [1008.8361199999999], [2932.04], [313.353196], [22.418578424155267]]
[100.0, 100.0, 0.998026, [991.108272], [2932.04], [313.353196], [22.195174942315727]]
[100.0, 1000.0, 0.997585, [971.6830239999999], [2932.04], [313.353196], [22.04389114108487]]
[100.0, 400.0, 0.998468, [1015.112912], [2932.04], [313.353196], [22.486004550386447]]
[100.0, 350.0, 0.998417, [1012.089608], [2932.04], [313.353196], [22.490882319731256]]
[100.0, 750.0, 0.998325, [1006.7606], [2932.04], [313.353196], [22.427901822506715]]
[100.0, 550.0, 0.997525, [969.2827439999999], [2932.04], [313.353196], [21.98378068303994]]
[100.0, 50.0, 0.998933, [1048.6612639999998], [2932.04], [313.353196], [22.88911189190179]]
[100.0, 900.0, 0.998217, [1000.847576], [2932.04], [313.353196], [22.34613905980181]]
[100.0, 450.0, 0.99854, [1019.65624], [2932.04], [313.353196], [22.53142922763667]]
[100.0, 200.0, 0.998414, [1011.921616], [2932.04], [313.353196], [22.487148813489004]]
[100.0, 950.0, 0.998732, [1032.73956], [2932.04], [313.353196], [22.698941325092676]]
[100.0, 700.0, 0.998643, [1026.4701280000002], [2932.04], [313.353196], [22.621331469212855]]
[100.0, 300.0, 0.998601, [1023.6256720000001], [2932.04], [313.353196], [22.602600742392454]]
[100.0, 250.0, 0.998647, [1026.733064], [2932.04], [313.353196], [22.58875608438853]]
[200.0, 750.0, 0.999359, [458.35067], [1319.28], [127.221418], [7.997057333794725]]
[200.0, 550.0, 0.999171, [448.69435], [1319.28], [127.221418], [7.938076070434194]]
[200.0, 700.0, 0.999273, [453.62187], [1319.28], [127.221418], [7.968091000986372]]
[200.0, 250.0, 0.99932, [456.11438], [1319.28], [127.221418], [7.992174022129398]]
[200.0, 50.0, 0.938146, [249.05504], [1319.28], [127.221418], [5.921494167015619]]
[200.0, 400.0, 0.999325, [456.40187999999995], [1319.28], [127.221418], [7.999669805685732]]
[200.0, 650.0, 0.999277, [453.83669000000003], [1319.28], [127.221418], [7.9718676858061315]]
[200.0, 450.0, 0.999448, [463.86929000000003], [1319.28], [127.221418], [8.067598762952953]]
[200.0, 500.0, 0.999197, [449.90024], [1319.28], [127.221418], [7.929681550982989]]
[200.0, 350.0, 0.999509, [468.11555], [1319.28], [127.221418], [8.09142811251512]]
[200.0, 100.0, 0.999167, [448.51403000000005], [1319.28], [127.221418], [7.927443068228242]]
[200.0, 600.0, 0.999548, [471.1584500000001], [1319.28], [127.221418], [8.14159391642693]]
[200.0, 1000.0, 0.999379, [459.50964], [1319.28], [127.221418], [8.011180974113618]]
[200.0, 150.0, 0.999466, [465.08967], [1319.28], [127.221418], [8.069316538592348]]
[200.0, 300.0, 0.999418, [461.93223000000006], [1319.28], [127.221418], [8.037557240853717]]
[200.0, 850.0, 0.999585, [474.20342], [1319.28], [127.221418], [8.158962697549242]]
[200.0, 900.0, 0.99949, [466.7183], [1319.28], [127.221418], [8.069690204710463]]
[200.0, 800.0, 0.999498, [467.36736], [1319.28], [127.221418], [8.099090035306435]]
[200.0, 200.0, 0.999355, [458.12848999999994], [1319.28], [127.221418], [8.001712891625143]]
[200.0, 950.0, 0.999316, [455.90024999999997], [1319.28], [127.221418], [7.988420181738064]]
[300.0, 650.0, 0.997015, [180.704698], [516.58], [54.743863999999995], [3.0872786139252155]]
[300.0, 400.0, 0.997463, [183.80599500000002], [516.58], [54.743863999999995], [3.114461584287082]]
[300.0, 1000.0, 0.997785, [186.357753], [516.58], [54.743863999999995], [3.13217357596925]]
[300.0, 350.0, 0.997529, [184.30316299999998], [516.58], [54.743863999999995], [3.1104079571657475]]
[300.0, 200.0, 0.99792, [187.539838], [516.58], [54.743863999999995], [3.1383304048490497]]
[300.0, 250.0, 0.997594, [184.80649499999998], [516.58], [54.743863999999995], [3.121571150878993]]
[300.0, 150.0, 0.99774, [185.984923], [516.58], [54.743863999999995], [3.130332108578896]]
[300.0, 550.0, 0.997465, [183.820393], [516.58], [54.743863999999995], [3.1138118295748063]]
[300.0, 800.0, 0.998234, [190.56778799999998], [516.58], [54.743863999999995], [3.167343854083418]]
[300.0, 700.0, 0.997532, [184.32986599999998], [516.58], [54.743863999999995], [3.114408929476025]]
[300.0, 300.0, 0.997552, [184.479987], [516.58], [54.743863999999995], [3.1165008487083714]]
[300.0, 900.0, 0.996491, [177.581827], [516.58], [54.743863999999995], [3.0640333777555364]]
[300.0, 600.0, 0.996811, [179.43369499999997], [516.58], [54.743863999999995], [3.073197653910337]]
[300.0, 50.0, 0.868611, [20.510434], [112.60799999999999], [7.11574], [1.038586131719464]]
[300.0, 850.0, 0.998071, [188.934581], [516.58], [54.743863999999995], [3.1603422820954066]]
[300.0, 750.0, 0.997584, [184.7245], [516.58], [54.743863999999995], [3.1166306983664267]]
[300.0, 500.0, 0.997333, [182.854692], [516.58], [54.743863999999995], [3.1068275362497997]]
[300.0, 950.0, 0.997829, [186.73610299999999], [516.58], [54.743863999999995], [3.130143677213556]]
[300.0, 100.0, 0.97146, [30.615599], [112.60799999999999], [7.11574], [1.2701488397034422]]
[300.0, 450.0, 0.998025, [188.504527], [516.58], [54.743863999999995], [3.154473268233541]]
[400.0, 900.0, 0.99276, [38.367864], [110.078], [7.3977108], [0.9661661880856731]]
[400.0, 200.0, 0.992091, [37.899676], [110.078], [7.3977108], [0.9604864439439007]]
[400.0, 500.0, 0.99227, [89.033989], [235.704], [28.113567], [1.4728942127661442]]
[400.0, 150.0, 0.9581, [28.324039999999997], [110.078], [7.3977108], [0.829479941288516]]
[400.0, 300.0, 0.989958, [85.928437], [235.704], [28.113567], [1.4466804370696384]]
[400.0, 650.0, 0.994425, [39.734984], [110.078], [7.3977108], [0.9832861806208811]]
[400.0, 550.0, 0.994667, [39.963903], [110.078], [7.3977108], [0.9859367910773996]]
[400.0, 850.0, 0.988852, [84.66484], [235.704], [28.113567], [1.4329404247909263]]
[400.0, 250.0, 0.994459, [39.767413999999995], [110.078], [7.3977108], [0.9859013784349832]]
[400.0, 800.0, 0.994725, [40.020828], [110.078], [7.3977108], [0.9876420677553178]]
[400.0, 750.0, 0.992726, [38.343139], [110.078], [7.3977108], [0.9652376873081573]]
[400.0, 100.0, 0.871356, [20.7247135], [110.078], [7.3977108], [0.7108517540247051]]
[400.0, 350.0, 0.993882, [39.251707999999994], [110.078], [7.3977108], [0.9752168158927532]]
[400.0, 950.0, 0.992288, [38.033835], [110.078], [7.3977108], [0.9626504308418502]]
[400.0, 1000.0, 0.994672, [39.968917000000005], [110.078], [7.3977108], [0.9860604570714718]]
[400.0, 400.0, 0.993297, [38.773906000000004], [110.078], [7.3977108], [0.9705615750687846]]
[400.0, 450.0, 0.995775, [41.156798], [110.078], [7.3977108], [1.0005560444073085]]
[400.0, 50.0, 0.785289, [16.735733800000002], [110.078], [7.3977108], [0.6380438369736048]]
[400.0, 600.0, 0.992243, [38.002532], [110.078], [7.3977108], [0.962784230759935]]
[400.0, 700.0, 0.993223, [38.716198999999996], [110.078], [7.3977108], [0.9721675848329855]]
[500.0, 550.0, 0.970485, [18.6361042], [40.6456], [3.71427414], [0.4844224815179412]]
[500.0, 300.0, 0.969293, [18.4821008], [40.6456], [3.71427414], [0.4825432888353127]]
[500.0, 850.0, 0.967484, [18.2583131], [40.6456], [3.71427414], [0.4793215451030759]]
[500.0, 50.0, 0.704046, [8.2844298], [40.6456], [3.71427414], [0.32296070612382555]]
[500.0, 650.0, 0.972033, [18.845006299999998], [40.6456], [3.71427414], [0.4883699463521481]]
[500.0, 150.0, 0.809582, [10.5677893], [40.6456], [3.71427414], [0.36419009363243254]]
[500.0, 600.0, 0.974731, [19.235095500000003], [40.6456], [3.71427414], [0.4920765476020982]]
[500.0, 450.0, 0.967338, [18.240644500000002], [40.6456], [3.71427414], [0.47836345293092786]]
[500.0, 800.0, 0.965976, [18.0802931], [40.6456], [3.71427414], [0.4769546773017327]]
[500.0, 1000.0, 0.965589, [18.0357536], [40.6456], [3.71427414], [0.4762771337152352]]
[500.0, 750.0, 0.970046, [18.5786755], [40.6456], [3.71427414], [0.4834198960531103]]
[500.0, 700.0, 0.97351, [19.0540073], [40.6456], [3.71427414], [0.4896924701279365]]
[500.0, 100.0, 0.752331, [9.2331292], [40.6456], [3.71427414], [0.3412662154389151]]
[500.0, 200.0, 0.927598, [14.990486899999999], [40.6456], [3.71427414], [0.43418779612052666]]
[500.0, 250.0, 0.972244, [18.8740116], [40.6456], [3.71427414], [0.4868382894760846]]
[500.0, 950.0, 0.963744, [17.8296368], [40.6456], [3.71427414], [0.4739846339281475]]
[500.0, 900.0, 0.968718, [18.409637], [40.6456], [3.71427414], [0.481308014996634]]
[500.0, 350.0, 0.968368, [18.366362499999997], [40.6456], [3.71427414], [0.48166036363811376]]
[500.0, 500.0, 0.975448, [19.345231000000002], [40.6456], [3.71427414], [0.49296211791576844]]
[500.0, 400.0, 0.971972, [18.8363767], [40.6456], [3.71427414], [0.4873288066593232]]
[600.0, 450.0, 0.85851, [8.116149533333333], [18.768], [1.88428282], [0.19479381213078728]]
[600.0, 200.0, 0.687286, [5.308689800000001], [18.768], [1.88428282], [0.15716090721154405]]
[600.0, 550.0, 0.87392, [8.497377599999998], [18.768], [1.88428282], [0.1990722598008628]]
[600.0, 100.0, 0.565044, [4.0072992], [18.768], [1.88428282], [0.1370467480176827]]
[600.0, 800.0, 0.859305, [8.134866933333333], [18.768], [1.88428282], [0.19434950098555265]]
[600.0, 600.0, 0.8671, [8.323914666666665], [18.768], [1.88428282], [0.19696405267064454]]
[600.0, 350.0, 0.872817, [8.4687794], [18.768], [1.88428282], [0.19856583783610807]]
[600.0, 250.0, 0.805065, [7.024936], [18.768], [1.88428282], [0.18102134864890015]]
[600.0, 400.0, 0.874257, [8.506163599999999], [18.768], [1.88428282], [0.19889638519702774]]
[600.0, 500.0, 0.870089, [8.398959066666668], [18.768], [1.88428282], [0.19813051971981613]]
[600.0, 650.0, 0.866842, [10.575082599999998], [30.3278], [2.9384317], [0.2221538608962516]]
[600.0, 950.0, 0.867031, [10.580866333333335], [30.3278], [2.9384317], [0.22227532346669127]]
[600.0, 300.0, 0.868776, [8.365805333333332], [18.768], [1.88428282], [0.19773396055193843]]
[600.0, 150.0, 0.628168, [4.638577133333333], [18.768], [1.88428282], [0.14712675712535167]]
[600.0, 50.0, 0.531235, [3.6964772000000004], [18.768], [1.88428282], [0.1312657552533113]]
[600.0, 850.0, 0.874075, [8.501436333333332], [18.768], [1.88428282], [0.19933150511982126]]
[600.0, 1000.0, 0.8692, [8.376458933333332], [18.768], [1.88428282], [0.1971613877005333]]
[600.0, 700.0, 0.873795, [8.494142266666667], [18.768], [1.88428282], [0.19916052252726524]]
[600.0, 900.0, 0.862726, [10.451088066666667], [30.3278], [2.9384317], [0.22126451600842925]]
[600.0, 750.0, 0.866888, [8.318620066666666], [18.768], [1.88428282], [0.196838736589682]]
[700.0, 450.0, 0.757555, [5.038984133333334], [11.7484], [1.33514954], [0.1173126267713753]]
[700.0, 100.0, 0.441532, [2.3308184666666665], [11.7484], [1.33514954], [0.07985253461502925]]
[700.0, 1000.0, 0.766838, [5.1558502], [11.7484], [1.33514954], [0.11856447822926468]]
[700.0, 850.0, 0.769205, [5.1862792], [11.7484], [1.33514954], [0.11888759105418305]]
[700.0, 600.0, 0.749051, [4.935232666666667], [11.7484], [1.33514954], [0.1160669223240531]]
[700.0, 250.0, 0.588737, [3.379873], [11.7484], [1.33514954], [0.09582750648952523]]
[700.0, 750.0, 0.79369, [5.517943799999999], [11.7484], [1.33514954], [0.12253024872795018]]
[700.0, 200.0, 0.524464, [2.8921963333333336], [11.7484], [1.33514954], [0.08866595957111538]]
[700.0, 50.0, 0.421519, [2.204389], [11.7484], [1.33514954], [0.07745435688197276]]
[700.0, 950.0, 0.776236, [5.278293], [11.7484], [1.33514954], [0.12002321786498922]]
[700.0, 550.0, 0.75973, [5.066015266666667], [11.7484], [1.33514954], [0.11756024768413664]]
[700.0, 400.0, 0.75879, [5.054320533333334], [11.7484], [1.33514954], [0.11757412631092683]]
[700.0, 650.0, 0.756012, [5.019914066666667], [11.7484], [1.33514954], [0.11661612409954294]]
[700.0, 800.0, 0.779161, [5.317307133333333], [11.7484], [1.33514954], [0.12044418735109912]]
[700.0, 150.0, 0.502201, [2.734899333333333], [11.7484], [1.33514954], [0.0863556943499771]]
[700.0, 350.0, 0.748123, [4.924089933333333], [11.7484], [1.33514954], [0.1159010548892651]]
[700.0, 700.0, 0.766318, [5.149195533333334], [11.7484], [1.33514954], [0.11847410908905137]]
[700.0, 900.0, 0.761188, [5.084265], [11.7484], [1.33514954], [0.11788856610281498]]
[700.0, 300.0, 0.691414, [4.301039866666667], [11.7484], [1.33514954], [0.10827295431249466]]
[700.0, 500.0, 0.737328, [4.796987333333334], [11.7484], [1.33514954], [0.1143762041685245]]
[800.0, 300.0, 0.505982, [2.044660133333333], [6.2008], [0.82986346], [0.058181868118665436]]
[800.0, 100.0, 0.367359, [1.3743228333333333], [6.2008], [0.82986346], [0.047531948366920075]]
[800.0, 350.0, 0.595513, [2.5636628], [6.2008], [0.82986346], [0.06520127473191507]]
[800.0, 800.0, 0.669046, [3.0686906666666665], [6.2008], [0.82986346], [0.0710962536909568]]
[800.0, 400.0, 0.644273, [2.8885976], [6.2008], [0.82986346], [0.0690507006320557]]
[800.0, 200.0, 0.406844, [1.5525582666666669], [6.2008], [0.82986346], [0.05053146469720073]]
[800.0, 600.0, 0.631685, [2.8014153333333334], [6.2008], [0.82986346], [0.07601993890494198]]
[800.0, 550.0, 0.648633, [2.9194804666666667], [6.2008], [0.82986346], [0.06927617987286668]]
[800.0, 1000.0, 0.651594, [2.940649666666667], [6.2008], [0.82986346], [0.06956343145328267]]
[800.0, 950.0, 0.65734, [2.9821754], [6.2008], [0.82986346], [0.07003809471359933]]
[800.0, 850.0, 0.6574, [2.9826108666666666], [6.2008], [0.82986346], [0.07002901370146519]]
[800.0, 650.0, 0.647177, [2.9091350666666664], [6.2008], [0.82986346], [0.06918671182628448]]
[800.0, 150.0, 0.398596, [1.5145999866666666], [6.2008], [0.82986346], [0.04993487808024456]]
[800.0, 50.0, 0.326035, [1.1964753333333333], [6.2008], [0.82986346], [0.04446665609195276]]
[800.0, 250.0, 0.471592, [1.8657477333333334], [6.2008], [0.82986346], [0.05552722731537505]]
[800.0, 750.0, 0.653245, [2.952531466666667], [6.2008], [0.82986346], [0.06996205314311466]]
[800.0, 900.0, 0.666371, [3.0486867999999996], [6.2008], [0.82986346], [0.07088056198046588]]
[800.0, 450.0, 0.664439, [3.0343301999999994], [6.2008], [0.82986346], [0.07085378870133434]]
[800.0, 500.0, 0.658087, [2.9876218], [6.2008], [0.82986346], [0.07006947472964878]]
[800.0, 700.0, 0.665801, [3.044447133333333], [6.2008], [0.82986346], [0.07101263812402221]]
[900.0, 200.0, 0.329639, [0.8589878999999999], [3.01392], [0.44629673799999997], [0.02100724305778578]]
[900.0, 550.0, 0.551962, [1.6780669666666668], [3.01392], [0.44629673799999997], [0.02937654185078821]]
[900.0, 850.0, 0.536002, [1.6080059], [3.01392], [0.44629673799999997], [0.028751093756972487]]
[900.0, 300.0, 0.387399, [1.0449490333333333], [3.01392], [0.44629673799999997], [0.023124231213647345]]
[900.0, 1000.0, 0.547877, [1.6599145999999998], [3.01392], [0.44629673799999997], [0.029233996267663747]]
[900.0, 900.0, 0.552931, [1.6823925], [3.01392], [0.44629673799999997], [0.02938480416057857]]
[900.0, 650.0, 0.548977, [1.664786], [3.01392], [0.44629673799999997], [0.02917984094846608]]
[900.0, 50.0, 0.293716, [0.7502820800000001], [3.01392], [0.44629673799999997], [0.01957553587176266]]
[900.0, 350.0, 0.438065, [1.2214004333333333], [3.01392], [0.44629673799999997], [0.0250205046578468]]
[900.0, 950.0, 0.551635, [1.6766049333333333], [3.01392], [0.44629673799999997], [0.029332981266826593]]
[900.0, 700.0, 0.548483, [1.6625948666666668], [3.01392], [0.44629673799999997], [0.02921783665655089]]
[900.0, 250.0, 0.352296, [0.9301867000000001], [3.01392], [0.44629673799999997], [0.021821903104704485]]
[900.0, 750.0, 0.543378, [1.6400970333333333], [3.01392], [0.44629673799999997], [0.028956909672438767]]
[900.0, 500.0, 0.552369, [1.6798809], [3.01392], [0.44629673799999997], [0.029318580343074822]]
[900.0, 800.0, 0.554636, [1.6900300333333333], [3.01392], [0.44629673799999997], [0.02950020363394877]]
[900.0, 400.0, 0.497131, [1.4463197333333333], [3.01392], [0.44629673799999997], [0.027202031276277065]]
[900.0, 150.0, 0.301836, [0.7744299333333334], [3.01392], [0.44629673799999997], [0.019903028437903616]]
[900.0, 450.0, 0.544164, [1.6435478000000001], [3.01392], [0.44629673799999997], [0.02899524819307084]]
[900.0, 100.0, 0.292314, [0.7461361], [3.01392], [0.44629673799999997], [0.019567521755875644]]
[900.0, 600.0, 0.559519, [1.7120533000000002], [3.01392], [0.44629673799999997], [0.029575362851160046]]
[1000.0, 550.0, 0.374459, [1.27354128], [5.1888000000000005], [0.5894283600000001], [0.02228119393928431]]
[1000.0, 250.0, 0.223383, [0.7090762920000001], [5.1888000000000005], [0.5894283600000001], [0.016611878294762458]]
[1000.0, 700.0, 0.376519, [1.28192524], [5.1888000000000005], [0.5894283600000001], [0.022373151609909592]]
[1000.0, 850.0, 0.378285, [1.28912792], [5.1888000000000005], [0.5894283600000001], [0.02241029357772896]]
[1000.0, 450.0, 0.341231, [0.8951285666666667], [3.01392], [0.44629673799999997], [0.017069438632310738]]
[1000.0, 500.0, 0.371366, [1.26099248], [5.1888000000000005], [0.5894283600000001], [0.02221172863871698]]
[1000.0, 1000.0, 0.372742, [0.9963178333333333], [3.01392], [0.44629673799999997], [0.01804342792634851]]
[1000.0, 200.0, 0.198992, [0.48467907666666665], [3.01392], [0.44629673799999997], [0.012535269619934168]]
[1000.0, 750.0, 0.375509, [1.277811], [5.1888000000000005], [0.5894283600000001], [0.022297951385721514]]
[1000.0, 800.0, 0.376294, [1.28100708], [5.1888000000000005], [0.5894283600000001], [0.02242554114218874]]
[1000.0, 400.0, 0.305359, [0.7849647], [3.01392], [0.44629673799999997], [0.015969883819935016]]
[1000.0, 150.0, 0.189596, [0.593999472], [5.1888000000000005], [0.5894283600000001], [0.015245796315050257]]
[1000.0, 350.0, 0.27004, [0.8739642120000001], [5.1888000000000005], [0.5894283600000001], [0.0206569954175335]]
[1000.0, 300.0, 0.240639, [0.769208504], [5.1888000000000005], [0.5894283600000001], [0.017312926079666602]]
[1000.0, 600.0, 0.381406, [1.3019012], [5.1888000000000005], [0.5894283600000001], [0.022537200397564915]]
[1000.0, 100.0, 0.195294, [0.6131696959999999], [5.1888000000000005], [0.5894283600000001], [0.015460240727750653]]
[1000.0, 50.0, 0.181121, [0.4375252433333333], [3.01392], [0.44629673799999997], [0.011925610280214407]]
[1000.0, 900.0, 0.370808, [1.25873388], [5.1888000000000005], [0.5894283600000001], [0.02215133809050821]]
[1000.0, 650.0, 0.375203, [1.27656532], [5.1888000000000005], [0.5894283600000001], [0.022330683772782238]]
[1000.0, 950.0, 0.369787, [1.25460492], [5.1888000000000005], [0.5894283600000001], [0.0221163732903928]]
[1100.0, 350.0, 0.204881, [0.3114092666666667], [1.08698], [0.199501126], [0.005107814812618014]]
[1100.0, 950.0, 0.312782, [0.5160773733333334], [1.08698], [0.199501126], [0.0065807772847218515]]
[1100.0, 450.0, 0.258574, [0.40890688000000003], [1.08698], [0.199501126], [0.005851086686533821]]
[1100.0, 50.0, 0.154559, [0.22680033200000002], [1.08698], [0.199501126], [0.004360738536838303]]
[1100.0, 700.0, 0.307943, [0.50611868], [1.08698], [0.199501126], [0.006505832688356571]]
[1100.0, 900.0, 0.305964, [0.50206792], [1.08698], [0.199501126], [0.006490328138254816]]
[1100.0, 200.0, 0.164295, [0.24270072266666665], [1.08698], [0.199501126], [0.004510729967040319]]
[1100.0, 750.0, 0.308703, [0.5076768533333332], [1.08698], [0.199501126], [0.006515105726779199]]
[1100.0, 850.0, 0.306091, [0.77983294], [2.96654], [0.424006978], [0.014008473584227512]]
[1100.0, 800.0, 0.306655, [0.781512584], [2.96654], [0.424006978], [0.014018303583529644]]
[1100.0, 500.0, 0.286228, [0.72137384], [2.96654], [0.424006978], [0.013449012377122713]]
[1100.0, 400.0, 0.228055, [0.557824152], [2.96654], [0.424006978], [0.011865913770123228]]
[1100.0, 600.0, 0.304817, [0.49972651999999995], [1.08698], [0.199501126], [0.006456823517626742]]
[1100.0, 650.0, 0.307766, [0.5057549733333334], [1.08698], [0.199501126], [0.006516247421808215]]
[1100.0, 100.0, 0.150251, [0.21983314133333334], [1.08698], [0.199501126], [0.004287438000070023]]
[1100.0, 1000.0, 0.308666, [0.5076011066666667], [1.08698], [0.199501126], [0.006510382381669725]]
[1100.0, 300.0, 0.1938, [0.466307428], [2.96654], [0.424006978], [0.01082680532013022]]
[1100.0, 150.0, 0.155327, [0.22804653333333333], [1.08698], [0.199501126], [0.004361383317761057]]
[1100.0, 250.0, 0.181624, [0.271547292], [1.08698], [0.199501126], [0.004760326125149176]]
[1100.0, 550.0, 0.302917, [0.4958573066666667], [1.08698], [0.199501126], [0.006441334591871815]]
[1200.0, 100.0, 0.112456, [0.160441376], [1.08698], [0.199501126], [0.002969609322902032]]
[1200.0, 700.0, 0.226632, [0.3499480666666667], [1.08698], [0.199501126], [0.004366852574159614]]
[1200.0, 200.0, 0.116738, [0.167019284], [1.08698], [0.199501126], [0.0030183114202039078]]
[1200.0, 750.0, 0.228434, [0.35319750666666666], [1.08698], [0.199501126], [0.004393395758787653]]
[1200.0, 50.0, 0.111352, [0.15875087599999999], [1.08698], [0.199501126], [0.002941344698376351]]
[1200.0, 250.0, 0.122603, [0.176089932], [1.08698], [0.199501126], [0.0030993290600099597]]
[1200.0, 650.0, 0.224204, [0.3455842], [1.08698], [0.199501126], [0.004343966619474776]]
[1200.0, 550.0, 0.213586, [0.3266831066666666], [1.08698], [0.199501126], [0.004224860644644586]]
[1200.0, 950.0, 0.226508, [0.34972420000000004], [1.08698], [0.199501126], [0.004373943998015725]]
[1200.0, 800.0, 0.225754, [0.34836812], [1.08698], [0.199501126], [0.004360054835536921]]
[1200.0, 850.0, 0.233066, [0.3615918933333333], [1.08698], [0.199501126], [0.0044394668608841855]]
[1200.0, 1000.0, 0.224822, [0.3466934133333333], [1.08698], [0.199501126], [0.004351725344682905]]
[1200.0, 350.0, 0.144248, [0.210193688], [1.08698], [0.199501126], [0.003384063540249273]]
[1200.0, 450.0, 0.167829, [0.24852426133333333], [1.08698], [0.199501126], [0.0036868004388026696]]
[1200.0, 150.0, 0.11201, [0.15975824533333333], [1.08698], [0.199501126], [0.0029569654914004886]]
[1200.0, 300.0, 0.131809, [0.19047167866666667], [1.08698], [0.199501126], [0.0032297256299017793]]
[1200.0, 600.0, 0.23354, [0.3624545466666667], [1.08698], [0.199501126], [0.004444703566668485]]
[1200.0, 500.0, 0.185305, [0.277766308], [1.08698], [0.199501126], [0.0038967717145806154]]
[1200.0, 900.0, 0.228921, [0.3540782533333333], [1.08698], [0.199501126], [0.00439011087078422]]
[1200.0, 400.0, 0.151289, [0.22150702], [1.08698], [0.199501126], [0.003886088663710881]]
[1300.0, 350.0, 0.104102, [0.06397308933333333], [0.16951], [0.074564344], [0.0015129119577820779]]
[1300.0, 550.0, 0.149767, [0.09881879466666665], [0.16951], [0.074564344], [0.0018792820080492918]]
[1300.0, 450.0, 0.123894, [0.07851019333333333], [0.16951], [0.074564344], [0.0016795780861738926]]
[1300.0, 50.0, 0.084156, [0.05014806533333334], [0.16951], [0.074564344], [0.0013417015385944323]]
[1300.0, 900.0, 0.176784, [0.258350812], [1.04282], [0.189935978], [0.0030480823217229553]]
[1300.0, 650.0, 0.176465, [0.25782659599999996], [1.04282], [0.189935978], [0.0030385153283945913]]
[1300.0, 200.0, 0.090539, [0.05448482266666667], [0.16951], [0.074564344], [0.0013998102245979236]]
[1300.0, 1000.0, 0.175288, [0.2558936146666667], [1.04282], [0.189935978], [0.003037540222102234]]
[1300.0, 150.0, 0.085251, [0.050886457333333336], [0.16951], [0.074564344], [0.0013522918626457006]]
[1300.0, 500.0, 0.136675, [0.08835256799999999], [0.16951], [0.074564344], [0.0017777501316739274]]
[1300.0, 100.0, 0.085029, [0.05073692666666666], [0.16951], [0.074564344], [0.0013487948167819216]]
[1300.0, 950.0, 0.174007, [0.2537930093333333], [1.04282], [0.189935978], [0.00302327392047466]]
[1300.0, 600.0, 0.164502, [0.11108224133333333], [0.16951], [0.074564344], [0.0019957396859866822]]
[1300.0, 250.0, 0.097532, [0.05932963466666667], [0.16951], [0.074564344], [0.0014566276064938491]]
[1300.0, 850.0, 0.176149, [0.2573071333333333], [1.04282], [0.189935978], [0.0030400030780686174]]
[1300.0, 300.0, 0.099817, [0.060934727999999994], [0.16951], [0.074564344], [0.0014826887756145364]]
[1300.0, 400.0, 0.115013, [0.07188328000000001], [0.16951], [0.074564344], [0.0016053535746232215]]
[1300.0, 750.0, 0.176838, [0.2584404813333333], [1.04282], [0.189935978], [0.0030487156812154343]]
[1300.0, 700.0, 0.173849, [0.2535346426666667], [1.04282], [0.189935978], [0.0030167735385857376]]
[1300.0, 800.0, 0.172297, [0.25099516666666666], [1.04282], [0.189935978], [0.003000180357837768]]
[1400.0, 50.0, 0.087107, [0.05214305466666667], [0.16951], [0.074564344], [0.0011132130945051704]]
[1400.0, 400.0, 0.109709, [0.06800661466666666], [0.16951], [0.074564344], [0.0012714290528552683]]
[1400.0, 350.0, 0.104289, [0.06410648933333334], [0.16951], [0.074564344], [0.0012337299477600437]]
[1400.0, 600.0, 0.153391, [0.10178662266666667], [0.16951], [0.074564344], [0.001556217460382706]]
[1400.0, 550.0, 0.141433, [0.092110492], [0.16951], [0.074564344], [0.0016535530934593207]]
[1400.0, 850.0, 0.172458, [0.11792336133333334], [0.16951], [0.074564344], [0.0016703626906220763]]
[1400.0, 900.0, 0.17249, [0.11795056266666668], [0.16951], [0.074564344], [0.0016727633637520613]]
[1400.0, 100.0, 0.08533, [0.050939572], [0.16951], [0.074564344], [0.001098591120379997]]
[1400.0, 700.0, 0.17119, [0.11682190666666666], [0.16951], [0.074564344], [0.0016639677945601392]]
[1400.0, 150.0, 0.086419, [0.05167664533333334], [0.16951], [0.074564344], [0.0011057780866380418]]
[1400.0, 800.0, 0.170965, [0.11662763333333334], [0.16951], [0.074564344], [0.0016613690370695287]]
[1400.0, 450.0, 0.116322, [0.07284928], [0.16951], [0.074564344], [0.0013150033301183013]]
[1400.0, 950.0, 0.175016, [0.12015629333333333], [0.16951], [0.074564344], [0.0016908333019878426]]
[1400.0, 300.0, 0.099637, [0.060808044000000006], [0.16951], [0.074564344], [0.0012044147399371107]]
[1400.0, 250.0, 0.090863, [0.05470700266666667], [0.16951], [0.074564344], [0.0011407200330395613]]
[1400.0, 500.0, 0.125203, [0.07950137066666667], [0.16951], [0.074564344], [0.001375012082047928]]
[1400.0, 650.0, 0.163552, [0.11027595333333333], [0.16951], [0.074564344], [0.0016196050629705995]]
[1400.0, 1000.0, 0.174435, [0.11964731866666665], [0.16951], [0.074564344], [0.0016888629216132373]]
[1400.0, 200.0, 0.088368, [0.05300070933333334], [0.16951], [0.074564344], [0.0011238649274317224]]
[1400.0, 750.0, 0.174426, [0.11963897733333333], [0.16951], [0.074564344], [0.0016872330685342662]]
[1500.0, 950.0, 0.135694, [0.08758329466666666], [0.16951], [0.074564344], [0.0011761712165610355]]
[1500.0, 350.0, 0.074844, [0.043965665333333334], [0.16951], [0.074564344], [0.0008349078707924074]]
[1500.0, 150.0, 0.065676, [0.038041938666666664], [0.16951], [0.074564344], [0.0007757201073697767]]
[1500.0, 400.0, 0.082675, [0.04915336133333333], [0.16951], [0.074564344], [0.000987421427535151]]
[1500.0, 200.0, 0.065658, [0.03803065333333333], [0.16951], [0.074564344], [0.0007753291471368789]]
[1500.0, 500.0, 0.092422, [0.05577944666666667], [0.16951], [0.074564344], [0.0009382982232389303]]
[1500.0, 600.0, 0.107035, [0.06607418533333333], [0.16951], [0.074564344], [0.0010203975626087009]]
[1500.0, 850.0, 0.136274, [0.08803811199999999], [0.16951], [0.074564344], [0.0011796227419532625]]
[1500.0, 1000.0, 0.137501, [0.08900061599999999], [0.16951], [0.074564344], [0.001186885578309889]]
[1500.0, 800.0, 0.134892, [0.08695698933333333], [0.16951], [0.074564344], [0.0011733817679397158]]
[1500.0, 50.0, 0.066031, [0.038268534666666666], [0.16951], [0.074564344], [0.0007792073533762085]]
[1500.0, 300.0, 0.074772, [0.04391825466666666], [0.16951], [0.074564344], [0.000834007782217888]]
[1500.0, 100.0, 0.066351, [0.038472652], [0.16951], [0.074564344], [0.0007801362522591095]]
[1500.0, 750.0, 0.134664, [0.08677924533333332], [0.16951], [0.074564344], [0.0011710896950181816]]
[1500.0, 650.0, 0.117374, [0.07362861200000001], [0.16951], [0.074564344], [0.0010792784684428964]]
[1500.0, 450.0, 0.08518, [0.050838310666666664], [0.16951], [0.074564344], [0.0008984220681963585]]
[1500.0, 250.0, 0.068614, [0.039923032000000004], [0.16951], [0.074564344], [0.0007959177536515803]]
[1500.0, 900.0, 0.133311, [0.08572648933333334], [0.16951], [0.074564344], [0.001162079334067458]]
[1500.0, 700.0, 0.12784, [0.081509976], [0.16951], [0.074564344], [0.0011349322752188052]]
[1500.0, 550.0, 0.101599, [0.06219347200000001], [0.16951], [0.074564344], [0.0009937291891321967]]
