[100.0, 1800.0, 0.073632, [85.31712, 9.273601840000001], [25530.0, 1996.4], [1383.06314, 126.311676], [8.894924262297009, 2.932569810933748]]
[100.0, 800.0, 0.116802, [0.24930785599999997, 11.966778559999998], [3.8824, 1996.4], [0.428071952, 126.311676], [0.17628728065291607, 2.442708630352789]]
[100.0, 500.0, 0.083547, [49.91368000000001, 49.4145616], [9476.0, 13938.0], [553.91314, 875.2098], [4.991368579938772, 4.966349177575013]]
[100.0, 1100.0, 0.131854, [38.9737944, 0.23198697000000001], [9476.0, 1.8078], [553.91314, 0.304713108], [6.013788848970339, 0.23198694351191407]]
[100.0, 600.0, 0.117814, [44.724143999999995, 0.7454024], [9476.0, 25.392], [553.91314, 2.93968428], [4.71433925906908, 0.4303583587662728]]
[100.0, 1400.0, 0.112471, [0.232140196, 12.07129424], [3.8824, 1996.4], [0.428071952, 126.311676], [0.23214022029799142, 3.3479739200895815]]
[100.0, 1700.0, 0.078266, [12.97586952, 0.46342387199999996], [4057.2, 25.392], [209.489474, 2.93968428], [3.4679470473466, 0.4634239173801887]]
[100.0, 100.0, 0.103214, [19.8818072, 12.426130879999999], [4057.2, 1996.4], [209.489474, 126.311676], [3.1435903244538723, 2.485226363935487]]
[100.0, 1200.0, 0.068397, [13.87107368, 1.849476], [4057.2, 314.64], [209.489474, 26.476988199999997], [3.5814951291325245, 0.9247382185245724]]
[100.0, 1000.0, 0.109965, [12.137061360000002, 14.00430256], [1968.8, 1996.4], [126.311676, 126.311676], [3.366215506351309, 3.6158949498015014]]
[100.0, 2000.0, 0.08982, [17.69404352, 0.4656327], [4057.2, 25.392], [209.489474, 2.93968428], [4.059291469998182, 0.4656326227402887]]
[100.0, 400.0, 0.09328, [118.546048, 0.2490463], [25530.0, 8.096], [1383.06314, 0.98766186], [7.684199972410921, 0.24904637900599963]]
[100.0, 1600.0, 0.135263, [43.815552, 0.233061484], [9476.0, 1.8078], [553.91314, 0.304713108], [6.391154647479593, 0.23306144116949076]]
[100.0, 1300.0, 0.171512, [0.116521634, 0.93217344], [0.09706000000000001, 86.94], [0.0328924104, 7.5865132], [0.11652161838045333, 0.6591458762975007]]
[100.0, 1500.0, 0.09567, [44.6651168, 12.096802160000001], [9476.0, 1996.4], [553.91314, 126.311676], [6.446854295235778, 3.355049158268773]]
[100.0, 900.0, 0.085971, [10.97639304, 2.24517168], [1968.8, 314.64], [126.311676, 26.476988199999997], [2.340174759969862, 0.7483904542416345]]
[100.0, 1900.0, 0.076618, [0.93074652, 52.1218272], [103.5, 13938.0], [6.6977012, 875.2098], [0.6581374826584487, 6.965072041551329]]
[100.0, 200.0, 0.137186, [0.124928548, 8.9948584], [0.35742, 1996.4], [0.090960262, 126.311676], [0.12492859845527764, 2.120108810792503]]
[100.0, 700.0, 0.081356, [102.6968584, 9.47204032], [25530.0, 1996.4], [1383.06314, 126.311676], [7.155229838935994, 2.173035325989893]]
[100.0, 300.0, 0.102639, [0.7486292999999999, 0.2495431], [43.37799999999999, 8.096], [3.22984216, 0.98766186], [0.4322213460716626, 0.24954309354498275]]
[200.0, 1800.0, 0.0436, [5.454823520000001, 2.9372122399999996], [1968.8, 874.0], [126.311676, 74.882572], [1.06977875335043, 0.7850029588734044]]
[200.0, 700.0, 0.048839, [9.74146048, 1.34364988], [4057.2, 314.64], [209.489474, 26.476988199999997], [1.044394114115931, 0.27427133444091456]]
[200.0, 2000.0, 0.040474, [50.3568624, 0.208949664], [25530.0, 25.392], [1383.06314, 2.93968428], [3.243770750962528, 0.1477497085750087]]
[200.0, 1300.0, 0.055937, [6.0854596, 0.31476530399999997], [1968.8, 25.392], [126.311676, 2.93968428], [1.1300416587011295, 0.1817297636382109]]
[200.0, 1400.0, 0.040825, [20.511657600000003, 4.81396256], [9476.0, 1996.4], [553.91314, 126.311676], [2.0719911490158447, 1.0037804601405629]]
[200.0, 400.0, 0.058134, [5.832971120000001, 0.08412940000000001], [1968.8, 1.8078], [126.311676, 0.304713108], [0.8088875228608734, 0.04857212295133908]]
[200.0, 1900.0, 0.071147, [22.371069600000002, 0.05226888], [9476.0, 0.31418], [553.91314, 0.093860286], [2.162693607888089, 0.052268854932933054]]
[200.0, 1700.0, 0.038242, [48.725242400000006, 1.04560576], [25530.0, 314.64], [1383.06314, 26.476988199999997], [3.192096146922896, 0.33064958708578485]]
[200.0, 500.0, 0.053029, [9.839383439999999, 1.56535608], [4057.2, 314.64], [209.489474, 26.476988199999997], [1.0488816669958532, 0.2958245658494237]]
[200.0, 1500.0, 0.049539, [9.36933152, 6.03801336], [4057.2, 1996.4], [209.489474, 126.311676], [1.3966973265815326, 1.121230840246557]]
[200.0, 100.0, 0.046627, [0.168140212, 5.492580319999999], [14.352, 1996.4], [1.25133524, 126.311676], [0.06864295958071738, 0.7846544032120127]]
[200.0, 600.0, 0.050647, [6.7529435200000005, 5.177257679999999], [1968.8, 1996.4], [126.311676, 126.311676], [0.8718012426694516, 0.7633447959081139]]
[200.0, 1000.0, 0.044447, [2.2970909600000002, 1.2529590400000001], [786.6, 314.64], [50.808656000000006, 26.476988199999997], [0.4897415011207443, 0.361698090677847]]
[200.0, 1200.0, 0.040349, [7.722253680000001, 2.92193288], [4057.2, 874.0], [209.489474, 74.882572], [1.2695305314327812, 0.7809194982326924]]
[200.0, 300.0, 0.04221, [54.1508136, 4.81092104], [25530.0, 1996.4], [1383.06314, 126.311676], [2.4614008122205533, 0.7336585555692784]]
[200.0, 1600.0, 0.052659, [9.8382868, 6.489082], [4057.2, 1996.4], [209.489474, 126.311676], [1.4350616394845206, 1.1654736329578632]]
[200.0, 900.0, 0.046383, [8.818117200000001, 1.33946112], [4057.2, 314.64], [209.489474, 26.476988199999997], [0.9921156468073669, 0.2734162919505712]]
[200.0, 800.0, 0.050257, [10.778922399999999, 5.2771807200000005], [4057.2, 1996.4], [209.489474, 126.311676], [1.1001190585750253, 0.7697558137487499]]
[200.0, 1100.0, 0.056968, [0.052296664, 7.32152928], [1.1500000000000001, 1996.4], [0.18400000000000002, 126.311676], [0.05229663912719439, 1.2375643578578044]]
[200.0, 200.0, 0.052036, [0.11180686399999999, 0.11180686399999999], [3.8824, 8.096], [0.428071952, 0.98766186], [0.055903419788059475, 0.07905937980024887]]
[300.0, 2000.0, 0.024065, [27.498211199999997, 3.0553568], [25530.0, 1996.4], [1383.06314, 126.311676], [1.4677462137031732, 0.4892487340566146]]
[300.0, 400.0, 0.028421, [5.65719224, 0.295524976], [4057.2, 86.94], [209.489474, 7.5865132], [0.48870704818326494, 0.0789823777509895]]
[300.0, 1000.0, 0.025221, [5.969594799999999, 0.510557404], [4057.2, 314.64], [209.489474, 26.476988199999997], [0.6847594053388386, 0.141603153185231]]
[300.0, 200.0, 0.030439, [0.0315104646, 0.81927242], [1.1500000000000001, 314.64], [0.18400000000000002, 26.476988199999997], [0.018192578376909633, 0.13118854834169025]]
[300.0, 1600.0, 0.02567, [1193.7216199999998], [791200.0], [37086.3868], [108.07447677412091]]
[300.0, 1300.0, 0.027821, [0.551502372, 0.7878605839999999], [259.90000000000003, 314.64], [15.5177596, 26.476988199999997], [0.1473951980764638, 0.17617096791469358]]
[300.0, 800.0, 0.028205, [5.30641832, 0.821231376], [4057.2, 314.64], [209.489474, 26.476988199999997], [0.47273331421426185, 0.1315022782464243]]
[300.0, 700.0, 0.029404, [5.26205776, 0.336771704], [4057.2, 86.94], [209.489474, 7.5865132], [0.47065272204460906, 0.08419292425376375]]
[300.0, 300.0, 0.028986, [6.40204448, 0.12635611200000002], [4057.2, 25.392], [209.489474, 2.93968428], [0.5192744387315824, 0.05158468796067298]]
[300.0, 900.0, 0.027271, [5.921156799999999, 0.0634409644], [4057.2, 8.096], [209.489474, 0.98766186], [0.5004290591722268, 0.036627659952554986]]
[300.0, 600.0, 0.025191, [4.9687709600000005, 1.768545624], [4057.2, 874.0], [209.489474, 74.882572], [0.4574124535952208, 0.27289253328004415]]
[300.0, 1400.0, 0.027323, [4.935643600000001, 0.0783435384], [4057.2, 8.096], [209.489474, 0.98766186], [0.6218326210806249, 0.055397255888717085]]
[300.0, 500.0, 0.030291, [6.58783664, 0.739020176], [4057.2, 314.64], [209.489474, 26.476988199999997], [0.5274490544346438, 0.12491719887989805]]
[300.0, 1200.0, 0.022537, [3.06275544, 1.335047328], [1968.8, 874.0], [126.311676, 74.882572], [0.4904334218953679, 0.32379655844990074]]
[300.0, 100.0, 0.025941, [5.48024312, 2.78227688], [4057.2, 1996.4], [209.489474, 126.311676], [0.4806491375962303, 0.3424746679332648]]
[300.0, 1100.0, 0.026332, [0.548747248, 0.705532268], [259.90000000000003, 314.64], [15.5177596, 26.476988199999997], [0.14665887914476913, 0.16629554153975384]]
[300.0, 1900.0, 0.035866, [0.9067093119999999, 0.23653292], [259.90000000000003, 86.94], [15.5177596, 7.5865132], [0.18906199220361558, 0.09656415715989035]]
[300.0, 1500.0, 0.028481, [1.3722462400000002, 0.156828168], [786.6, 25.392], [50.808656000000006, 2.93968428], [0.23195197930606243, 0.0784140831942834]]
[300.0, 1700.0, 0.020867, [970.31112], [786600.0], [37086.3868], [97.51994575470188]]
[300.0, 1800.0, 0.022324, [0.27499812, 1.3357051279999999], [103.5, 874.0], [6.6977012, 74.882572], [0.10393952187690685, 0.323956024670016]]
[400.0, 900.0, 0.014703, [683.6632699999999], [791200.0], [37086.3868], [40.78393568551225]]
[400.0, 1200.0, 0.016693, [0.0181024858, 0.0181024904], [1.1500000000000001, 1.8078], [0.18400000000000002, 0.304713108], [0.012800392484607652, 0.012800393311144779]]
[400.0, 1500.0, 0.016088, [748.0503899999999], [791200.0], [37086.3868], [58.05997290733091]]
[400.0, 200.0, 0.014711, [683.9956199999999], [791200.0], [37086.3868], [40.80375672655644]]
[400.0, 1600.0, 0.017519, [0.34615082799999997, 0.009109232799999999], [259.90000000000003, 0.31418], [15.5177596, 0.093860286], [0.07941244742733974, 0.009109232391370856]]
[400.0, 500.0, 0.018356, [3.82061648, 0.08771820959999999], [4057.2, 25.392], [209.489474, 2.93968428], [0.2729010935265742, 0.029239403468607223]]
[400.0, 1700.0, 0.014629, [1.9859635200000003, 1.444337256], [1968.8, 1996.4], [126.311676, 126.311676], [0.26778733173919933, 0.2283697970923476]]
[400.0, 300.0, 0.014615, [679.53592], [786600.0], [37086.3868], [40.68275472482167]]
[400.0, 1300.0, 0.014928, [0.326597976, 0.9435052639999999], [259.90000000000003, 874.0], [15.5177596, 74.882572], [0.07697987507394384, 0.18503658812245755]]
[400.0, 1400.0, 0.014621, [3.23617912, 0.345434792], [4057.2, 314.64], [209.489474, 26.476988199999997], [0.34303418605147795, 0.07924816665639654]]
[400.0, 1100.0, 0.018101, [0.018211216000000002, 0.009105608000000001], [1.1500000000000001, 0.31418], [0.18400000000000002, 0.093860286], [0.012877273389968856, 0.009105607918200738]]
[400.0, 800.0, 0.015437, [0.35097448000000003, 0.136490096], [259.90000000000003, 86.94], [15.5177596, 7.5865132], [0.05849573862086024, 0.03647850466233505]]
[400.0, 100.0, 0.017252, [3.1599092799999995, 0.0487640296], [4057.2, 8.096], [209.489474, 0.98766186], [0.2482659164041653, 0.02180793584730109]]
[400.0, 1000.0, 0.014868, [0.162822704, 0.018091413599999998], [103.5, 1.8078], [6.6977012, 0.304713108], [0.05427423799925707, 0.012792561129031198]]
[400.0, 400.0, 0.016657, [0.21379088799999998, 0.9134703920000001], [103.5, 874.0], [6.6977012, 74.882572], [0.045580378462667465, 0.13324334305022523]]
[400.0, 1800.0, 0.01862, [0.181544888, 0.0544634572], [103.5, 8.096], [6.6977012, 0.98766186], [0.05740951856965882, 0.03144449102784143]]
[400.0, 2000.0, 0.015519, [0.199353052, 0.126861008], [103.5, 86.94], [6.6977012, 7.5865132], [0.06010721975936002, 0.04794896667082618]]
[400.0, 600.0, 0.016424, [3.51242936, 0.0390270072], [4057.2, 8.096], [209.489474, 0.98766186], [0.26180109445149385, 0.01951350145924611]]
[400.0, 700.0, 0.017113, [3.9448532800000002, 0.9373909440000001], [4057.2, 874.0], [209.489474, 74.882572], [0.2775589227245271, 0.1353007439092631]]
[400.0, 1900.0, 0.014942, [0.361997276, 1.2669903279999999], [259.90000000000003, 1996.4], [15.5177596, 126.311676], [0.08094504339117992, 0.21416042898724313]]
[500.0, 1700.0, 0.008885, [1.89372984, 0.08437413839999999], [4057.2, 86.94], [209.489474, 7.5865132], [0.18843324921042995, 0.02812470696594011]]
[500.0, 1100.0, 0.010709, [2.5825448800000004, 0.0374281852], [4057.2, 25.392], [209.489474, 2.93968428], [0.2198408868977743, 0.018714098086736637]]
[500.0, 300.0, 0.010053, [2.3080573600000003, 0.0403154212], [4057.2, 25.392], [209.489474, 2.93968428], [0.1525207509868739, 0.014253653555492359]]
[500.0, 1300.0, 0.010713, [0.13001587199999998, 0.26003174399999995], [103.5, 314.64], [6.6977012, 26.476988199999997], [0.03474820635370983, 0.04914138469355538]]
[500.0, 1800.0, 0.009955, [1.2907136319999999, 0.252530892], [1968.8, 314.64], [126.311676, 26.476988199999997], [0.15538365867233273, 0.048599595405723284]]
[500.0, 1400.0, 0.010087, [2.1385013600000002, 0.0468969448], [4057.2, 25.392], [209.489474, 2.93968428], [0.2002889654873678, 0.020972955305345025]]
[500.0, 600.0, 0.009205, [428.00608], [791200.0], [37086.3868], [23.211888979572514]]
[500.0, 1900.0, 0.012572, [0.0046696095, 0.21480196799999998], [0.09706000000000001, 314.64], [0.0328924104, 26.476988199999997], [0.0033019117538177784, 0.044789319155352204]]
[500.0, 1200.0, 0.013533, [0.260913656, 0.037273386000000006], [259.90000000000003, 8.096], [15.5177596, 0.98766186], [0.04930804349799331, 0.018636688675835095]]
[500.0, 800.0, 0.009336, [434.07808], [791200.0], [37086.3868], [23.369980723141385]]
[500.0, 1000.0, 0.009724, [452.11835999999994], [786600.0], [37086.3868], [32.4601958712513]]
[500.0, 2000.0, 0.009341, [2.0492448, 0.08460180160000001], [4057.2, 86.94], [209.489474, 7.5865132], [0.196281951488159, 0.028200603794954465]]
[500.0, 700.0, 0.01052, [0.65443096, 0.916203344], [786.6, 1996.4], [50.808656000000006, 126.311676], [0.05739738363375111, 0.09604421065321948]]
[500.0, 100.0, 0.010195, [0.22704413199999998, 0.04540882639999999], [259.90000000000003, 25.392], [15.5177596, 2.93968428], [0.03384573594413334, 0.015136276059850387]]
[500.0, 200.0, 0.00925, [430.09609], [791200.0], [37086.3868], [23.256935374206122]]
[500.0, 1500.0, 0.010537, [0.23349048, 0.0046698096], [259.90000000000003, 0.31418], [15.5177596, 0.093860286], [0.04669809801694283, 0.004669808895447436]]
[500.0, 900.0, 0.009832, [2.35562872, 0.805342976], [4057.2, 1996.4], [209.489474, 126.311676], [0.15399223718616467, 0.0900400761616737]]
[500.0, 1600.0, 0.011512, [0.28205534800000004, 0.08461662280000001], [259.90000000000003, 86.94], [15.5177596, 7.5865132], [0.051496033354036116, 0.028205539090043998]]
[500.0, 500.0, 0.009618, [447.2014199999999], [791200.0], [37086.3868], [23.701631125304434]]
[500.0, 400.0, 0.009497, [2.26944312, 0.186598724], [4057.2, 314.64], [209.489474, 26.476988199999997], [0.15129619718684276, 0.030676627115770076]]
[600.0, 200.0, 0.00611, [1.401382272, 0.133996712], [4057.2, 314.64], [209.489474, 26.476988199999997], [0.0884544668041134, 0.019340758942709566]]
[600.0, 1400.0, 0.006169, [286.83691], [786600.0], [37086.3868], [19.29474647151395]]
[600.0, 1900.0, 0.005918, [275.17659999999995], [791200.0], [37086.3868], [18.89920790403661]]
[600.0, 100.0, 0.009237, [0.0035151751, 0.005624281999999999], [0.09706000000000001, 1.8078], [0.0328924104, 0.304713108], [0.0015720341001390524, 0.002812139938196533]]
[600.0, 800.0, 0.006621, [307.84326999999996], [791200.0], [37086.3868], [14.642617225072843]]
[600.0, 1200.0, 0.006332, [294.40207], [786600.0], [37086.3868], [19.540157581247904]]
[600.0, 600.0, 0.007703, [0.20133997600000003, 0.111855532], [259.90000000000003, 314.64], [15.5177596, 26.476988199999997], [0.023728139473629194, 0.017685910681669744]]
[600.0, 1600.0, 0.005925, [275.47168999999997], [786600.0], [37086.3868], [18.919470626843655]]
[600.0, 400.0, 0.006663, [0.167425924, 0.04464690079999999], [259.90000000000003, 86.94], [15.5177596, 7.5865132], [0.02161458502400636, 0.01116172345831951]]
[600.0, 500.0, 0.007094, [1.7162478560000003, 0.050477879200000006], [4057.2, 86.94], [209.489474, 7.5865132], [0.09811136395749476, 0.011897748607194556]]
[600.0, 1100.0, 0.010093, [0.0039101058, 0.531774536], [0.09706000000000001, 1996.4], [0.0328924104, 126.311676], [0.002257501025913388, 0.07446332462091657]]
[600.0, 300.0, 0.006272, [1.486215656, 0.047671069600000004], [4057.2, 86.94], [209.489474, 7.5865132], [0.09129751078315335, 0.01156193322935226]]
[600.0, 1700.0, 0.006098, [283.51295], [791200.0], [37086.3868], [19.201918854635334]]
[600.0, 1500.0, 0.006327, [294.18908999999996], [791200.0], [37086.3868], [19.569173950374093]]
[600.0, 1800.0, 0.006186, [287.60442], [791200.0], [37086.3868], [19.346367661656803]]
[600.0, 1000.0, 0.0068, [0.0025893331, 0.37286404], [0.09706000000000001, 1996.4], [0.0328924104, 126.311676], [0.0018309357989836782, 0.06214402173017128]]
[600.0, 2000.0, 0.006042, [0.146312752, 0.512094632], [259.90000000000003, 1996.4], [15.5177596, 126.311676], [0.02765051084663717, 0.0731563730101486]]
[600.0, 700.0, 0.007061, [1.00865028, 0.014009033199999998], [1968.8, 8.096], [126.311676, 0.98766186], [0.07518036003106131, 0.006265029101927619]]
[600.0, 1300.0, 0.009954, [0.0038918483999999995, 0.020756524800000002], [0.09706000000000001, 25.392], [0.0328924104, 2.93968428], [0.002246959217698443, 0.010378260617271085]]
[600.0, 900.0, 0.007686, [1.815706664, 0.002810692], [4057.2, 0.31418], [209.489474, 0.093860286], [0.10102861779119816, 0.001987459265494516]]
[700.0, 2000.0, 0.004596, [1.165923728, 0.0030362594400000003], [4057.2, 1.8078], [209.489474, 0.304713108], [0.08414330260216793, 0.002146959513358368]]
[700.0, 100.0, 0.004118, [1.03409564, 0.279041704], [4057.2, 1996.4], [209.489474, 126.311676], [0.05826469751058525, 0.030266316548929435]]
[700.0, 1000.0, 0.004461, [0.997330048, 0.10338177999999999], [4057.2, 314.64], [209.489474, 26.476988199999997], [0.07787837767185447, 0.01772982505948663]]
[700.0, 600.0, 0.00455, [1.1202541920000002, 0.0802521336], [4057.2, 314.64], [209.489474, 26.476988199999997], [0.06057642176292686, 0.01146458803795409]]
[700.0, 1400.0, 0.004401, [0.114980956, 0.006051630279999999], [259.90000000000003, 8.096], [15.5177596, 0.98766186], [0.018652377770139655, 0.00427914935098087]]
[700.0, 1900.0, 0.004741, [0.28739613199999997, 0.00453783422], [786.6, 1.8078], [50.808656000000006, 0.304713108], [0.02948622246405938, 0.0026199198941952405]]
[700.0, 200.0, 0.004815, [0.119058488, 0.0342496956], [259.90000000000003, 86.94], [15.5177596, 7.5865132], [0.013934738628334586, 0.007473895635343057]]
[700.0, 400.0, 0.004801, [1.1749653039999999, 0.008205065079999999], [4057.2, 8.096], [209.489474, 0.98766186], [0.0620988414706748, 0.003669416280554715]]
[700.0, 1300.0, 0.005297, [0.0030363266, 0.0060726532], [0.35742, 1.8078], [0.090960262, 0.304713108], [0.0021470073134481865, 0.0030363265127452944]]
[700.0, 1100.0, 0.005204, [0.0726262812, 0.00151304764], [103.5, 0.31418], [6.6977012, 0.093860286], [0.01482477734605144, 0.0015130476185500575]]
[700.0, 800.0, 0.00516, [0.6482259280000001, 0.00245540134], [1968.8, 0.31418], [126.311676, 0.093860286], [0.046067408689441175, 0.0014176264894534103]]
[700.0, 1500.0, 0.004034, [187.558261], [791200.0], [37086.3868], [11.934045973600067]]
[700.0, 1600.0, 0.004401, [1.074029712, 0.030339824400000003], [4057.2, 86.94], [209.489474, 7.5865132], [0.08072902233026237, 0.00959429444617998]]
[700.0, 1800.0, 0.005971, [0.11841439600000002, 0.00303626772], [259.90000000000003, 0.31418], [15.5177596, 0.093860286], [0.01896148568440775, 0.002146965426829226]]
[700.0, 1200.0, 0.004349, [202.18994100000003], [786600.0], [37086.3868], [12.373824719948153]]
[700.0, 700.0, 0.00608, [0.142291156, 0.024532959200000003], [259.90000000000003, 25.392], [15.5177596, 2.93968428], [0.01525521740520272, 0.00633438339603785]]
[700.0, 900.0, 0.004761, [1.20382276, 0.027881455599999997], [4057.2, 86.94], [209.489474, 7.5865132], [0.06283903067361876, 0.0067622453288830025]]
[700.0, 300.0, 0.004747, [0.11938251200000001, 0.35324136], [259.90000000000003, 1996.4], [15.5177596, 126.311676], [0.013972661850914449, 0.033990662190666425]]
[700.0, 500.0, 0.004787, [1.17156664, 0.00818133276], [4057.2, 8.096], [209.489474, 0.98766186], [0.06191921239809176, 0.003658803102655293]]
[700.0, 1700.0, 0.004287, [0.275485168, 0.0302730968], [786.6, 86.94], [50.808656000000006, 7.5865132], [0.028878695953938084, 0.009573195704674587]]
[800.0, 300.0, 0.003216, [0.796672344, 0.0208605032], [4057.2, 86.94], [209.489474, 7.5865132], [0.03978391902666202, 0.004552133597336528]]
[800.0, 100.0, 0.002817, [0.0710176428, 0.049317805199999995], [259.90000000000003, 314.64], [15.5177596, 26.476988199999997], [0.008369508552358377, 0.006974590932233946]]
[800.0, 1800.0, 0.003077, [0.0811023516, 0.17695061039999999], [259.90000000000003, 1996.4], [15.5177596, 126.311676], [0.012226640781506587, 0.02554061840441613]]
[800.0, 800.0, 0.003519, [0.24114671999999998, 0.0177895156], [786.6, 86.94], [50.808656000000006, 7.5865132], [0.015437838496369883, 0.00419302856083762]]
[800.0, 400.0, 0.003867, [0.102008772, 0.0198075264], [259.90000000000003, 86.94], [15.5177596, 7.5865132], [0.01005122210280919, 0.0044290972859037546]]
[800.0, 200.0, 0.003097, [0.732202056, 0.023683081600000003], [4057.2, 86.94], [209.489474, 7.5865132], [0.03801403484819785, 0.004834289676053764]]
[800.0, 1700.0, 0.003415, [0.08654825479999999, 0.005524357119999999], [259.90000000000003, 8.096], [15.5177596, 0.98766186], [0.012624361217899303, 0.0031894888744123254]]
[800.0, 600.0, 0.003949, [0.103970028, 0.05446048559999999], [259.90000000000003, 314.64], [15.5177596, 26.476988199999997], [0.01134405887149745, 0.008210227627538714]]
[800.0, 1600.0, 0.003333, [0.08570837760000001, 0.020059404], [259.90000000000003, 86.94], [15.5177596, 7.5865132], [0.012501852208372966, 0.0060481397563217736]]
[800.0, 1000.0, 0.003793, [0.203574104, 0.00183400114], [786.6, 0.31418], [50.808656000000006, 0.093860286], [0.019322400612760308, 0.0012968347216202995]]
[800.0, 1100.0, 0.003873, [0.21035165199999997, 0.00184518972], [786.6, 0.31418], [50.808656000000006, 0.093860286], [0.019701236671843723, 0.0013047463548138388]]
[800.0, 1500.0, 0.003087, [0.210653872, 0.00184784116], [786.6, 1.8078], [50.808656000000006, 0.304713108], [0.01972954317970895, 0.0013066211538162085]]
[800.0, 1400.0, 0.003604, [0.09576997599999998, 0.0460432584], [259.90000000000003, 314.64], [15.5177596, 26.476988199999997], [0.013280906631702522, 0.00920865313061579]]
[800.0, 1200.0, 0.003138, [0.214346568, 0.18108586319999997], [786.6, 1996.4], [50.808656000000006, 126.311676], [0.019901575583857675, 0.025869411929922176]]
[800.0, 900.0, 0.003962, [0.049438178, 0.00395505424], [103.5, 1.8078], [6.6977012, 0.304713108], [0.006991613831441207, 0.0013983228268178989]]
[800.0, 1300.0, 0.003032, [0.07564554639999999, 0.0553503924], [259.90000000000003, 314.64], [15.5177596, 26.476988199999997], [0.011813849641839867, 0.010105554053093773]]
[800.0, 2000.0, 0.003214, [0.840093584, 0.0147384828], [4057.2, 86.94], [209.489474, 7.5865132], [0.05563655559144545, 0.00521084052951153]]
[800.0, 500.0, 0.00342, [158.994768], [791200.0], [37086.3868], [6.260412837026005]]
[800.0, 1900.0, 0.003824, [0.10302279600000001, 0.00183969272], [259.90000000000003, 1.8078], [15.5177596, 0.304713108], [0.013767000010169245, 0.0013008592607964935]]
[800.0, 700.0, 0.003662, [0.568473336, 0.0009938346], [1968.8, 0.31418], [126.311676, 0.093860286], [0.03361453894968664, 0.0007027472256793335]]
[900.0, 200.0, 0.002281, [0.032057933600000005, 0.0015412465599999997], [103.5, 1.8078], [6.6977012, 0.304713108], [0.004445635724168141, 0.0006892665234871051]]
[900.0, 1100.0, 0.002763, [0.00171504836, 0.00114336588], [0.35742, 0.31418], [0.090960262, 0.093860286], [0.0009901838449500172, 0.0008084817675124158]]
[900.0, 300.0, 0.002633, [0.0700044376, 0.0061407387199999995], [259.90000000000003, 25.392], [15.5177596, 2.93968428], [0.006556516049244446, 0.0019418724427726966]]
[900.0, 1000.0, 0.00257, [0.0366977512, 0.0034404136], [103.5, 8.096], [6.6977012, 0.98766186], [0.006487306790340657, 0.0019863243163189643]]
[900.0, 900.0, 0.002913, [0.0794491484, 0.027098931200000002], [259.90000000000003, 314.64], [15.5177596, 26.476988199999997], [0.006995107940839798, 0.004085317985175695]]
[900.0, 1600.0, 0.002507, [0.0582449884, 0.0102785252], [259.90000000000003, 25.392], [15.5177596, 2.93968428], [0.008155929463157463, 0.0034261756055403813]]
[900.0, 700.0, 0.002651, [0.06531256640000001, 0.0191008468], [259.90000000000003, 86.94], [15.5177596, 7.5865132], [0.006343717221944874, 0.0034306132629604285]]
[900.0, 1900.0, 0.002477, [0.16750863200000002, 0.013767827600000001], [786.6, 86.94], [50.808656000000006, 7.5865132], [0.013863114870764075, 0.003974430879509668]]
[900.0, 500.0, 0.002978, [0.078595692, 0.00736834624], [259.90000000000003, 25.392], [15.5177596, 2.93968428], [0.00694694430667182, 0.00212705830441951]]
[900.0, 1400.0, 0.002617, [0.0693794816, 0.034121061200000004], [259.90000000000003, 314.64], [15.5177596, 26.476988199999997], [0.00888313192607202, 0.006229624281447477]]
[900.0, 1200.0, 0.002547, [0.0628263032, 0.018276738400000003], [259.90000000000003, 86.94], [15.5177596, 7.5865132], [0.008471496680044205, 0.004569185348834079]]
[900.0, 1500.0, 0.002469, [0.0615113472, 0.017086488400000002], [259.90000000000003, 86.94], [15.5177596, 7.5865132], [0.008370634547989775, 0.004411712251722681]]
[900.0, 800.0, 0.002685, [0.18599594, 0.0030896341599999998], [786.6, 8.096], [50.808656000000006, 0.98766186], [0.010720629377046853, 0.0013817263734907865]]
[900.0, 400.0, 0.002618, [0.0681463504, 0.00368358616], [259.90000000000003, 8.096], [15.5177596, 0.98766186], [0.006468165323799323, 0.0015038178841867787]]
[900.0, 100.0, 0.002264, [0.0572687672, 0.00369475864], [259.90000000000003, 8.096], [15.5177596, 0.98766186], [0.005938494886753712, 0.0015083789290493287]]
[900.0, 600.0, 0.002798, [0.0717315076, 0.00429162796], [259.90000000000003, 8.096], [15.5177596, 0.98766186], [0.0066315799131127125, 0.001622083149040147]]
[900.0, 1800.0, 0.002267, [0.0582594508, 0.0034270276], [259.90000000000003, 8.096], [15.5177596, 0.98766186], [0.008157954943734367, 0.001978594701296857]]
[900.0, 2000.0, 0.002488, [0.37697294400000003, 0.0160903124], [1968.8, 86.94], [126.311676, 7.5865132], [0.029436641808467216, 0.004300315603301693]]
[900.0, 1700.0, 0.003239, [0.08416137919999998, 0.00461158188], [259.90000000000003, 8.096], [15.5177596, 0.98766186], [0.00985034337675596, 0.0023057914684550293]]
[900.0, 1300.0, 0.002832, [0.0390552788, 0.0045947394400000004], [103.5, 8.096], [6.6977012, 0.98766186], [0.006697924772345536, 0.002297369319547904]]
[1000.0, 1600.0, 0.001679, [0.111820664, 0.010165521600000001], [786.6, 86.94], [50.808656000000006, 7.5865132], [0.009010768563890652, 0.0027168489453777145]]
[1000.0, 1400.0, 0.002438, [0.06710139600000001, 0.07877120959999999], [259.90000000000003, 1996.4], [15.5177596, 126.311676], [0.006995804859485433, 0.010719403204283343]]
[1000.0, 1500.0, 0.002146, [0.0562350552, 0.0115354016], [259.90000000000003, 86.94], [15.5177596, 7.5865132], [0.006367366458434759, 0.0028838489993756604]]
[1000.0, 700.0, 0.002346, [0.06364721, 0.008980894639999999], [259.90000000000003, 86.94], [15.5177596, 7.5865132], [0.0049852337381511005, 0.0018726459321505497]]
[1000.0, 1900.0, 0.002337, [0.0348908712, 0.0494287296], [103.5, 874.0], [6.6977012, 74.882572], [0.0050360635293848315, 0.008476958080821209]]
[1000.0, 1800.0, 0.001915, [0.051048960000000004, 0.023726984], [259.90000000000003, 314.64], [15.5177596, 26.476988199999997], [0.006058397339230896, 0.004130337925158182]]
[1000.0, 500.0, 0.002376, [0.06416468239999999, 0.0046949762], [259.90000000000003, 25.392], [15.5177596, 2.93968428], [0.005010420006346774, 0.0013553230044531818]]
[1000.0, 1000.0, 0.002223, [0.0320828196, 0.010937328], [103.5, 86.94], [6.6977012, 7.5865132], [0.0048366667133471165, 0.002824005151553375]]
[1000.0, 200.0, 0.002011, [0.029567042800000002, 0.0081698438], [103.5, 86.94], [6.6977012, 7.5865132], [0.0033915734802595684, 0.0017828057105585002]]
[1000.0, 1100.0, 0.002149, [0.058574615200000006, 0.00036157173], [259.90000000000003, 0.31418], [15.5177596, 0.093860286], [0.00650829094371172, 0.00036157170464515054]]
[1000.0, 2000.0, 0.002131, [0.0504175548, 0.00432150496], [259.90000000000003, 8.096], [15.5177596, 0.98766186], [0.006026049862389126, 0.0017642467500891138]]
[1000.0, 1700.0, 0.002301, [0.0617041884, 0.0101630468], [259.90000000000003, 86.94], [15.5177596, 7.5865132], [0.006692758772285163, 0.0027161873151901727]]
[1000.0, 800.0, 0.00209, [0.144471464, 0.009814642799999999], [786.6, 86.94], [50.808656000000006, 7.5865132], [0.00753109774734069, 0.0019629281784110187]]
[1000.0, 1300.0, 0.001896, [0.0516248708, 0.018177774], [259.90000000000003, 314.64], [15.5177596, 26.476988199999997], [0.0061267455086693465, 0.0036355543511272116]]
[1000.0, 400.0, 0.001876, [0.0499050504, 0.0089673136], [259.90000000000003, 86.94], [15.5177596, 7.5865132], [0.004411024405282746, 0.0018698143916442615]]
[1000.0, 300.0, 0.001941, [0.05026742, 0.0054553792], [259.90000000000003, 25.392], [15.5177596, 2.93968428], [0.004425799585159726, 0.0014580113442631373]]
[1000.0, 600.0, 0.001985, [0.0292605908, 0.0078028236], [103.5, 86.94], [6.6977012, 7.5865132], [0.003378721763034062, 0.0017447646585141503]]
[1000.0, 1200.0, 0.001576, [0.0418703224, 0.000360951052], [259.90000000000003, 0.31418], [15.5177596, 0.093860286], [0.00549784333279878, 0.00036095106992499687]]
[1000.0, 100.0, 0.001617, [0.042878992, 0.021049692], [259.90000000000003, 314.64], [15.5177596, 26.476988199999997], [0.004088352059204295, 0.002864500039029499]]
[1000.0, 900.0, 0.002268, [0.059642707600000004, 0.00136437564], [259.90000000000003, 1.8078], [15.5177596, 0.304713108], [0.00482182698984524, 0.0005156856461062301]]
[1100.0, 1300.0, 0.001716, [0.0464778388, 0.00325344844], [259.90000000000003, 25.392], [15.5177596, 2.93968428], [0.004647784093092105, 0.0012296879825386602]]
[1100.0, 1800.0, 0.001763, [0.047462882799999995, 0.00744515888], [259.90000000000003, 86.94], [15.5177596, 7.5865132], [0.0046995262382499795, 0.0018612896049782258]]
[1100.0, 2000.0, 0.001614, [0.043843050800000005, 0.00606340076], [259.90000000000003, 86.94], [15.5177596, 7.5865132], [0.0045220653228364585, 0.0016816847576165991]]
[1100.0, 700.0, 0.001627, [0.0446575268, 0.0012544245999999998], [259.90000000000003, 8.096], [15.5177596, 0.98766186], [0.0033472237499157413, 0.0005609959038709642]]
[1100.0, 900.0, 0.001824, [0.0498376236, 0.0030204621199999998], [259.90000000000003, 25.392], [15.5177596, 2.93968428], [0.003541805241398799, 0.0008719322993902681]]
[1100.0, 200.0, 0.00135, [0.03646798119999999, 0.0006287583600000001], [259.90000000000003, 1.8078], [15.5177596, 0.304713108], [0.0030285011025258024, 0.0002811893123146753]]
[1100.0, 1900.0, 0.001629, [0.0435268652, 0.00187212364], [259.90000000000003, 8.096], [15.5177596, 0.98766186], [0.004513526000811339, 0.000936061458666043]]
[1100.0, 1500.0, 0.001543, [0.040376288399999995, 0.008353715000000001], [259.90000000000003, 86.94], [15.5177596, 7.5865132], [0.004328792110508427, 0.0019689893647249594]]
[1100.0, 800.0, 0.001576, [0.042746824800000006, 0.00603484672], [259.90000000000003, 86.94], [15.5177596, 7.5865132], [0.003278532012959459, 0.0012318580132466568]]
[1100.0, 500.0, 0.001815, [0.0496461716, 0.0160472472], [259.90000000000003, 314.64], [15.5177596, 26.476988199999997], [0.003528199400260705, 0.0020059057289912702]]
[1100.0, 1700.0, 0.001629, [0.0442644476, 0.0006989125000000001], [259.90000000000003, 1.8078], [15.5177596, 0.304713108], [0.004541436285581908, 0.00040351715477783594]]
[1100.0, 400.0, 0.001409, [0.0378613672, 0.016154188], [259.90000000000003, 314.64], [15.5177596, 26.476988199999997], [0.0030913683882707993, 0.0020192729982842833]]
[1100.0, 600.0, 0.001666, [0.0247777528, 0.0150168196], [103.5, 314.64], [6.6977012, 26.476988199999997], [0.0024902581684636636, 0.001938663328378602]]
[1100.0, 1400.0, 0.001707, [0.046075660799999994, 0.0069811605600000005], [259.90000000000003, 86.94], [15.5177596, 7.5865132], [0.004630777755841885, 0.001802527946191126]]
[1100.0, 100.0, 0.001143, [0.029851819600000003, 0.00627139068], [259.90000000000003, 86.94], [15.5177596, 7.5865132], [0.002736511660636585, 0.00125427787607053]]
[1100.0, 1100.0, 0.001405, [0.038450203999999995, 0.004632554200000001], [259.90000000000003, 86.94], [15.5177596, 7.5865132], [0.004220458261373994, 0.0014649424938884118]]
[1100.0, 1000.0, 0.00141, [0.0204244324, 0.00324934156], [103.5, 25.392], [6.6977012, 2.93968428], [0.003079098574583152, 0.0012281355638527859]]
[1100.0, 300.0, 0.001545, [0.0414774824, 0.0032679227999999998], [259.90000000000003, 25.392], [15.5177596, 2.93968428], [0.0032290178296194025, 0.000906358721125361]]
[1100.0, 1200.0, 0.001501, [0.0218053892, 0.0069591652], [103.5, 86.94], [6.6977012, 7.5865132], [0.0031806423829157525, 0.001796848794528911]]
[1100.0, 1600.0, 0.001641, [0.044836540400000006, 0.00560456732], [259.90000000000003, 86.94], [15.5177596, 7.5865132], [0.004576109963713723, 0.0016178991933986494]]
[1200.0, 100.0, 0.000826, [0.022260623599999998, 0.00346276316], [259.90000000000003, 86.94], [15.5177596, 7.5865132], [0.0019158893421072107, 0.000755636946899766]]
[1200.0, 1400.0, 0.001271, [0.0351482136, 0.00015150090799999997], [259.90000000000003, 0.31418], [15.5177596, 0.093860286], [0.0032634294672935706, 0.00015150091445268574]]
[1200.0, 1700.0, 0.001434, [0.03879801, 0.00277128656], [259.90000000000003, 25.392], [15.5177596, 2.93968428], [0.003456402166415245, 0.0009237624664382072]]
[1200.0, 1800.0, 0.001082, [0.0296644156, 0.0090809428], [259.90000000000003, 314.64], [15.5177596, 26.476988199999997], [0.0029965587756625098, 0.0016579459344622793]]
[1200.0, 700.0, 0.001404, [0.038580384, 0.0042503815999999995], [259.90000000000003, 86.94], [15.5177596, 7.5865132], [0.0025113693154134057, 0.0008335684356787988]]
[1200.0, 200.0, 0.000941, [0.024545618399999997, 0.0013090992800000002], [259.90000000000003, 8.096], [15.5177596, 0.98766186], [0.0020041413962093592, 0.00046283662983821836]]
[1200.0, 1900.0, 0.001198, [0.0327930228, 0.00394730876], [259.90000000000003, 86.94], [15.5177596, 7.5865132], [0.0031555101444932804, 0.001094786470504637]]
[1200.0, 1200.0, 0.001194, [0.031812100399999994, 0.0027267512], [259.90000000000003, 25.392], [15.5177596, 2.93968428], [0.0031045426922495364, 0.0009089170718607941]]
[1200.0, 1100.0, 0.001499, [0.041394848, 0.0039279786399999995], [259.90000000000003, 86.94], [15.5177596, 7.5865132], [0.003536600143640782, 0.0010894252943639594]]
[1200.0, 1300.0, 0.001168, [0.030473905199999998, 0.00030473909800000004], [259.90000000000003, 0.31418], [15.5177596, 0.093860286], [0.0030473908131383475, 0.00021548307088957127]]
[1200.0, 2000.0, 0.001433, [0.039355898, 0.0021355913999999998], [259.90000000000003, 25.392], [15.5177596, 2.93968428], [0.0034650942336392526, 0.0008071777172345628]]
[1200.0, 800.0, 0.001431, [0.0394533444, 0.00392896396], [259.90000000000003, 86.94], [15.5177596, 7.5865132], [0.002541413535180766, 0.0008019964056777312]]
[1200.0, 1600.0, 0.001309, [0.0356390796, 0.012488908], [259.90000000000003, 314.64], [15.5177596, 26.476988199999997], [0.003294834573085574, 0.0019504397071429815]]
[1200.0, 1000.0, 0.001284, [0.0355842568, 0.0328470176], [259.90000000000003, 1996.4], [15.5177596, 126.311676], [0.0032897661485278857, 0.004469911814432137]]
[1200.0, 1500.0, 0.001155, [0.017064684400000002, 0.00213308532], [103.5, 25.392], [6.6977012, 2.93968428], [0.002280364528403299, 0.0008062305976828219]]
[1200.0, 300.0, 0.000975, [0.0259584808, 0.004600236440000001], [259.90000000000003, 86.94], [15.5177596, 7.5865132], [0.002065145498796634, 0.0008693629071452267]]
[1200.0, 600.0, 0.001334, [0.03613645, 0.000245270022], [259.90000000000003, 0.31418], [15.5177596, 0.093860286], [0.0024308005246008978, 0.00014160670961504615]]
[1200.0, 500.0, 0.001187, [0.0324725868, 0.00393607096], [259.90000000000003, 86.94], [15.5177596, 7.5865132], [0.002307726063465939, 0.0008034470140090137]]
[1200.0, 900.0, 0.001389, [0.020901774400000003, 0.009471114800000001], [103.5, 314.64], [6.6977012, 26.476988199999997], [0.0018474729347949864, 0.0012436184861926104]]
[1200.0, 400.0, 0.000997, [0.0272026152, 0.00347702592], [259.90000000000003, 86.94], [15.5177596, 7.5865132], [0.002358766073691921, 0.0008433026828369515]]
[1300.0, 1600.0, 0.000997, [0.0274382088, 0.00140195212], [259.90000000000003, 25.392], [15.5177596, 2.93968428], [0.0023442042303519544, 0.0005298881344585855]]
[1300.0, 1700.0, 0.001197, [0.03298081319999999, 0.0033980227599999997], [259.90000000000003, 86.94], [15.5177596, 7.5865132], [0.0025675523771872696, 0.0008241415766723578]]
[1300.0, 900.0, 0.001012, [0.028050340000000003, 0.00237349052], [259.90000000000003, 86.94], [15.5177596, 7.5865132], [0.0017396080979347043, 0.0005060298573009304]]
[1300.0, 200.0, 0.000695, [0.0183414236, 0.00356039356], [259.90000000000003, 86.94], [15.5177596, 7.5865132], [0.0014067230209248729, 0.000619785024794888]]
[1300.0, 1800.0, 0.00094, [0.025755565600000002, 0.00299483276], [259.90000000000003, 86.94], [15.5177596, 7.5865132], [0.002267650891649771, 0.000773262544909554]]
[1300.0, 1000.0, 0.001042, [0.0155173824, 0.00342591532], [103.5, 86.94], [6.6977012, 7.5865132], [0.001768369714284883, 0.0008309065452143218]]
[1300.0, 1400.0, 0.001, [0.0274750272, 0.00802190412], [259.90000000000003, 314.64], [15.5177596, 26.476988199999997], [0.002347349846955072, 0.001268374408445708]]
[1300.0, 1200.0, 0.000934, [0.0139945616, 0.007197203239999999], [103.5, 314.64], [6.6977012, 26.476988199999997], [0.0016726700623852868, 0.0011995339481648693]]
[1300.0, 500.0, 0.000872, [0.013091921999999999, 0.00633133788], [103.5, 314.64], [6.6977012, 26.476988199999997], [0.0011852867406665782, 0.00082426999401895]]
[1300.0, 100.0, 0.000563, [0.0153824368, 0.0050557643199999995], [259.90000000000003, 314.64], [15.5177596, 26.476988199999997], [0.0012863435920468529, 0.000737459053778581]]
[1300.0, 1100.0, 0.000986, [0.014936770399999999, 0.004779766160000001], [103.5, 314.64], [6.6977012, 26.476988199999997], [0.0017247492511086938, 0.0009756655303945098]]
[1300.0, 2000.0, 0.001111, [0.0308252072, 0.0012009827200000001], [259.90000000000003, 25.392], [15.5177596, 2.93968428], [0.00248396626643761, 0.0004902989793177221]]
[1300.0, 1300.0, 0.001012, [0.028006916, 0.0012002964], [259.90000000000003, 25.392], [15.5177596, 2.93968428], [0.002367016435599888, 0.0004900188944928553]]
[1300.0, 1500.0, 0.000958, [0.00863227352, 0.001405254], [43.37799999999999, 25.392], [3.22984216, 2.93968428], [0.001316409415341595, 0.000531136007591276]]
[1300.0, 600.0, 0.001025, [0.028398044800000005, 0.006454099919999999], [259.90000000000003, 314.64], [15.5177596, 26.476988199999997], [0.001747778701781207, 0.0008332207939796031]]
[1300.0, 300.0, 0.000807, [0.0219711364, 0.0029222696], [259.90000000000003, 86.94], [15.5177596, 7.5865132], [0.0015420714961375819, 0.0005623909657880361]]
[1300.0, 1900.0, 0.000929, [0.025603682800000003, 0.000300043234], [259.90000000000003, 1.8078], [15.5177596, 0.304713108], [0.0022630670448751623, 0.0001732299781215711]]
[1300.0, 400.0, 0.000772, [0.0208658668, 0.00150578424], [259.90000000000003, 25.392], [15.5177596, 2.93968428], [0.0014980823608867436, 0.0004024378031944812]]
[1300.0, 700.0, 0.001052, [0.028752833599999996, 0.00172301556], [259.90000000000003, 25.392], [15.5177596, 2.93968428], [0.0017596447286881522, 0.00043075408018961356]]
[1300.0, 800.0, 0.001083, [0.016245295599999997, 0.0007530931399999999], [103.5, 8.096], [6.6977012, 0.98766186], [0.0013220233541053653, 0.0002846424395061285]]
[1400.0, 1100.0, 0.000718, [0.010789852, 0.0009210856], [103.5, 25.392], [6.6977012, 2.93968428], [0.0011915403006193285, 0.0003481375305249349]]
[1400.0, 400.0, 0.000597, [0.0161875196, 0.000570485376], [259.90000000000003, 8.096], [15.5177596, 0.98766186], [0.0010744032419906409, 0.0002016970073352602]]
[1400.0, 1500.0, 0.000742, [0.006664536120000001, 0.0023992330399999996], [43.37799999999999, 86.94], [3.22984216, 7.5865132], [0.0009425075592269805, 0.0005655046253391744]]
[1400.0, 1800.0, 0.000855, [0.023253110400000002, 0.000792719564], [259.90000000000003, 8.096], [15.5177596, 0.98766186], [0.0017527687792746652, 0.00032362639546242207]]
[1400.0, 1600.0, 0.000738, [0.0203814224, 0.0009264280399999999], [259.90000000000003, 25.392], [15.5177596, 2.93968428], [0.0016423819282980435, 0.0003501570036426517]]
[1400.0, 1400.0, 0.00078, [0.0212818356, 0.00132185324], [259.90000000000003, 25.392], [15.5177596, 2.93968428], [0.0016772437719067552, 0.00041800673563951096]]
[1400.0, 600.0, 0.000752, [0.020699944799999998, 0.00024982692], [259.90000000000003, 1.8078], [15.5177596, 0.304713108], [0.0012155424928812651, 9.442569817586736e-05]]
[1400.0, 1700.0, 0.000773, [0.0212100296, 0.00238612856], [259.90000000000003, 86.94], [15.5177596, 7.5865132], [0.001676800389312932, 0.0005624159482802741]]
[1400.0, 900.0, 0.000888, [0.0244821016, 0.0024197425999999997], [259.90000000000003, 86.94], [15.5177596, 7.5865132], [0.00131998649144603, 0.0004149824165913539]]
[1400.0, 100.0, 0.000555, [0.008316182679999999, 0.000781863288], [103.5, 25.392], [6.6977012, 2.93968428], [0.0007688313453547534, 0.00023574064274112767]]
[1400.0, 700.0, 0.0008, [0.0120163776, 0.0021330844], [103.5, 86.94], [6.6977012, 7.5865132], [0.0009243367784525292, 0.0003894461170431668]]
[1400.0, 2000.0, 0.000635, [0.0175739044, 0.00157378236], [259.90000000000003, 86.94], [15.5177596, 7.5865132], [0.0015181541618689454, 0.0004543118919861112]]
[1400.0, 800.0, 0.000875, [0.02413965, 0.0011359838], [259.90000000000003, 25.392], [15.5177596, 2.93968428], [0.0013091561208656514, 0.0002839958340257829]]
[1400.0, 1300.0, 0.000682, [0.0188488496, 0.00019910759600000002], [259.90000000000003, 1.8078], [15.5177596, 0.304713108], [0.0015817604172566717, 0.00011495481912473264]]
[1400.0, 300.0, 0.000488, [0.007156693799999999, 0.00536752012], [103.5, 314.64], [6.6977012, 26.476988199999997], [0.0007156694132908015, 0.0006197878926213387]]
[1400.0, 1200.0, 0.000795, [0.022006565600000003, 0.00092798744], [259.90000000000003, 25.392], [15.5177596, 2.93968428], [0.0017080411381462683, 0.00035074642555555713]]
[1400.0, 500.0, 0.000653, [0.009774172000000001, 0.0019262969199999999], [103.5, 86.94], [6.6977012, 7.5865132], [0.0008350640885584771, 0.00037071605198588315]]
[1400.0, 1000.0, 0.000666, [0.0181622444, 0.00026514215999999996], [259.90000000000003, 1.8078], [15.5177596, 0.304713108], [0.0015517051209556537, 0.00013257109819263022]]
[1400.0, 200.0, 0.000515, [0.004575599760000001, 0.00200182524], [43.37799999999999, 86.94], [3.22984216, 7.5865132], [0.0005719499489990361, 0.0003783093248652483]]
[1400.0, 1900.0, 0.000767, [0.011542761599999998, 0.0009287280399999999], [103.5, 25.392], [6.6977012, 2.93968428], [0.0012375138832352549, 0.0003510261175468287]]
[1500.0, 1500.0, 0.000625, [0.00564209412, 0.00176315424], [43.37799999999999, 86.94], [3.22984216, 7.5865132], [0.0007052617630355413, 0.0003942533311463582]]
[1500.0, 1100.0, 0.000616, [0.0168953584, 0.00193592656], [259.90000000000003, 86.94], [15.5177596, 7.5865132], [0.0012193176189984297, 0.00041274095663018477]]
[1500.0, 1800.0, 0.000561, [0.015582325200000002, 0.00308125112], [259.90000000000003, 314.64], [15.5177596, 26.476988199999997], [0.0011712394945526726, 0.000520826455549255]]
[1500.0, 400.0, 0.000491, [0.013627260799999999, 0.00053556926], [259.90000000000003, 25.392], [15.5177596, 2.93968428], [0.0009005149205204765, 0.00017852310201203653]]
[1500.0, 200.0, 0.000423, [0.00635425048, 0.000569037388], [103.5, 25.392], [6.6977012, 2.93968428], [0.0005489236878109744, 0.00016426694679088667]]
[1500.0, 500.0, 0.000424, [0.00383542848, 0.0011364235599999998], [43.37799999999999, 86.94], [3.22984216, 7.5865132], [0.00042615875708472775, 0.00023197142782679076]]
[1500.0, 1300.0, 0.000582, [0.00519596772, 0.000528403564], [43.37799999999999, 8.096], [3.22984216, 0.98766186], [0.0006764573632683734, 0.00021571983359904576]]
[1500.0, 600.0, 0.00054, [0.00486928768, 0.0016073375200000002], [43.37799999999999, 86.94], [3.22984216, 7.5865132], [0.0004797852482934422, 0.0002756561504773656]]
[1500.0, 1000.0, 0.000535, [0.0047643865199999995, 0.00097052272], [43.37799999999999, 25.392], [3.22984216, 2.93968428], [0.0006483508344098895, 0.00029262378549940195]]
[1500.0, 2000.0, 0.000628, [0.016833828800000002, 0.00013220289600000002], [259.90000000000003, 0.31418], [15.5177596, 0.093860286], [0.0012180535948799628, 7.632736350746042e-05]]
[1500.0, 800.0, 0.000585, [0.0161500664, 0.00156750612], [259.90000000000003, 86.94], [15.5177596, 7.5865132], [0.0008758600522914604, 0.0002728677659819862]]
[1500.0, 1700.0, 0.000562, [0.015398858799999998, 0.00087493518], [259.90000000000003, 25.392], [15.5177596, 2.93968428], [0.0011607326851605412, 0.0002766788305309967]]
[1500.0, 1200.0, 0.000582, [0.0159100844, 0.00022097342], [259.90000000000003, 1.8078], [15.5177596, 0.304713108], [0.0011858678665011544, 9.882230436495599e-05]]
[1500.0, 300.0, 0.000401, [0.0109756, 0.000332594076], [259.90000000000003, 8.096], [15.5177596, 0.98766186], [0.0007221416919137131, 0.00012570873401637612]]
[1500.0, 1400.0, 0.000579, [0.0086864238, 0.0015793501999999998], [103.5, 86.94], [6.6977012, 7.5865132], [0.000873018535244241, 0.000372256374881613]]
[1500.0, 100.0, 0.000387, [0.00578988292, 0.00028474818800000004], [103.5, 8.096], [6.6977012, 0.98766186], [0.0005241913444535306, 0.00011624799786662994]]
[1500.0, 900.0, 0.000641, [0.009687940400000001, 0.000330807804], [103.5, 8.096], [6.6977012, 0.98766186], [0.00067663526399383, 0.00012503361871112905]]
[1500.0, 700.0, 0.000625, [0.005688946039999999, 0.00066371054], [43.37799999999999, 25.392], [3.22984216, 2.93968428], [0.0005193274099448247, 0.00017738406413204087]]
[1500.0, 1900.0, 0.000575, [0.015986840000000002, 0.00013175964], [259.90000000000003, 1.8078], [15.5177596, 0.304713108], [0.001185023212599652, 7.607148385564725e-05]]
[1500.0, 1600.0, 0.000661, [0.010019996, 0.00123052576], [103.5, 86.94], [6.6977012, 7.5865132], [0.0009384586256196913, 0.00032887188411294757]]
[1600.0, 1500.0, 0.000484, [0.013396396000000001, 0.000590149456], [259.90000000000003, 25.392], [15.5177596, 2.93968428], [0.0008891498484282612, 0.00018662165417764357]]
[1600.0, 100.0, 0.000266, [0.00705754908, 0.0012938834000000001], [259.90000000000003, 86.94], [15.5177596, 7.5865132], [0.000644263066270293, 0.0002758569642695287]]
[1600.0, 1300.0, 0.00044, [0.00663302152, 0.00106602148], [103.5, 86.94], [6.6977012, 7.5865132], [0.0006267616391579816, 0.0002512636218476523]]
[1600.0, 900.0, 0.000484, [0.007214273840000001, 0.0007624843159999999], [103.5, 25.392], [6.6977012, 2.93968428], [0.00065048918625908, 0.00021147506311619814]]
[1600.0, 300.0, 0.000275, [0.007551439120000001, 0.00082593874], [259.90000000000003, 86.94], [15.5177596, 7.5865132], [0.0006674592074426721, 0.00022074139972374913]]
[1600.0, 500.0, 0.000276, [0.00761823388, 8.790268800000002e-05], [259.90000000000003, 1.8078], [15.5177596, 0.304713108], [0.0006681632614862927, 5.075065571990179e-05]]
[1600.0, 1000.0, 0.000472, [0.0043096664, 0.00088554784], [43.37799999999999, 86.94], [3.22984216, 7.5865132], [0.0005044082381563569, 0.00022864748728118573]]
[1600.0, 1200.0, 0.000395, [0.0035562112399999996, 0.0005829854160000001], [43.37799999999999, 25.392], [3.22984216, 2.93968428], [0.000455326208162895, 0.00018435617826370777]]
[1600.0, 1800.0, 0.000478, [0.0131939684, 5.890162000000001e-05], [259.90000000000003, 0.31418], [15.5177596, 0.093860286], [0.0008815589587543196, 4.164974736057831e-05]]
[1600.0, 1100.0, 0.000522, [0.00790433364, 0.00023595028400000002], [103.5, 8.096], [6.6977012, 0.98766186], [0.0006828304208806165, 0.00011797514097469857]]
[1600.0, 1900.0, 0.000498, [0.013790514800000002, 0.000294669192], [259.90000000000003, 8.096], [15.5177596, 0.98766186], [0.0009015142857215297, 0.00013178006908482026]]
[1600.0, 1700.0, 0.000452, [0.012573833199999999, 0.00041322444], [259.90000000000003, 25.392], [15.5177596, 2.93968428], [0.0008615446581112322, 0.0001561841651896888]]
[1600.0, 800.0, 0.000441, [0.00662582896, 0.00029317824], [103.5, 8.096], [6.6977012, 0.98766186], [0.0006233056014508454, 0.00013111329897458915]]
[1600.0, 200.0, 0.000284, [0.00426556528, 8.8865928e-05], [103.5, 1.8078], [6.6977012, 0.304713108], [0.0005027016718492191, 5.130676766275576e-05]]
[1600.0, 1600.0, 0.000448, [0.012500454, 0.0018780024400000001], [259.90000000000003, 314.64], [15.5177596, 26.476988199999997], [0.0008565167883935492, 0.0003319869428757703]]
[1600.0, 2000.0, 0.00047, [0.0042395366399999995, 0.0006477070479999999], [43.37799999999999, 25.392], [3.22984216, 2.93968428], [0.0004996342044336035, 0.00019529101583022195]]
[1600.0, 1400.0, 0.000486, [0.0135346444, 0.0008238480399999999], [259.90000000000003, 86.94], [15.5177596, 7.5865132], [0.0008924479904621894, 0.00022018262187556946]]
[1600.0, 700.0, 0.00042, [0.003828373, 0.000412286408], [43.37799999999999, 25.392], [3.22984216, 2.93968428], [0.0004748512957969053, 0.0001558295880505368]]
[1600.0, 400.0, 0.000296, [0.004466798720000001, 0.000705284144], [103.5, 86.94], [6.6977012, 7.5865132], [0.0005123769835580049, 0.00020359797468540793]]
[1600.0, 600.0, 0.000389, [0.010798454, 0.00234748948], [259.90000000000003, 314.64], [15.5177596, 26.476988199999997], [0.0007960723372156578, 0.0003711706906532357]]
[1700.0, 900.0, 0.000308, [0.0027817377600000003, 0.000430973448], [43.37799999999999, 25.392], [3.22984216, 2.93968428], [0.00033013158782521857, 0.000129943380716372]]
[1700.0, 1500.0, 0.000344, [0.0095476128, 0.000197264744], [259.90000000000003, 8.096], [15.5177596, 0.98766186], [0.0006137436464192521, 8.821945193209941e-05]]
[1700.0, 1800.0, 0.000362, [0.00540402204, 0.00114391696], [103.5, 86.94], [6.6977012, 7.5865132], [0.00046169684633967336, 0.0002124200708784365]]
[1700.0, 700.0, 0.000326, [0.00490979804, 0.00039595144], [103.5, 25.392], [6.6977012, 2.93968428], [0.0004409129154833185, 0.0001252108508396936]]
[1700.0, 500.0, 0.000259, [0.0039033162, 0.00059141142], [103.5, 86.94], [6.6977012, 7.5865132], [0.00039229807585559217, 0.0001527017928905879]]
[1700.0, 300.0, 0.000236, [0.006505131399999999, 7.8850072e-05], [259.90000000000003, 1.8078], [15.5177596, 0.304713108], [0.0005064237752712643, 3.942504060619342e-05]]
[1700.0, 800.0, 0.000321, [0.0048558262400000005, 0.00160555548], [103.5, 314.64], [6.6977012, 26.476988199999997], [0.00043606602509253117, 0.0002507456075946297]]
[1700.0, 1300.0, 0.000312, [0.0047261964, 0.00169355348], [103.5, 314.64], [6.6977012, 26.476988199999997], [0.0004314407658068486, 0.0002582645328495572]]
[1700.0, 400.0, 0.000225, [0.0033355014000000004, 0.00082406516], [103.5, 86.94], [6.6977012, 7.5865132], [0.00036178594975482393, 0.0001798257614470185]]
[1700.0, 1000.0, 0.000341, [0.0030994781600000004, 0.000784678028], [43.37799999999999, 86.94], [3.22984216, 7.5865132], [0.0003487184728115217, 0.00017545931658364568]]
[1700.0, 2000.0, 0.000382, [0.00345079764, 0.00011899302999999999], [43.37799999999999, 1.8078], [3.22984216, 0.304713108], [0.00036996436217560203, 4.8578700682500764e-05]]
[1700.0, 1600.0, 0.000314, [0.0087029562, 0.000354419052], [259.90000000000003, 25.392], [15.5177596, 2.93968428], [0.0005854242730874762, 0.00011813967855043452]]
[1700.0, 1400.0, 0.000332, [0.00499224752, 3.96210144e-05], [103.5, 0.31418], [6.6977012, 0.093860286], [0.00044474478578168853, 2.8016288576469226e-05]]
[1700.0, 1200.0, 0.000374, [0.00339165636, 0.00023662722], [43.37799999999999, 8.096], [3.22984216, 0.98766186], [0.00036573176465819863, 9.660267234398852e-05]]
[1700.0, 100.0, 0.000182, [0.00495742276, 0.000157378512], [259.90000000000003, 8.096], [15.5177596, 0.98766186], [0.0004416423563020196, 7.868925701517328e-05]]
[1700.0, 1700.0, 0.000346, [0.0051840988, 0.00102111076], [103.5, 86.94], [6.6977012, 7.5865132], [0.00045121784308690635, 0.00020025623326128952]]
[1700.0, 1900.0, 0.000328, [0.00299336444, 0.0014767269599999999], [43.37799999999999, 314.64], [3.22984216, 26.476988199999997], [0.0003456438898056785, 0.00024277232916458994]]
[1700.0, 1100.0, 0.000313, [0.008682741039999999, 0.00176797872], [259.90000000000003, 314.64], [15.5177596, 26.476988199999997], [0.0005840643748081199, 0.00026355474294347274]]
[1700.0, 600.0, 0.00028, [0.0025272666799999997, 3.9488539e-05], [43.37799999999999, 0.31418], [3.22984216, 0.093860286], [0.00031590836164938714, 2.7922613831803066e-05]]
[1700.0, 200.0, 0.0002, [0.0029443091200000004, 0.00019628724400000001], [103.5, 8.096], [6.6977012, 0.98766186], [0.0003399795240893192, 8.778232440759357e-05]]
[1800.0, 600.0, 0.000219, [0.00328919872, 6.631452e-05], [103.5, 1.8078], [6.6977012, 0.304713108], [0.00029537874805070184, 2.965673905202661e-05]]
[1800.0, 1800.0, 0.000248, [0.0069122314, 0.00044850358800000003], [259.90000000000003, 86.94], [15.5177596, 7.5865132], [0.0004270390867356289, 0.00010877808602839085]]
[1800.0, 400.0, 0.000175, [0.00263513484, 0.000210810732], [103.5, 25.392], [6.6977012, 2.93968428], [0.00026351347223244585, 7.453286185301086e-05]]
[1800.0, 1300.0, 0.000245, [0.0022441596800000002, 0.0010296732000000001], [43.37799999999999, 314.64], [3.22984216, 26.476988199999997], [0.0002434133454681563, 0.0001648797347402039]]
[1800.0, 1200.0, 0.000248, [0.006875896920000001, 0.000581806712], [259.90000000000003, 86.94], [15.5177596, 7.5865132], [0.00042642501183678245, 0.00012404159083146267]]
[1800.0, 1700.0, 0.000281, [0.00425909032, 0.000532386336], [103.5, 86.94], [6.6977012, 7.5865132], [0.0003367106993251031, 0.00011904519162066143]]
[1800.0, 500.0, 0.00018, [0.0026992386, 0.00026463119199999997], [103.5, 25.392], [6.6977012, 2.93968428], [0.0002672644020291517, 8.368373302380815e-05]]
[1800.0, 1600.0, 0.000245, [0.006807791160000001, 0.00026284906], [259.90000000000003, 25.392], [15.5177596, 2.93968428], [0.0004230155598083834, 8.312016965333986e-05]]
[1800.0, 1000.0, 0.000266, [0.00402649776, 0.00013158493199999998], [103.5, 8.096], [6.6977012, 0.98766186], [0.0003255231204077523, 5.884656144244963e-05]]
[1800.0, 700.0, 0.000227, [0.00335934872, 3.96773552e-05], [103.5, 0.31418], [6.6977012, 0.093860286], [0.0002980940552241859, 2.290772750841951e-05]]
[1800.0, 200.0, 0.000178, [0.0015880285599999997, 0.00015880285599999998], [43.37799999999999, 8.096], [3.22984216, 0.98766186], [0.0002050135522154572, 6.483098414801367e-05]]
[1800.0, 800.0, 0.000241, [0.006611417160000001, 0.00037023937200000005], [259.90000000000003, 25.392], [15.5177596, 2.93968428], [0.00041814268205960507, 9.895065121564385e-05]]
[1800.0, 2000.0, 0.000267, [0.00243514064, 0.000238220292], [43.37799999999999, 25.392], [3.22984216, 2.93968428], [0.0002538809303275849, 7.940675037300041e-05]]
[1800.0, 1100.0, 0.000296, [0.0026764612399999997, 9.183936799999999e-05], [43.37799999999999, 1.8078], [3.22984216, 0.304713108], [0.00026500917390913093, 3.471201878888637e-05]]
[1800.0, 900.0, 0.000267, [0.00403922964, 0.00023760177599999998], [103.5, 25.392], [6.6977012, 2.93968428], [0.0003265523120114142, 7.920057664436541e-05]]
[1800.0, 1500.0, 0.000241, [0.0011957906999999998, 0.0011038068000000002], [14.352, 314.64], [1.25133524, 26.476988199999997], [0.00012535296253379894, 0.0001703211233875587]]
[1800.0, 1400.0, 0.000244, [0.00222392428, 0.00119138804], [43.37799999999999, 314.64], [3.22984216, 26.476988199999997], [0.00024265003052132512, 0.00017760163346095667]]
[1800.0, 1900.0, 0.000253, [0.0070421492, 0.00023916733999999998], [259.90000000000003, 25.392], [15.5177596, 2.93968428], [0.00043259579822277523, 7.97224459233408e-05]]
[1800.0, 100.0, 0.000149, [0.0013473814, 0.000105676996], [43.37799999999999, 8.096], [3.22984216, 0.98766186], [0.00018867116315960956, 5.283850025123726e-05]]
[1800.0, 300.0, 0.000157, [0.0014268316799999998, 0.000343496444], [43.37799999999999, 86.94], [3.22984216, 7.5865132], [0.00019416714972414874, 9.526874307977406e-05]]
[1900.0, 300.0, 0.000109, [0.00162773116, 0.000336161836], [103.5, 86.94], [6.6977012, 7.5865132], [0.00016970269725611315, 7.712081843964054e-05]]
[1900.0, 1600.0, 0.000184, [0.00509038852, 0.00010641925200000001], [259.90000000000003, 8.096], [15.5177596, 0.98766186], [0.00030047614081653805, 4.3445493833077785e-05]]
[1900.0, 600.0, 0.000136, [0.00122569668, 0.00010658236799999998], [43.37799999999999, 8.096], [3.22984216, 0.98766186], [0.00014755655691293422, 4.351205140647818e-05]]
[1900.0, 1500.0, 0.000192, [0.0029123391200000003, 0.00015885483600000001], [103.5, 25.392], [6.6977012, 2.93968428], [0.00022672525992487033, 5.2951614819569e-05]]
[1900.0, 500.0, 0.000132, [0.00120164144, 0.00014136959200000001], [43.37799999999999, 25.392], [3.22984216, 2.93968428], [0.00014572039121550558, 4.998167885135512e-05]]
[1900.0, 1700.0, 0.000194, [0.0017707286, 0.00035414572], [43.37799999999999, 86.94], [3.22984216, 7.5865132], [0.00017707287584494696, 7.918939747213637e-05]]
[1900.0, 1800.0, 0.000195, [0.00294433304, 0.000390212848], [103.5, 86.94], [6.6977012, 7.5865132], [0.00022852457404839418, 8.319365223861735e-05]]
[1900.0, 800.0, 0.000174, [0.0015799896000000002, 1.77526972e-05], [43.37799999999999, 0.31418], [3.22984216, 0.093860286], [0.00016747859005855048, 1.2553051076132844e-05]]
[1900.0, 1300.0, 0.000183, [0.0016652598000000002, 0.00042517257199999997], [43.37799999999999, 86.94], [3.22984216, 7.5865132], [0.0001717583577005789, 8.678798922431605e-05]]
[1900.0, 1000.0, 0.000192, [0.0029225133999999995, 0.00024797082], [103.5, 86.94], [6.6977012, 7.5865132], [0.00022751735786088936, 6.627299039578642e-05]]
[1900.0, 1900.0, 0.000212, [0.0019396893600000002, 0.000320315664], [43.37799999999999, 86.94], [3.22984216, 7.5865132], [0.0001857885047466608, 7.5499114887527e-05]]
[1900.0, 1200.0, 0.000209, [0.00315243244, 0.00012467242000000002], [103.5, 8.096], [6.6977012, 0.98766186], [0.00023695131793682853, 4.7121758761744026e-05]]
[1900.0, 100.0, 0.000111, [0.0016815704799999999, 0.000230109664], [103.5, 86.94], [6.6977012, 7.5865132], [0.0001725255127799944, 6.382094441168981e-05]]
[1900.0, 2000.0, 0.000194, [0.0029314760400000004, 0.00021191399600000002], [103.5, 25.392], [6.6977012, 2.93968428], [0.00022752669526013866, 6.117429296689909e-05]]
[1900.0, 1100.0, 0.00019, [0.00289323348, 0.0006250813959999999], [103.5, 314.64], [6.6977012, 26.476988199999997], [0.0002273139231987341, 0.00010565802474019662]]
[1900.0, 900.0, 0.000195, [0.00178054776, 0.0008109426480000001], [43.37799999999999, 314.64], [3.22984216, 26.476988199999997], [0.00017717114830581194, 0.00011956698159609117]]
[1900.0, 200.0, 0.00011, [0.0030574212800000005, 0.000604373944], [259.90000000000003, 314.64], [15.5177596, 26.476988199999997], [0.0002331261846811722, 0.00010364930031601757]]
[1900.0, 400.0, 0.000119, [0.0017184036, 0.00014172397600000001], [103.5, 8.096], [6.6977012, 0.98766186], [0.00017447743606552682, 5.010699574310956e-05]]
[1900.0, 700.0, 0.000133, [0.0006457650200000001, 0.000229998436], [14.352, 25.392], [1.25133524, 2.93968428], [7.558105167302187e-05, 6.379008266494096e-05]]
[1900.0, 1400.0, 0.000194, [0.00293417716, 0.00033787487599999997], [103.5, 86.94], [6.6977012, 7.5865132], [0.00022842536584188718, 7.751382459406838e-05]]
[2000.0, 1500.0, 0.000162, [0.00245347072, 0.000131010576], [103.5, 25.392], [6.6977012, 2.93968428], [0.0001709413723590635, 3.9501161825951395e-05]]
[2000.0, 1200.0, 0.000164, [0.0015009340000000002, 0.00010720953200000001], [43.37799999999999, 25.392], [3.22984216, 2.93968428], [0.0001337137950699179, 3.5736511547715454e-05]]
[2000.0, 1300.0, 0.000138, [0.00383905236, 0.000118489284], [259.90000000000003, 25.392], [15.5177596, 2.93968428], [0.00021328066552784384, 3.746960205820179e-05]]
[2000.0, 300.0, 8.1e-05, [0.00224939356, 0.00016750798800000002], [259.90000000000003, 86.94], [15.5177596, 7.5865132], [0.00016405387788162763, 4.476840434056144e-05]]
[2000.0, 900.0, 0.000145, [0.0013208154800000002, 0.00011899234000000001], [43.37799999999999, 25.392], [3.22984216, 2.93968428], [0.00012536622977500758, 3.762868605731537e-05]]
[2000.0, 1900.0, 0.000149, [0.0022689481599999996, 0.00010747651600000001], [103.5, 25.392], [6.6977012, 2.93968428], [0.0001646067949022761, 3.582548987522711e-05]]
[2000.0, 1600.0, 0.000143, [0.0012969433199999999, 9.518844400000001e-05], [43.37799999999999, 8.096], [3.22984216, 0.98766186], [0.00012422459904543864, 3.365421114808665e-05]]
[2000.0, 500.0, 0.000103, [0.00094382064, 9.438206400000001e-05], [43.37799999999999, 25.392], [3.22984216, 2.93968428], [0.00010552235569773828, 3.336909880712992e-05]]
[2000.0, 600.0, 9.2e-05, [0.0013817332800000002, 0.00011809690400000001], [103.5, 25.392], [6.6977012, 2.93968428], [0.0001277412960009409, 3.734550731748064e-05]]
[2000.0, 200.0, 8.1e-05, [0.000737994008, 2.3806255799999996e-05], [43.37799999999999, 1.8078], [3.22984216, 0.304713108], [9.37253358276192e-05, 1.190312909448604e-05]]
[2000.0, 1800.0, 0.000178, [0.00162919764, 2.9948484e-05], [43.37799999999999, 1.8078], [3.22984216, 0.304713108], [0.000139702567993577, 1.3393372196724765e-05]]
[2000.0, 2000.0, 0.000149, [0.0013641189600000002, 0.00022537626399999998], [43.37799999999999, 86.94], [3.22984216, 7.5865132], [0.00012720476406172842, 5.1704851238544345e-05]]
[2000.0, 400.0, 8.6e-05, [0.00077039834, 7.11137e-05], [43.37799999999999, 8.096], [3.22984216, 0.98766186], [9.555616216654998e-05, 2.9032039878727086e-05]]
[2000.0, 1100.0, 0.000142, [0.00214932332, 0.00021493224], [103.5, 86.94], [6.6977012, 7.5865132], [0.00016020108753688283, 5.06600236715302e-05]]
[2000.0, 100.0, 8.5e-05, [0.000763659984, 5.9660932800000004e-05], [43.37799999999999, 8.096], [3.22984216, 0.98766186], [9.545748163449526e-05, 2.668118328410492e-05]]
[2000.0, 1400.0, 0.000162, [0.00245194996, 0.000261858772], [103.5, 86.94], [6.6977012, 7.5865132], [0.00017083545374423895, 5.58284699987381e-05]]
[2000.0, 1700.0, 0.000151, [0.00229086072, 2.9674356199999998e-05], [103.5, 1.8078], [6.6977012, 0.304713108], [0.00016489975393553502, 1.3270777571792844e-05]]
[2000.0, 700.0, 0.000107, [0.0016082041599999998, 7.095020679999999e-05], [103.5, 8.096], [6.6977012, 0.98766186], [0.00013790238414182696, 2.8965298175575544e-05]]
[2000.0, 1000.0, 0.000166, [0.0025206077200000004, 7.16760408e-05], [103.5, 8.096], [6.6977012, 0.98766186], [0.00017352575555230987, 2.926161204035075e-05]]
[2000.0, 800.0, 0.000125, [0.0011473218800000001, 0.000525855992], [43.37799999999999, 314.64], [3.22984216, 26.476988199999997], [0.00011709807561185622, 7.927577595205233e-05]]
[2100.0, 200.0, 5.2e-05, [0.000781317728, 4.7835768e-05], [103.5, 25.392], [6.6977012, 2.93968428], [7.892500319670567e-05, 1.952887187730003e-05]]
[2100.0, 100.0, 5.4e-05, [0.000495217784, 0.000255596332], [43.37799999999999, 314.64], [3.22984216, 26.476988199999997], [6.289272344556244e-05, 4.518346575463197e-05]]
[2100.0, 400.0, 6.1e-05, [0.0009216219599999999, 4.76700944e-05], [103.5, 25.392], [6.6977012, 2.93968428], [8.557044086832788e-05, 1.9461236042965e-05]]
[2100.0, 1400.0, 0.000106, [0.0009696947199999999, 9.5379804e-05], [43.37799999999999, 25.392], [3.22984216, 2.93968428], [8.779201893566409e-05, 2.753377407911963e-05]]
[2100.0, 500.0, 6.6e-05, [0.0005984553080000001, 4.78764228e-05], [43.37799999999999, 8.096], [3.22984216, 0.98766186], [6.910366133281218e-05, 1.954546658025845e-05]]
[2100.0, 800.0, 8.2e-05, [0.0012436652, 0.000174271552], [103.5, 86.94], [6.6977012, 7.5865132], [9.925529483105674e-05, 3.7154812511974806e-05]]
[2100.0, 300.0, 6.7e-05, [0.000331532304, 1.19830966e-05], [14.352, 1.8078], [1.25133524, 0.304713108], [3.6390396194600574e-05, 6.918442819016429e-06]]
[2100.0, 600.0, 7.1e-05, [0.0010787607200000002, 0.000143834732], [103.5, 86.94], [6.6977012, 7.5865132], [9.28449122354047e-05, 3.3902181003587364e-05]]
[2100.0, 700.0, 9.1e-05, [0.000453307552, 0.00012724428], [14.352, 86.94], [1.25133524, 7.5865132], [4.2456141021058425e-05, 3.1811053802098414e-05]]
[2100.0, 1000.0, 0.00011, [0.00054493302, 4.7731348e-05], [14.352, 8.096], [1.25133524, 0.98766186], [4.65567497576882e-05, 1.9486240688239483e-05]]
[2100.0, 1700.0, 0.000114, [0.0010405945199999998, 8.80503296e-05], [43.37799999999999, 25.392], [3.22984216, 2.93968428], [9.12661933204185e-05, 2.6548171414242447e-05]]
[2100.0, 1800.0, 0.000122, [0.00111635928, 0.000159479976], [43.37799999999999, 86.94], [3.22984216, 7.5865132], [9.434962206601571e-05, 3.5660806878140035e-05]]
[2100.0, 1900.0, 0.000109, [0.00165161804, 6.35237736e-05], [103.5, 25.392], [6.6977012, 2.93968428], [0.00011451912259531155, 2.2459046708175308e-05]]
[2100.0, 900.0, 9.8e-05, [0.00148318444, 0.00015948218399999999], [103.5, 86.94], [6.6977012, 7.5865132], [0.00010875232793830209, 3.566129343700253e-05]]
[2100.0, 2000.0, 0.000134, [0.0012294512, 4.79006924e-05], [43.37799999999999, 8.096], [3.22984216, 0.98766186], [9.907199741602065e-05, 1.955537639013885e-05]]
[2100.0, 1200.0, 0.000114, [0.00103903788, 7.9315868e-06], [43.37799999999999, 0.31418], [3.22984216, 0.093860286], [9.078115092462753e-05, 5.608479141442891e-06]]
[2100.0, 1500.0, 9.9e-05, [0.0015088938399999998, 0.000357369584], [103.5, 314.64], [6.6977012, 26.476988199999997], [0.0001094666630531871, 5.327350541498091e-05]]
[2100.0, 1100.0, 0.000109, [0.0016548131999999998, 7.917763799999999e-06], [103.5, 0.31418], [6.6977012, 0.093860286], [0.00011446578479178833, 5.598704578739621e-06]]
[2100.0, 1300.0, 0.000102, [0.00154405992, 2.38772108e-05], [103.5, 1.8078], [6.6977012, 0.304713108], [0.00011085702236665028, 9.747830901282603e-06]]
[2100.0, 1600.0, 0.000105, [0.0005190640000000001, 0.00019019150799999999], [14.352, 86.94], [1.25133524, 7.5865132], [4.5350853866272465e-05, 3.882267011940317e-05]]
[2200.0, 1700.0, 7.3e-05, [0.000361555032, 6.963282200000001e-05], [14.352, 25.392], [1.25133524, 2.93968428], [3.1117706329355316e-05, 1.9312669275892442e-05]]
[2200.0, 1100.0, 8.1e-05, [0.00123611752, 0.000127325424], [103.5, 86.94], [6.6977012, 7.5865132], [8.098074961371993e-05, 2.599019051257609e-05]]
[2200.0, 200.0, 4.8e-05, [0.000236710756, 4.787408599999999e-05], [14.352, 25.392], [1.25133524, 2.93968428], [2.509129022589313e-05, 1.5958027863116418e-05]]
[2200.0, 1800.0, 8.5e-05, [0.0007744524119999999, 0.00011216207600000001], [43.37799999999999, 86.94], [3.22984216, 7.5865132], [6.431477789746305e-05, 2.447577309259097e-05]]
[2200.0, 900.0, 6.5e-05, [0.0009854828399999999, 7.99040056e-05], [103.5, 25.392], [6.6977012, 2.93968428], [7.245412673961367e-05, 2.0631124615008267e-05]]
[2200.0, 1000.0, 7e-05, [0.00034880153199999997, 2.6626069600000004e-05], [14.352, 8.096], [1.25133524, 0.98766186], [3.0474928830105575e-05, 1.1907540488278844e-05]]
[2200.0, 1300.0, 7.4e-05, [0.000672353112, 0.00011647062], [43.37799999999999, 86.94], [3.22984216, 7.5865132], [5.966168434766152e-05, 2.483161806729477e-05]]
[2200.0, 1900.0, 7.8e-05, [0.000390320028, 0.000281455232], [14.352, 314.64], [1.25133524, 26.476988199999997], [3.219305325066263e-05, 3.8660847709278186e-05]]
[2200.0, 1400.0, 8.4e-05, [0.000419917946, 0.000260455404], [14.352, 314.64], [1.25133524, 26.476988199999997], [3.3406874124946205e-05, 3.720790976123222e-05]]
[2200.0, 1600.0, 8.3e-05, [0.0007604114640000001, 9.5051456e-05], [43.37799999999999, 86.94], [3.22984216, 7.5865132], [6.336762052657493e-05, 2.2403838035479545e-05]]
[2200.0, 800.0, 5.6e-05, [0.00027556415, 0.00011236594799999999], [14.352, 86.94], [1.25133524, 7.5865132], [2.7152140504939935e-05, 2.4520261058969173e-05]]
[2200.0, 400.0, 5.2e-05, [0.000476228156, 5.8205667600000004e-05], [43.37799999999999, 86.94], [3.22984216, 7.5865132], [5.0198862329738116e-05, 1.754966979062569e-05]]
[2200.0, 600.0, 5.4e-05, [0.0004912103559999999, 0.00022424815999999998], [43.37799999999999, 314.64], [3.22984216, 26.476988199999997], [5.1212219588688016e-05, 3.460225060888381e-05]]
[2200.0, 2000.0, 8e-05, [0.000396782476, 3.703303600000001e-05], [14.352, 8.096], [1.25133524, 0.98766186], [3.239715372065886e-05, 1.3997170376901183e-05]]
[2200.0, 500.0, 4.7e-05, [0.00023312321600000002, 9.536858e-05], [14.352, 86.94], [1.25133524, 7.5865132], [2.4851020518280532e-05, 2.2478593660636333e-05]]
[2200.0, 700.0, 5.1e-05, [0.00046153134, 5.3049582800000005e-05], [43.37799999999999, 25.392], [3.22984216, 2.93968428], [4.948135136392295e-05, 1.6775750336721156e-05]]
[2200.0, 300.0, 4.3e-05, [0.0006572697120000001, 9.010955640000001e-05], [103.5, 86.94], [6.6977012, 7.5865132], [5.902456440500006e-05, 2.1854775730718445e-05]]
[2200.0, 1200.0, 6.7e-05, [0.0006066585800000001, 6.85787964e-05], [43.37799999999999, 25.392], [3.22984216, 2.93968428], [5.6571210699436154e-05, 1.902033640922263e-05]]
[2200.0, 1500.0, 8e-05, [0.000396232684, 0.000267724784], [14.352, 314.64], [1.25133524, 26.476988199999997], [3.257012775535275e-05, 3.786199614389078e-05]]
[2200.0, 100.0, 4.5e-05, [0.000409531376, 6.91416616e-05], [43.37799999999999, 86.94], [3.22984216, 7.5865132], [4.667043117006741e-05, 1.9176446102445573e-05]]
[2300.0, 700.0, 3.6e-05, [0.000538220792, 1.77046364e-05], [103.5, 8.096], [6.6977012, 0.98766186], [4.365546867919299e-05, 7.917752188089749e-06]]
[2300.0, 100.0, 3e-05, [4.06531532e-05, 5.6560909999999996e-05], [1.1500000000000001, 86.94], [0.18400000000000002, 7.5865132], [8.476767869890033e-06, 1.4140226414028878e-05]]
[2300.0, 1800.0, 5.8e-05, [0.00028737064799999997, 9.1676528e-05], [14.352, 86.94], [1.25133524, 7.5865132], [2.2508604257039128e-05, 1.7979245790633152e-05]]
[2300.0, 1000.0, 4.6e-05, [0.00042137425999999996, 3.5409604000000005e-05], [43.37799999999999, 25.392], [3.22984216, 2.93968428], [3.8627315060718374e-05, 1.1197499863808885e-05]]
[2300.0, 1500.0, 5.9e-05, [0.00089698298, 2.11885752e-05], [103.5, 8.096], [6.6977012, 0.98766186], [5.628171715930495e-05, 8.650199401169894e-06]]
[2300.0, 1200.0, 6e-05, [0.000300389706, 3.55490852e-05], [14.352, 25.392], [1.25133524, 2.93968428], [2.310690395531171e-05, 1.1241605700254744e-05]]
[2300.0, 500.0, 3.5e-05, [0.000533628336, 1.77876112e-05], [103.5, 8.096], [6.6977012, 0.98766186], [4.35705725461578e-05, 7.954861808981977e-06]]
[2300.0, 1900.0, 5.6e-05, [0.00027816563400000005, 0.000145284008], [14.352, 314.64], [1.25133524, 26.476988199999997], [2.220003559456606e-05, 2.268954278252429e-05]]
[2300.0, 1300.0, 5.8e-05, [0.00014502134799999997, 8.842764e-06], [3.8824, 1.8078], [0.428071952, 0.304713108], [1.601493154527986e-05, 3.954605312290975e-06]]
[2300.0, 1600.0, 5.6e-05, [0.00014125082000000002, 2.8250163999999997e-05], [3.8824, 25.392], [0.428071952, 2.93968428], [1.5792323236306936e-05, 9.987942194466286e-06]]
[2300.0, 1700.0, 5.6e-05, [0.000509735936, 2.1092527200000002e-05], [43.37799999999999, 8.096], [3.22984216, 0.98766186], [4.2331268499774496e-05, 8.610986215294971e-06]]
[2300.0, 1400.0, 6.5e-05, [0.000597738352, 7.781210039999999e-05], [43.37799999999999, 86.94], [3.22984216, 7.5865132], [4.5979875197742764e-05, 1.65895949992759e-05]]
[2300.0, 1100.0, 5.8e-05, [0.0008778879200000001, 6.75298308e-05], [103.5, 25.392], [6.6977012, 2.93968428], [5.585866957241284e-05, 1.5492406645837825e-05]]
[2300.0, 900.0, 4.9e-05, [0.00024255317, 8.852309e-06], [14.352, 1.8078], [1.25133524, 0.304713108], [2.07227166462315e-05, 3.9588718180815095e-06]]
[2300.0, 2000.0, 5.2e-05, [0.0007779347040000001, 5.304099e-06], [103.5, 0.31418], [6.6977012, 0.093860286], [5.244834389759128e-05, 3.0623236830877305e-06]]
[2300.0, 300.0, 2.9e-05, [0.0004353578, 5.6631906400000005e-05], [103.5, 86.94], [6.6977012, 7.5865132], [3.925489179197925e-05, 1.4157975024698978e-05]]
[2300.0, 200.0, 3.2e-05, [0.000294949976, 6.0411432e-05], [43.37799999999999, 86.94], [3.22984216, 7.5865132], [3.237496862701182e-05, 1.4651923581564298e-05]]
[2300.0, 400.0, 3.1e-05, [0.000285154644, 3.5644332799999994e-05], [43.37799999999999, 25.392], [3.22984216, 2.93968428], [3.188125899647001e-05, 1.1271727214584284e-05]]
[2300.0, 800.0, 4.3e-05, [0.000390475232, 6.03461672e-05], [43.37799999999999, 86.94], [3.22984216, 7.5865132], [3.7230355120519594e-05, 1.4636095495725626e-05]]
[2300.0, 600.0, 3.7e-05, [0.000183662774, 4.5915691200000003e-05], [14.352, 25.392], [1.25133524, 2.93968428], [1.8009613910353546e-05, 1.273472095336211e-05]]
[2400.0, 1200.0, 4e-05, [0.00036856331599999996, 0.000112681784], [43.37799999999999, 314.64], [3.22984216, 26.476988199999997], [2.941455963294368e-05, 1.6264213176173015e-05]]
[2400.0, 1500.0, 4e-05, [0.00020183212999999998, 4.4590817599999996e-05], [14.352, 86.94], [1.25133524, 7.5865132], [1.5389554197571807e-05, 1.0229837394602126e-05]]
[2400.0, 1100.0, 3.7e-05, [0.00033793007600000003, 2.5814105199999998e-05], [43.37799999999999, 25.392], [3.22984216, 2.93968428], [2.816083933124153e-05, 7.78324458616071e-06]]
[2400.0, 1600.0, 4.1e-05, [0.000371460396, 2.82121864e-05], [43.37799999999999, 25.392], [3.22984216, 2.93968428], [2.955179772534998e-05, 8.144155737214264e-06]]
[2400.0, 400.0, 2.3e-05, [0.00020843244, 2.10774392e-05], [43.37799999999999, 25.392], [3.22984216, 2.93968428], [2.2093791859253133e-05, 7.025811773168991e-06]]
[2400.0, 1300.0, 4.1e-05, [0.000378148888, 4.46262652e-05], [43.37799999999999, 86.94], [3.22984216, 7.5865132], [2.9802306246329328e-05, 1.023796734513253e-05]]
[2400.0, 200.0, 2e-05, [0.000182679432, 2.342044e-06], [43.37799999999999, 0.31418], [3.22984216, 0.093860286], [2.068437454698595e-05, 1.656075387172939e-06]]
[2400.0, 1700.0, 4e-05, [0.000369452312, 4.4710785599999994e-05], [43.37799999999999, 86.94], [3.22984216, 7.5865132], [2.948550483203569e-05, 1.0257356392365433e-05]]
[2400.0, 2000.0, 4.4e-05, [0.00021960791000000002, 5.43116388e-05], [14.352, 86.94], [1.25133524, 7.5865132], [1.6102431245001483e-05, 1.1324759049092391e-05]]
[2400.0, 600.0, 2.5e-05, [0.000374875712, 4.00810512e-05], [103.5, 86.94], [6.6977012, 7.5865132], [2.9729583273231396e-05, 9.721083256510046e-06]]
[2400.0, 1900.0, 4.1e-05, [0.00036995619600000004, 1.87319636e-05], [43.37799999999999, 8.096], [3.22984216, 0.98766186], [2.9432135824639027e-05, 6.622748298403014e-06]]
[2400.0, 700.0, 2.5e-05, [0.0001257295, 1.4100508800000001e-05], [14.352, 8.096], [1.25133524, 0.98766186], [1.2154729464698094e-05, 5.756506974198849e-06]]
[2400.0, 100.0, 2.2e-05, [2.9431466999999997e-05, 2.35451736e-05], [1.1500000000000001, 25.392], [0.18400000000000002, 2.93968428], [5.886292721229552e-06, 7.445638494581912e-06]]
[2400.0, 1800.0, 4.6e-05, [0.0004222778839999999, 5.3957724000000006e-05], [43.37799999999999, 86.94], [3.22984216, 7.5865132], [3.147473150322334e-05, 1.1250964332002833e-05]]
[2400.0, 500.0, 2.3e-05, [0.000214229268, 8.23958532e-05], [43.37799999999999, 314.64], [3.22984216, 26.476988199999997], [2.245732437491163e-05, 1.3927441809607391e-05]]
[2400.0, 900.0, 3.2e-05, [0.000157338124, 4.69666164e-05], [14.352, 86.94], [1.25133524, 7.5865132], [1.3591946084354512e-05, 1.0502052865987679e-05]]
[2400.0, 1400.0, 4.2e-05, [0.000206521278, 3.0508819199999997e-05], [14.352, 25.392], [1.25133524, 2.93968428], [1.5567123151051387e-05, 8.461625166834087e-06]]
[2400.0, 800.0, 2.9e-05, [0.000144452558, 0.00027716104], [14.352, 1996.4], [1.25133524, 126.311676], [1.3024848622536847e-05, 3.6083291370937875e-05]]
[2400.0, 300.0, 2.1e-05, [0.000314845068, 1.40975372e-05], [103.5, 8.096], [6.6977012, 0.98766186], [2.719847084525158e-05, 5.7552960250537934e-06]]
[2400.0, 1000.0, 3.4e-05, [0.00031450310399999996, 4.6940746e-06], [43.37799999999999, 1.8078], [3.22984216, 0.304713108], [2.716892560260711e-05, 2.3470374764796575e-06]]
[2500.0, 400.0, 1.9e-05, [0.000171378428, 3.2717702400000005e-05], [43.37799999999999, 86.94], [3.22984216, 7.5865132], [1.6340292981461502e-05, 7.139587669886827e-06]]
[2500.0, 1300.0, 3.2e-05, [0.00029186907999999994, 3.10498988e-06], [43.37799999999999, 0.31418], [3.22984216, 0.093860286], [2.1286740436243405e-05, 1.5524948888804753e-06]]
[2500.0, 500.0, 1.6e-05, [8.0713808e-05, 6.363973040000001e-05], [14.352, 314.64], [1.25133524, 26.476988199999997], [7.91463921098113e-06, 9.938857552052954e-06]]
[2500.0, 900.0, 2.2e-05, [0.000109259936, 1.56085636e-05], [14.352, 25.392], [1.25133524, 2.93968428], [9.234150267349995e-06, 4.93586044697376e-06]]
[2500.0, 1400.0, 3.4e-05, [4.6617780000000005e-05, 2.1754973199999997e-05], [1.1500000000000001, 25.392], [0.18400000000000002, 2.93968428], [6.018333138004242e-06, 5.8142617072161455e-06]]
[2500.0, 200.0, 1.7e-05, [8.4012008e-05, 7.7788898e-06], [14.352, 8.096], [1.25133524, 0.98766186], [8.084059945349243e-06, 3.478825233897213e-06]]
[2500.0, 1900.0, 3.1e-05, [0.00015249874, 1.08374712e-05], [14.352, 8.096], [1.25133524, 0.98766186], [1.0865086070528848e-05, 4.0961805428960285e-06]]
[2500.0, 1000.0, 2.3e-05, [0.00020861515200000004, 6.227318999999999e-05], [43.37799999999999, 314.64], [3.22984216, 26.476988199999997], [1.8021604758733335e-05, 9.846256750664183e-06]]
[2500.0, 1800.0, 2.7e-05, [0.00041875722799999997, 6.69388964e-05], [103.5, 314.64], [6.6977012, 26.476988199999997], [2.553208193312876e-05, 1.0208087178311126e-05]]
[2500.0, 1700.0, 2.7e-05, [0.000134812752, 3.87393048e-05], [14.352, 86.94], [1.25133524, 7.5865132], [1.0220129646927187e-05, 7.747860171169842e-06]]
[2500.0, 800.0, 2.1e-05, [5.2094356e-05, 2.6435951599999998e-05], [3.8824, 86.94], [0.428071952, 7.5865132], [6.364340635132598e-06, 6.4116594694353514e-06]]
[2500.0, 700.0, 2.1e-05, [0.00019135926400000002, 2.333649e-05], [43.37799999999999, 86.94], [3.22984216, 7.5865132], [1.7254280535565658e-05, 6.0254564029623524e-06]]
[2500.0, 1600.0, 3e-05, [0.00014913039000000002, 6.64518852e-05], [14.352, 314.64], [1.25133524, 26.476988199999997], [1.0734641844048641e-05, 1.0133819836567057e-05]]
[2500.0, 1100.0, 2.9e-05, [0.00026302312399999997, 1.4007156400000001e-05], [43.37799999999999, 25.392], [3.22984216, 2.93968428], [2.0232550811007494e-05, 4.669050305147718e-06]]
[2500.0, 600.0, 1.8e-05, [0.00016703170400000003, 3.09317938e-06], [43.37799999999999, 1.8078], [3.22984216, 0.304713108], [1.60726317098352e-05, 1.54658950468442e-06]]
[2500.0, 300.0, 1.6e-05, [7.8603374e-05, 6.07035872e-05], [14.352, 314.64], [1.25133524, 26.476988199999997], [7.82132712268193e-06, 9.720351853713939e-06]]
[2500.0, 2000.0, 3.1e-05, [0.000154584748, 1.2491695599999999e-05], [14.352, 8.096], [1.25133524, 0.98766186], [1.0985861339012067e-05, 4.416482015360189e-06]]
[2500.0, 1200.0, 2.7e-05, [0.000250067684, 6.98946908e-05], [43.37799999999999, 314.64], [3.22984216, 26.476988199999997], [1.9708094324921424e-05, 1.0419287369105432e-05]]
[2500.0, 100.0, 1.6e-05, [2.0984832e-05, 1.3989888e-05], [1.1500000000000001, 25.392], [0.18400000000000002, 2.93968428], [4.038532531006776e-06, 4.663295687815646e-06]]
[2500.0, 1500.0, 2.9e-05, [0.000143412636, 4.6262154e-06], [14.352, 1.8078], [1.25133524, 0.304713108], [1.0515523534280164e-05, 1.8886437080614225e-06]]
[2600.0, 800.0, 1.4e-05, [6.753135800000001e-05, 1.2372159999999999e-05], [14.352, 25.392], [1.25133524, 2.93968428], [5.900241961140238e-06, 3.571534321268662e-06]]
[2600.0, 2000.0, 2e-05, [0.00018552517600000003, 8.20000876e-06], [43.37799999999999, 8.096], [3.22984216, 0.98766186], [1.3789980629428022e-05, 2.8991414513955682e-06]]
[2600.0, 900.0, 1.6e-05, [0.000145932332, 2.3636925200000002e-05], [43.37799999999999, 86.94], [3.22984216, 7.5865132], [1.224636463282063e-05, 4.9286392978184145e-06]]
[2600.0, 1000.0, 1.5e-05, [0.00013360819600000002, 0.00011099757680000001], [43.37799999999999, 1996.4], [3.22984216, 126.311676], [1.1718210860024665e-05, 1.510485575541852e-05]]
[2600.0, 200.0, 1.1e-05, [9.923938800000001e-05, 0.0001125394968], [43.37799999999999, 1996.4], [3.22984216, 126.311676], [1.0076230438015994e-05, 1.5174822583740478e-05]]
[2600.0, 1100.0, 1.7e-05, [0.000262370752, 1.33757604e-05], [103.5, 25.392], [6.6977012, 2.93968428], [1.643029594377411e-05, 3.70976924134103e-06]]
[2600.0, 1500.0, 2e-05, [0.000184336444, 0.0001290355016], [43.37799999999999, 1996.4], [3.22984216, 126.311676], [1.373962633553038e-05, 1.625694615947288e-05]]
[2600.0, 700.0, 1.2e-05, [6.0088512e-05, 0.00010887831999999999], [14.352, 1996.4], [1.25133524, 126.311676], [5.555185195832808e-06, 1.4955588592362388e-05]]
[2600.0, 1800.0, 2.2e-05, [0.00011040322000000001, 3.06675606e-06], [14.352, 1.8078], [1.25133524, 0.304713108], [7.511988730023495e-06, 1.2519981498388885e-06]]
[2600.0, 1600.0, 2e-05, [5.120858e-05, 0.00010446544800000001], [3.8824, 1996.4], [0.428071952, 126.311676], [5.120855865966157e-06, 1.4628090263872451e-05]]
[2600.0, 1400.0, 2.1e-05, [0.000103605386, 8.6166832e-05], [14.352, 1996.4], [1.25133524, 126.311676], [7.289647445521628e-06, 1.3295831597008137e-05]]
[2600.0, 1300.0, 2e-05, [0.000301022528, 1.3265397199999998e-05], [103.5, 25.392], [6.6977012, 2.93968428], [1.75262100774811e-05, 3.679160404222681e-06]]
[2600.0, 600.0, 1.2e-05, [3.08035918e-05, 2.5669665200000003e-05], [3.8824, 86.94], [0.428071952, 7.5865132], [3.976726471860995e-06, 5.133932211472996e-06]]
[2600.0, 1700.0, 1.9e-05, [0.000285294208, 2.45414416e-05], [103.5, 86.94], [6.6977012, 7.5865132], [1.7080119011294976e-05, 5.009500109192533e-06]]
[2600.0, 400.0, 1.2e-05, [0.000172823656, 1.53393808e-06], [103.5, 0.31418], [6.6977012, 0.093860286], [1.3294130518390438e-05, 8.856195919242076e-07]]
[2600.0, 300.0, 1.2e-05, [6.0058658e-05, 0.00010471765680000001], [14.352, 1996.4], [1.25133524, 126.311676], [5.552424850459483e-06, 1.466340665902709e-05]]
[2600.0, 1900.0, 2.3e-05, [0.00011556212, 1.12994124e-05], [14.352, 25.392], [1.25133524, 2.93968428], [7.704141743244344e-06, 3.4069004939974397e-06]]
[2600.0, 1200.0, 2e-05, [0.000302855352, 9.617705759999999e-05], [103.5, 874.0], [6.6977012, 74.882572], [1.760311277018925e-05, 1.4028865186892344e-05]]
[2600.0, 100.0, 1.2e-05, [5.8376898e-05, 0.000118802084], [14.352, 1996.4], [1.25133524, 126.311676], [5.467496220391926e-06, 1.5599477244574576e-05]]
[2600.0, 500.0, 1.2e-05, [0.000106102036, 5.71318344e-05], [43.37799999999999, 874.0], [3.22984216, 74.882572], [1.0404154677819817e-05, 1.0796903010771191e-05]]
[2700.0, 1400.0, 1.4e-05, [0.00012701474, 2.88975312e-05], [43.37799999999999, 314.64], [3.22984216, 26.476988199999997], [9.238962296708435e-06, 4.406832651236032e-06]]
[2700.0, 1000.0, 1.1e-05, [5.2731042e-05, 2.14954504e-05], [14.352, 314.64], [1.25133524, 26.476988199999997], [4.208394666853383e-06, 3.7998951459217924e-06]]
[2700.0, 800.0, 1e-05, [2.4870148399999995e-05, 2.01649832e-05], [3.8824, 314.64], [0.428071952, 26.476988199999997], [2.8910957915641606e-06, 3.681605049974807e-06]]
[2700.0, 900.0, 1e-05, [0.00014583048799999998, 2.41930836e-05], [103.5, 314.64], [6.6977012, 26.476988199999997], [9.89962322515357e-06, 4.032180634842641e-06]]
[2700.0, 600.0, 9e-06, [0.000134360204, 2.35130288e-05], [103.5, 314.64], [6.6977012, 26.476988199999997], [9.500700622585685e-06, 3.97442768508876e-06]]
[2700.0, 1100.0, 1.2e-05, [0.000111274368, 5.79975544e-05], [43.37799999999999, 874.0], [3.22984216, 74.882572], [8.662697234464564e-06, 8.844543342875312e-06]]
[2700.0, 1300.0, 1.4e-05, [7.221231800000001e-05, 9.4043964e-05], [14.352, 1996.4], [1.25133524, 126.311676], [4.9248408624035765e-06, 1.1240403226930963e-05]]
[2700.0, 400.0, 8e-06, [2.11535324e-05, 2.21608496e-05], [3.8824, 314.64], [0.428071952, 26.476988199999997], [2.665094866604189e-06, 3.857708210842287e-06]]
[2700.0, 1700.0, 1.5e-05, [1.9987501399999997e-05, 5.69135552e-05], [1.1500000000000001, 874.0], [0.18400000000000002, 74.882572], [2.6021513284203895e-06, 8.781953958430892e-06]]
[2700.0, 100.0, 7e-06, [6.6601606e-05, 2.421877e-05], [43.37799999999999, 314.64], [3.22984216, 26.476988199999997], [6.69371414746701e-06, 4.036461600956957e-06]]
[2700.0, 2000.0, 1.4e-05, [7.0844784e-05, 5.775025840000001e-05], [14.352, 874.0], [1.25133524, 74.882572], [4.877158541610063e-06, 8.806832809131781e-06]]
[2700.0, 1200.0, 1.4e-05, [0.000131358152, 5.49559608e-05], [43.37799999999999, 874.0], [3.22984216, 74.882572], [9.382723638688287e-06, 8.582679950691394e-06]]
[2700.0, 700.0, 9e-06, [0.000135524096, 2.33662244e-05], [103.5, 314.64], [6.6977012, 26.476988199999997], [9.511928006455895e-06, 3.949612610877173e-06]]
[2700.0, 300.0, 7e-06, [0.000104061108, 2.6682336799999998e-05], [103.5, 314.64], [6.6977012, 26.476988199999997], [8.33155677553721e-06, 4.218847562071898e-06]]
[2700.0, 1800.0, 1.6e-05, [0.000149131632, 9.539051279999999e-05], [43.37799999999999, 1996.4], [3.22984216, 126.311676], [1.0009063037067955e-05, 1.1320772522049897e-05]]
[2700.0, 200.0, 8e-06, [1.9801403799999998e-05, 5.10137976e-05], [3.8824, 874.0], [0.428071952, 74.882572], [2.5779234783057465e-06, 8.275529637672745e-06]]
[2700.0, 1500.0, 1.5e-05, [7.5372012e-05, 2.6918574400000002e-05], [14.352, 314.64], [1.25133524, 26.476988199999997], [5.036004285145119e-06, 4.256200803533592e-06]]
[2700.0, 500.0, 8e-06, [0.000114740284, 8.77425436e-06], [103.5, 86.94], [6.6977012, 7.5865132], [8.800175350071156e-06, 2.433540343778997e-06]]
[2700.0, 1900.0, 1.5e-05, [7.387006599999999e-05, 9.091703119999999e-05], [14.352, 1996.4], [1.25133524, 126.311676], [4.969039150580321e-06, 1.102530855804045e-05]]
[2700.0, 1600.0, 1.5e-05, [7.330302400000001e-05, 6.72504912e-05], [14.352, 874.0], [1.25133524, 74.882572], [4.964708631934003e-06, 9.510655464267433e-06]]
[2800.0, 1500.0, 1e-05, [9.3141352e-05, 8.30838016e-06], [43.37799999999999, 86.94], [3.22984216, 7.5865132], [6.381937946423485e-06, 1.9060732649087758e-06]]
[2800.0, 200.0, 5e-06, [4.53073412e-05, 0.0001211100144], [43.37799999999999, 13938.0], [3.22984216, 875.2098], [4.442750394969315e-06, 1.0272416954154462e-05]]
[2800.0, 400.0, 5e-06, [7.27739504e-05, 7.93897716e-06], [103.5, 86.94], [6.6977012, 7.5865132], [5.665444858084845e-06, 1.8712347683815628e-06]]
[2800.0, 900.0, 7e-06, [6.02932212e-05, 0.00011184830079999998], [43.37799999999999, 13938.0], [3.22984216, 875.2098], [5.132500168923524e-06, 9.886087300443994e-06]]
[2800.0, 600.0, 6e-06, [2.88758698e-05, 8.7502626e-07], [14.352, 1.8078], [1.25133524, 0.304713108], [2.5133218822904477e-06, 4.375131797329081e-07]]
[2800.0, 1200.0, 1e-05, [4.9064796e-05, 4.81886432e-06], [14.352, 25.392], [1.25133524, 2.93968428], [3.2782802930805046e-06, 1.4529424588744041e-06]]
[2800.0, 1000.0, 8e-06, [3.90724276e-05, 4.3901599599999995e-06], [14.352, 25.392], [1.25133524, 2.93968428], [2.9286018404692708e-06, 1.3882906692764307e-06]]
[2800.0, 1400.0, 1.2e-05, [3.0230979199999998e-05, 2.21838864e-05], [3.8824, 314.64], [0.428071952, 26.476988199999997], [2.5641581745282407e-06, 3.106364707499748e-06]]
[2800.0, 800.0, 8e-06, [5.9131482e-06, 2.62806648e-06], [0.35742, 8.096], [0.090960262, 0.98766186], [1.1379863568602219e-06, 1.0729038264448495e-06]]
[2800.0, 100.0, 5e-06, [2.4289416799999998e-05, 0.0001225412032], [14.352, 13938.0], [1.25133524, 875.2098], [2.305449603873396e-06, 1.0356621064420577e-05]]
[2800.0, 1100.0, 8e-06, [4.0128675e-05, 9.6484264e-06], [14.352, 86.94], [1.25133524, 7.5865132], [2.9663973031271457e-06, 2.057051081135323e-06]]
[2800.0, 1300.0, 1e-05, [5.1143214e-05, 8.7799556e-07], [14.352, 1.8078], [1.25133524, 0.304713108], [3.3505043465126263e-06, 4.3899771694167154e-07]]
[2800.0, 2000.0, 1.1e-05, [5.4927266e-05, 2.22324716e-05], [14.352, 314.64], [1.25133524, 26.476988199999997], [3.460093275621338e-06, 3.113167716651321e-06]]
[2800.0, 500.0, 6e-06, [1.4030529e-05, 1.0084442e-05], [3.8824, 86.94], [0.428071952, 7.5865132], [1.7538159823653107e-06, 2.1027517262862967e-06]]
[2800.0, 1900.0, 1e-05, [9.223552000000001e-05, 2.010821e-05], [43.37799999999999, 314.64], [3.22984216, 26.476988199999997], [6.3497517582973275e-06, 2.964793318934728e-06]]
[2800.0, 1800.0, 1.1e-05, [1.4856583200000001e-05, 2.44696632e-05], [1.1500000000000001, 314.64], [0.18400000000000002, 26.476988199999997], [1.8016251030666729e-06, 3.2698966613640864e-06]]
[2800.0, 300.0, 5e-06, [7.747443279999999e-05, 8.316464199999999e-06], [103.5, 86.94], [6.6977012, 7.5865132], [5.823334749093513e-06, 1.9079276216879925e-06]]
[2800.0, 700.0, 6e-06, [5.24636164e-05, 2.1859844e-06], [43.37799999999999, 8.096], [3.22984216, 0.98766186], [4.789251732786657e-06, 9.776020605542933e-07]]
[2800.0, 1600.0, 1.1e-05, [5.275487e-05, 2.2765584000000004e-05], [14.352, 314.64], [1.25133524, 26.476988199999997], [3.3982395312867514e-06, 3.157018573274474e-06]]
[2800.0, 1700.0, 1e-05, [9.406779199999999e-05, 8.79138108e-06], [43.37799999999999, 86.94], [3.22984216, 7.5865132], [6.430341299806722e-06, 1.9658126775458543e-06]]
[2900.0, 1300.0, 6e-06, [8.47777148e-05, 7.371974720000001e-05], [103.5, 13938.0], [6.6977012, 875.2098], [4.902821476660148e-06, 6.4656484680192755e-06]]
[2900.0, 900.0, 5e-06, [4.494028880000001e-05, 7.793441440000001e-05], [43.37799999999999, 13938.0], [3.22984216, 875.2098], [3.5752566005812785e-06, 6.658387739986309e-06]]
[2900.0, 1600.0, 8e-06, [1.0455087e-05, 6.951220080000001e-05], [1.1500000000000001, 13938.0], [0.18400000000000002, 875.2098], [1.21537928318694e-06, 6.26770551956615e-06]]
[2900.0, 2000.0, 7e-06, [6.28771424e-05, 1.98261288e-06], [43.37799999999999, 8.096], [3.22984216, 0.98766186], [4.220038094614786e-06, 7.493570839059307e-07]]
[2900.0, 1200.0, 7e-06, [1.68974376e-05, 6.98616904e-05], [3.8824, 13938.0], [0.428071952, 875.2098], [1.5489860528745892e-06, 6.299215209532056e-06]]
[2900.0, 1700.0, 7e-06, [3.36200798e-05, 6.695644079999999e-05], [14.352, 13938.0], [1.25133524, 875.2098], [2.1838584175719817e-06, 6.1638407143598385e-06]]
[2900.0, 1100.0, 6e-06, [2.8507612199999997e-05, 7.37510272e-05], [14.352, 13938.0], [1.25133524, 875.2098], [2.010772023875407e-06, 6.468394318221486e-06]]
[2900.0, 800.0, 5e-06, [1.22028938e-05, 4.2568225200000005e-07], [3.8824, 0.31418], [0.428071952, 0.093860286], [1.3158717097042551e-06, 2.4576780195949184e-07]]
[2900.0, 600.0, 4e-06, [5.357262120000001e-05, 8.149877039999999e-05], [103.5, 13938.0], [6.6977012, 875.2098], [3.907184868930571e-06, 6.8152690922662766e-06]]
[2900.0, 100.0, 3e-06, [4.52164084e-05, 7.460706880000001e-05], [103.5, 13938.0], [6.6977012, 875.2098], [3.574670625386345e-06, 6.493711670839721e-06]]
[2900.0, 400.0, 4e-06, [2.05424638e-05, 7.93167328e-05], [14.352, 13938.0], [1.25133524, 875.2098], [1.7118719379673235e-06, 6.72755685104184e-06]]
[2900.0, 1000.0, 6e-06, [2.8300809999999996e-05, 4.26645354e-07], [14.352, 0.31418], [1.25133524, 0.093860286], [2.0061912660561556e-06, 2.4632383652419835e-07]]
[2900.0, 1400.0, 7e-06, [6.05212524e-05, 2.26247688e-06], [43.37799999999999, 8.096], [3.22984216, 0.98766186], [4.137148039894149e-06, 7.999063259157286e-07]]
[2900.0, 200.0, 3e-06, [5.01995332e-05, 6.182766160000001e-05], [103.5, 13938.0], [6.6977012, 875.2098], [3.773227214997793e-06, 5.922016489001023e-06]]
[2900.0, 500.0, 4e-06, [2.1725933399999998e-05, 7.838376080000001e-05], [14.352, 13938.0], [1.25133524, 875.2098], [1.7564375832918176e-06, 6.672467681450395e-06]]
[2900.0, 1500.0, 7e-06, [6.46669196e-05, 5.75450064e-05], [43.37799999999999, 13938.0], [3.22984216, 875.2098], [4.292094330743443e-06, 5.725942530483519e-06]]
[2900.0, 1800.0, 7e-06, [6.59018816e-05, 6.646999999999999e-05], [43.37799999999999, 13938.0], [3.22984216, 875.2098], [4.326670111760313e-06, 6.145153756253784e-06]]
[2900.0, 300.0, 4e-06, [3.4242032e-05, 6.5654144e-05], [43.37799999999999, 13938.0], [3.22984216, 875.2098], [3.112912141387868e-06, 6.095834191970775e-06]]
[2900.0, 700.0, 4e-06, [5.4634246e-05, 8.934975599999999e-05], [103.5, 13938.0], [6.6977012, 875.2098], [3.942887524644851e-06, 7.130886706153731e-06]]
[2900.0, 1900.0, 8e-06, [4.17872234e-05, 6.869134e-05], [14.352, 13938.0], [1.25133524, 875.2098], [2.445412523890397e-06, 6.270632534601273e-06]]
[3000.0, 1900.0, 5e-06, [4.41692644e-05, 2.19929956e-06], [43.37799999999999, 8.096], [3.22984216, 0.98766186], [2.845192333182416e-06, 6.348829945745909e-07]]
[3000.0, 800.0, 3e-06, [2.64709116e-05, 4.7099952e-05], [43.37799999999999, 13938.0], [3.22984216, 875.2098], [2.1982891289364103e-06, 4.146919976657375e-06]]
[3000.0, 900.0, 3e-06, [3.961505280000001e-05, 4.45441184e-05], [103.5, 13938.0], [6.6977012, 875.2098], [2.6892451372085808e-06, 4.032835084949545e-06]]
[3000.0, 1600.0, 5e-06, [6.2310312e-06, 4.544984e-05], [1.1500000000000001, 13938.0], [0.18400000000000002, 875.2098], [7.556230573506873e-07, 4.081517347653933e-06]]
[3000.0, 700.0, 3e-06, [2.4768801200000002e-05, 4.6987877600000005e-05], [43.37799999999999, 13938.0], [3.22984216, 875.2098], [2.1239072258457996e-06, 4.137051679058409e-06]]
[3000.0, 600.0, 3e-06, [1.37995078e-05, 4.8252583199999996e-05], [14.352, 13938.0], [1.25133524, 875.2098], [1.122988042678995e-06, 4.199848266973463e-06]]
[3000.0, 1300.0, 4e-06, [3.3343422000000004e-05, 5.6847793600000005e-05], [43.37799999999999, 13938.0], [3.22984216, 875.2098], [2.4648166740753764e-06, 4.551466786344815e-06]]
[3000.0, 500.0, 2e-06, [4.7622328e-05, 4.8909408000000005e-05], [259.90000000000003, 13938.0], [15.5177596, 875.2098], [2.9591067408932717e-06, 4.240984463069866e-06]]
[3000.0, 1500.0, 5e-06, [4.807457239999999e-05, 4.64294376e-05], [43.37799999999999, 13938.0], [3.22984216, 875.2098], [2.96440503575338e-06, 4.1199465433425224e-06]]
[3000.0, 1800.0, 5e-06, [4.4936627199999996e-05, 4.74940064e-05], [43.37799999999999, 13938.0], [3.22984216, 875.2098], [2.86505504282204e-06, 4.165499514824122e-06]]
[3000.0, 2000.0, 5e-06, [4.61914796e-05, 4.91242648e-05], [43.37799999999999, 13938.0], [3.22984216, 875.2098], [2.909789985548785e-06, 4.2436910515257825e-06]]
[3000.0, 100.0, 3e-06, [1.35437432e-05, 4.94163648e-05], [14.352, 13938.0], [1.25133524, 875.2098], [1.1132887650560386e-06, 4.2530826858644545e-06]]
[3000.0, 1400.0, 5e-06, [2.2613788600000004e-05, 4.61431152e-05], [14.352, 13938.0], [1.25133524, 875.2098], [1.4388809558820355e-06, 4.110755608595578e-06]]
[3000.0, 1100.0, 4e-06, [1.76023232e-05, 4.13745344e-05], [14.352, 13938.0], [1.25133524, 875.2098], [1.2637731286904308e-06, 3.875080189725111e-06]]
[3000.0, 1200.0, 4e-06, [5.026415400000001e-06, 5.26403024e-05], [1.1500000000000001, 13938.0], [0.18400000000000002, 875.2098], [6.777620393618988e-07, 4.386691591985925e-06]]
[3000.0, 1000.0, 4e-06, [4.9222116e-06, 4.15653424e-05], [1.1500000000000001, 13938.0], [0.18400000000000002, 875.2098], [6.69828238282024e-07, 3.892950838836782e-06]]
[3000.0, 400.0, 3e-06, [1.3048424399999999e-05, 4.6718832800000004e-05], [14.352, 13938.0], [1.25133524, 875.2098], [1.0911641179950888e-06, 4.129400707318194e-06]]
[3000.0, 300.0, 2e-06, [5.1963669999999996e-05, 5.3427435999999994e-05], [259.90000000000003, 13938.0], [15.5177596, 875.2098], [3.083477138556406e-06, 4.4216861558459795e-06]]
[3000.0, 1700.0, 5e-06, [2.27353942e-05, 4.25371936e-05], [14.352, 13938.0], [1.25133524, 875.2098], [1.4436989891248106e-06, 3.949478885726571e-06]]
[3000.0, 200.0, 2e-06, [4.29595748e-05, 4.84205384e-05], [259.90000000000003, 13938.0], [15.5177596, 875.2098], [2.7964300084214514e-06, 4.198592943737223e-06]]
