[100.0, 800.0, 0.394684, [6.2326964], [64.841554], [8.396747999999999], [1.9709518497416418]]
[100.0, 500.0, 0.438381, [16.221945999999996], [200.58897999999996], [23.324299999999997], [4.499158860942787]]
[100.0, 650.0, 0.313819, [11.210181599999999], [200.58897999999996], [23.324299999999997], [3.736726695384611]]
[100.0, 850.0, 0.428836, [6.8541472], [64.841554], [8.396747999999999], [2.0666027956528077]]
[100.0, 600.0, 0.329506, [23.604412399999998], [391.84824], [51.31345999999999], [5.415223862408644]]
[100.0, 150.0, 0.301681, [2.17958465], [23.324299999999997], [2.33243], [0.8238054518513458]]
[100.0, 100.0, 0.345188, [12.426131799999999], [200.58897999999996], [23.324299999999997], [3.9294879055673397]]
[100.0, 1000.0, 0.262829, [1.8753533], [23.324299999999997], [2.33243], [0.7656096822141161]]
[100.0, 400.0, 0.313739, [11.2070858], [200.58897999999996], [23.324299999999997], [3.7356950903412875]]
[100.0, 350.0, 0.378373, [13.7444274], [200.58897999999996], [23.324299999999997], [4.1441006580439135]]
[100.0, 750.0, 0.395384, [6.2454131], [64.841554], [8.396747999999999], [1.9749730501958753]]
[100.0, 550.0, 0.49501, [18.697583199999997], [200.58897999999996], [23.324299999999997], [4.827695069077996]]
[100.0, 50.0, 0.314615, [11.241010799999998], [200.58897999999996], [23.324299999999997], [3.7470028422727406]]
[100.0, 900.0, 0.297938, [21.2043946], [391.84824], [51.31345999999999], [5.142820572409657]]
[100.0, 450.0, 0.330087, [23.6492532], [391.84824], [51.31345999999999], [5.425510361247133]]
[100.0, 200.0, 0.230877, [16.240718599999997], [391.84824], [51.31345999999999], [4.504364768976864]]
[100.0, 950.0, 0.247581, [17.461779399999998], [391.84824], [51.31345999999999], [4.666858129405692]]
[100.0, 700.0, 0.359243, [5.6084442], [64.841554], [8.396747999999999], [1.8694816813758832]]
[100.0, 300.0, 0.462372, [7.486293], [64.841554], [8.396747999999999], [2.161106363185301]]
[100.0, 250.0, 0.24695, [8.6969164], [200.58897999999996], [23.324299999999997], [3.287125045993839]]
[200.0, 750.0, 0.18102, [1.25575515], [23.324299999999997], [2.33243], [0.29598435397838174]]
[200.0, 550.0, 0.188599, [2.8087277999999993], [64.841554], [8.396747999999999], [0.6280508298696849]]
[200.0, 700.0, 0.181562, [1.2596720499999998], [23.324299999999997], [2.33243], [0.2969074400802378]]
[200.0, 250.0, 0.178946, [2.6607849], [64.841554], [8.396747999999999], [0.610425806302453]]
[200.0, 50.0, 0.142792, [2.11182895], [64.841554], [8.396747999999999], [0.5452717936038869]]
[200.0, 400.0, 0.181875, [1.261941], [23.324299999999997], [2.33243], [0.29744231461747334]]
[200.0, 650.0, 0.200926, [1.4002986499999999], [23.324299999999997], [2.33243], [0.3131161958842116]]
[200.0, 450.0, 0.142749, [0.982179465], [23.324299999999997], [2.33243], [0.26249852742444096]]
[200.0, 500.0, 0.160253, [2.3759873999999996], [64.841554], [8.396747999999999], [0.5762615460882323]]
[200.0, 350.0, 0.187851, [2.7972254999999993], [64.841554], [8.396747999999999], [0.6254785194553047]]
[200.0, 100.0, 0.160648, [2.3819858], [64.841554], [8.396747999999999], [0.5777165986883187]]
[200.0, 600.0, 0.143119, [0.9848044549999998], [23.324299999999997], [2.33243], [0.26320000531914883]]
[200.0, 1000.0, 0.141679, [2.0950281399999997], [64.841554], [8.396747999999999], [0.5409339385729093]]
[200.0, 150.0, 0.114024, [1.68003431], [64.841554], [8.396747999999999], [0.48498416499922964]]
[200.0, 300.0, 0.152151, [1.048892575], [23.324299999999997], [2.33243], [0.2708228757878477]]
[200.0, 850.0, 0.179366, [2.667218], [64.841554], [8.396747999999999], [0.6119019783429368]]
[200.0, 900.0, 0.171332, [1.1859811999999998], [23.324299999999997], [2.33243], [0.2876426336185232]]
[200.0, 800.0, 0.142787, [0.9824537399999999], [23.324299999999997], [2.33243], [0.2625718218887929]]
[200.0, 200.0, 0.161853, [1.118068525], [23.324299999999997], [2.33243], [0.27951712259716754]]
[200.0, 950.0, 0.181577, [1.2597789999999998], [23.324299999999997], [2.33243], [0.29693282822045797]]
[300.0, 650.0, 0.092905, [0.6329411399999999], [23.324299999999997], [2.33243], [0.12919854633470146]]
[300.0, 400.0, 0.081489, [0.5541094449999999], [23.324299999999997], [2.33243], [0.12091658033537005]]
[300.0, 1000.0, 0.08511, [0.579077785], [23.324299999999997], [2.33243], [0.12345977097824211]]
[300.0, 350.0, 0.060932, [0.89238206], [64.841554], [8.396747999999999], [0.21643446063416055]]
[300.0, 200.0, 0.050444, [0.34136346999999995], [23.324299999999997], [2.33243], [0.09467719592119317]]
[300.0, 250.0, 0.100481, [0.685444965], [23.324299999999997], [2.33243], [0.13442678546331457]]
[300.0, 150.0, 0.069865, [0.4741824899999999], [23.324299999999997], [2.33243], [0.11176589031318991]]
[300.0, 550.0, 0.077619, [0.527461645], [23.324299999999997], [2.33243], [0.11794403588142979]]
[300.0, 800.0, 0.092728, [0.6317163899999999], [23.324299999999997], [2.33243], [0.12894859285777413]]
[300.0, 700.0, 0.092689, [0.6314469449999999], [23.324299999999997], [2.33243], [0.12889355753876916]]
[300.0, 300.0, 0.107909, [0.737077435], [23.324299999999997], [2.33243], [0.13929457778391807]]
[300.0, 900.0, 0.081634, [0.5551083349999999], [23.324299999999997], [2.33243], [0.12113458279946317]]
[300.0, 600.0, 0.115431, [0.7895292799999999], [23.324299999999997], [2.33243], [0.14414767193749609]]
[300.0, 50.0, 0.077393, [0.5259085699999999], [23.324299999999997], [2.33243], [0.11759670807467358]]
[300.0, 850.0, 0.073946, [0.502204425], [23.324299999999997], [2.33243], [0.11521358665539409]]
[300.0, 750.0, 0.14524, [0.9990791749999999], [23.324299999999997], [2.33243], [0.16207205041277165]]
[300.0, 500.0, 0.104394, [0.712626595], [23.324299999999997], [2.33243], [0.137145057967832]]
[300.0, 950.0, 0.088632, [0.60339005], [23.324299999999997], [2.33243], [0.12581551861753779]]
[300.0, 100.0, 0.075456, [1.1065875], [64.841554], [8.396747999999999], [0.2414772179730419]]
[300.0, 450.0, 0.111977, [0.765420335], [23.324299999999997], [2.33243], [0.14213497563935484]]
[400.0, 900.0, 0.037821, [0.25546146], [23.324299999999997], [2.33243], [0.055746254448168976]]
[400.0, 200.0, 0.039631, [0.26775622499999996], [23.324299999999997], [2.33243], [0.05708583088210244]]
[400.0, 500.0, 0.041464, [0.280210955], [23.324299999999997], [2.33243], [0.05842802454730092]]
[400.0, 150.0, 0.034182, [0.23077049999999996], [23.324299999999997], [2.33243], [0.05294238302154522]]
[400.0, 300.0, 0.045028, [0.304451575], [23.324299999999997], [2.33243], [0.06089032267117657]]
[400.0, 650.0, 0.036033, [0.24332505000000001], [23.324299999999997], [2.33243], [0.05440914826570987]]
[400.0, 550.0, 0.044969, [0.3040466599999999], [23.324299999999997], [2.33243], [0.0608093315413021]]
[400.0, 850.0, 0.0484, [0.32740626500000003], [23.324299999999997], [2.33243], [0.06300936999764399]]
[400.0, 250.0, 0.04339, [0.293306005], [23.324299999999997], [2.33243], [0.05987083785116089]]
[400.0, 800.0, 0.052215, [0.35341178999999995], [23.324299999999997], [2.33243], [0.0656269140863716]]
[400.0, 750.0, 0.037773, [0.255134975], [23.324299999999997], [2.33243], [0.0556750145038149]]
[400.0, 100.0, 0.027112, [0.18286518000000002], [23.324299999999997], [2.33243], [0.04721557452260853]]
[400.0, 350.0, 0.035881, [0.24229453499999998], [23.324299999999997], [2.33243], [0.05417870792571561]]
[400.0, 950.0, 0.046834, [0.31674541999999994], [23.324299999999997], [2.33243], [0.06211890823251807]]
[400.0, 1000.0, 0.046761, [0.316248275], [23.324299999999997], [2.33243], [0.06202137754435965]]
[400.0, 400.0, 0.039555, [0.267238725], [23.324299999999997], [2.33243], [0.056975473078334324]]
[400.0, 450.0, 0.041393, [0.279730025], [23.324299999999997], [2.33243], [0.05832774605622953]]
[400.0, 50.0, 0.030641, [0.206764135], [23.324299999999997], [2.33243], [0.05014767487132379]]
[400.0, 600.0, 0.048676, [0.32929031], [23.324299999999997], [2.33243], [0.0633719601440574]]
[400.0, 700.0, 0.039744, [0.268523505], [23.324299999999997], [2.33243], [0.057249397900763985]]
[500.0, 550.0, 0.016825, [0.11332768149999999], [23.324299999999997], [2.33243], [0.02671158647478655]]
[500.0, 300.0, 0.014967, [0.100788553], [23.324299999999997], [2.33243], [0.025197137714430978]]
[500.0, 850.0, 0.016813, [0.11324936649999999], [23.324299999999997], [2.33243], [0.026693127589325304]]
[500.0, 50.0, 0.017755, [0.11960805], [23.324299999999997], [2.33243], [0.027439966349286946]]
[500.0, 650.0, 0.016911, [0.11390534949999999], [23.324299999999997], [2.33243], [0.026847744439710382]]
[500.0, 150.0, 0.016339, [0.23846561], [64.841554], [8.396747999999999], [0.054707751845602275]]
[500.0, 600.0, 0.023342, [0.15735518999999998], [23.324299999999997], [2.33243], [0.03147103329650935]]
[500.0, 450.0, 0.021406, [0.14426922499999997], [23.324299999999997], [2.33243], [0.030082208566692702]]
[500.0, 800.0, 0.017744, [0.11952869999999999], [23.324299999999997], [2.33243], [0.0274217735112082]]
[500.0, 1000.0, 0.02053, [0.1383496], [23.324299999999997], [2.33243], [0.029496228919982288]]
[500.0, 750.0, 0.021463, [0.14465459], [23.324299999999997], [2.33243], [0.03016255988804663]]
[500.0, 700.0, 0.021474, [0.144729915], [23.324299999999997], [2.33243], [0.03017827230392754]]
[500.0, 100.0, 0.020736, [0.30272554], [64.841554], [8.396747999999999], [0.06179358682743703]]
[500.0, 200.0, 0.021459, [0.14462296499999996], [23.324299999999997], [2.33243], [0.030155975730358983]]
[500.0, 250.0, 0.013516, [0.011162273111111112], [0.41983739999999997], [0.05597832], [0.0017649104058678844]]
[500.0, 950.0, 0.0215, [0.144905175], [23.324299999999997], [2.33243], [0.030214820399102157]]
[500.0, 900.0, 0.018202, [0.015100179777777776], [0.41983739999999997], [0.05597832], [0.002054874533432187]]
[500.0, 350.0, 0.017813, [0.12000031500000001], [23.324299999999997], [2.33243], [0.027529955180675466]]
[500.0, 500.0, 0.012913, [0.18842752299999996], [64.841554], [8.396747999999999], [0.04865179077896311]]
[500.0, 400.0, 0.023378, [0.15760025499999997], [23.324299999999997], [2.33243], [0.03152004201297961]]
[600.0, 450.0, 0.01094, [0.07363441949999999], [23.324299999999997], [2.33243], [0.016068347993804463]]
[600.0, 200.0, 0.009852, [0.066300444], [23.324299999999997], [2.33243], [0.01521037056583435]]
[600.0, 550.0, 0.013507, [0.09094340299999999], [23.324299999999997], [2.33243], [0.017835469344819607]]
[600.0, 100.0, 0.013009, [0.18981943699999998], [64.841554], [8.396747999999999], [0.03653077046819571]]
[600.0, 800.0, 0.013964, [0.09402455199999998], [23.324299999999997], [2.33243], [0.018095037137292644]]
[600.0, 600.0, 0.015053, [0.10136907299999999], [23.324299999999997], [2.33243], [0.018823764733708292]]
[600.0, 350.0, 0.00831, [0.0068284086666666665], [0.41983739999999997], [0.05597832], [0.0010294214268578607]]
[600.0, 250.0, 0.009592, [0.139938946], [64.841554], [8.396747999999999], [0.03129129501954177]]
[600.0, 400.0, 0.010883, [0.07324882449999999], [23.324299999999997], [2.33243], [0.0159842015987662]]
[600.0, 500.0, 0.011977, [0.08062439549999999], [23.324299999999997], [2.33243], [0.016811348072061322]]
[600.0, 650.0, 0.014554, [0.0980038625], [23.324299999999997], [2.33243], [0.018520988317311794]]
[600.0, 950.0, 0.013524, [0.09105334300000001], [23.324299999999997], [2.33243], [0.017857030254216404]]
[600.0, 300.0, 0.012496, [0.08412542099999999], [23.324299999999997], [2.33243], [0.017172030121683342]]
[600.0, 150.0, 0.01092, [0.07349859299999999], [23.324299999999997], [2.33243], [0.016038707437010004]]
[600.0, 50.0, 0.008832, [0.05943264399999999], [23.324299999999997], [2.33243], [0.014414533239061193]]
[600.0, 850.0, 0.013016, [0.08763162149999999], [23.324299999999997], [2.33243], [0.017526324472062017]]
[600.0, 1000.0, 0.012408, [0.08353254999999998], [23.324299999999997], [2.33243], [0.017051013972781793]]
[600.0, 700.0, 0.010211, [0.008405416444444444], [0.41983739999999997], [0.05597832], [0.001143832637762132]]
[600.0, 900.0, 0.012525, [0.08432076], [23.324299999999997], [2.33243], [0.01721190059232274]]
[600.0, 750.0, 0.01349, [0.09082479199999999], [23.324299999999997], [2.33243], [0.01781220815199508]]
[700.0, 450.0, 0.007099, [0.005826467333333332], [0.41983739999999997], [0.05597832], [0.0007283084050314854]]
[700.0, 100.0, 0.007624, [0.051294427499999996], [23.324299999999997], [2.33243], [0.010258884378917622]]
[700.0, 1000.0, 0.008509, [0.057256936], [23.324299999999997], [2.33243], [0.010820543661249188]]
[700.0, 850.0, 0.007595, [0.05109970949999999], [23.324299999999997], [2.33243], [0.010219941366025541]]
[700.0, 600.0, 0.006999, [0.0470867155], [23.324299999999997], [2.33243], [0.009818257931018108]]
[700.0, 250.0, 0.005453, [0.036678686499999995], [23.324299999999997], [2.33243], [0.008645248431942254]]
[700.0, 750.0, 0.007182, [0.005895237333333333], [0.41983739999999997], [0.05597832], [0.000731214426337412]]
[700.0, 200.0, 0.006709, [0.09785625999999999], [64.841554], [8.396747999999999], [0.01997482534842295]]
[700.0, 50.0, 0.006157, [0.08980846799999999], [64.841554], [8.396747999999999], [0.019147228556634508]]
[700.0, 950.0, 0.007204, [0.005913289777777778], [0.41983739999999997], [0.05597832], [0.0007334533487651513]]
[700.0, 550.0, 0.009729, [0.0654735365], [23.324299999999997], [2.33243], [0.011574194410411463]]
[700.0, 400.0, 0.00884, [0.0594867285], [23.324299999999997], [2.33243], [0.01104640759364781]]
[700.0, 650.0, 0.008757, [0.05892236599999998], [23.324299999999997], [2.33243], [0.010941608507207703]]
[700.0, 800.0, 0.008211, [0.055246528999999996], [23.324299999999997], [2.33243], [0.010632198733093732]]
[700.0, 150.0, 0.011242, [0.0756664695], [23.324299999999997], [2.33243], [0.012439492111818712]]
[700.0, 350.0, 0.006733, [0.09820901099999998], [64.841554], [8.396747999999999], [0.020046829554819883]]
[700.0, 700.0, 0.007288, [0.106309496], [64.841554], [8.396747999999999], [0.020849008405677234]]
[700.0, 900.0, 0.008531, [0.05740298599999999], [23.324299999999997], [2.33243], [0.01084814511909755]]
[700.0, 300.0, 0.007568, [0.110387902], [64.841554], [8.396747999999999], [0.021244162624118653]]
[700.0, 500.0, 0.007904, [0.05317865649999999], [23.324299999999997], [2.33243], [0.010429192696465054]]
[800.0, 300.0, 0.005538, [0.037250892], [23.324299999999997], [2.33243], [0.006801051775277114]]
[800.0, 100.0, 0.004033, [0.027124796999999996], [23.324299999999997], [2.33243], [0.00578302515989685]]
[800.0, 350.0, 0.004389, [0.0035928857111111106], [0.41983739999999997], [0.05597832], [0.0004456426110020683]]
[800.0, 800.0, 0.006428, [0.043238401499999995], [23.324299999999997], [2.33243], [0.007308623220210493]]
[800.0, 400.0, 0.00457, [0.0037414217555555547], [0.41983739999999997], [0.05597832], [0.00045371405592422394]]
[800.0, 200.0, 0.004567, [0.066608667], [64.841554], [8.396747999999999], [0.012818847327275569]]
[800.0, 600.0, 0.004954, [0.004057031333333333], [0.41983739999999997], [0.05597832], [0.0005281803526621106]]
[800.0, 550.0, 0.004151, [0.003397292177777778], [0.41983739999999997], [0.05597832], [0.0004314565567876581]]
[800.0, 1000.0, 0.004588, [0.030854603499999998], [23.324299999999997], [2.33243], [0.006170920788261668]]
[800.0, 950.0, 0.004687, [0.0038380636666666664], [0.41983739999999997], [0.05597832], [0.00045873633094985325]]
[800.0, 850.0, 0.0055, [0.036994901999999996], [23.324299999999997], [2.33243], [0.00675431331816936]]
[800.0, 650.0, 0.004756, [0.0038942035999999995], [0.41983739999999997], [0.05597832], [0.00046215694303991577]]
[800.0, 150.0, 0.004741, [0.06914478499999999], [64.841554], [8.396747999999999], [0.013067137827389745]]
[800.0, 50.0, 0.005528, [0.0371832835], [23.324299999999997], [2.33243], [0.006788707249911428]]
[800.0, 250.0, 0.004239, [0.028506774999999995], [23.324299999999997], [2.33243], [0.005944074006941703]]
[800.0, 750.0, 0.004522, [0.0037024060888888885], [0.41983739999999997], [0.05597832], [0.00045232094521642643]]
[800.0, 900.0, 0.006247, [0.042022448999999996], [23.324299999999997], [2.33243], [0.007206790433334384]]
[800.0, 450.0, 0.004648, [0.0038053203555555555], [0.41983739999999997], [0.05597832], [0.0004581067818266343]]
[800.0, 500.0, 0.005415, [0.004437063911111111], [0.41983739999999997], [0.05597832], [0.0004930070319284139]]
[800.0, 700.0, 0.003914, [0.0032023559333333334], [0.41983739999999997], [0.05597832], [0.0004204899338205903]]
[900.0, 200.0, 0.002865, [0.019265581999999996], [23.324299999999997], [2.33243], [0.0038531161447586805]]
[900.0, 550.0, 0.002639, [0.0177423495], [23.324299999999997], [2.33243], [0.003699537667060575]]
[900.0, 850.0, 0.002726, [0.0022276302444444447], [0.41983739999999997], [0.05597832], [0.0002763035182950485]]
[900.0, 300.0, 0.00274, [0.018422217999999997], [23.324299999999997], [2.33243], [0.0037604191122799064]]
[900.0, 1000.0, 0.003818, [0.0031234950666666665], [0.41983739999999997], [0.05597832], [0.0003274312374518645]]
[900.0, 900.0, 0.003347, [0.002737266288888889], [0.41983739999999997], [0.05597832], [0.00030603564708045136]]
[900.0, 650.0, 0.003651, [0.024549843499999998], [23.324299999999997], [2.33243], [0.004339838545383918]]
[900.0, 50.0, 0.003572, [0.052095828], [64.841554], [8.396747999999999], [0.008934358807435483]]
[900.0, 350.0, 0.00263, [0.017682882999999996], [23.324299999999997], [2.33243], [0.0036871356599669607]]
[900.0, 950.0, 0.003013, [0.0024633316888888887], [0.41983739999999997], [0.05597832], [0.00029030643188717283]]
[900.0, 700.0, 0.002864, [0.019254887], [23.324299999999997], [2.33243], [0.0038509772363648164]]
[900.0, 250.0, 0.003265, [0.04760999999999999], [64.841554], [8.396747999999999], [0.008551005934976305]]
[900.0, 750.0, 0.002794, [0.0022835928222222223], [0.41983739999999997], [0.05597832], [0.00027898526081692273]]
[900.0, 500.0, 0.003652, [0.0245611595], [23.324299999999997], [2.33243], [0.004341840191669886]]
[900.0, 800.0, 0.003275, [0.002677683], [0.41983739999999997], [0.05597832], [0.0003031878627982132]]
[900.0, 400.0, 0.003081, [0.020720171], [23.324299999999997], [2.33243], [0.0039875990896778984]]
[900.0, 150.0, 0.002967, [0.019948980999999998], [23.324299999999997], [2.33243], [0.003912317915890783]]
[900.0, 450.0, 0.00371, [0.003035080511111111], [0.41983739999999997], [0.05597832], [0.0003217179134767783]]
[900.0, 100.0, 0.002747, [0.018473795499999997], [23.324299999999997], [2.33243], [0.0037709480240385174]]
[900.0, 600.0, 0.00383, [0.0031335695777777776], [0.41983739999999997], [0.05597832], [0.00032669720862513776]]
[1000.0, 550.0, 0.002306, [0.001884128822222222], [0.41983739999999997], [0.05597832], [0.0002019998148147299]]
[1000.0, 250.0, 0.002098, [0.014107578999999999], [23.324299999999997], [2.33243], [0.002619712368276334]]
[1000.0, 700.0, 0.002976, [0.020011770999999998], [23.324299999999997], [2.33243], [0.003125314104214167]]
[1000.0, 850.0, 0.002607, [0.017531198], [23.324299999999997], [2.33243], [0.00292186712523003]]
[1000.0, 450.0, 0.002205, [0.001801108022222222], [0.41983739999999997], [0.05597832], [0.00019769728886530374]]
[1000.0, 500.0, 0.002109, [0.014182742999999998], [23.324299999999997], [2.33243], [0.002633669230370435]]
[1000.0, 1000.0, 0.00224, [0.001829904022222222], [0.41983739999999997], [0.05597832], [0.00019965893350510277]]
[1000.0, 200.0, 0.002025, [0.013616402499999998], [23.324299999999997], [2.33243], [0.00257325830660274]]
[1000.0, 750.0, 0.002315, [0.015564077], [23.324299999999997], [2.33243], [0.0027513660475298445]]
[1000.0, 800.0, 0.002336, [0.015703422499999998], [23.324299999999997], [2.33243], [0.0027759994803673864]]
[1000.0, 400.0, 0.001885, [0.012671206], [23.324299999999997], [2.33243], [0.0024850275999473326]]
[1000.0, 150.0, 0.002692, [0.018097803], [23.324299999999997], [2.33243], [0.002975261366670162]]
[1000.0, 350.0, 0.001997, [0.013426825], [23.324299999999997], [2.33243], [0.002862608957751652]]
[1000.0, 300.0, 0.002173, [0.0146126245], [23.324299999999997], [2.33243], [0.0026678877239306753]]
[1000.0, 600.0, 0.002756, [0.018531709499999997], [23.324299999999997], [2.33243], [0.003006240337198608]]
[1000.0, 100.0, 0.001594, [0.010719750299999999], [23.324299999999997], [2.33243], [0.002285458280083012]]
[1000.0, 50.0, 0.001538, [0.022428859399999997], [64.841554], [8.396747999999999], [0.004676740504881579]]
[1000.0, 900.0, 0.002306, [0.0018841380222222222], [0.41983739999999997], [0.05597832], [0.00020200078474361685]]
[1000.0, 650.0, 0.002205, [0.0018012194444444443], [0.41983739999999997], [0.05597832], [0.00019770951131444723]]
[1000.0, 950.0, 0.002247, [0.015107503999999999], [23.324299999999997], [2.33243], [0.002713387165979083]]
[1100.0, 350.0, 0.001028, [0.006911826599999999], [23.324299999999997], [2.33243], [0.0014736064281211587]]
[1100.0, 950.0, 0.001713, [0.0013985834888888887], [0.41983739999999997], [0.05597832], [0.00013985835284050521]]
[1100.0, 450.0, 0.001308, [0.00879099445], [23.324299999999997], [2.33243], [0.0016613416799382357]]
[1100.0, 50.0, 0.001169, [0.007860455849999998], [23.324299999999997], [2.33243], [0.0015720912211128206]]
[1100.0, 700.0, 0.001306, [0.0087809745], [23.324299999999997], [2.33243], [0.0016594480076218112]]
[1100.0, 900.0, 0.00161, [0.001314460222222222], [0.41983739999999997], [0.05597832], [0.00013557622771337037]]
[1100.0, 200.0, 0.001423, [0.020749024499999998], [64.841554], [8.396747999999999], [0.003611941851691413]]
[1100.0, 750.0, 0.001622, [0.0013238171333333332], [0.41983739999999997], [0.05597832], [0.00013582074561079247]]
[1100.0, 850.0, 0.001524, [0.0012442207777777778], [0.41983739999999997], [0.05597832], [0.00013188715904510057]]
[1100.0, 800.0, 0.001694, [0.0013829859111111108], [0.41983739999999997], [0.05597832], [0.00013899528292910955]]
[1100.0, 500.0, 0.001502, [0.001225831511111111], [0.41983739999999997], [0.05597832], [0.0001306740596359063]]
[1100.0, 400.0, 0.001126, [0.0075722739], [23.324299999999997], [2.33243], [0.0015456838518921]]
[1100.0, 600.0, 0.001675, [0.011262616999999999], [23.324299999999997], [2.33243], [0.0018771026257240172]]
[1100.0, 650.0, 0.001545, [0.0103896359], [23.324299999999997], [2.33243], [0.0018086034315183631]]
[1100.0, 100.0, 0.001119, [0.007525669], [23.324299999999997], [2.33243], [0.001536170585416867]]
[1100.0, 1000.0, 0.002096, [0.0140907545], [23.324299999999997], [2.33243], [0.0021005256050569817]]
[1100.0, 300.0, 0.001075, [0.00722713705], [23.324299999999997], [2.33243], [0.0015069621237775023]]
[1100.0, 150.0, 0.001256, [0.008445396449999998], [23.324299999999997], [2.33243], [0.0016253174213057581]]
[1100.0, 250.0, 0.00103, [0.0150210539], [64.841554], [8.396747999999999], [0.003066160529065626]]
[1100.0, 550.0, 0.001555, [0.0012690689555555554], [0.41983739999999997], [0.05597832], [0.00013303456417111128]]
[1200.0, 100.0, 0.000679, [0.009893608699999999], [64.841554], [8.396747999999999], [0.0020195245576620255]]
[1200.0, 700.0, 0.001013, [0.0008264630888888887], [0.41983739999999997], [0.05597832], [8.663687636150678e-05]]
[1200.0, 200.0, 0.000761, [0.0051136705], [23.324299999999997], [2.33243], [0.0010227340589077886]]
[1200.0, 750.0, 0.001161, [0.0009472519333333332], [0.41983739999999997], [0.05597832], [9.288566655761184e-05]]
[1200.0, 50.0, 0.001094, [0.00735714915], [23.324299999999997], [2.33243], [0.0012261912412017957]]
[1200.0, 250.0, 0.000974, [0.006546094399999999], [23.324299999999997], [2.33243], [0.0011571966071070206]]
[1200.0, 650.0, 0.001171, [0.0009555574888888889], [0.41983739999999997], [0.05597832], [9.325289104842212e-05]]
[1200.0, 550.0, 0.001205, [0.0009834917555555554], [0.41983739999999997], [0.05597832], [9.463651128996568e-05]]
[1200.0, 950.0, 0.00105, [0.0008570326444444444], [0.41983739999999997], [0.05597832], [8.839617535438935e-05]]
[1200.0, 800.0, 0.001005, [0.006752906949999999], [23.324299999999997], [2.33243], [0.0011755300900019529]]
[1200.0, 850.0, 0.00108, [0.0008811780444444444], [0.41983739999999997], [0.05597832], [8.947006934523956e-05]]
[1200.0, 1000.0, 0.001183, [0.0009650099777777778], [0.41983739999999997], [0.05597832], [9.373007177824817e-05]]
[1200.0, 350.0, 0.001094, [0.0073551447], [23.324299999999997], [2.33243], [0.0012258573866890062]]
[1200.0, 450.0, 0.000854, [0.005742748099999999], [23.324299999999997], [2.33243], [0.0010852774282412768]]
[1200.0, 150.0, 0.000855, [0.005746699500000001], [23.324299999999997], [2.33243], [0.0010860241623693277]]
[1200.0, 300.0, 0.001191, [0.008009339449999998], [23.324299999999997], [2.33243], [0.001282520711333739]]
[1200.0, 600.0, 0.001058, [0.0008629870888888889], [0.41983739999999997], [0.05597832], [8.854061438154656e-05]]
[1200.0, 500.0, 0.000893, [0.0007289022], [0.41983739999999997], [0.05597832], [8.149371358016775e-05]]
[1200.0, 900.0, 0.00109, [0.0008890511999999999], [0.41983739999999997], [0.05597832], [8.980772006189695e-05]]
[1200.0, 400.0, 0.000947, [0.013805839699999998], [64.841554], [8.396747999999999], [0.0026569350725977477]]
[1300.0, 350.0, 0.000519, [0.0034884663499999994], [23.324299999999997], [2.33243], [0.0006841445591028258]]
[1300.0, 550.0, 0.000796, [0.0006492613777777777], [0.41983739999999997], [0.05597832], [6.218798339721546e-05]]
[1300.0, 450.0, 0.000536, [0.0004371657022222222], [0.41983739999999997], [0.05597832], [5.116638344715921e-05]]
[1300.0, 50.0, 0.000554, [0.008076818], [64.841554], [8.396747999999999], [0.0014746182339846472]]
[1300.0, 900.0, 0.000822, [0.005529154], [23.324299999999997], [2.33243], [0.0008635087267943503]]
[1300.0, 650.0, 0.000812, [0.0006624710444444444], [0.41983739999999997], [0.05597832], [6.287896537332459e-05]]
[1300.0, 200.0, 0.000682, [0.004585355899999999], [23.324299999999997], [2.33243], [0.0007863819909878403]]
[1300.0, 1000.0, 0.000685, [0.0005588769999999999], [0.41983739999999997], [0.05597832], [5.795285572273167e-05]]
[1300.0, 150.0, 0.000501, [0.0033690710499999993], [23.324299999999997], [2.33243], [0.0006738141370214785]]
[1300.0, 500.0, 0.000539, [0.0036217398499999998], [23.324299999999997], [2.33243], [0.0006970041753820416]]
[1300.0, 100.0, 0.00062, [0.004168316449999999], [23.324299999999997], [2.33243], [0.000748651678185523]]
[1300.0, 950.0, 0.000795, [0.0006482580666666666], [0.41983739999999997], [0.05597832], [6.237865601250099e-05]]
[1300.0, 600.0, 0.00072, [0.0048405754], [23.324299999999997], [2.33243], [0.0008067625810918601]]
[1300.0, 250.0, 0.000738, [0.0049620177], [23.324299999999997], [2.33243], [0.0008157507794970226]]
[1300.0, 850.0, 0.000837, [0.0006824171555555556], [0.41983739999999997], [0.05597832], [6.391421453599414e-05]]
[1300.0, 300.0, 0.000644, [0.0043292877], [23.324299999999997], [2.33243], [0.0007653172670533443]]
[1300.0, 400.0, 0.00056, [0.003764460599999999], [23.324299999999997], [2.33243], [0.0007114163420599782]]
[1300.0, 750.0, 0.000698, [0.0005694370666666667], [0.41983739999999997], [0.05597832], [5.842299593756714e-05]]
[1300.0, 700.0, 0.000602, [0.0004905810044444444], [0.41983739999999997], [0.05597832], [5.4175607923004975e-05]]
[1300.0, 800.0, 0.000674, [0.0005498773555555555], [0.41983739999999997], [0.05597832], [5.7328692964666806e-05]]
[1400.0, 50.0, 0.000379, [0.0055256442], [64.841554], [8.396747999999999], [0.0009924349419483372]]
[1400.0, 400.0, 0.000428, [0.0062396838], [64.841554], [8.396747999999999], [0.0010546988499092998]]
[1400.0, 350.0, 0.000354, [0.005164134799999999], [64.841554], [8.396747999999999], [0.0009589554807184743]]
[1400.0, 600.0, 0.00053, [0.00043224017555555547], [0.41983739999999997], [0.05597832], [4.140110108275138e-05]]
[1400.0, 550.0, 0.000461, [0.0003760015466666666], [0.41983739999999997], [0.05597832], [4.313034059112184e-05]]
[1400.0, 850.0, 0.000484, [0.0003943397533333333], [0.41983739999999997], [0.05597832], [3.943397612575252e-05]]
[1400.0, 900.0, 0.000503, [0.00338052275], [23.324299999999997], [2.33243], [0.0005483931484345879]]
[1400.0, 100.0, 0.000397, [0.00266544355], [23.324299999999997], [2.33243], [0.00048664108540072935]]
[1400.0, 700.0, 0.000465, [0.00037921500444444435], [0.41983739999999997], [0.05597832], [3.870346830408654e-05]]
[1400.0, 150.0, 0.00037, [0.0024844542499999995], [23.324299999999997], [2.33243], [0.0004695176926911274]]
[1400.0, 800.0, 0.000475, [0.003194953], [23.324299999999997], [2.33243], [0.0005324922229479037]]
[1400.0, 450.0, 0.000344, [0.00028088949333333326], [0.41983739999999997], [0.05597832], [3.333544876250402e-05]]
[1400.0, 950.0, 0.000467, [0.0003806931888888889], [0.41983739999999997], [0.05597832], [3.885433587511561e-05]]
[1400.0, 300.0, 0.000479, [0.0032205128999999995], [23.324299999999997], [2.33243], [0.0005367520747514628]]
[1400.0, 250.0, 0.000372, [0.0024974941000000003], [23.324299999999997], [2.33243], [0.00047198191225935763]]
[1400.0, 500.0, 0.000371, [0.0024970524999999998], [23.324299999999997], [2.33243], [0.00047189840485002693]]
[1400.0, 650.0, 0.000464, [0.0031220269], [23.324299999999997], [2.33243], [0.0005277189488733562]]
[1400.0, 1000.0, 0.000507, [0.00041320721555555557], [0.41983739999999997], [0.05597832], [4.051829908194354e-05]]
[1400.0, 200.0, 0.000452, [0.003038484], [23.324299999999997], [2.33243], [0.0005210956970653278]]
[1400.0, 750.0, 0.000443, [0.0003608839533333333], [0.41983739999999997], [0.05597832], [3.783091701861238e-05]]
[1500.0, 950.0, 0.00037, [0.00248771335], [23.324299999999997], [2.33243], [0.000383862523893646]]
[1500.0, 350.0, 0.000239, [0.00160530915], [23.324299999999997], [2.33243], [0.00030894188693021213]]
[1500.0, 150.0, 0.000268, [0.0039149174], [64.841554], [8.396747999999999], [0.0006814998581804694]]
[1500.0, 400.0, 0.000376, [0.00252907655], [23.324299999999997], [2.33243], [0.0004337331377125801]]
[1500.0, 200.0, 0.000317, [0.00213389055], [23.324299999999997], [2.33243], [0.0003556483537147332]]
[1500.0, 500.0, 0.000299, [0.0020124160499999997], [23.324299999999997], [2.33243], [0.00034512653429575647]]
[1500.0, 600.0, 0.000283, [0.00023112045777777776], [0.41983739999999997], [0.05597832], [2.4637522512532697e-05]]
[1500.0, 850.0, 0.00033, [0.0002686980622222222], [0.41983739999999997], [0.05597832], [2.6605068894182504e-05]]
[1500.0, 1000.0, 0.000317, [0.0002585233222222222], [0.41983739999999997], [0.05597832], [2.611479695971067e-05]]
[1500.0, 800.0, 0.000359, [0.00029291777777777774], [0.41983739999999997], [0.05597832], [2.780252771171164e-05]]
[1500.0, 50.0, 0.000336, [0.0022608884999999997], [23.324299999999997], [2.33243], [0.00036676455117690967]]
[1500.0, 300.0, 0.000239, [0.0016035784], [23.324299999999997], [2.33243], [0.00030860879418772235]]
[1500.0, 100.0, 0.000213, [0.00017401283777777776], [0.41983739999999997], [0.05597832], [2.1419501360174526e-05]]
[1500.0, 750.0, 0.000342, [0.00027920236666666663], [0.41983739999999997], [0.05597832], [2.7118531580115623e-05]]
[1500.0, 650.0, 0.000318, [0.0021357685], [23.324299999999997], [2.33243], [0.0003559613374019712]]
[1500.0, 450.0, 0.000275, [0.0018457074499999998], [23.324299999999997], [2.33243], [0.0003314987454727393]]
[1500.0, 250.0, 0.000212, [0.0030941922999999996], [64.841554], [8.396747999999999], [0.0006068212966763773]]
[1500.0, 900.0, 0.000299, [0.0002441676422222222], [0.41983739999999997], [0.05597832], [2.5319007226065953e-05]]
[1500.0, 700.0, 0.000362, [0.0002949824111111111], [0.41983739999999997], [0.05597832], [2.787321845715872e-05]]
[1500.0, 550.0, 0.000292, [0.00196488195], [23.324299999999997], [2.33243], [0.00034204199665391967]]
