[100.0, 1800.0, 0.999998, [1527.362104], [2932.04], [313.353196], [37.63528281599594]]
[100.0, 800.0, 0.998492, [1019.170664], [2932.04], [313.353196], [22.542726039234914]]
[100.0, 500.0, 0.998702, [1033.21336], [2932.04], [313.353196], [22.70935722560196]]
[100.0, 1100.0, 0.999995, [1478.220856], [2932.04], [313.353196], [37.03662683560694]]
[100.0, 600.0, 0.998217, [1003.311704], [2932.04], [313.353196], [22.328921213529327]]
[100.0, 1400.0, 0.999997, [1515.411488], [2932.04], [313.353196], [37.51202273405155]]
[100.0, 1700.0, 0.999996, [1483.883456], [2932.04], [313.353196], [37.085500122824286]]
[100.0, 100.0, 0.997975, [991.108272], [2932.04], [313.353196], [22.195174942315727]]
[100.0, 1200.0, 0.999997, [1499.000528], [2932.04], [313.353196], [37.231475896612]]
[100.0, 1000.0, 0.999998, [1522.734504], [2932.04], [313.353196], [37.704850616333175]]
[100.0, 2000.0, 0.999994, [1463.017856], [2932.04], [313.353196], [36.911486923178806]]
[100.0, 400.0, 0.998426, [1015.112912], [2932.04], [313.353196], [22.486004550386447]]
[100.0, 1600.0, 0.999997, [1518.628544], [2932.04], [313.353196], [37.626254433839144]]
[100.0, 1300.0, 0.999998, [1552.0681519999998], [2932.04], [313.353196], [38.036769991154614]]
[100.0, 1500.0, 0.999999, [1554.9043279999999], [2932.04], [313.353196], [38.03780692731903]]
[100.0, 900.0, 0.998171, [1000.847576], [2932.04], [313.353196], [22.34613905980181]]
[100.0, 1900.0, 0.999997, [1514.3253359999999], [2932.04], [313.353196], [37.54268744349557]]
[100.0, 200.0, 0.998372, [1011.921616], [2932.04], [313.353196], [22.487148813489004]]
[100.0, 700.0, 0.998605, [1026.4701280000002], [2932.04], [313.353196], [22.621331469212855]]
[100.0, 300.0, 0.998562, [1023.6256720000001], [2932.04], [313.353196], [22.602600742392454]]
[200.0, 1800.0, 1.0, [713.32292], [1319.28], [127.221418], [13.677344076976349]]
[200.0, 700.0, 0.999171, [453.62187], [1319.28], [127.221418], [7.968091000986372]]
[200.0, 2000.0, 1.0, [698.41409], [1319.28], [127.221418], [13.506173029396596]]
[200.0, 1300.0, 1.0, [705.07397], [1319.28], [127.221418], [13.599410079117403]]
[200.0, 1400.0, 1.0, [711.10595], [1319.28], [127.221418], [13.639849383332649]]
[200.0, 400.0, 0.999229, [456.40187999999995], [1319.28], [127.221418], [7.999669805685732]]
[200.0, 1900.0, 1.0, [699.3573200000001], [1319.28], [127.221418], [13.51936008840655]]
[200.0, 1700.0, 1.0, [718.3313999999999], [1319.28], [127.221418], [13.703024768276528]]
[200.0, 500.0, 0.999088, [449.90024], [1319.28], [127.221418], [7.929681550982989]]
[200.0, 1500.0, 0.999998, [648.56596], [1319.28], [127.221418], [12.992121628125254]]
[200.0, 100.0, 0.999055, [448.51403000000005], [1319.28], [127.221418], [7.927443068228242]]
[200.0, 600.0, 0.999478, [471.1584500000001], [1319.28], [127.221418], [8.14159391642693]]
[200.0, 1000.0, 0.999999, [680.25214], [1319.28], [127.221418], [13.325478302860276]]
[200.0, 1200.0, 0.999999, [686.91524], [1319.28], [127.221418], [13.386829871183094]]
[200.0, 300.0, 0.999333, [461.93223000000006], [1319.28], [127.221418], [8.037557240853717]]
[200.0, 1600.0, 1.0, [714.84575], [1319.28], [127.221418], [13.676406125148521]]
[200.0, 900.0, 0.999412, [466.7183], [1319.28], [127.221418], [8.069690204710463]]
[200.0, 800.0, 0.999422, [467.36736], [1319.28], [127.221418], [8.099090035306435]]
[200.0, 1100.0, 0.999999, [681.1636299999999], [1319.28], [127.221418], [13.345893439556603]]
[200.0, 200.0, 0.999263, [458.12848999999994], [1319.28], [127.221418], [8.001712891625143]]
[300.0, 2000.0, 0.999987, [277.82205999999996], [516.58], [54.743863999999995], [5.215994340487728]]
[300.0, 400.0, 0.996827, [183.80599500000002], [516.58], [54.743863999999995], [3.114461584287082]]
[300.0, 1000.0, 0.999991, [283.35931], [516.58], [54.743863999999995], [5.274598579986917]]
[300.0, 200.0, 0.997366, [187.539838], [516.58], [54.743863999999995], [3.1383304048490497]]
[300.0, 1600.0, 0.999984, [274.75179], [516.58], [54.743863999999995], [5.184916787181835]]
[300.0, 1300.0, 0.99999, [282.44804999999997], [516.58], [54.743863999999995], [5.274106624822823]]
[300.0, 800.0, 0.997739, [190.56778799999998], [516.58], [54.743863999999995], [3.167343854083418]]
[300.0, 700.0, 0.996908, [184.32986599999998], [516.58], [54.743863999999995], [3.114408929476025]]
[300.0, 300.0, 0.996931, [184.479987], [516.58], [54.743863999999995], [3.1165008487083714]]
[300.0, 900.0, 0.995698, [177.581827], [516.58], [54.743863999999995], [3.0640333777555364]]
[300.0, 600.0, 0.996067, [179.43369499999997], [516.58], [54.743863999999995], [3.073197653910337]]
[300.0, 1400.0, 0.999977, [269.20809999999994], [516.58], [54.743863999999995], [5.134528881017226]]
[300.0, 500.0, 0.996674, [182.854692], [516.58], [54.743863999999995], [3.1068275362497997]]
[300.0, 1200.0, 0.99999, [282.12697000000003], [516.58], [54.743863999999995], [5.262609589357736]]
[300.0, 100.0, 0.958991, [30.615599], [112.60799999999999], [7.11574], [1.2701488397034422]]
[300.0, 1100.0, 0.999985, [276.33349999999996], [516.58], [54.743863999999995], [5.203659905297425]]
[300.0, 1900.0, 0.999993, [287.68308], [516.58], [54.743863999999995], [5.324727014598964]]
[300.0, 1500.0, 0.999989, [280.03627], [516.58], [54.743863999999995], [5.23913041448674]]
[300.0, 1700.0, 0.99998, [271.49108], [516.58], [54.743863999999995], [5.1584082913239815]]
[300.0, 1800.0, 0.999987, [278.23905], [516.58], [54.743863999999995], [5.227510412232576]]
[400.0, 900.0, 0.989501, [88.778919], [235.704], [28.113567], [1.4696805632517562]]
[400.0, 1200.0, 0.999743, [131.197796], [235.704], [28.113567], [2.436702107357401]]
[400.0, 1500.0, 0.999689, [129.241485], [235.704], [28.113567], [2.4133061678949894]]
[400.0, 200.0, 0.986172, [85.146506], [235.704], [28.113567], [1.4396499043170183]]
[400.0, 1600.0, 0.999818, [134.725536], [235.704], [28.113567], [2.477141643104003]]
[400.0, 500.0, 0.989705, [89.033989], [235.704], [28.113567], [1.4728942127661442]]
[400.0, 1700.0, 0.999735, [130.893069], [235.704], [28.113567], [2.430623415916172]]
[400.0, 300.0, 0.98696, [85.928437], [235.704], [28.113567], [1.4466804370696384]]
[400.0, 1300.0, 0.999833, [135.583505], [235.704], [28.113567], [2.479955735492067]]
[400.0, 1400.0, 0.999614, [126.992729], [235.704], [28.113567], [2.4025126680207123]]
[400.0, 1100.0, 0.999787, [133.12397700000002], [235.704], [28.113567], [2.4618843738079987]]
[400.0, 800.0, 0.989992, [89.40100000000001], [235.704], [28.113567], [1.4761404658771469]]
[400.0, 100.0, 0.851, [20.7247135], [110.078], [7.3977108], [0.7108517540247051]]
[400.0, 1000.0, 0.999643, [127.81583], [235.704], [28.113567], [2.4043549197237915]]
[400.0, 400.0, 0.988039, [87.071215], [235.704], [28.113567], [1.454422417662764]]
[400.0, 1800.0, 0.999712, [130.031489], [235.704], [28.113567], [2.4293281149321926]]
[400.0, 2000.0, 0.999673, [128.718672], [235.704], [28.113567], [2.4149375706216505]]
[400.0, 600.0, 0.986988, [85.95698], [235.704], [28.113567], [1.4479819836586365]]
[400.0, 700.0, 0.989911, [89.296258], [235.704], [28.113567], [1.4764249818395787]]
[400.0, 1900.0, 0.999741, [131.133488], [235.704], [28.113567], [2.43592803465127]]
[500.0, 1700.0, 0.992412, [28.077848], [40.6456], [3.71427414], [0.8112136192150622]]
[500.0, 1100.0, 0.991736, [27.673462000000004], [40.6456], [3.71427414], [0.804583921042423]]
[500.0, 300.0, 0.946782, [18.4821008], [40.6456], [3.71427414], [0.4825432888353127]]
[500.0, 1300.0, 0.992904, [28.394534999999998], [40.6456], [3.71427414], [0.811935509138503]]
[500.0, 1800.0, 0.991996, [27.82517], [40.6456], [3.71427414], [0.8066113444528288]]
[500.0, 1400.0, 0.991005, [27.270594000000003], [40.6456], [3.71427414], [0.7996584352084333]]
[500.0, 600.0, 0.954015, [19.235095500000003], [40.6456], [3.71427414], [0.4920765476020982]]
[500.0, 1900.0, 0.99152, [27.550688], [40.6456], [3.71427414], [0.8020317992448929]]
[500.0, 1200.0, 0.989856, [26.697066], [40.6456], [3.71427414], [0.7886260311453078]]
[500.0, 800.0, 0.9425, [18.0802931], [40.6456], [3.71427414], [0.4769546773017327]]
[500.0, 1000.0, 0.99082, [27.173695], [40.6456], [3.71427414], [0.7957920230814078]]
[500.0, 2000.0, 0.992716, [28.271093999999998], [40.6456], [3.71427414], [0.8150983885396903]]
[500.0, 700.0, 0.952365, [19.0540073], [40.6456], [3.71427414], [0.4896924701279365]]
[500.0, 100.0, 0.720454, [9.2331292], [40.6456], [3.71427414], [0.3412662154389151]]
[500.0, 200.0, 0.897215, [14.990486899999999], [40.6456], [3.71427414], [0.43418779612052666]]
[500.0, 1500.0, 0.992164, [27.925449999999998], [40.6456], [3.71427414], [0.807485747861843]]
[500.0, 900.0, 0.946032, [18.409637], [40.6456], [3.71427414], [0.481308014996634]]
[500.0, 1600.0, 0.9922, [27.946977999999998], [40.6456], [3.71427414], [0.8104832539910989]]
[500.0, 500.0, 0.954993, [19.345231000000002], [40.6456], [3.71427414], [0.49296211791576844]]
[500.0, 400.0, 0.950309, [18.8363767], [40.6456], [3.71427414], [0.4873288066593232]]
[600.0, 200.0, 0.645046, [5.308689800000001], [18.768], [1.88428282], [0.15716090721154405]]
[600.0, 1400.0, 0.923098, [14.605759], [30.3278], [2.9384317], [0.35549859640291753]]
[600.0, 1900.0, 0.931329, [15.152021266666667], [30.3278], [2.9384317], [0.3620991259003228]]
[600.0, 100.0, 0.533142, [4.0072992], [18.768], [1.88428282], [0.1370467480176827]]
[600.0, 800.0, 0.810138, [10.080361799999999], [30.3278], [2.9384317], [0.216344693897904]]
[600.0, 1200.0, 0.924692, [14.7071384], [30.3278], [2.9384317], [0.35659561441809995]]
[600.0, 600.0, 0.817622, [8.323914666666665], [18.768], [1.88428282], [0.19696405267064454]]
[600.0, 1600.0, 0.925127, [14.735137066666665], [30.3278], [2.9384317], [0.35727443196138925]]
[600.0, 400.0, 0.825007, [8.506163599999999], [18.768], [1.88428282], [0.19889638519702774]]
[600.0, 500.0, 0.820698, [8.398959066666668], [18.768], [1.88428282], [0.19813051971981613]]
[600.0, 1100.0, 0.927075, [12.277734266666668], [18.768], [1.88428282], [0.3266232871197167]]
[600.0, 300.0, 0.823836, [10.468940666666665], [30.3278], [2.9384317], [0.2211967662009953]]
[600.0, 1700.0, 0.929497, [15.025318866666666], [30.3278], [2.9384317], [0.3609311962133503]]
[600.0, 1500.0, 0.931453, [15.160722933333332], [30.3278], [2.9384317], [0.3627216594335417]]
[600.0, 1800.0, 0.920988, [11.9379706], [18.768], [1.88428282], [0.32182610224916325]]
[600.0, 1000.0, 0.936725, [15.544642], [30.3278], [2.9384317], [0.3662888787707198]]
[600.0, 2000.0, 0.928954, [14.988348666666667], [30.3278], [2.9384317], [0.36129615479086774]]
[600.0, 700.0, 0.824529, [8.494142266666667], [18.768], [1.88428282], [0.19916052252726524]]
[600.0, 1300.0, 0.931456, [15.160908466666667], [30.3278], [2.9384317], [0.36210477476983244]]
[600.0, 900.0, 0.823227, [10.451088066666667], [30.3278], [2.9384317], [0.22126451600842925]]
[700.0, 2000.0, 0.837183, [7.438836333333334], [11.7484], [1.33514954], [0.19401993208030055]]
[700.0, 100.0, 0.415252, [2.3308184666666665], [11.7484], [1.33514954], [0.07985253461502925]]
[700.0, 1000.0, 0.836784, [7.429297466666666], [11.7484], [1.33514954], [0.19403532118319763]]
[700.0, 600.0, 0.692367, [4.935232666666667], [11.7484], [1.33514954], [0.1160669223240531]]
[700.0, 1400.0, 0.842142, [7.5594958666666665], [11.7484], [1.33514954], [0.19525041846590524]]
[700.0, 1900.0, 0.831543, [7.3059132], [11.7484], [1.33514954], [0.19192887131550698]]
[700.0, 200.0, 0.48951, [2.8921963333333336], [11.7484], [1.33514954], [0.08866595957111538]]
[700.0, 400.0, 0.701447, [5.054320533333334], [11.7484], [1.33514954], [0.11757412631092683]]
[700.0, 1300.0, 0.830514, [7.2821235333333325], [11.7484], [1.33514954], [0.19196745464907441]]
[700.0, 1100.0, 0.831634, [7.308018466666666], [11.7484], [1.33514954], [0.19198417168552664]]
[700.0, 800.0, 0.720598, [5.317307133333333], [11.7484], [1.33514954], [0.12044418735109912]]
[700.0, 1500.0, 0.829522, [7.259339733333333], [11.7484], [1.33514954], [0.1917002130642762]]
[700.0, 1600.0, 0.83027, [7.2765008], [11.7484], [1.33514954], [0.1918192645869196]]
[700.0, 1800.0, 0.842174, [7.560305466666666], [11.7484], [1.33514954], [0.19559786831376483]]
[700.0, 1200.0, 0.851196, [7.789739666666667], [11.7484], [1.33514954], [0.1983079034677584]]
[700.0, 700.0, 0.708497, [5.149195533333334], [11.7484], [1.33514954], [0.11847410908905137]]
[700.0, 900.0, 0.70369, [5.084265], [11.7484], [1.33514954], [0.11788856610281498]]
[700.0, 300.0, 0.6394, [4.301039866666667], [11.7484], [1.33514954], [0.10827295431249466]]
[700.0, 500.0, 0.681495, [4.796987333333334], [11.7484], [1.33514954], [0.1143762041685245]]
[700.0, 1700.0, 0.81346, [6.907312466666667], [11.7484], [1.33514954], [0.1866841362063502]]
[800.0, 300.0, 0.46282, [2.044660133333333], [6.2008], [0.82986346], [0.058181868118665436]]
[800.0, 100.0, 0.342005, [1.3743228333333333], [6.2008], [0.82986346], [0.047531948366920075]]
[800.0, 1800.0, 0.717955, [4.208720933333333], [6.2008], [0.82986346], [0.11370768276594155]]
[800.0, 800.0, 0.604799, [3.0686906666666665], [6.2008], [0.82986346], [0.0710962536909568]]
[800.0, 400.0, 0.582994, [2.8885976], [6.2008], [0.82986346], [0.0690507006320557]]
[800.0, 200.0, 0.376641, [1.5525582666666669], [6.2008], [0.82986346], [0.05053146469720073]]
[800.0, 1700.0, 0.72639, [4.3120676], [6.2008], [0.82986346], [0.11503958385413836]]
[800.0, 600.0, 0.571991, [2.8014153333333334], [6.2008], [0.82986346], [0.07601993890494198]]
[800.0, 1600.0, 0.721021, [4.2459088666666664], [6.2008], [0.82986346], [0.1135984567970299]]
[800.0, 1000.0, 0.731084, [4.371035], [6.2008], [0.82986346], [0.1155889580847198]]
[800.0, 1100.0, 0.718834, [4.219334666666667], [6.2008], [0.82986346], [0.11391132198142359]]
[800.0, 1500.0, 0.720601, [4.2407952], [6.2008], [0.82986346], [0.11428266719945865]]
[800.0, 1400.0, 0.719953, [4.2329108], [6.2008], [0.82986346], [0.11398742659706912]]
[800.0, 1200.0, 0.723863, [4.280770733333333], [6.2008], [0.82986346], [0.11481922101963396]]
[800.0, 900.0, 0.602437, [3.0486867999999996], [6.2008], [0.82986346], [0.07088056198046588]]
[800.0, 1300.0, 0.707384, [4.083628533333334], [6.2008], [0.82986346], [0.11205913250502064]]
[800.0, 2000.0, 0.711076, [4.126775], [6.2008], [0.82986346], [0.11256703267140182]]
[800.0, 500.0, 0.595134, [2.9876218], [6.2008], [0.82986346], [0.07006947472964878]]
[800.0, 1900.0, 0.732393, [4.387667066666667], [6.2008], [0.82986346], [0.11598821934432249]]
[800.0, 700.0, 0.601934, [3.044447133333333], [6.2008], [0.82986346], [0.07101263812402221]]
[900.0, 200.0, 0.301115, [0.8589878999999999], [3.01392], [0.44629673799999997], [0.02100724305778578]]
[900.0, 1100.0, 0.601114, [2.3829648333333333], [3.01392], [0.44629673799999997], [0.04764976734232579]]
[900.0, 300.0, 0.350005, [1.0449490333333333], [3.01392], [0.44629673799999997], [0.023124231213647345]]
[900.0, 1000.0, 0.59516, [2.340437066666667], [3.01392], [0.44629673799999997], [0.047293627853607884]]
[900.0, 900.0, 0.488157, [1.6823925], [3.01392], [0.44629673799999997], [0.02938480416057857]]
[900.0, 1600.0, 0.601396, [2.3849988], [3.01392], [0.44629673799999997], [0.047642840525448656]]
[900.0, 700.0, 0.484444, [1.6625948666666668], [3.01392], [0.44629673799999997], [0.02921783665655089]]
[900.0, 1900.0, 0.610099, [2.4485708], [3.01392], [0.44629673799999997], [0.04838467894557808]]
[900.0, 500.0, 0.487688, [1.6798809], [3.01392], [0.44629673799999997], [0.029318580343074822]]
[900.0, 1400.0, 0.611708, [2.4605070333333336], [3.01392], [0.44629673799999997], [0.048291681558812784]]
[900.0, 1200.0, 0.602124, [2.3902550666666667], [3.01392], [0.44629673799999997], [0.047700278603891706]]
[900.0, 1500.0, 0.589134, [2.2981324], [3.01392], [0.44629673799999997], [0.04670653894263628]]
[900.0, 800.0, 0.48958, [1.6900300333333333], [3.01392], [0.44629673799999997], [0.02950020363394877]]
[900.0, 400.0, 0.441669, [1.4463197333333333], [3.01392], [0.44629673799999997], [0.027202031276277065]]
[900.0, 100.0, 0.269131, [0.7461361], [3.01392], [0.44629673799999997], [0.019567521755875644]]
[900.0, 600.0, 0.493659, [1.7120533000000002], [3.01392], [0.44629673799999997], [0.029575362851160046]]
[900.0, 1800.0, 0.591977, [2.3180021], [3.01392], [0.44629673799999997], [0.04697474339117423]]
[900.0, 2000.0, 0.598971, [2.3675740000000003], [3.01392], [0.44629673799999997], [0.04761889423094343]]
[900.0, 1700.0, 0.600135, [2.3759260666666666], [3.01392], [0.44629673799999997], [0.04777721253670811]]
[900.0, 1300.0, 0.616638, [2.497432], [3.01392], [0.44629673799999997], [0.0488941208349452]]
[1000.0, 1600.0, 0.446305, [1.7876786800000002], [5.1888000000000005], [0.5894283600000001], [0.03602843807882879]]
[1000.0, 1400.0, 0.434597, [1.7227552], [5.1888000000000005], [0.5894283600000001], [0.035447338540432055]]
[1000.0, 1500.0, 0.447644, [1.7951959999999998], [5.1888000000000005], [0.5894283600000001], [0.035975940960591986]]
[1000.0, 700.0, 0.347593, [1.28192524], [5.1888000000000005], [0.5894283600000001], [0.022373151609909592]]
[1000.0, 1900.0, 0.441705, [1.76198952], [5.1888000000000005], [0.5894283600000001], [0.03578796452440401]]
[1000.0, 1800.0, 0.42653, [1.6788638400000002], [5.1888000000000005], [0.5894283600000001], [0.03474337093605052]]
[1000.0, 500.0, 0.343113, [1.26099248], [5.1888000000000005], [0.5894283600000001], [0.02221172863871698]]
[1000.0, 1000.0, 0.434242, [1.7208057200000002], [5.1888000000000005], [0.5894283600000001], [0.03542222226794925]]
[1000.0, 200.0, 0.187339, [0.48467907666666665], [3.01392], [0.44629673799999997], [0.012535269619934168]]
[1000.0, 1100.0, 0.437974, [1.7413290800000003], [5.1888000000000005], [0.5894283600000001], [0.0354856415131529]]
[1000.0, 2000.0, 0.435794, [1.7293221600000002], [5.1888000000000005], [0.5894283600000001], [0.03529228402923223]]
[1000.0, 1700.0, 0.429986, [1.3907640000000001], [3.01392], [0.44629673799999997], [0.029005736808048473]]
[1000.0, 800.0, 0.347397, [1.28100708], [5.1888000000000005], [0.5894283600000001], [0.02242554114218874]]
[1000.0, 1300.0, 0.440752, [1.7567004400000001], [5.1888000000000005], [0.5894283600000001], [0.0357395548713187]]
[1000.0, 400.0, 0.282698, [0.9930323600000001], [5.1888000000000005], [0.5894283600000001], [0.01967655255983629]]
[1000.0, 300.0, 0.227568, [0.769208504], [5.1888000000000005], [0.5894283600000001], [0.017312926079666602]]
[1000.0, 600.0, 0.351837, [1.3019012], [5.1888000000000005], [0.5894283600000001], [0.022537200397564915]]
[1000.0, 1200.0, 0.425511, [1.6733696], [5.1888000000000005], [0.5894283600000001], [0.03475642623746003]]
[1000.0, 100.0, 0.186404, [0.6131696959999999], [5.1888000000000005], [0.5894283600000001], [0.015460240727750653]]
[1000.0, 900.0, 0.342627, [1.25873388], [5.1888000000000005], [0.5894283600000001], [0.02215133809050821]]
[1100.0, 1300.0, 0.353215, [1.04946976], [2.96654], [0.424006978], [0.022085534639668565]]
[1100.0, 1800.0, 0.356896, [1.06419252], [2.96654], [0.424006978], [0.022252923029570743]]
[1100.0, 2000.0, 0.354375, [1.0540992], [2.96654], [0.424006978], [0.02217313756417887]]
[1100.0, 700.0, 0.281823, [0.7835137679999999], [2.96654], [0.424006978], [0.014020407606057678]]
[1100.0, 900.0, 0.277337, [0.76795252], [2.96654], [0.424006978], [0.013903151285949527]]
[1100.0, 200.0, 0.152113, [0.37901552800000005], [2.96654], [0.424006978], [0.009763384863867654]]
[1100.0, 1900.0, 0.36168, [1.08349136], [2.96654], [0.424006978], [0.022519044299436866]]
[1100.0, 1500.0, 0.361608, [1.08319788], [2.96654], [0.424006978], [0.022421132363910617]]
[1100.0, 800.0, 0.281248, [0.781512584], [2.96654], [0.424006978], [0.014018303583529644]]
[1100.0, 500.0, 0.263689, [0.72137384], [2.96654], [0.424006978], [0.013449012377122713]]
[1100.0, 1700.0, 0.349653, [1.0353219999999999], [2.96654], [0.424006978], [0.021963594907938]]
[1100.0, 400.0, 0.212997, [0.557824152], [2.96654], [0.424006978], [0.011865913770123228]]
[1100.0, 600.0, 0.277745, [0.769361868], [2.96654], [0.424006978], [0.013876460978217754]]
[1100.0, 1400.0, 0.350765, [1.0397278799999998], [2.96654], [0.424006978], [0.021997734832477637]]
[1100.0, 100.0, 0.142167, [0.35144874], [2.96654], [0.424006978], [0.009389509363113708]]
[1100.0, 1100.0, 0.350134, [1.0372291599999999], [2.96654], [0.424006978], [0.0219203567890671]]
[1100.0, 1000.0, 0.357523, [1.0667124], [2.96654], [0.424006978], [0.022252168013027405]]
[1100.0, 300.0, 0.182597, [0.466307428], [2.96654], [0.424006978], [0.01082680532013022]]
[1100.0, 1200.0, 0.351576, [1.04294696], [2.96654], [0.424006978], [0.021997030697801012]]
[1100.0, 1600.0, 0.348857, [1.03217468], [2.96654], [0.424006978], [0.021956192726426862]]
[1200.0, 100.0, 0.106081, [0.160441376], [1.08698], [0.199501126], [0.002969609322902032]]
[1200.0, 1400.0, 0.264871, [0.49136801333333335], [1.08698], [0.199501126], [0.007044747440942554]]
[1200.0, 1700.0, 0.261537, [0.4830251466666666], [1.08698], [0.199501126], [0.007041151480325422]]
[1200.0, 1800.0, 0.264795, [0.4911781866666666], [1.08698], [0.199501126], [0.007039855790189644]]
[1200.0, 700.0, 0.204306, [0.3499480666666667], [1.08698], [0.199501126], [0.004366852574159614]]
[1200.0, 200.0, 0.109908, [0.167019284], [1.08698], [0.199501126], [0.0030183114202039078]]
[1200.0, 1900.0, 0.266046, [0.4943245866666666], [1.08698], [0.199501126], [0.007073336302858315]]
[1200.0, 1200.0, 0.257511, [0.4730406933333333], [1.08698], [0.199501126], [0.006911785017232845]]
[1200.0, 1100.0, 0.263157, [0.4870694666666666], [1.08698], [0.199501126], [0.007004024309875954]]
[1200.0, 1300.0, 0.264091, [0.48941086666666667], [1.08698], [0.199501126], [0.007050830222510443]]
[1200.0, 2000.0, 0.264231, [0.4897623066666667], [1.08698], [0.199501126], [0.00705735818498049]]
[1200.0, 800.0, 0.203576, [0.34836812], [1.08698], [0.199501126], [0.004360054835536921]]
[1200.0, 1600.0, 0.262668, [0.4858489333333333], [1.08698], [0.199501126], [0.007023608699553559]]
[1200.0, 1000.0, 0.259722, [0.47851193333333336], [1.08698], [0.199501126], [0.006965011010918952]]
[1200.0, 1500.0, 0.260054, [0.47933471999999994], [1.08698], [0.199501126], [0.006977727450490835]]
[1200.0, 300.0, 0.123274, [0.19047167866666667], [1.08698], [0.199501126], [0.0032297256299017793]]
[1200.0, 600.0, 0.210038, [0.3624545466666667], [1.08698], [0.199501126], [0.004444703566668485]]
[1200.0, 500.0, 0.169573, [0.277766308], [1.08698], [0.199501126], [0.0038967717145806154]]
[1200.0, 900.0, 0.206208, [0.3540782533333333], [1.08698], [0.199501126], [0.00439011087078422]]
[1200.0, 400.0, 0.140329, [0.22150702], [1.08698], [0.199501126], [0.003886088663710881]]
[1300.0, 1600.0, 0.203461, [0.34241019999999994], [1.04282], [0.189935978], [0.004781126102592243]]
[1300.0, 1700.0, 0.205107, [0.34593196], [1.04282], [0.189935978], [0.004800908538090588]]
[1300.0, 900.0, 0.162057, [0.258350812], [1.04282], [0.189935978], [0.0030480823217229553]]
[1300.0, 200.0, 0.084242, [0.12162881466666665], [1.04282], [0.189935978], [0.0020914603714470266]]
[1300.0, 1800.0, 0.209862, [0.35618536], [1.04282], [0.189935978], [0.00486875709441788]]
[1300.0, 1000.0, 0.20593, [0.3476968266666666], [1.04282], [0.189935978], [0.004832852617933498]]
[1300.0, 1400.0, 0.201763, [0.33879184], [1.04282], [0.189935978], [0.0047589874758771486]]
[1300.0, 1200.0, 0.205729, [0.34726504], [1.04282], [0.189935978], [0.004810613835630081]]
[1300.0, 500.0, 0.126238, [0.19219367333333334], [1.04282], [0.189935978], [0.0026219876257017943]]
[1300.0, 100.0, 0.077763, [0.11137026266666666], [1.04282], [0.189935978], [0.0019983356310245342]]
[1300.0, 1100.0, 0.202468, [0.3402926666666667], [1.04282], [0.189935978], [0.004752951468532182]]
[1300.0, 2000.0, 0.206762, [0.34948592], [1.04282], [0.189935978], [0.004828885162344526]]
[1300.0, 1300.0, 0.203933, [0.34341821333333333], [1.04282], [0.189935978], [0.0047854141926854735]]
[1300.0, 1500.0, 0.205152, [0.3460270266666666], [1.04282], [0.189935978], [0.004811967438700216]]
[1300.0, 600.0, 0.149444, [0.23439140533333336], [1.04282], [0.189935978], [0.0028990282056042312]]
[1300.0, 300.0, 0.091116, [0.13269267333333332], [1.04282], [0.189935978], [0.0021879687761330903]]
[1300.0, 1900.0, 0.208507, [0.35325086666666666], [1.04282], [0.189935978], [0.004853188695646971]]
[1300.0, 400.0, 0.104929, [0.15549018133333337], [1.04282], [0.189935978], [0.0023610666775845195]]
[1300.0, 700.0, 0.159553, [0.2535346426666667], [1.04282], [0.189935978], [0.0030167735385857376]]
[1300.0, 800.0, 0.158226, [0.25099516666666666], [1.04282], [0.189935978], [0.003000180357837768]]
[1400.0, 1100.0, 0.185431, [0.16750593333333333], [0.16951], [0.074564344], [0.0027105369619730745]]
[1400.0, 400.0, 0.097046, [0.06800661466666666], [0.16951], [0.074564344], [0.0012714290528552683]]
[1400.0, 1500.0, 0.182261, [0.16319226799999997], [0.16951], [0.074564344], [0.002692707093861739]]
[1400.0, 1800.0, 0.184546, [0.1662949373333333], [0.16951], [0.074564344], [0.002706219786097697]]
[1400.0, 1600.0, 0.185142, [0.1671100266666667], [0.16951], [0.074564344], [0.002715173049692741]]
[1400.0, 1400.0, 0.182466, [0.163469188], [0.16951], [0.074564344], [0.00268379259307918]]
[1400.0, 600.0, 0.131383, [0.10178662266666667], [0.16951], [0.074564344], [0.001556217460382706]]
[1400.0, 1700.0, 0.183852, [0.16534988266666667], [0.16951], [0.074564344], [0.0027030371352733326]]
[1400.0, 900.0, 0.145979, [0.11795056266666668], [0.16951], [0.074564344], [0.0016727633637520613]]
[1400.0, 100.0, 0.077111, [0.050939572], [0.16951], [0.074564344], [0.001098591120379997]]
[1400.0, 700.0, 0.144992, [0.11682190666666666], [0.16951], [0.074564344], [0.0016639677945601392]]
[1400.0, 2000.0, 0.183455, [0.16481002666666666], [0.16951], [0.074564344], [0.002684188008649502]]
[1400.0, 800.0, 0.144821, [0.11662763333333334], [0.16951], [0.074564344], [0.0016613690370695287]]
[1400.0, 1300.0, 0.183297, [0.1645956053333333], [0.16951], [0.074564344], [0.0026986511590463527]]
[1400.0, 300.0, 0.08889, [0.060808044000000006], [0.16951], [0.074564344], [0.0012044147399371107]]
[1400.0, 1200.0, 0.18496, [0.16686107466666666], [0.16951], [0.074564344], [0.002715432465659118]]
[1400.0, 500.0, 0.109402, [0.07950137066666667], [0.16951], [0.074564344], [0.001375012082047928]]
[1400.0, 1000.0, 0.184897, [0.16677444133333333], [0.16951], [0.074564344], [0.0027147419626099927]]
[1400.0, 200.0, 0.079633, [0.05300070933333334], [0.16951], [0.074564344], [0.0011238649274317224]]
[1400.0, 1900.0, 0.18454, [0.16628653466666668], [0.16951], [0.074564344], [0.0027118339303463584]]
[1500.0, 1500.0, 0.147057, [0.11918922], [0.16951], [0.074564344], [0.0018714922222060602]]
[1500.0, 1100.0, 0.146408, [0.11844349866666667], [0.16951], [0.074564344], [0.001863923683225493]]
[1500.0, 1800.0, 0.147117, [0.11925907866666667], [0.16951], [0.074564344], [0.0018707453426078304]]
[1500.0, 400.0, 0.074899, [0.04915336133333333], [0.16951], [0.074564344], [0.000987421427535151]]
[1500.0, 200.0, 0.060493, [0.03803065333333333], [0.16951], [0.074564344], [0.0007753291471368789]]
[1500.0, 500.0, 0.082979, [0.05577944666666667], [0.16951], [0.074564344], [0.0009382982232389303]]
[1500.0, 1300.0, 0.14503, [0.11686523866666666], [0.16951], [0.074564344], [0.0018522057385122685]]
[1500.0, 600.0, 0.09489, [0.06607418533333333], [0.16951], [0.074564344], [0.0010203975626087009]]
[1500.0, 1000.0, 0.147727, [0.11996254133333333], [0.16951], [0.074564344], [0.0018783166856405113]]
[1500.0, 2000.0, 0.143637, [0.11528090666666667], [0.16951], [0.074564344], [0.001840318394674622]]
[1500.0, 800.0, 0.117024, [0.08695698933333333], [0.16951], [0.074564344], [0.0011733817679397158]]
[1500.0, 1700.0, 0.144515, [0.116278892], [0.16951], [0.074564344], [0.001841525545362383]]
[1500.0, 1200.0, 0.147073, [0.11920780399999999], [0.16951], [0.074564344], [0.0018740954260063113]]
[1500.0, 300.0, 0.068258, [0.04391825466666666], [0.16951], [0.074564344], [0.000834007782217888]]
[1500.0, 1400.0, 0.145036, [0.11687189333333332], [0.16951], [0.074564344], [0.0018488317599079818]]
[1500.0, 100.0, 0.061088, [0.038472652], [0.16951], [0.074564344], [0.0007801362522591095]]
[1500.0, 900.0, 0.115786, [0.08572648933333334], [0.16951], [0.074564344], [0.001162079334067458]]
[1500.0, 700.0, 0.111484, [0.081509976], [0.16951], [0.074564344], [0.0011349322752188052]]
[1500.0, 1900.0, 0.145124, [0.11697330800000001], [0.16951], [0.074564344], [0.001850667400095916]]
[1500.0, 1600.0, 0.146136, [0.11813051466666667], [0.16951], [0.074564344], [0.0018603806387105003]]
[1600.0, 1500.0, 0.115718, [0.09013549733333333], [0.19789199999999998], [0.073314892], [0.0013315832514550323]]
[1600.0, 100.0, 0.05932, [0.039541876], [0.19789199999999998], [0.073314892], [0.0008804491860660923]]
[1600.0, 1300.0, 0.112383, [0.086742568], [0.19789199999999998], [0.073314892], [0.001308585511492806]]
[1600.0, 900.0, 0.114795, [0.08919108666666667], [0.19789199999999998], [0.073314892], [0.0013205167796485333]]
[1600.0, 300.0, 0.066071, [0.04487600533333334], [0.19789199999999998], [0.073314892], [0.0009394124560004988]]
[1600.0, 500.0, 0.076544, [0.05352296266666667], [0.19789199999999998], [0.073314892], [0.0010225036523705486]]
[1600.0, 1000.0, 0.1155, [0.08991264266666667], [0.19789199999999998], [0.073314892], [0.0013301791718912657]]
[1600.0, 1200.0, 0.114477, [0.08886641866666667], [0.19789199999999998], [0.073314892], [0.001314126245246036]]
[1600.0, 1800.0, 0.115377, [0.08978571333333334], [0.19789199999999998], [0.073314892], [0.0013277207618069898]]
[1600.0, 1100.0, 0.115466, [0.089877376], [0.19789199999999998], [0.073314892], [0.0013293665739742369]]
[1600.0, 1900.0, 0.115348, [0.089756212], [0.19789199999999998], [0.073314892], [0.0013278652501917002]]
[1600.0, 1700.0, 0.114396, [0.08878423199999999], [0.19789199999999998], [0.073314892], [0.0013217561018920583]]
[1600.0, 800.0, 0.114789, [0.08918483066666667], [0.19789199999999998], [0.073314892], [0.0013202792465569126]]
[1600.0, 200.0, 0.062089, [0.04170774000000001], [0.19789199999999998], [0.073314892], [0.0009075484338712849]]
[1600.0, 1600.0, 0.116773, [0.09122002400000001], [0.19789199999999998], [0.073314892], [0.0013358496448993718]]
[1600.0, 2000.0, 0.116495, [0.09093414933333334], [0.19789199999999998], [0.073314892], [0.0013359672085130768]]
[1600.0, 1400.0, 0.115026, [0.08942672933333334], [0.19789199999999998], [0.073314892], [0.001324440753760704]]
[1600.0, 700.0, 0.10447, [0.07890373866666665], [0.19789199999999998], [0.073314892], [0.001244625471912468]]
[1600.0, 400.0, 0.070537, [0.04850785866666667], [0.19789199999999998], [0.073314892], [0.0009748479448383504]]
[1600.0, 600.0, 0.091206, [0.06641437066666667], [0.19789199999999998], [0.073314892], [0.0011398359008598076]]
[1700.0, 900.0, 0.08261, [0.05874298133333333], [0.19789199999999998], [0.073314892], [0.0008758834326299109]]
[1700.0, 1500.0, 0.082417, [0.058574468], [0.19789199999999998], [0.073314892], [0.0008776739995136134]]
[1700.0, 1800.0, 0.08266, [0.05878683466666666], [0.19789199999999998], [0.073314892], [0.0008791796389311523]]
[1700.0, 700.0, 0.068273, [0.04665629733333333], [0.19789199999999998], [0.073314892], [0.0007847212312945562]]
[1700.0, 500.0, 0.051925, [0.033907612000000004], [0.19789199999999998], [0.073314892], [0.0006675550824380629]]
[1700.0, 300.0, 0.04452, [0.0284780204], [0.19789199999999998], [0.073314892], [0.0006117588791527444]]
[1700.0, 800.0, 0.079823, [0.056324976], [0.19789199999999998], [0.073314892], [0.0008574534905948739]]
[1700.0, 1300.0, 0.083801, [0.059786384000000005], [0.19789199999999998], [0.073314892], [0.0008859430689509469]]
[1700.0, 400.0, 0.047996, [0.031000534666666666], [0.19789199999999998], [0.073314892], [0.0006367883674258574]]
[1700.0, 1000.0, 0.083956, [0.05992324933333333], [0.19789199999999998], [0.073314892], [0.0008852537163999934]]
[1700.0, 2000.0, 0.083651, [0.05965516133333333], [0.19789199999999998], [0.073314892], [0.0008881033310250433]]
[1700.0, 1600.0, 0.083149, [0.059214236], [0.19789199999999998], [0.073314892], [0.0008816369061643865]]
[1700.0, 1400.0, 0.082688, [0.05881078533333333], [0.19789199999999998], [0.073314892], [0.0008813140094704548]]
[1700.0, 1200.0, 0.082527, [0.05867039333333334], [0.19789199999999998], [0.073314892], [0.0008782245876261442]]
[1700.0, 100.0, 0.040288, [0.025469089866666666], [0.19789199999999998], [0.073314892], [0.0005779480550284005]]
[1700.0, 1700.0, 0.081766, [0.05800692], [0.19789199999999998], [0.073314892], [0.0008714228905773719]]
[1700.0, 1900.0, 0.084225, [0.060159965333333336], [0.19789199999999998], [0.073314892], [0.0008946276663133849]]
[1700.0, 1100.0, 0.083156, [0.05922073733333333], [0.19789199999999998], [0.073314892], [0.0008806606527172907]]
[1700.0, 600.0, 0.059878, [0.039975564], [0.19789199999999998], [0.073314892], [0.0007253910731920173]]
[1700.0, 200.0, 0.041913, [0.026616547600000002], [0.19789199999999998], [0.073314892], [0.0005901688255632169]]
[1800.0, 600.0, 0.043163, [0.018196695333333332], [0.075118], [0.0390613692], [0.0004011158970228486]]
[1800.0, 1800.0, 0.061993, [0.028414022133333335], [0.075118], [0.0390613692], [0.0004998782370849036]]
[1800.0, 400.0, 0.037285, [0.015310133999999998], [0.075118], [0.0390613692], [0.00036671627761345236]]
[1800.0, 1300.0, 0.063304, [0.029182884533333335], [0.075118], [0.0390613692], [0.0005067816750172931]]
[1800.0, 1200.0, 0.061958, [0.028393926266666668], [0.075118], [0.0390613692], [0.0005002995753212935]]
[1800.0, 1700.0, 0.063951, [0.029565187466666663], [0.075118], [0.0390613692], [0.0005121864922510593]]
[1800.0, 500.0, 0.040577, [0.016909934266666666], [0.075118], [0.0390613692], [0.0003862165649246834]]
[1800.0, 1600.0, 0.062263, [0.028571691733333335], [0.075118], [0.0390613692], [0.0005003346316660925]]
[1800.0, 1000.0, 0.062697, [0.028825869333333334], [0.075118], [0.0390613692], [0.000502861710347222]]
[1800.0, 700.0, 0.05121, [0.0223780248], [0.075118], [0.0390613692], [0.0004441973247205445]]
[1800.0, 200.0, 0.034297, [0.013895247599999999], [0.075118], [0.0390613692], [0.0003501272573730237]]
[1800.0, 800.0, 0.058031, [0.0261371356], [0.075118], [0.0390613692], [0.00048000485090141424]]
[1800.0, 2000.0, 0.063773, [0.029459905733333333], [0.075118], [0.0390613692], [0.0005098274074843586]]
[1800.0, 1100.0, 0.062731, [0.028846308666666667], [0.075118], [0.0390613692], [0.0005023020265404736]]
[1800.0, 900.0, 0.063032, [0.029022611333333333], [0.075118], [0.0390613692], [0.0005053719658056056]]
[1800.0, 1500.0, 0.062824, [0.028900472133333334], [0.075118], [0.0390613692], [0.0005031688879270834]]
[1800.0, 1400.0, 0.064484, [0.0298817748], [0.075118], [0.0390613692], [0.0005135265878651703]]
[1800.0, 1900.0, 0.062754, [0.028859526], [0.075118], [0.0390613692], [0.0005056076862988185]]
[1800.0, 100.0, 0.032459, [0.013042303333333331], [0.075118], [0.0390613692], [0.0003389039919111803]]
[1800.0, 300.0, 0.034886, [0.014171428533333334], [0.075118], [0.0390613692], [0.0003532934430312695]]
[1900.0, 300.0, 0.028109, [0.011075646933333336], [0.075118], [0.0390613692], [0.0002555767800964016]]
[1900.0, 1600.0, 0.054902, [0.024387749466666667], [0.075118], [0.0390613692], [0.0003797167421469149]]
[1900.0, 600.0, 0.036633, [0.014998502400000002], [0.075118], [0.0390613692], [0.0002980096508206106]]
[1900.0, 1500.0, 0.054591, [0.02421653746666667], [0.075118], [0.0390613692], [0.00037746294358225125]]
[1900.0, 500.0, 0.032763, [0.013182710666666667], [0.075118], [0.0390613692], [0.00027866000333341305]]
[1900.0, 1700.0, 0.054003, [0.023893034800000004], [0.075118], [0.0390613692], [0.00037553546552445175]]
[1900.0, 1800.0, 0.054194, [0.023998089599999998], [0.075118], [0.0390613692], [0.0003766753098713356]]
[1900.0, 800.0, 0.046437, [0.019865265599999998], [0.075118], [0.0390613692], [0.0003428614250684962]]
[1900.0, 1300.0, 0.054099, [0.023945484], [0.075118], [0.0390613692], [0.0003760348617408291]]
[1900.0, 1000.0, 0.053476, [0.023604461466666664], [0.075118], [0.0390613692], [0.0003733126025196578]]
[1900.0, 1900.0, 0.05569, [0.02482445813333333], [0.075118], [0.0390613692], [0.00038373559160790216]]
[1900.0, 1200.0, 0.054957, [0.024417992933333334], [0.075118], [0.0390613692], [0.0003807418267890549]]
[1900.0, 100.0, 0.027133, [0.010644047333333335], [0.075118], [0.0390613692], [0.00025060433363283157]]
[1900.0, 2000.0, 0.054014, [0.023899186533333335], [0.075118], [0.0390613692], [0.00037507665231404513]]
[1900.0, 1100.0, 0.055229, [0.0245686736], [0.075118], [0.0390613692], [0.00038244099873197576]]
[1900.0, 900.0, 0.052473, [0.023058978133333335], [0.075118], [0.0390613692], [0.00036810821186771214]]
[1900.0, 200.0, 0.027316, [0.010724676133333333], [0.075118], [0.0390613692], [0.0002520837680172561]]
[1900.0, 400.0, 0.029871, [0.011863479733333335], [0.075118], [0.0390613692], [0.00026468060500661294]]
[1900.0, 700.0, 0.041075, [0.0171555252], [0.075118], [0.0390613692], [0.00031807690782087423]]
[1900.0, 1400.0, 0.054577, [0.024208441466666668], [0.075118], [0.0390613692], [0.0003788121645354067]]
[2000.0, 1500.0, 0.037505, [0.0154155752], [0.075118], [0.0390613692], [0.0002473865003053589]]
[2000.0, 1200.0, 0.038523, [0.015906720266666664], [0.075118], [0.0390613692], [0.0002513189183841475]]
[2000.0, 1300.0, 0.038487, [0.015889412000000002], [0.075118], [0.0390613692], [0.00025051445896616647]]
[2000.0, 300.0, 0.019915, [0.007561789733333334], [0.075118], [0.0390613692], [0.00017366227638724538]]
[2000.0, 900.0, 0.035308, [0.014370311066666667], [0.075118], [0.0390613692], [0.00023874373236217576]]
[2000.0, 1900.0, 0.037979, [0.0156437996], [0.075118], [0.0390613692], [0.0002495433177804785]]
[2000.0, 1600.0, 0.038116, [0.015710067199999997], [0.075118], [0.0390613692], [0.0002496178131108079]]
[2000.0, 500.0, 0.0221, [0.008474721066666666], [0.075118], [0.0390613692], [0.0001825584116690083]]
[2000.0, 600.0, 0.02388, [0.009231237066666667], [0.075118], [0.0390613692], [0.0001906287953064804]]
[2000.0, 200.0, 0.018256, [0.006880008400000001], [0.075118], [0.0390613692], [0.0001652206902835652]]
[2000.0, 1800.0, 0.038643, [0.015964542266666666], [0.075118], [0.0390613692], [0.0002524847027093369]]
[2000.0, 2000.0, 0.039256, [0.0162626744], [0.075118], [0.0390613692], [0.00025357860382926634]]
[2000.0, 400.0, 0.020086, [0.0076328689333333335], [0.075118], [0.0390613692], [0.00017365377405758977]]
[2000.0, 1100.0, 0.038635, [0.015960712000000002], [0.075118], [0.0390613692], [0.0002520461599345996]]
[2000.0, 100.0, 0.018861, [0.007127494533333333], [0.075118], [0.0390613692], [0.00016837119938464007]]
[2000.0, 1400.0, 0.038767, [0.016024961733333332], [0.075118], [0.0390613692], [0.0002521506502778757]]
[2000.0, 1700.0, 0.038578, [0.01593315186666667], [0.075118], [0.0390613692], [0.000251079295132921]]
[2000.0, 700.0, 0.026968, [0.010571578933333334], [0.075118], [0.0390613692], [0.0002041317170412825]]
[2000.0, 1000.0, 0.038682, [0.015983754933333334], [0.075118], [0.0390613692], [0.00025228424977482135]]
[2000.0, 800.0, 0.030673, [0.012226152933333335], [0.075118], [0.0390613692], [0.00022069440901139497]]
[2100.0, 200.0, 0.010878, [0.0039650527999999996], [0.075118], [0.0390613692], [0.00010265137028906249]]
[2100.0, 100.0, 0.010507, [0.003823296133333334], [0.075118], [0.0390613692], [0.00010089286727349297]]
[2100.0, 400.0, 0.012267, [0.0044995268], [0.075118], [0.0390613692], [0.00010916166042465032]]
[2100.0, 1400.0, 0.023389, [0.009021339066666667], [0.075118], [0.0390613692], [0.00015460103555783693]]
[2100.0, 500.0, 0.013268, [0.004888714399999999], [0.075118], [0.0390613692], [0.00011403073308932503]]
[2100.0, 800.0, 0.017993, [0.006772825333333334], [0.075118], [0.0390613692], [0.00013372917241782198]]
[2100.0, 300.0, 0.011835, [0.0043325559999999996], [0.075118], [0.0390613692], [0.00010741137353392538]]
[2100.0, 600.0, 0.013932, [0.0051487524000000005], [0.075118], [0.0390613692], [0.00011710784522538757]]
[2100.0, 700.0, 0.015864, [0.0059142046666666665], [0.075118], [0.0390613692], [0.00012521219152569237]]
[2100.0, 1000.0, 0.022896, [0.008811735466666668], [0.075118], [0.0390613692], [0.0001528608600728853]]
[2100.0, 1700.0, 0.023563, [0.0090958652], [0.075118], [0.0390613692], [0.00015578675721782145]]
[2100.0, 1800.0, 0.024283, [0.009404000800000001], [0.075118], [0.0390613692], [0.0001581006906162441]]
[2100.0, 1900.0, 0.023888, [0.009234769866666666], [0.075118], [0.0390613692], [0.00015634196308804052]]
[2100.0, 900.0, 0.020294, [0.007718934933333333], [0.075118], [0.0390613692], [0.00014323828476431232]]
[2100.0, 2000.0, 0.023364, [0.009010651733333333], [0.075118], [0.0390613692], [0.00015485054305505177]]
[2100.0, 1200.0, 0.024141, [0.0093434096], [0.075118], [0.0390613692], [0.00015717087018768955]]
[2100.0, 1500.0, 0.023426, [0.009037478933333334], [0.075118], [0.0390613692], [0.0001546733764061834]]
[2100.0, 1100.0, 0.023604, [0.009113348266666666], [0.075118], [0.0390613692], [0.00015508852227751163]]
[2100.0, 1300.0, 0.023895, [0.009237827333333334], [0.075118], [0.0390613692], [0.00015655085535094053]]
[2100.0, 1600.0, 0.023406, [0.009028812533333333], [0.075118], [0.0390613692], [0.00015443460521815985]]
[2200.0, 1700.0, 0.014137, [0.005229605066666666], [0.075118], [0.0390613692], [9.66293576553673e-05]]
[2200.0, 1100.0, 0.014522, [0.005381267066666666], [0.075118], [0.0390613692], [9.755143308930822e-05]]
[2200.0, 200.0, 0.006751, [0.0024149819066666667], [0.075118], [0.0390613692], [6.543729187550475e-05]]
[2200.0, 1800.0, 0.014416, [0.005339272133333334], [0.075118], [0.0390613692], [9.749757603824483e-05]]
[2200.0, 900.0, 0.011715, [0.004286405733333333], [0.075118], [0.0390613692], [8.724180513696146e-05]]
[2200.0, 1000.0, 0.013081, [0.0048157676000000005], [0.075118], [0.0390613692], [9.245719266053165e-05]]
[2200.0, 1300.0, 0.014319, [0.005301178000000001], [0.075118], [0.0390613692], [9.672135890048049e-05]]
[2200.0, 1900.0, 0.014468, [0.0053600396], [0.075118], [0.0390613692], [9.740700791581225e-05]]
[2200.0, 1400.0, 0.014225, [0.005264034533333333], [0.075118], [0.0390613692], [9.657558527449425e-05]]
[2200.0, 1600.0, 0.014356, [0.0053158397333333334], [0.075118], [0.0390613692], [9.673159692445667e-05]]
[2200.0, 800.0, 0.010696, [0.0038953535999999996], [0.075118], [0.0390613692], [8.335285748884412e-05]]
[2200.0, 400.0, 0.007246, [0.0025980891999999997], [0.075118], [0.0390613692], [6.76944004905707e-05]]
[2200.0, 600.0, 0.008433, [0.003039808493333333], [0.075118], [0.0390613692], [7.355332714583496e-05]]
[2200.0, 2000.0, 0.014515, [0.005378608266666667], [0.075118], [0.0390613692], [9.739122105086154e-05]]
[2200.0, 500.0, 0.007736, [0.002779818026666667], [0.075118], [0.0390613692], [7.006707222210572e-05]]
[2200.0, 700.0, 0.009172, [0.0033173666666666667], [0.075118], [0.0390613692], [7.659089482293427e-05]]
[2200.0, 300.0, 0.0069, [0.0024700616933333334], [0.075118], [0.0390613692], [6.606238502102893e-05]]
[2200.0, 1200.0, 0.014178, [0.0052453984], [0.075118], [0.0390613692], [9.603994623534985e-05]]
[2200.0, 1500.0, 0.014554, [0.005393760666666667], [0.075118], [0.0390613692], [9.811708823871837e-05]]
[2200.0, 100.0, 0.006557, [0.0023437248400000003], [0.075118], [0.0390613692], [6.446009323260054e-05]]
[2300.0, 700.0, 0.005398, [0.001919182253333333], [0.075118], [0.0390613692], [4.759439991334181e-05]]
[2300.0, 100.0, 0.003953, [0.00139634748], [0.075118], [0.0390613692], [4.056339944114919e-05]]
[2300.0, 1800.0, 0.008836, [0.0031910476], [0.075118], [0.0390613692], [6.124187080385083e-05]]
[2300.0, 1000.0, 0.007662, [0.0027525062933333334], [0.075118], [0.0390613692], [5.699858496489189e-05]]
[2300.0, 1500.0, 0.008977, [0.0032442051999999996], [0.075118], [0.0390613692], [6.179720649565535e-05]]
[2300.0, 1200.0, 0.008751, [0.0031591266666666667], [0.075118], [0.0390613692], [6.118390430315622e-05]]
[2300.0, 500.0, 0.004648, [0.0016471327333333332], [0.075118], [0.0390613692], [4.4195444109093426e-05]]
[2300.0, 1900.0, 0.008655, [0.0031230135999999998], [0.075118], [0.0390613692], [6.0735594630423365e-05]]
[2300.0, 1300.0, 0.008517, [0.0030713893333333335], [0.075118], [0.0390613692], [6.0177025826583795e-05]]
[2300.0, 1600.0, 0.008613, [0.0031075177333333335], [0.075118], [0.0390613692], [6.047999266607833e-05]]
[2300.0, 1700.0, 0.008598, [0.0031017738666666668], [0.075118], [0.0390613692], [6.028828784727225e-05]]
[2300.0, 1400.0, 0.008466, [0.0030523557599999997], [0.075118], [0.0390613692], [5.998866409951504e-05]]
[2300.0, 1100.0, 0.008303, [0.002991453293333333], [0.075118], [0.0390613692], [5.953214404187222e-05]]
[2300.0, 900.0, 0.006885, [0.0024644822], [0.075118], [0.0390613692], [5.3933730925604954e-05]]
[2300.0, 2000.0, 0.009008, [0.0032555395999999998], [0.075118], [0.0390613692], [6.194567986012691e-05]]
[2300.0, 300.0, 0.003902, [0.0013780428533333331], [0.075118], [0.0390613692], [4.032193229496821e-05]]
[2300.0, 200.0, 0.004003, [0.0014143383866666666], [0.075118], [0.0390613692], [4.093089087175548e-05]]
[2300.0, 400.0, 0.004496, [0.00159211336], [0.075118], [0.0390613692], [4.3493226364062204e-05]]
[2300.0, 800.0, 0.005965, [0.00212631504], [0.075118], [0.0390613692], [5.015954033104991e-05]]
[2300.0, 600.0, 0.005009, [0.0017777613866666667], [0.075118], [0.0390613692], [4.574935313203893e-05]]
[2400.0, 1200.0, 0.00527, [0.0018725520533333332], [0.075118], [0.0390613692], [3.827917454119871e-05]]
[2400.0, 1500.0, 0.005264, [0.0018704676399999998], [0.075118], [0.0390613692], [3.8252545803442216e-05]]
[2400.0, 1100.0, 0.004792, [0.0016990372933333333], [0.075118], [0.0390613692], [3.6456334185189576e-05]]
[2400.0, 1600.0, 0.005258, [0.00186827344], [0.075118], [0.0390613692], [3.826373040999648e-05]]
[2400.0, 400.0, 0.002412, [0.0008462199866666666], [0.075118], [0.0390613692], [2.5702100884298672e-05]]
[2400.0, 1300.0, 0.005337, [0.0018970078], [0.075118], [0.0390613692], [3.853828888549961e-05]]
[2400.0, 200.0, 0.002388, [0.00083767104], [0.075118], [0.0390613692], [2.557252862133287e-05]]
[2400.0, 1700.0, 0.005226, [0.0018566743866666668], [0.075118], [0.0390613692], [3.81624827284599e-05]]
[2400.0, 2000.0, 0.005304, [0.0018851646399999998], [0.075118], [0.0390613692], [3.852091013116556e-05]]
[2400.0, 600.0, 0.002955, [0.0010389636666666667], [0.075118], [0.0390613692], [2.8574896557020896e-05]]
[2400.0, 1900.0, 0.005136, [0.0018240248133333335], [0.075118], [0.0390613692], [3.7731267693754704e-05]]
[2400.0, 700.0, 0.003042, [0.0010700716266666666], [0.075118], [0.0390613692], [2.8952594731541575e-05]]
[2400.0, 100.0, 0.00223, [0.0007816997733333333], [0.075118], [0.0390613692], [2.4769106158905112e-05]]
[2400.0, 1800.0, 0.005193, [0.0018447284933333335], [0.075118], [0.0390613692], [3.798118355185894e-05]]
[2400.0, 500.0, 0.002641, [0.0009275418533333333], [0.075118], [0.0390613692], [2.6978934422578252e-05]]
[2400.0, 900.0, 0.003685, [0.0013001924533333333], [0.075118], [0.0390613692], [3.190235513423909e-05]]
[2400.0, 1400.0, 0.005104, [0.00181253708], [0.075118], [0.0390613692], [3.765510786658889e-05]]
[2400.0, 800.0, 0.003426, [0.0012072945333333335], [0.075118], [0.0390613692], [3.0744751920720826e-05]]
[2400.0, 300.0, 0.002387, [0.0008372371066666666], [0.075118], [0.0390613692], [2.560705780140398e-05]]
[2400.0, 1000.0, 0.004301, [0.0015216628266666666], [0.075118], [0.0390613692], [3.450313467240654e-05]]
[2500.0, 400.0, 0.001532, [0.0005354277333333334], [0.075118], [0.0390613692], [1.6675218190143388e-05]]
[2500.0, 1300.0, 0.003106, [0.0010929566266666667], [0.075118], [0.0390613692], [2.378241422377281e-05]]
[2500.0, 500.0, 0.001596, [0.0005577530666666667], [0.075118], [0.0390613692], [1.6987622777906402e-05]]
[2500.0, 900.0, 0.002112, [0.0007398459066666666], [0.075118], [0.0390613692], [1.9619659999319275e-05]]
[2500.0, 1400.0, 0.003161, [0.0011126115066666666], [0.075118], [0.0390613692], [2.4006367325727934e-05]]
[2500.0, 200.0, 0.001353, [0.0004724377866666666], [0.075118], [0.0390613692], [1.5652568283405338e-05]]
[2500.0, 1900.0, 0.0032, [0.0011265814000000001], [0.075118], [0.0390613692], [2.4112135437944475e-05]]
[2500.0, 1000.0, 0.002555, [0.0008967338133333333], [0.075118], [0.0390613692], [2.157206553753153e-05]]
[2500.0, 1800.0, 0.003129, [0.0011011188666666667], [0.075118], [0.0390613692], [2.390350114755391e-05]]
[2500.0, 1700.0, 0.003209, [0.0011296379466666667], [0.075118], [0.0390613692], [2.4155438583382328e-05]]
[2500.0, 800.0, 0.002026, [0.0007096239066666667], [0.075118], [0.0390613692], [1.917902257734273e-05]]
[2500.0, 700.0, 0.00166, [0.0005803007333333334], [0.075118], [0.0390613692], [1.734754812518344e-05]]
[2500.0, 1600.0, 0.00318, [0.0011193796399999998], [0.075118], [0.0390613692], [2.4013061364367704e-05]]
[2500.0, 1100.0, 0.002828, [0.0009939888533333334], [0.075118], [0.0390613692], [2.2708255634362487e-05]]
[2500.0, 600.0, 0.001756, [0.00061399604], [0.075118], [0.0390613692], [1.7791382363380314e-05]]
[2500.0, 300.0, 0.00141, [0.0004923735733333333], [0.075118], [0.0390613692], [1.5983121280484193e-05]]
[2500.0, 2000.0, 0.003188, [0.00112217092], [0.075118], [0.0390613692], [2.4167660463244406e-05]]
[2500.0, 1200.0, 0.003057, [0.00107534292], [0.075118], [0.0390613692], [2.3595474198809116e-05]]
[2500.0, 100.0, 0.001389, [0.0004849826], [0.075118], [0.0390613692], [1.5852157377187217e-05]]
[2500.0, 1500.0, 0.003182, [0.0011200576800000001], [0.075118], [0.0390613692], [2.3994504226315382e-05]]
[2600.0, 800.0, 0.001152, [0.0004017514266666667], [0.075118], [0.0390613692], [1.1750332617514373e-05]]
[2600.0, 2000.0, 0.001858, [0.00065019252], [0.075118], [0.0390613692], [1.4904678311038973e-05]]
[2600.0, 900.0, 0.001235, [0.00043094548], [0.075118], [0.0390613692], [1.2150162746052234e-05]]
[2600.0, 1000.0, 0.00145, [0.0005063407066666667], [0.075118], [0.0390613692], [1.3170603239369445e-05]]
[2600.0, 200.0, 0.000827, [0.0002881693306666667], [0.075118], [0.0390613692], [9.913324330863432e-06]]
[2600.0, 1100.0, 0.001555, [0.00054326184], [0.075118], [0.0390613692], [1.3649967241311934e-05]]
[2600.0, 1500.0, 0.001918, [0.0006714626133333333], [0.075118], [0.0390613692], [1.5139782684481747e-05]]
[2600.0, 700.0, 0.001104, [0.0003848402933333333], [0.075118], [0.0390613692], [1.1478824593330296e-05]]
[2600.0, 1800.0, 0.001956, [0.0006845683200000001], [0.075118], [0.0390613692], [1.5273086842183832e-05]]
[2600.0, 1600.0, 0.001877, [0.0006568352266666668], [0.075118], [0.0390613692], [1.49745524882122e-05]]
[2600.0, 1400.0, 0.001866, [0.0006530899066666666], [0.075118], [0.0390613692], [1.4943637278491175e-05]]
[2600.0, 1300.0, 0.001927, [0.0006744946266666667], [0.075118], [0.0390613692], [1.5146669941314201e-05]]
[2600.0, 600.0, 0.000975, [0.0003398664], [0.075118], [0.0390613692], [1.0785331948736879e-05]]
[2600.0, 1700.0, 0.001866, [0.00065307488], [0.075118], [0.0390613692], [1.4919877002769755e-05]]
[2600.0, 400.0, 0.000864, [0.0003009927813333334], [0.075118], [0.0390613692], [1.0129214390947492e-05]]
[2600.0, 300.0, 0.000843, [0.000293620116], [0.075118], [0.0390613692], [1.0024027551615944e-05]]
[2600.0, 1900.0, 0.001917, [0.0006711163866666667], [0.075118], [0.0390613692], [1.5158974125359977e-05]]
[2600.0, 1200.0, 0.001708, [0.0005971845733333332], [0.075118], [0.0390613692], [1.427136192519831e-05]]
[2600.0, 100.0, 0.000841, [0.00029290855733333333], [0.075118], [0.0390613692], [9.999736520973385e-06]]
[2600.0, 500.0, 0.000955, [0.0003329289866666667], [0.075118], [0.0390613692], [1.06404583694083e-05]]
[2700.0, 1400.0, 0.001134, [0.00039538104000000004], [0.075118], [0.0390613692], [9.411167319260193e-06]]
[2700.0, 1000.0, 0.000827, [0.0002881734093333333], [0.075118], [0.0390613692], [8.032757381289856e-06]]
[2700.0, 800.0, 0.000662, [0.00023032893066666666], [0.075118], [0.0390613692], [7.183761415241399e-06]]
[2700.0, 900.0, 0.000719, [0.000250443228], [0.075118], [0.0390613692], [7.490113452930988e-06]]
[2700.0, 600.0, 0.000617, [0.00021452842133333334], [0.075118], [0.0390613692], [6.931098157659515e-06]]
[2700.0, 1100.0, 0.000892, [0.0003106689733333333], [0.075118], [0.0390613692], [8.35687598514607e-06]]
[2700.0, 1300.0, 0.001087, [0.0003790866133333333], [0.075118], [0.0390613692], [9.213192030754353e-06]]
[2700.0, 400.0, 0.000539, [0.00018735987066666665], [0.075118], [0.0390613692], [6.476104444974789e-06]]
[2700.0, 1700.0, 0.001148, [0.00040042754666666665], [0.075118], [0.0390613692], [9.509761023285495e-06]]
[2700.0, 100.0, 0.000455, [0.00015831899733333333], [0.075118], [0.0390613692], [5.958414169335104e-06]]
[2700.0, 2000.0, 0.001153, [0.00040201332], [0.075118], [0.0390613692], [9.486095269744378e-06]]
[2700.0, 1200.0, 0.001008, [0.0003514053466666666], [0.075118], [0.0390613692], [8.860211401541161e-06]]
[2700.0, 700.0, 0.000629, [0.00021875238666666666], [0.075118], [0.0390613692], [6.977116879246518e-06]]
[2700.0, 300.0, 0.000498, [0.000173212816], [0.075118], [0.0390613692], [6.2059938682964655e-06]]
[2700.0, 1800.0, 0.001155, [0.00040283457333333336], [0.075118], [0.0390613692], [9.49754142689336e-06]]
[2700.0, 200.0, 0.000504, [0.00017519210399999998], [0.075118], [0.0390613692], [6.260854423763226e-06]]
[2700.0, 1500.0, 0.001103, [0.00038471118666666664], [0.075118], [0.0390613692], [9.28972704873507e-06]]
[2700.0, 500.0, 0.000582, [0.0002024828], [0.075118], [0.0390613692], [6.749426102352045e-06]]
[2700.0, 1900.0, 0.001135, [0.00039597934666666664], [0.075118], [0.0390613692], [9.393528386903162e-06]]
[2700.0, 1600.0, 0.001167, [0.00040708987999999997], [0.075118], [0.0390613692], [9.552832058493322e-06]]
[2800.0, 1500.0, 0.000732, [0.00025493610933333333], [0.075118], [0.0390613692], [6.095880011942493e-06]]
[2800.0, 200.0, 0.000291, [0.00010121542533333332], [0.075118], [0.0390613692], [3.83380802394231e-06]]
[2800.0, 400.0, 0.000308, [0.00010688216533333333], [0.075118], [0.0390613692], [3.964040046888191e-06]]
[2800.0, 900.0, 0.000419, [0.00014549018], [0.075118], [0.0390613692], [4.603105485068386e-06]]
[2800.0, 600.0, 0.000347, [0.00012046197866666667], [0.075118], [0.0390613692], [4.1914086669440065e-06]]
[2800.0, 1200.0, 0.000593, [0.00020648105866666666], [0.075118], [0.0390613692], [5.491051425728956e-06]]
[2800.0, 1000.0, 0.000459, [0.00015950914], [0.075118], [0.0390613692], [4.831392941999233e-06]]
[2800.0, 1400.0, 0.000669, [0.00023285828666666668], [0.075118], [0.0390613692], [5.810572685487493e-06]]
[2800.0, 800.0, 0.000385, [0.000133739388], [0.075118], [0.0390613692], [4.418874064736401e-06]]
[2800.0, 100.0, 0.000302, [0.00010503532666666667], [0.075118], [0.0390613692], [3.9144351316633155e-06]]
[2800.0, 1100.0, 0.000538, [0.0001871209773333333], [0.075118], [0.0390613692], [5.230189885654248e-06]]
[2800.0, 1300.0, 0.000609, [0.000211743244], [0.075118], [0.0390613692], [5.5664105633702585e-06]]
[2800.0, 2000.0, 0.000689, [0.00023976190533333338], [0.075118], [0.0390613692], [5.902530369633386e-06]]
[2800.0, 500.0, 0.000303, [0.00010522898666666667], [0.075118], [0.0390613692], [3.92165280575536e-06]]
[2800.0, 1900.0, 0.000682, [0.00023750996000000002], [0.075118], [0.0390613692], [5.882853896990247e-06]]
[2800.0, 1800.0, 0.000675, [0.00023493791600000003], [0.075118], [0.0390613692], [5.849731576747774e-06]]
[2800.0, 300.0, 0.000321, [0.00011161571866666667], [0.075118], [0.0390613692], [4.0354746624295765e-06]]
[2800.0, 700.0, 0.000363, [0.00012620415866666668], [0.075118], [0.0390613692], [4.288591619634585e-06]]
[2800.0, 1600.0, 0.000685, [0.00023830898000000002], [0.075118], [0.0390613692], [5.897219934097007e-06]]
[2800.0, 1700.0, 0.000684, [0.00023795340000000003], [0.075118], [0.0390613692], [5.904714366598194e-06]]
[2900.0, 1300.0, 0.000378, [0.00013137235066666667], [0.075118], [0.0390613692], [3.5236814031792248e-06]]
[2900.0, 900.0, 0.000255, [8.845842933333333e-05], [0.075118], [0.0390613692], [2.895998349293575e-06]]
[2900.0, 1600.0, 0.000417, [0.00014486418133333333], [0.075118], [0.0390613692], [3.693881153114341e-06]]
[2900.0, 2000.0, 0.000413, [0.00014359780133333335], [0.075118], [0.0390613692], [3.6819940708504375e-06]]
[2900.0, 1200.0, 0.000348, [0.00012107463733333335], [0.075118], [0.0390613692], [3.38546249720773e-06]]
[2900.0, 1700.0, 0.00042, [0.0001459234386666667], [0.075118], [0.0390613692], [3.714856257425492e-06]]
[2900.0, 1100.0, 0.000283, [9.833472133333334e-05], [0.075118], [0.0390613692], [3.049230015448345e-06]]
[2900.0, 800.0, 0.000225, [7.8136336e-05], [0.075118], [0.0390613692], [2.718711473555891e-06]]
[2900.0, 600.0, 0.0002, [6.953041066666667e-05], [0.075118], [0.0390613692], [2.5699184481656654e-06]]
[2900.0, 100.0, 0.000169, [5.8687137333333334e-05], [0.075118], [0.0390613692], [2.3512499514560807e-06]]
[2900.0, 400.0, 0.000188, [6.514624266666666e-05], [0.075118], [0.0390613692], [2.4891096417974215e-06]]
[2900.0, 1000.0, 0.000272, [9.443085466666668e-05], [0.075118], [0.0390613692], [2.9921559543431407e-06]]
[2900.0, 1400.0, 0.000414, [0.00014404436933333333], [0.075118], [0.0390613692], [3.68497485955543e-06]]
[2900.0, 200.0, 0.000175, [6.078774266666666e-05], [0.075118], [0.0390613692], [2.3972351259083636e-06]]
[2900.0, 500.0, 0.00021, [7.279843466666668e-05], [0.075118], [0.0390613692], [2.6251789773482323e-06]]
[2900.0, 1500.0, 0.000417, [0.00014481210933333332], [0.075118], [0.0390613692], [3.708258171522941e-06]]
[2900.0, 1800.0, 0.000394, [0.00013710622], [0.075118], [0.0390613692], [3.6030710259135577e-06]]
[2900.0, 300.0, 0.000194, [6.7352096e-05], [0.075118], [0.0390613692], [2.5205886448297043e-06]]
[2900.0, 700.0, 0.000208, [7.227654933333332e-05], [0.075118], [0.0390613692], [2.618303405897287e-06]]
[2900.0, 1900.0, 0.000408, [0.00014186666799999997], [0.075118], [0.0390613692], [3.6789584637201026e-06]]
[3000.0, 1900.0, 0.000256, [8.894943333333335e-05], [0.075118], [0.0390613692], [2.331108668614333e-06]]
[3000.0, 800.0, 0.000139, [4.8377862666666665e-05], [0.075118], [0.0390613692], [1.7157858861498748e-06]]
[3000.0, 900.0, 0.000152, [5.288092533333333e-05], [0.075118], [0.0390613692], [1.7938626500128462e-06]]
[3000.0, 1600.0, 0.000246, [8.534064133333333e-05], [0.075118], [0.0390613692], [2.2832724515484347e-06]]
[3000.0, 700.0, 0.000118, [4.097778133333334e-05], [0.075118], [0.0390613692], [1.5772361869210752e-06]]
[3000.0, 600.0, 0.000118, [4.094159466666667e-05], [0.075118], [0.0390613692], [1.5793559610029512e-06]]
[3000.0, 1300.0, 0.00021, [7.294253733333334e-05], [0.075118], [0.0390613692], [2.1047927653070474e-06]]
[3000.0, 500.0, 0.000116, [4.026751066666667e-05], [0.075118], [0.0390613692], [1.5709857191514432e-06]]
[3000.0, 1500.0, 0.000239, [8.3170852e-05], [0.075118], [0.0390613692], [2.251151833173409e-06]]
[3000.0, 1800.0, 0.00024, [8.341894533333332e-05], [0.075118], [0.0390613692], [2.2537431781125565e-06]]
[3000.0, 2000.0, 0.000237, [8.217927600000001e-05], [0.075118], [0.0390613692], [2.240790481157139e-06]]
[3000.0, 100.0, 0.000108, [3.7580834666666664e-05], [0.075118], [0.0390613692], [1.5141748573618129e-06]]
[3000.0, 1400.0, 0.000222, [7.7027276e-05], [0.075118], [0.0390613692], [2.1682773360947673e-06]]
[3000.0, 1100.0, 0.000169, [5.8734885333333334e-05], [0.075118], [0.0390613692], [1.8848926830635918e-06]]
[3000.0, 1200.0, 0.000188, [6.531294666666666e-05], [0.075118], [0.0390613692], [1.994812097639497e-06]]
[3000.0, 1000.0, 0.000163, [5.64535e-05], [0.075118], [0.0390613692], [1.8521795895646838e-06]]
[3000.0, 400.0, 0.00011, [3.801988933333334e-05], [0.075118], [0.0390613692], [1.52079552690908e-06]]
[3000.0, 300.0, 0.000102, [3.5435333333333336e-05], [0.075118], [0.0390613692], [1.4701047938459655e-06]]
[3000.0, 1700.0, 0.000252, [8.7702404e-05], [0.075118], [0.0390613692], [2.3151838538944016e-06]]
[3000.0, 200.0, 0.000109, [3.774131333333333e-05], [0.075118], [0.0390613692], [1.513288918584654e-06]]
