[100.0, 1800.0, 0.968462, [115.82424], [559.22573], [45.9422579], [5.348266836275093]]
[100.0, 800.0, 0.983466, [129.729558], [559.22573], [45.9422579], [4.150415122370291]]
[100.0, 500.0, 0.981461, [127.33963200000001], [559.22573], [45.9422579], [4.1141550865274885]]
[100.0, 1100.0, 0.97957, [125.2881], [559.22573], [45.9422579], [5.5642385768405]]
[100.0, 600.0, 0.984659, [131.277272], [559.22573], [45.9422579], [4.1680576305996535]]
[100.0, 1400.0, 0.981469, [127.34913800000001], [559.22573], [45.9422579], [5.611672026054268]]
[100.0, 1700.0, 0.989726, [1810.0404], [6401.9333], [698.12554], [272.87379034190064]]
[100.0, 100.0, 0.986974, [134.615544], [559.22573], [45.9422579], [4.221187753701557]]
[100.0, 1200.0, 0.988417, [1764.8754666666669], [6115.6802], [692.13725], [269.14107108437474]]
[100.0, 1000.0, 0.976845, [473.01317], [2078.57314], [200.90548800000002], [17.146709684368016]]
[100.0, 2000.0, 0.98023, [125.983998], [559.22573], [45.9422579], [5.589635992083921]]
[100.0, 400.0, 0.983673, [129.99141400000002], [559.22573], [45.9422579], [4.152422019496574]]
[100.0, 1600.0, 0.984778, [1696.4502333333335], [6115.6802], [692.13725], [264.9411165397575]]
[100.0, 1300.0, 0.975221, [121.142014], [559.22573], [45.9422579], [5.483838672317047]]
[100.0, 1500.0, 0.982133, [128.11383199999997], [559.22573], [45.9422579], [5.634440093922376]]
[100.0, 900.0, 0.985244, [1749.4077999999997], [5983.4341], [710.82732], [196.8237827205961]]
[100.0, 1900.0, 0.985794, [132.853994], [559.22573], [45.9422579], [5.73841926770779]]
[100.0, 200.0, 0.979765, [125.49076400000001], [559.22573], [45.9422579], [4.086541246580047]]
[100.0, 700.0, 0.979791, [1637.3774666666668], [6401.9333], [698.12554], [190.34122724435946]]
[100.0, 300.0, 0.98398, [130.383512], [559.22573], [45.9422579], [4.16282613857461]]
[200.0, 1800.0, 0.989164, [79.895382], [232.580215], [24.307993500000002], [3.340593642228878]]
[200.0, 700.0, 0.991272, [82.44764500000001], [232.580215], [24.307993500000002], [2.4791373131595598]]
[200.0, 2000.0, 0.986449, [77.20631100000001], [232.580215], [24.307993500000002], [3.277225537325742]]
[200.0, 1300.0, 0.990719, [81.7277615], [232.580215], [24.307993500000002], [3.3790269967847255]]
[200.0, 1400.0, 0.9921, [83.607328], [232.580215], [24.307993500000002], [3.4132553779346777]]
[200.0, 400.0, 0.990638, [81.625327], [232.580215], [24.307993500000002], [2.4689643279116043]]
[200.0, 1900.0, 0.987688, [78.3663615], [232.580215], [24.307993500000002], [3.302748123532886]]
[200.0, 1700.0, 0.993369, [85.62318800000001], [232.580215], [24.307993500000002], [3.452660272528996]]
[200.0, 500.0, 0.987005, [77.714833], [232.580215], [24.307993500000002], [2.4052138023468936]]
[200.0, 1500.0, 0.987058, [77.7637595], [232.580215], [24.307993500000002], [3.2831883154945594]]
[200.0, 100.0, 0.99145, [82.6872305], [232.580215], [24.307993500000002], [2.4840970331289394]]
[200.0, 600.0, 0.990376, [81.29986900000002], [232.580215], [24.307993500000002], [2.4681692035798517]]
[200.0, 1000.0, 0.991873, [83.27807250000001], [232.580215], [24.307993500000002], [3.4026495804740162]]
[200.0, 1200.0, 0.992676, [84.4820025], [232.580215], [24.307993500000002], [3.426196891598613]]
[200.0, 300.0, 0.990037, [80.8924095], [232.580215], [24.307993500000002], [2.4546689262505446]]
[200.0, 1600.0, 0.990101, [80.968482], [232.580215], [24.307993500000002], [3.3591385249792842]]
[200.0, 900.0, 0.990495, [81.447457], [232.580215], [24.307993500000002], [2.4602111459181706]]
[200.0, 800.0, 0.990934, [82.002872], [232.580215], [24.307993500000002], [2.475858043184221]]
[200.0, 1100.0, 0.988819, [79.522149], [232.580215], [24.307993500000002], [3.32789822898778]]
[200.0, 200.0, 0.98941, [80.16823849999999], [232.580215], [24.307993500000002], [2.4428371217193336]]
[300.0, 2000.0, 0.953165, [23.418658199999996], [58.226357], [5.8080827], [1.1051949728441584]]
[300.0, 400.0, 0.969903, [26.027084999999996], [58.226357], [5.8080827], [0.8553030356253858]]
[300.0, 1000.0, 0.975187, [27.1404385], [58.226357], [5.8080827], [1.1913330004662845]]
[300.0, 200.0, 0.97153, [26.348917000000004], [58.226357], [5.8080827], [0.8584941237422654]]
[300.0, 1600.0, 0.972138, [26.473744500000002], [58.226357], [5.8080827], [1.1745819731930165]]
[300.0, 1300.0, 0.97509, [27.118021], [58.226357], [5.8080827], [1.1926495819183438]]
[300.0, 800.0, 0.973305, [26.720336999999997], [58.226357], [5.8080827], [0.8655569490218422]]
[300.0, 700.0, 0.971783, [26.400661], [58.226357], [5.8080827], [0.8601799621300185]]
[300.0, 300.0, 0.967149, [25.517313500000004], [58.226357], [5.8080827], [0.8458903081960449]]
[300.0, 900.0, 0.97029, [26.102177499999996], [58.226357], [5.8080827], [0.8573074783880053]]
[300.0, 600.0, 0.973545, [26.772472999999998], [58.226357], [5.8080827], [0.8663371138015502]]
[300.0, 1400.0, 0.97442, [26.965729], [58.226357], [5.8080827], [1.185951090580889]]
[300.0, 500.0, 0.963388, [24.881685500000003], [58.226357], [5.8080827], [0.8363885197681759]]
[300.0, 1200.0, 0.96941, [25.9326865], [58.226357], [5.8080827], [1.1644126008421585]]
[300.0, 100.0, 0.841595, [15.6606205], [58.226357], [5.8080827], [0.6629669216484334]]
[300.0, 1100.0, 0.977963, [27.817618500000002], [58.226357], [5.8080827], [1.2049143838879175]]
[300.0, 1900.0, 0.966517, [25.405862999999997], [58.226357], [5.8080827], [1.1548118596767183]]
[300.0, 1500.0, 0.975662, [27.2510315], [58.226357], [5.8080827], [1.192744951781394]]
[300.0, 1700.0, 0.977371, [27.66687], [58.226357], [5.8080827], [1.2017718263048107]]
[300.0, 1800.0, 0.97383, [26.8347275], [58.226357], [5.8080827], [1.1847823577560563]]
[400.0, 900.0, 0.878786, [10.703462], [20.9567463], [2.31092232], [0.3724211145329974]]
[400.0, 1200.0, 0.867209, [10.292347099999999], [20.9567463], [2.31092232], [0.4980816256649105]]
[400.0, 1500.0, 0.890536, [11.1605095], [20.9567463], [2.31092232], [0.5175562227429983]]
[400.0, 200.0, 0.860227, [10.0604399], [20.9567463], [2.31092232], [0.361148698633956]]
[400.0, 1600.0, 0.852775, [9.8246029], [20.9567463], [2.31092232], [0.4881884902115166]]
[400.0, 500.0, 0.861734, [10.109577100000001], [20.9567463], [2.31092232], [0.3622131737319889]]
[400.0, 1700.0, 0.870599, [10.4091386], [20.9567463], [2.31092232], [0.5002313261382177]]
[400.0, 300.0, 0.870445, [10.4037731], [20.9567463], [2.31092232], [0.3673700453561776]]
[400.0, 1300.0, 0.856137, [9.92958295], [20.9567463], [2.31092232], [0.489790235100701]]
[400.0, 1400.0, 0.886296, [10.990477049999999], [20.9567463], [2.31092232], [0.5158086191117787]]
[400.0, 1100.0, 0.877203, [10.6451471], [20.9567463], [2.31092232], [0.508065142919685]]
[400.0, 800.0, 0.860631, [10.073559649999998], [20.9567463], [2.31092232], [0.36161975101617444]]
[400.0, 100.0, 0.645916, [5.6879004], [20.9567463], [2.31092232], [0.27177833545924884]]
[400.0, 1000.0, 0.88051, [10.767830850000001], [20.9567463], [2.31092232], [0.5093009651473281]]
[400.0, 400.0, 0.882161, [10.830296050000001], [20.9567463], [2.31092232], [0.3743497380792459]]
[400.0, 1800.0, 0.855546, [9.910965400000002], [20.9567463], [2.31092232], [0.48946775468359505]]
[400.0, 2000.0, 0.869657, [10.3764066], [20.9567463], [2.31092232], [0.5003947919143443]]
[400.0, 600.0, 0.871624, [10.4450262], [20.9567463], [2.31092232], [0.36836766405997146]]
[400.0, 700.0, 0.888806, [11.0903905], [20.9567463], [2.31092232], [0.3797277122491852]]
[400.0, 1900.0, 0.8881, [11.062066049999999], [20.9567463], [2.31092232], [0.5163330097669526]]
[500.0, 1700.0, 0.761536, [5.1055011], [7.791122499999999], [0.8690443999999999], [0.25245071533865776]]
[500.0, 1100.0, 0.740845, [4.8092177000000005], [7.791122499999999], [0.8690443999999999], [0.2447827479266053]]
[500.0, 300.0, 0.757519, [5.0460004], [7.791122499999999], [0.8690443999999999], [0.18400871753126263]]
[500.0, 1300.0, 0.744494, [4.859697499999999], [7.791122499999999], [0.8690443999999999], [0.2451392429314409]]
[500.0, 1800.0, 0.742501, [4.832041899999999], [7.791122499999999], [0.8690443999999999], [0.2453098515653214]]
[500.0, 1400.0, 0.721913, [4.5584356999999995], [7.791122499999999], [0.8690443999999999], [0.23859939819182277]]
[500.0, 600.0, 0.73125, [4.67987975], [7.791122499999999], [0.8690443999999999], [0.1771360504809792]]
[500.0, 1900.0, 0.725229, [4.60108775], [7.791122499999999], [0.8690443999999999], [0.23919914750579693]]
[500.0, 1200.0, 0.714646, [4.4667273], [7.791122499999999], [0.8690443999999999], [0.23541723509547896]]
[500.0, 800.0, 0.766474, [5.1800791], [7.791122499999999], [0.8690443999999999], [0.18631451840235103]]
[500.0, 1000.0, 0.722644, [4.56779225], [7.791122499999999], [0.8690443999999999], [0.2381126501784397]]
[500.0, 2000.0, 0.732293, [4.6937149], [7.791122499999999], [0.8690443999999999], [0.24238237692744904]]
[500.0, 700.0, 0.716588, [4.49100435], [7.791122499999999], [0.8690443999999999], [0.1735026448285443]]
[500.0, 100.0, 0.498159, [2.46554035], [7.791122499999999], [0.8690443999999999], [0.128700158041861]]
[500.0, 200.0, 0.64356, [3.6772246], [7.791122499999999], [0.8690443999999999], [0.1569400850802624]]
[500.0, 1500.0, 0.743798, [4.85000285], [7.791122499999999], [0.8690443999999999], [0.24558949580550063]]
[500.0, 900.0, 0.742997, [4.838896999999999], [7.791122499999999], [0.8690443999999999], [0.18008508305104004]]
[500.0, 1600.0, 0.731412, [4.68201615], [7.791122499999999], [0.8690443999999999], [0.2421013588148567]]
[500.0, 500.0, 0.733527, [4.71014215], [7.791122499999999], [0.8690443999999999], [0.17752019356259163]]
[500.0, 400.0, 0.745124, [4.868475849999999], [7.791122499999999], [0.8690443999999999], [0.18081066395542053]]
[600.0, 200.0, 0.424149, [1.47939526], [3.79467711], [0.488997607], [0.07415538486515999]]
[600.0, 1400.0, 0.602219, [2.55771915], [3.79467711], [0.488997607], [0.1329694926195479]]
[600.0, 1900.0, 0.569568, [2.3228606800000002], [3.79467711], [0.488997607], [0.12672244587088746]]
[600.0, 100.0, 0.373576, [1.04843928], [2.4049655700000003], [0.37064237], [0.06265622450922174]]
[600.0, 800.0, 0.590437, [2.47052855], [3.79467711], [0.488997607], [0.09573106562135408]]
[600.0, 1200.0, 0.582376, [2.10679959], [2.4049655700000003], [0.37064237], [0.12063497477929026]]
[600.0, 600.0, 0.584503, [2.427691035], [3.79467711], [0.488997607], [0.09507569007112175]]
[600.0, 1600.0, 0.585564, [2.7059882500000003], [5.1860277], [0.62919969], [0.136847754073642]]
[600.0, 400.0, 0.563192, [1.98408742], [2.4049655700000003], [0.37064237], [0.08585986461962306]]
[600.0, 500.0, 0.586202, [2.7109005], [5.1860277], [0.62919969], [0.1006109436269236]]
[600.0, 1100.0, 0.595278, [2.5060094500000005], [3.79467711], [0.488997607], [0.1318952670303222]]
[600.0, 300.0, 0.574896, [2.359778995], [3.79467711], [0.488997607], [0.0938669788850158]]
[600.0, 1700.0, 0.587888, [2.4520432999999997], [3.79467711], [0.488997607], [0.13032457145527085]]
[600.0, 1500.0, 0.59859, [2.8078984499999997], [5.1860277], [0.62919969], [0.13952566087462193]]
[600.0, 1800.0, 0.588112, [2.45366275], [3.79467711], [0.488997607], [0.13041069464388264]]
[600.0, 1000.0, 0.576651, [2.3720557], [3.79467711], [0.488997607], [0.12789265179243098]]
[600.0, 2000.0, 0.566675, [2.3030342999999998], [3.79467711], [0.488997607], [0.12658621534353573]]
[600.0, 700.0, 0.602421, [2.55923815], [3.79467711], [0.488997607], [0.09771213095107485]]
[600.0, 1300.0, 0.598361, [2.5288532500000005], [3.79467711], [0.488997607], [0.1321853674674319]]
[600.0, 900.0, 0.560389, [2.260468], [3.79467711], [0.488997607], [0.09197715720492779]]
[700.0, 2000.0, 0.449958, [1.2815820150000001], [1.9087754], [0.35448364], [0.071980820711145]]
[700.0, 100.0, 0.251124, [0.570438645], [1.9087754], [0.35448364], [0.03530926026200493]]
[700.0, 1000.0, 0.4524, [1.1822141800000001], [1.3927583600000002], [0.327988752], [0.06918384424488133]]
[700.0, 600.0, 0.433963, [1.1056475150000002], [1.3927583600000002], [0.327988752], [0.04910353174925405]]
[700.0, 1400.0, 0.450776, [1.285231535], [1.9087754], [0.35448364], [0.07195914848717985]]
[700.0, 1900.0, 0.436458, [1.115797375], [1.3927583600000002], [0.327988752], [0.0670417733189539]]
[700.0, 200.0, 0.316476, [0.77092827], [1.9087754], [0.35448364], [0.040916628410708526]]
[700.0, 400.0, 0.462265, [1.33724724], [1.9087754], [0.35448364], [0.054055017990932167]]
[700.0, 1300.0, 0.452956, [1.1845799], [1.3927583600000002], [0.327988752], [0.06920389627940034]]
[700.0, 1100.0, 0.422465, [1.05970879], [1.3927583600000002], [0.327988752], [0.06534444415939276]]
[700.0, 800.0, 0.44495, [1.150835805], [1.3927583600000002], [0.327988752], [0.050083699162002795]]
[700.0, 1500.0, 0.440509, [1.132414745], [1.3927583600000002], [0.327988752], [0.06767473002532037]]
[700.0, 1600.0, 0.424483, [1.1715459], [1.9087754], [0.35448364], [0.06879554193223571]]
[700.0, 1800.0, 0.472032, [1.3826567650000001], [1.9087754], [0.35448364], [0.0747655184409899]]
[700.0, 1200.0, 0.43356, [1.2099790499999998], [1.9087754], [0.35448364], [0.06985816598294003]]
[700.0, 700.0, 0.429669, [1.19340431], [1.9087754], [0.35448364], [0.05097969631382674]]
[700.0, 900.0, 0.423716, [1.168338115], [1.9087754], [0.35448364], [0.05051165659528502]]
[700.0, 300.0, 0.392074, [1.0408638799999999], [1.9087754], [0.35448364], [0.04760800133118382]]
[700.0, 500.0, 0.44796, [1.16343885], [1.3927583600000002], [0.327988752], [0.05034691581169595]]
[700.0, 1700.0, 0.432453, [1.205247855], [1.9087754], [0.35448364], [0.06970128144804799]]
[800.0, 300.0, 0.258491, [0.47351836], [1.0282880300000001], [0.292274857], [0.025026219340923233]]
[800.0, 100.0, 0.188009, [0.31389179500000003], [1.0282880300000001], [0.292274857], [0.02030396906456962]]
[800.0, 1800.0, 0.328296, [0.72892939], [1.3927583600000002], [0.327988752], [0.042296778996751036]]
[800.0, 800.0, 0.356066, [0.746144315], [1.0282880300000001], [0.292274857], [0.03133511688585189]]
[800.0, 400.0, 0.327533, [0.6593538000000001], [1.0282880300000001], [0.292274857], [0.029487202965863008]]
[800.0, 200.0, 0.212646, [0.36658909], [1.0282880300000001], [0.292274857], [0.0219471144954183]]
[800.0, 1700.0, 0.330937, [0.66937773], [1.0282880300000001], [0.292274857], [0.040512585421076254]]
[800.0, 600.0, 0.328614, [0.662526305], [1.0282880300000001], [0.292274857], [0.03304380677222284]]
[800.0, 1600.0, 0.335284, [0.6823073599999999], [1.0282880300000001], [0.292274857], [0.04070303944117687]]
[800.0, 1000.0, 0.324184, [0.64957536], [1.0282880300000001], [0.292274857], [0.03982801866776705]]
[800.0, 1100.0, 0.323011, [0.64616741], [1.0282880300000001], [0.292274857], [0.0398443899972129]]
[800.0, 1500.0, 0.328092, [0.72829043], [1.3927583600000002], [0.327988752], [0.042331016055015734]]
[800.0, 1400.0, 0.328476, [0.662122055], [1.0282880300000001], [0.292274857], [0.040295469599571615]]
[800.0, 1200.0, 0.338304, [0.69137383], [1.0282880300000001], [0.292274857], [0.0412439217370269]]
[800.0, 900.0, 0.358256, [0.753072425], [1.0282880300000001], [0.292274857], [0.03148754259226973]]
[800.0, 1300.0, 0.328878, [0.66330222], [1.0282880300000001], [0.292274857], [0.04036729472295612]]
[800.0, 2000.0, 0.320965, [0.6402528649999999], [1.0282880300000001], [0.292274857], [0.039630664134606676]]
[800.0, 500.0, 0.331005, [0.6695786300000001], [1.0282880300000001], [0.292274857], [0.029649433965929266]]
[800.0, 1900.0, 0.319798, [0.6368936700000001], [1.0282880300000001], [0.292274857], [0.03949846810953559]]
[800.0, 700.0, 0.330115, [0.66694929], [1.0282880300000001], [0.292274857], [0.02970828822904477]]
[900.0, 200.0, 0.132476, [0.2060412515], [1.0282880300000001], [0.292274857], [0.013005208331664663]]
[900.0, 1100.0, 0.219749, [0.417751068], [1.36322116], [0.208233144], [0.011278218351317731]]
[900.0, 300.0, 0.155573, [0.274404312], [1.36322116], [0.208233144], [0.006698767759819712]]
[900.0, 1000.0, 0.231553, [0.40923477], [1.0282880300000001], [0.292274857], [0.024997997249779837]]
[900.0, 900.0, 0.215483, [0.40757185700000004], [1.36322116], [0.208233144], [0.008176002037670977]]
[900.0, 1600.0, 0.222459, [0.424268558], [1.36322116], [0.208233144], [0.011359357296519906]]
[900.0, 700.0, 0.226256, [0.397085955], [1.0282880300000001], [0.292274857], [0.018049361343271956]]
[900.0, 1900.0, 0.225286, [0.43111150600000003], [1.36322116], [0.208233144], [0.011476939162076271]]
[900.0, 500.0, 0.221681, [0.386721475], [1.0282880300000001], [0.292274857], [0.017781469767007452]]
[900.0, 1400.0, 0.215531, [0.407684802], [1.36322116], [0.208233144], [0.01111224934205492]]
[900.0, 1200.0, 0.226876, [0.398500095], [1.0282880300000001], [0.292274857], [0.024619415976013727]]
[900.0, 1500.0, 0.222374, [0.388284085], [1.0282880300000001], [0.292274857], [0.024267763863817366]]
[900.0, 800.0, 0.220944, [0.38506233500000003], [1.0282880300000001], [0.292274857], [0.01779951725539207]]
[900.0, 400.0, 0.20043, [0.34006441], [1.0282880300000001], [0.292274857], [0.016673032145503707]]
[900.0, 100.0, 0.121356, [0.18612684300000001], [1.0282880300000001], [0.292274857], [0.01235367161413966]]
[900.0, 600.0, 0.216491, [0.40996712399999996], [1.36322116], [0.208233144], [0.008181362590669112]]
[900.0, 1800.0, 0.222864, [0.38938976999999997], [1.0282880300000001], [0.292274857], [0.024336853978585645]]
[900.0, 2000.0, 0.221881, [0.38717301], [1.0282880300000001], [0.292274857], [0.02434136095106434]]
[900.0, 1700.0, 0.222982, [0.42553128799999995], [1.36322116], [0.208233144], [0.01143009630843065]]
[900.0, 1300.0, 0.216079, [0.408987957], [1.36322116], [0.208233144], [0.01118522646887402]]
[1000.0, 1600.0, 0.146638, [0.256016327], [1.36322116], [0.208233144], [0.007035966630108474]]
[1000.0, 1400.0, 0.149764, [0.262408181], [1.36322116], [0.208233144], [0.007139202470164296]]
[1000.0, 1500.0, 0.152679, [0.26840955400000005], [1.36322116], [0.208233144], [0.007178675595121986]]
[1000.0, 700.0, 0.148164, [0.25913017899999996], [1.36322116], [0.208233144], [0.005190915782402947]]
[1000.0, 1900.0, 0.163919, [0.291910836], [1.36322116], [0.208233144], [0.007517087109379537]]
[1000.0, 1800.0, 0.157859, [0.279167161], [1.36322116], [0.208233144], [0.007311148115036378]]
[1000.0, 500.0, 0.153681, [0.27048], [1.36322116], [0.208233144], [0.005308633858159744]]
[1000.0, 1000.0, 0.148116, [0.259032326], [1.36322116], [0.208233144], [0.00709211821883984]]
[1000.0, 200.0, 0.081866, [0.132922741], [1.36322116], [0.208233144], [0.0037109573444058883]]
[1000.0, 1100.0, 0.1498, [0.26248138699999995], [1.36322116], [0.208233144], [0.007109688935530161]]
[1000.0, 2000.0, 0.148163, [0.259129787], [1.36322116], [0.208233144], [0.007050008567370681]]
[1000.0, 1700.0, 0.153107, [0.269293024], [1.36322116], [0.208233144], [0.007215219634910638]]
[1000.0, 800.0, 0.15256, [0.268163721], [1.36322116], [0.208233144], [0.005294882502001342]]
[1000.0, 1300.0, 0.15163, [0.266245077], [1.36322116], [0.208233144], [0.0071800952493682145]]
[1000.0, 400.0, 0.127663, [0.218141777], [1.36322116], [0.208233144], [0.004759110716194781]]
[1000.0, 300.0, 0.094705, [0.15596749], [1.36322116], [0.208233144], [0.004023042938995307]]
[1000.0, 600.0, 0.153562, [0.27023431400000003], [1.36322116], [0.208233144], [0.005298712825771935]]
[1000.0, 1200.0, 0.153964, [0.27106643199999997], [1.36322116], [0.208233144], [0.00721881929542498]]
[1000.0, 100.0, 0.076351, [0.123219908], [1.36322116], [0.208233144], [0.0035764780783614485]]
[1000.0, 900.0, 0.151645, [0.266275702], [1.36322116], [0.208233144], [0.005257604099777768]]
[1100.0, 1300.0, 0.098697, [0.085526805], [0.299048666], [0.074228532], [0.0023006376660613032]]
[1100.0, 1800.0, 0.09949, [0.08637041349999999], [0.299048666], [0.074228532], [0.0023133088899885378]]
[1100.0, 2000.0, 0.09968, [0.08657329799999999], [0.299048666], [0.074228532], [0.00231874269885643]]
[1100.0, 700.0, 0.103856, [0.091064442], [0.299048666], [0.074228532], [0.0017441582522093576]]
[1100.0, 900.0, 0.102924, [0.0900550665], [0.299048666], [0.074228532], [0.0017372975740356056]]
[1100.0, 200.0, 0.057008, [0.0449076915], [0.299048666], [0.074228532], [0.0012263271810573227]]
[1100.0, 1900.0, 0.100136, [0.0870600885], [0.299048666], [0.074228532], [0.002329275830435288]]
[1100.0, 1500.0, 0.101989, [0.08904701400000001], [0.299048666], [0.074228532], [0.0023457805163740273]]
[1100.0, 800.0, 0.100222, [0.08715201249999999], [0.299048666], [0.074228532], [0.0017082063440931252]]
[1100.0, 500.0, 0.094871, [0.08149606499999999], [0.299048666], [0.074228532], [0.0016495015057586336]]
[1100.0, 1700.0, 0.100353, [0.08729185849999999], [0.299048666], [0.074228532], [0.0023271626492361894]]
[1100.0, 400.0, 0.076541, [0.063050162], [0.299048666], [0.074228532], [0.0014556928131477466]]
[1100.0, 600.0, 0.103315, [0.09047837750000001], [0.299048666], [0.074228532], [0.0017364406759230214]]
[1100.0, 1400.0, 0.101475, [0.08849380400000001], [0.299048666], [0.074228532], [0.0023417942797137412]]
[1100.0, 100.0, 0.050485, [0.039180497999999994], [0.299048666], [0.074228532], [0.0011439870922567265]]
[1100.0, 1100.0, 0.103212, [0.09036629], [0.299048666], [0.074228532], [0.0023609545478471203]]
[1100.0, 1000.0, 0.102121, [0.0891891385], [0.299048666], [0.074228532], [0.0023478954758464014]]
[1100.0, 300.0, 0.064928, [0.052081830499999995], [0.299048666], [0.074228532], [0.0013203270266301454]]
[1100.0, 1200.0, 0.102536, [0.0896358225], [0.299048666], [0.074228532], [0.002353140632272113]]
[1100.0, 1600.0, 0.099557, [0.086441831], [0.299048666], [0.074228532], [0.0023185503514049463]]
[1200.0, 100.0, 0.044199, [0.033812131499999995], [0.299048666], [0.074228532], [0.0008616127870163024]]
[1200.0, 1400.0, 0.089408, [0.07584925600000002], [0.299048666], [0.074228532], [0.0017493327693009124]]
[1200.0, 1700.0, 0.089088, [0.07552259750000001], [0.299048666], [0.074228532], [0.0017596731656759443]]
[1200.0, 1800.0, 0.086834, [0.07323402799999999], [0.299048666], [0.074228532], [0.0017180487650966141]]
[1200.0, 700.0, 0.088777, [0.0752057145], [0.299048666], [0.074228532], [0.0012794605141425819]]
[1200.0, 200.0, 0.046878, [0.0360820565], [0.299048666], [0.074228532], [0.0008866681672136426]]
[1200.0, 1900.0, 0.085576, [0.0719657855], [0.299048666], [0.074228532], [0.0017057523925675731]]
[1200.0, 1200.0, 0.091092, [0.0775765795], [0.299048666], [0.074228532], [0.0017690532031993838]]
[1200.0, 1100.0, 0.089042, [0.0754756555], [0.299048666], [0.074228532], [0.0017425706594712308]]
[1200.0, 1300.0, 0.088162, [0.074579911], [0.299048666], [0.074228532], [0.0017395988598668372]]
[1200.0, 2000.0, 0.087645, [0.074055121], [0.299048666], [0.074228532], [0.0017344498098820847]]
[1200.0, 800.0, 0.089095, [0.0755298005], [0.299048666], [0.074228532], [0.0012831183543422638]]
[1200.0, 1600.0, 0.088011, [0.074426051], [0.299048666], [0.074228532], [0.001737428343846157]]
[1200.0, 1000.0, 0.088018, [0.074433058], [0.299048666], [0.074228532], [0.0017361732731066908]]
[1200.0, 1500.0, 0.087079, [0.07348130650000001], [0.299048666], [0.074228532], [0.0017267034418944093]]
[1200.0, 300.0, 0.053223, [0.041564642], [0.299048666], [0.074228532], [0.0009535581293240597]]
[1200.0, 600.0, 0.087229, [0.073633427], [0.299048666], [0.074228532], [0.001266158957042914]]
[1200.0, 500.0, 0.075563, [0.0621054175], [0.299048666], [0.074228532], [0.0011645674970777778]]
[1200.0, 900.0, 0.090185, [0.0766444035], [0.299048666], [0.074228532], [0.0012909247384142889]]
[1200.0, 400.0, 0.061071, [0.048557775000000004], [0.299048666], [0.074228532], [0.0011499606838931496]]
[1300.0, 1600.0, 0.068775, [0.055655229], [0.299048666], [0.074228532], [0.0012182731855991907]]
[1300.0, 1700.0, 0.067517, [0.054480797000000004], [0.299048666], [0.074228532], [0.0012041609180254936]]
[1300.0, 900.0, 0.067324, [0.054300624], [0.299048666], [0.074228532], [0.0008831996841032044]]
[1300.0, 200.0, 0.034449, [0.025772383000000003], [0.299048666], [0.074228532], [0.0006084761817647425]]
[1300.0, 1800.0, 0.0691, [0.0559605235], [0.299048666], [0.074228532], [0.0012197073464565178]]
[1300.0, 1000.0, 0.068256, [0.055169491999999994], [0.299048666], [0.074228532], [0.001216711293097093]]
[1300.0, 1400.0, 0.066966, [0.053967472999999995], [0.299048666], [0.074228532], [0.001200463249437483]]
[1300.0, 1200.0, 0.066211, [0.053266797500000004], [0.299048666], [0.074228532], [0.0011907841842668217]]
[1300.0, 500.0, 0.052276, [0.040736983], [0.299048666], [0.074228532], [0.0007629399525683526]]
[1300.0, 100.0, 0.031441, [0.0233609852], [0.299048666], [0.074228532], [0.0005784478536566628]]
[1300.0, 1100.0, 0.06776, [0.05470700550000001], [0.299048666], [0.074228532], [0.001204462460602239]]
[1300.0, 2000.0, 0.066826, [0.0538375005], [0.299048666], [0.074228532], [0.0011978688666753135]]
[1300.0, 1300.0, 0.068023, [0.054952152500000004], [0.299048666], [0.074228532], [0.0012098600111169887]]
[1300.0, 1500.0, 0.069342, [0.0561872465], [0.299048666], [0.074228532], [0.0012255227184756715]]
[1300.0, 600.0, 0.06302, [0.0503308645], [0.299048666], [0.074228532], [0.0008490506725160754]]
[1300.0, 300.0, 0.039441, [0.029845899999999998], [0.299048666], [0.074228532], [0.0006558353009712118]]
[1300.0, 1900.0, 0.070599, [0.05737020450000001], [0.299048666], [0.074228532], [0.0012361283133234995]]
[1300.0, 400.0, 0.042493, [0.03238049850000001], [0.299048666], [0.074228532], [0.0006809783704347738]]
[1300.0, 700.0, 0.067325, [0.054301628500000004], [0.299048666], [0.074228532], [0.0008823993956820234]]
[1300.0, 800.0, 0.070282, [0.0570713535], [0.299048666], [0.074228532], [0.0009041877605066328]]
[1400.0, 1100.0, 0.043264, [0.0330264165], [0.299048666], [0.074228532], [0.0007606864933893594]]
[1400.0, 400.0, 0.027213, [0.020025312649999998], [0.299048666], [0.074228532], [0.0004360547139408081]]
[1400.0, 1500.0, 0.044091, [0.033721113999999996], [0.299048666], [0.074228532], [0.0007736151129276108]]
[1400.0, 1800.0, 0.043488, [0.0332137925], [0.299048666], [0.074228532], [0.0007643945817115661]]
[1400.0, 1600.0, 0.045997, [0.035332675], [0.299048666], [0.074228532], [0.000789076882344173]]
[1400.0, 1400.0, 0.044281, [0.0338814665], [0.299048666], [0.074228532], [0.0007722303616149781]]
[1400.0, 600.0, 0.038491, [0.029064105], [0.299048666], [0.074228532], [0.0005255791941753402]]
[1400.0, 1700.0, 0.044689, [0.034225323999999994], [0.299048666], [0.074228532], [0.0007772460409998883]]
[1400.0, 900.0, 0.045096, [0.034569524500000004], [0.299048666], [0.074228532], [0.0005723555008253175]]
[1400.0, 100.0, 0.021723, [0.015786376549999998], [0.299048666], [0.074228532], [0.0003865310423174315]]
[1400.0, 700.0, 0.04545, [0.0348687675], [0.299048666], [0.074228532], [0.000574560677996676]]
[1400.0, 2000.0, 0.04465, [0.034192004], [0.299048666], [0.074228532], [0.0007727127938794593]]
[1400.0, 800.0, 0.046081, [0.0354039945], [0.299048666], [0.074228532], [0.0005785303960683483]]
[1400.0, 1300.0, 0.044093, [0.0337227555], [0.299048666], [0.074228532], [0.000772029638226409]]
[1400.0, 300.0, 0.024422, [0.01785789565], [0.299048666], [0.074228532], [0.0004125204915516319]]
[1400.0, 1200.0, 0.043811, [0.033485742500000006], [0.299048666], [0.074228532], [0.000768822687116477]]
[1400.0, 500.0, 0.032225, [0.023986627], [0.299048666], [0.074228532], [0.0004773516775397359]]
[1400.0, 1000.0, 0.044294, [0.033892075], [0.299048666], [0.074228532], [0.0007734776107619405]]
[1400.0, 200.0, 0.021931, [0.0159452419], [0.299048666], [0.074228532], [0.0003896042352182532]]
[1400.0, 1900.0, 0.044933, [0.034431075], [0.299048666], [0.074228532], [0.0007799100819966363]]
[1500.0, 1500.0, 0.026401, [0.0193918235], [0.299048666], [0.074228532], [0.00047710458583522333]]
[1500.0, 1100.0, 0.026746, [0.01966103685], [0.299048666], [0.074228532], [0.00047996594295845617]]
[1500.0, 1800.0, 0.026231, [0.019259494100000003], [0.299048666], [0.074228532], [0.0004751448922171005]]
[1500.0, 400.0, 0.015889, [0.0113941072], [0.299048666], [0.074228532], [0.0003004698019352361]]
[1500.0, 200.0, 0.013449, [0.00959103705], [0.299048666], [0.074228532], [0.0002460858835853857]]
[1500.0, 500.0, 0.017973, [0.012950232050000001], [0.299048666], [0.074228532], [0.00028574416275752685]]
[1500.0, 1300.0, 0.025545, [0.018726974349999998], [0.299048666], [0.074228532], [0.0004686139151529754]]
[1500.0, 600.0, 0.020914, [0.0151702775], [0.299048666], [0.074228532], [0.00030901891859560967]]
[1500.0, 1000.0, 0.026527, [0.01948982105], [0.299048666], [0.074228532], [0.0004785030014534914]]
[1500.0, 2000.0, 0.026485, [0.01945729485], [0.299048666], [0.074228532], [0.00047784842960399063]]
[1500.0, 800.0, 0.026814, [0.019714253299999998], [0.299048666], [0.074228532], [0.00035311147188246374]]
[1500.0, 1700.0, 0.026796, [0.0197000727], [0.299048666], [0.074228532], [0.00047906672523250876]]
[1500.0, 1200.0, 0.027356, [0.020137162500000003], [0.299048666], [0.074228532], [0.0004868254805112403]]
[1500.0, 300.0, 0.014239, [0.01017303945], [0.299048666], [0.074228532], [0.0002536925017614829]]
[1500.0, 1400.0, 0.025968, [0.0190549632], [0.299048666], [0.074228532], [0.00047182515752659907]]
[1500.0, 100.0, 0.012106, [0.0086066736], [0.299048666], [0.074228532], [0.0002332097719382702]]
[1500.0, 900.0, 0.026742, [0.01965789595], [0.299048666], [0.074228532], [0.00035170737751716275]]
[1500.0, 700.0, 0.025288, [0.01852707885], [0.299048666], [0.074228532], [0.0003419817385475429]]
[1500.0, 1900.0, 0.026206, [0.019240014149999998], [0.299048666], [0.074228532], [0.0004743756785502393]]
[1500.0, 1600.0, 0.026927, [0.019802105400000002], [0.299048666], [0.074228532], [0.00048140573625581154]]
[1600.0, 1500.0, 0.015666, [0.011229038450000001], [0.299048666], [0.074228532], [0.0002970478248952515]]
[1600.0, 100.0, 0.006899, [0.00484743035], [0.299048666], [0.074228532], [0.00019483465375800065]]
[1600.0, 1300.0, 0.015805, [0.011331786549999999], [0.299048666], [0.074228532], [0.00029893032223245604]]
[1600.0, 900.0, 0.016246, [0.01165991995], [0.299048666], [0.074228532], [0.0003017627315872522]]
[1600.0, 300.0, 0.007294, [0.005129572349999999], [0.299048666], [0.074228532], [0.00020073569317637557]]
[1600.0, 500.0, 0.008954, [0.00632039485], [0.299048666], [0.074228532], [0.0002220760331733256]]
[1600.0, 1000.0, 0.015269, [0.01093443085], [0.299048666], [0.074228532], [0.00029317881774609843]]
[1600.0, 1200.0, 0.015514, [0.01111601015], [0.299048666], [0.074228532], [0.0002937496871913228]]
[1600.0, 1800.0, 0.015532, [0.0111290466], [0.299048666], [0.074228532], [0.0002954383067579423]]
[1600.0, 1100.0, 0.015638, [0.0112081179], [0.299048666], [0.074228532], [0.00029670218199399884]]
[1600.0, 1900.0, 0.015159, [0.0108526327], [0.299048666], [0.074228532], [0.00029182606047952603]]
[1600.0, 1700.0, 0.015544, [0.011137971949999999], [0.299048666], [0.074228532], [0.00029588373189481037]]
[1600.0, 800.0, 0.015158, [0.01085237545], [0.299048666], [0.074228532], [0.0002910834060454151]]
[1600.0, 200.0, 0.007148, [0.00502495], [0.299048666], [0.074228532], [0.00019909579460023762]]
[1600.0, 1600.0, 0.015119, [0.010822911749999999], [0.299048666], [0.074228532], [0.00029081665121687925]]
[1600.0, 2000.0, 0.014871, [0.01063932345], [0.299048666], [0.074228532], [0.0002888179047427635]]
[1600.0, 1400.0, 0.015887, [0.011392830750000001], [0.299048666], [0.074228532], [0.0002987785798463471]]
[1600.0, 700.0, 0.01395, [0.009959852699999999], [0.299048666], [0.074228532], [0.00027948025323804184]]
[1600.0, 400.0, 0.008185, [0.00576764545], [0.299048666], [0.074228532], [0.00021245396470765142]]
[1600.0, 600.0, 0.011072, [0.007853403949999999], [0.299048666], [0.074228532], [0.0002477279552755401]]
[1700.0, 900.0, 0.009073, [0.006406257549999999], [0.299048666], [0.074228532], [0.00018281224612290062]]
[1700.0, 1500.0, 0.008851, [0.0062461084], [0.299048666], [0.074228532], [0.0001811417569543257]]
[1700.0, 1800.0, 0.009425, [0.0066598448], [0.299048666], [0.074228532], [0.0001870270530230854]]
[1700.0, 700.0, 0.007442, [0.00523527515], [0.299048666], [0.074228532], [0.00016613641309177227]]
[1700.0, 500.0, 0.006027, [0.004226127499999999], [0.299048666], [0.074228532], [0.00014895143684268375]]
[1700.0, 300.0, 0.004515, [0.0031549679], [0.299048666], [0.074228532], [0.0001286938149251937]]
[1700.0, 800.0, 0.008678, [0.00612149895], [0.299048666], [0.074228532], [0.00017865851221674268]]
[1700.0, 1300.0, 0.009032, [0.006376940849999999], [0.299048666], [0.074228532], [0.0001828713217811913]]
[1700.0, 400.0, 0.004635, [0.0032395321000000003], [0.299048666], [0.074228532], [0.0001301027281132106]]
[1700.0, 1000.0, 0.009114, [0.006436064249999999], [0.299048666], [0.074228532], [0.00018336442278970043]]
[1700.0, 2000.0, 0.009154, [0.00646442545], [0.299048666], [0.074228532], [0.00018477329234091162]]
[1700.0, 1600.0, 0.009126, [0.006444284000000001], [0.299048666], [0.074228532], [0.00018382255467569805]]
[1700.0, 1400.0, 0.009012, [0.006362402549999999], [0.299048666], [0.074228532], [0.00018320927339384325]]
[1700.0, 1200.0, 0.009073, [0.006406509899999999], [0.299048666], [0.074228532], [0.00018341783911332072]]
[1700.0, 100.0, 0.004045, [0.00282372545], [0.299048666], [0.074228532], [0.00012162647401984488]]
[1700.0, 1700.0, 0.009377, [0.0066255839999999995], [0.299048666], [0.074228532], [0.00018613836907660923]]
[1700.0, 1900.0, 0.009143, [0.006456881899999999], [0.299048666], [0.074228532], [0.00018523997808923427]]
[1700.0, 1100.0, 0.008974, [0.0063351512], [0.299048666], [0.074228532], [0.00018204757930964093]]
[1700.0, 600.0, 0.00642, [0.00450609145], [0.299048666], [0.074228532], [0.00015392521547816652]]
[1700.0, 200.0, 0.004363, [0.0030474668000000002], [0.299048666], [0.074228532], [0.0001262131476312987]]
[1800.0, 600.0, 0.003626, [0.00252888755], [0.299048666], [0.074228532], [9.450901595879623e-05]]
[1800.0, 1800.0, 0.005428, [0.0038009520499999996], [0.299048666], [0.074228532], [0.00011555237411018434]]
[1800.0, 400.0, 0.002858, [0.00171928211], [0.223889134], [0.05566596], [0.00024561173628310194]]
[1800.0, 1300.0, 0.005224, [0.003656086], [0.299048666], [0.074228532], [0.0001133704508569142]]
[1800.0, 1200.0, 0.005476, [0.135218293], [56.637238], [18.1991929], [0.009758540375998862]]
[1800.0, 1700.0, 0.005401, [0.0037818959500000005], [0.299048666], [0.074228532], [0.00011577835261826799]]
[1800.0, 500.0, 0.003347, [0.00233263765], [0.299048666], [0.074228532], [9.066052776704975e-05]]
[1800.0, 1600.0, 0.005471, [0.135095842], [56.637238], [18.1991929], [0.00972441264755872]]
[1800.0, 1000.0, 0.005612, [0.0039316718], [0.299048666], [0.074228532], [0.00011737640358053232]]
[1800.0, 700.0, 0.004077, [0.00284584405], [0.299048666], [0.074228532], [0.00010011642540063044]]
[1800.0, 200.0, 0.002941, [0.072597616], [56.637238], [18.1991929], [0.007153256570961229]]
[1800.0, 800.0, 0.004949, [0.0034614359500000002], [0.299048666], [0.074228532], [0.00011040266541166475]]
[1800.0, 2000.0, 0.005276, [0.00369356365], [0.299048666], [0.074228532], [0.00011409458238671982]]
[1800.0, 1100.0, 0.005286, [0.0037000292], [0.299048666], [0.074228532], [0.00011369911261746944]]
[1800.0, 900.0, 0.00565, [0.00395816365], [0.299048666], [0.074228532], [0.00011795723397697997]]
[1800.0, 1500.0, 0.005314, [0.0037198497], [0.299048666], [0.074228532], [0.00011409295146940499]]
[1800.0, 1400.0, 0.005183, [0.0036274749], [0.299048666], [0.074228532], [0.0001130828280509468]]
[1800.0, 1900.0, 0.005157, [0.0036091734], [0.299048666], [0.074228532], [0.00011300761442265739]]
[1800.0, 100.0, 0.002312, [0.0016076255650000002], [0.299048666], [0.074228532], [7.520155572027748e-05]]
[1800.0, 300.0, 0.002514, [0.0017485718599999998], [0.299048666], [0.074228532], [7.843417770653302e-05]]
[1900.0, 300.0, 0.001737, [0.0428760192], [56.637238], [18.1991929], [0.004494628467737906]]
[1900.0, 1600.0, 0.003157, [0.077934745], [56.637238], [18.1991929], [0.006067213162564837]]
[1900.0, 600.0, 0.00205, [0.050616951], [56.637238], [18.1991929], [0.004893325819624113]]
[1900.0, 1500.0, 0.003903, [0.0963585], [56.637238], [18.1991929], [0.006729969391460856]]
[1900.0, 500.0, 0.002021, [0.049882686], [56.637238], [18.1991929], [0.004845036399966464]]
[1900.0, 1700.0, 0.003343, [0.08252173299999999], [56.637238], [18.1991929], [0.006238056038542777]]
[1900.0, 1800.0, 0.003682, [0.002220010415], [0.223889134], [0.05566596], [0.00022897657270450178]]
[1900.0, 800.0, 0.00293, [0.072332575], [56.637238], [18.1991929], [0.005847743021029567]]
[1900.0, 1300.0, 0.003669, [0.090580224], [56.637238], [18.1991929], [0.006537066475109458]]
[1900.0, 1000.0, 0.003496, [0.086318106], [56.637238], [18.1991929], [0.00638081792954477]]
[1900.0, 1900.0, 0.003186, [0.07866690300000001], [56.637238], [18.1991929], [0.006105734260512817]]
[1900.0, 1200.0, 0.003708, [0.09153939900000001], [56.637238], [18.1991929], [0.006589150084798494]]
[1900.0, 100.0, 0.001572, [0.00094275706], [0.223889134], [0.05566596], [0.00014906298126127763]]
[1900.0, 2000.0, 0.003448, [0.085120693], [56.637238], [18.1991929], [0.0063269702425410536]]
[1900.0, 1100.0, 0.003364, [0.0023447345250000003], [0.299048666], [0.074228532], [7.467155884103399e-05]]
[1900.0, 900.0, 0.003309, [0.081688292], [56.637238], [18.1991929], [0.006192772294376727]]
[1900.0, 200.0, 0.001764, [0.0435504748], [56.637238], [18.1991929], [0.004540451155557121]]
[1900.0, 400.0, 0.001682, [0.041515886999999994], [56.637238], [18.1991929], [0.004425608550131835]]
[1900.0, 700.0, 0.002481, [0.061249608], [56.637238], [18.1991929], [0.005371944440330708]]
[1900.0, 1400.0, 0.003664, [0.09045110899999999], [56.637238], [18.1991929], [0.006544813542798602]]
[2000.0, 1500.0, 0.002351, [0.058042067999999995], [56.637238], [18.1991929], [0.004290593444035451]]
[2000.0, 1200.0, 0.002364, [0.058369633000000004], [56.637238], [18.1991929], [0.004303067179117705]]
[2000.0, 1300.0, 0.002301, [0.056797566], [56.637238], [18.1991929], [0.004233441200725481]]
[2000.0, 300.0, 0.001033, [0.025490353700000003], [56.637238], [18.1991929], [0.002849907989216494]]
[2000.0, 900.0, 0.002028, [0.050067318], [56.637238], [18.1991929], [0.003983142457909333]]
[2000.0, 1900.0, 0.002499, [0.061695115999999994], [56.637238], [18.1991929], [0.004429452563918029]]
[2000.0, 1600.0, 0.00231, [0.05703551], [56.637238], [18.1991929], [0.004251174315997875]]
[2000.0, 500.0, 0.00126, [0.0311037594], [56.637238], [18.1991929], [0.0031260456231475575]]
[2000.0, 600.0, 0.001542, [0.0380541448], [56.637238], [18.1991929], [0.003459467669309832]]
[2000.0, 200.0, 0.001066, [0.0263098003], [56.637238], [18.1991929], [0.0028878755998138148]]
[2000.0, 1800.0, 0.002262, [0.055827905000000004], [56.637238], [18.1991929], [0.00422019224111888]]
[2000.0, 2000.0, 0.002418, [0.059702776], [56.637238], [18.1991929], [0.004342738168483106]]
[2000.0, 400.0, 0.001343, [0.033141297], [56.637238], [18.1991929], [0.003234259466864092]]
[2000.0, 1100.0, 0.002615, [0.064551081], [56.637238], [18.1991929], [0.004530597076214128]]
[2000.0, 100.0, 0.000953, [0.0235141935], [56.637238], [18.1991929], [0.0027334692930413543]]
[2000.0, 1400.0, 0.002286, [0.056421246], [56.637238], [18.1991929], [0.004228951238191332]]
[2000.0, 1700.0, 0.002254, [0.055632983000000004], [56.637238], [18.1991929], [0.004193493173000285]]
[2000.0, 700.0, 0.001735, [0.0428271858], [56.637238], [18.1991929], [0.003672400447255174]]
[2000.0, 1000.0, 0.002616, [0.064579844], [56.637238], [18.1991929], [0.00453261680390037]]
[2000.0, 800.0, 0.00205, [0.050604553999999996], [56.637238], [18.1991929], [0.004013201708112863]]
[2100.0, 200.0, 0.00086, [0.021231455], [56.637238], [18.1991929], [0.0021231457429955205]]
[2100.0, 100.0, 0.000827, [0.0204199219], [56.637238], [18.1991929], [0.0020840996679621637]]
[2100.0, 400.0, 0.000934, [0.0230621342], [56.637238], [18.1991929], [0.002208951847596502]]
[2100.0, 1400.0, 0.001603, [0.039581749199999995], [56.637238], [18.1991929], [0.0028945042829472546]]
[2100.0, 500.0, 0.00099, [0.0244369223], [56.637238], [18.1991929], [0.0022787544696610033]]
[2100.0, 800.0, 0.001171, [0.0289003176], [56.637238], [18.1991929], [0.002469120647923062]]
[2100.0, 300.0, 0.000862, [0.021274334899999997], [56.637238], [18.1991929], [0.0021274336269317545]]
[2100.0, 600.0, 0.001121, [0.0276638712], [56.637238], [18.1991929], [0.0024262818941747063]]
[2100.0, 700.0, 0.001038, [0.025626054300000003], [56.637238], [18.1991929], [0.0023296410888804307]]
[2100.0, 1000.0, 0.001656, [0.0408872562], [56.637238], [18.1991929], [0.0029431290265633956]]
[2100.0, 1700.0, 0.001589, [0.039222417499999995], [56.637238], [18.1991929], [0.002891514869406692]]
[2100.0, 1800.0, 0.001772, [0.043744308999999995], [56.637238], [18.1991929], [0.0030478106350296766]]
[2100.0, 1900.0, 0.00161, [0.039754141], [56.637238], [18.1991929], [0.002899369376950788]]
[2100.0, 900.0, 0.001505, [0.0371619381], [56.637238], [18.1991929], [0.002809178589730457]]
[2100.0, 2000.0, 0.001619, [0.039969309800000005], [56.637238], [18.1991929], [0.002915061437602988]]
[2100.0, 1200.0, 0.00184, [0.0454126463], [56.637238], [18.1991929], [0.0030971163129595246]]
[2100.0, 1500.0, 0.001773, [0.043777776], [56.637238], [18.1991929], [0.0030427654640146026]]
[2100.0, 1100.0, 0.001828, [0.045122654500000005], [56.637238], [18.1991929], [0.003084521004629406]]
[2100.0, 1300.0, 0.001786, [0.044086329], [56.637238], [18.1991929], [0.0030568366354779245]]
[2100.0, 1600.0, 0.001804, [0.044528750000000006], [56.637238], [18.1991929], [0.0030654855846994292]]
[2200.0, 1700.0, 0.001167, [0.0288137836], [56.637238], [18.1991929], [0.002027330810696666]]
[2200.0, 1100.0, 0.001087, [0.026843287799999997], [56.637238], [18.1991929], [0.0019474168331407634]]
[2200.0, 200.0, 0.000499, [0.0123241076], [56.637238], [18.1991929], [0.0013212830692550328]]
[2200.0, 1800.0, 0.001262, [0.0311493588], [56.637238], [18.1991929], [0.002104878827628802]]
[2200.0, 900.0, 0.000983, [0.0242578126], [56.637238], [18.1991929], [0.0018550412467112423]]
[2200.0, 1000.0, 0.001005, [0.0248172358], [56.637238], [18.1991929], [0.0018760064514814442]]
[2200.0, 1300.0, 0.001108, [0.027351030699999997], [56.637238], [18.1991929], [0.0019636892903410154]]
[2200.0, 1900.0, 0.001266, [0.031253885599999996], [56.637238], [18.1991929], [0.002102363829597532]]
[2200.0, 1400.0, 0.001055, [0.026045538400000002], [56.637238], [18.1991929], [0.0019201029985394013]]
[2200.0, 1600.0, 0.001151, [0.028406373099999997], [56.637238], [18.1991929], [0.0019986654922722813]]
[2200.0, 800.0, 0.000854, [0.021088972799999998], [56.637238], [18.1991929], [0.0017335026896431397]]
[2200.0, 400.0, 0.000617, [0.015218596400000001], [56.637238], [18.1991929], [0.0014644101502994302]]
[2200.0, 600.0, 0.000593, [0.014645193499999999], [56.637238], [18.1991929], [0.0014430338606907323]]
[2200.0, 2000.0, 0.001124, [0.0277546486], [56.637238], [18.1991929], [0.0019774368750986714]]
[2200.0, 500.0, 0.000646, [0.015943718], [56.637238], [18.1991929], [0.0014998587043451794]]
[2200.0, 700.0, 0.000641, [0.015822614500000002], [56.637238], [18.1991929], [0.0014950964760509604]]
[2200.0, 300.0, 0.000538, [0.0132686904], [56.637238], [18.1991929], [0.0013685607894426905]]
[2200.0, 1200.0, 0.001002, [0.0247250668], [56.637238], [18.1991929], [0.0018637219406338488]]
[2200.0, 1500.0, 0.001178, [0.029088879400000003], [56.637238], [18.1991929], [0.002036628869971159]]
[2200.0, 100.0, 0.000591, [0.0145885446], [56.637238], [18.1991929], [0.0014374518935950519]]
[2300.0, 700.0, 0.000458, [0.01131557], [56.637238], [18.1991929], [0.0010329654425487815]]
[2300.0, 100.0, 0.000275, [0.0067780867], [56.637238], [18.1991929], [0.0007988052077947415]]
[2300.0, 1800.0, 0.000841, [0.020751779300000002], [56.637238], [18.1991929], [0.001395915660203008]]
[2300.0, 1000.0, 0.000634, [0.015653353800000002], [56.637238], [18.1991929], [0.0012149358059584876]]
[2300.0, 1500.0, 0.000724, [0.0178682616], [56.637238], [18.1991929], [0.0012963000703926542]]
[2300.0, 1200.0, 0.000848, [0.0209217946], [56.637238], [18.1991929], [0.0014073520820675968]]
[2300.0, 500.0, 0.000388, [0.009568573], [56.637238], [18.1991929], [0.0009521087099696126]]
[2300.0, 1900.0, 0.000742, [0.0183068557], [56.637238], [18.1991929], [0.0013143557451466479]]
[2300.0, 1300.0, 0.000702, [0.0173318194], [56.637238], [18.1991929], [0.0012777188549520585]]
[2300.0, 1600.0, 0.000712, [0.0175853405], [56.637238], [18.1991929], [0.0012859676356736201]]
[2300.0, 1700.0, 0.000751, [0.018536200200000002], [56.637238], [18.1991929], [0.0013173102987527273]]
[2300.0, 1400.0, 0.000733, [0.0180843908], [56.637238], [18.1991929], [0.0013051284986161326]]
[2300.0, 1100.0, 0.000824, [0.0203497392], [56.637238], [18.1991929], [0.0013878406421848296]]
[2300.0, 900.0, 0.000676, [0.0166904486], [56.637238], [18.1991929], [0.0012545308193504057]]
[2300.0, 2000.0, 0.000755, [0.0186450635], [56.637238], [18.1991929], [0.0013250471605946712]]
[2300.0, 300.0, 0.00039, [0.009614343899999999], [56.637238], [18.1991929], [0.0009519618054838125]]
[2300.0, 200.0, 0.000391, [0.009652696200000001], [56.637238], [18.1991929], [0.0009557592878962778]]
[2300.0, 400.0, 0.000408, [0.0100617776], [56.637238], [18.1991929], [0.0009772859292448653]]
[2300.0, 800.0, 0.000471, [0.0116274403], [56.637238], [18.1991929], [0.0010484110811127476]]
[2300.0, 600.0, 0.000358, [0.0088414571], [56.637238], [18.1991929], [0.0009119267295128485]]
[2400.0, 1200.0, 0.000512, [0.0126282163], [56.637238], [18.1991929], [0.0008885182308765533]]
[2400.0, 1500.0, 0.000527, [0.0129997049], [56.637238], [18.1991929], [0.0009013672199497827]]
[2400.0, 1100.0, 0.000453, [0.0111865383], [56.637238], [18.1991929], [0.0008361209300095291]]
[2400.0, 1600.0, 0.000545, [0.013460839], [56.637238], [18.1991929], [0.0009180216366186584]]
[2400.0, 400.0, 0.00028, [0.0069227151], [56.637238], [18.1991929], [0.0006570750184720159]]
[2400.0, 1300.0, 0.00056, [0.0138231646], [56.637238], [18.1991929], [0.0009298466250409258]]
[2400.0, 200.0, 0.000243, [0.0059874864], [56.637238], [18.1991929], [0.0006110954215177856]]
[2400.0, 1700.0, 0.000482, [0.011906676599999999], [56.637238], [18.1991929], [0.0008638010692862101]]
[2400.0, 2000.0, 0.000497, [0.012262470499999999], [56.637238], [18.1991929], [0.0008781335921145484]]
[2400.0, 600.0, 0.000259, [0.006404255899999999], [56.637238], [18.1991929], [0.000634115662162669]]
[2400.0, 1900.0, 0.000485, [0.011972165100000001], [56.637238], [18.1991929], [0.0008640167373957521]]
[2400.0, 700.0, 0.000325, [0.0080107209], [56.637238], [18.1991929], [0.0007080544082907753]]
[2400.0, 100.0, 0.000211, [0.0052042508], [56.637238], [18.1991929], [0.0005712408147182762]]
[2400.0, 1800.0, 0.000511, [0.0126198863], [56.637238], [18.1991929], [0.0008879320542136092]]
[2400.0, 500.0, 0.000239, [0.0058930928], [56.637238], [18.1991929], [0.0006078263852449975]]
[2400.0, 900.0, 0.000347, [0.0085675765], [56.637238], [18.1991929], [0.0007319775087391689]]
[2400.0, 1400.0, 0.000554, [0.0136868809], [56.637238], [18.1991929], [0.0009248736695354669]]
[2400.0, 800.0, 0.00035, [0.0086319233], [56.637238], [18.1991929], [0.0007347979288892968]]
[2400.0, 300.0, 0.000238, [0.0058816366], [56.637238], [18.1991929], [0.0006066445390836384]]
[2400.0, 1000.0, 0.00037, [0.0091253827], [56.637238], [18.1991929], [0.0007552222661574538]]
[2500.0, 400.0, 0.00014, [0.0034436567899999997], [56.637238], [18.1991929], [0.00037799042737878956]]
[2500.0, 1300.0, 0.00034, [0.0083927543], [56.637238], [18.1991929], [0.000589055818747256]]
[2500.0, 500.0, 0.000146, [0.00359618448], [56.637238], [18.1991929], [0.0003855514799349109]]
[2500.0, 900.0, 0.000237, [0.0058608459], [56.637238], [18.1991929], [0.0004935723081778393]]
[2500.0, 1400.0, 0.000376, [0.0092695113], [56.637238], [18.1991929], [0.0006193452688121546]]
[2500.0, 200.0, 0.000143, [0.00352163931], [56.637238], [18.1991929], [0.00038197538207324305]]
[2500.0, 1900.0, 0.000362, [0.0089468071], [56.637238], [18.1991929], [0.0006073488230827487]]
[2500.0, 1000.0, 0.000307, [0.007587008100000001], [56.637238], [18.1991929], [0.0005608475442577957]]
[2500.0, 1800.0, 0.000351, [0.0086643221], [56.637238], [18.1991929], [0.0005993236852486309]]
[2500.0, 1700.0, 0.000324, [0.0080055612], [56.637238], [18.1991929], [0.0005747658226617167]]
[2500.0, 800.0, 0.000242, [0.0059632999999999995], [56.637238], [18.1991929], [0.0004969416599561763]]
[2500.0, 700.0, 0.000201, [0.004971687], [56.637238], [18.1991929], [0.0004538508714434731]]
[2500.0, 1600.0, 0.000305, [0.0075312706], [56.637238], [18.1991929], [0.0005567275547339112]]
[2500.0, 1100.0, 0.00029, [0.0071702043], [56.637238], [18.1991929], [0.0005451408008945946]]
[2500.0, 600.0, 0.000172, [0.0042421946000000006], [56.637238], [18.1991929], [0.0004179958491420698]]
[2500.0, 300.0, 0.000149, [0.00368907966], [56.637238], [18.1991929], [0.0003910416441378079]]
[2500.0, 2000.0, 0.000318, [0.0078590757], [56.637238], [18.1991929], [0.0005716637033256528]]
[2500.0, 1200.0, 0.00035, [0.008644825], [56.637238], [18.1991929], [0.0005979750891132506]]
[2500.0, 100.0, 0.000146, [8.692991999999999e-05], [0.223889134], [0.05566596], [1.3413576597052705e-05]]
[2500.0, 1500.0, 0.000354, [0.0087470635], [56.637238], [18.1991929], [0.0005993389085484106]]
[2600.0, 800.0, 0.000151, [0.0037340606800000003], [56.637238], [18.1991929], [0.00032019308609025274]]
[2600.0, 2000.0, 0.000232, [0.0057322062], [56.637238], [18.1991929], [0.0003955599470497487]]
[2600.0, 900.0, 0.000144, [0.0035578258100000004], [56.637238], [18.1991929], [0.00031204194911902474]]
[2600.0, 1000.0, 0.000184, [0.004543348599999999], [56.637238], [18.1991929], [0.00035263223719620416]]
[2600.0, 200.0, 0.000111, [0.00275176895], [56.637238], [18.1991929], [0.0002738111932701072]]
[2600.0, 1100.0, 0.000194, [0.0047950322], [56.637238], [18.1991929], [0.00036247042482111556]]
[2600.0, 1500.0, 0.000238, [0.0058634772], [56.637238], [18.1991929], [0.0003998859949035475]]
[2600.0, 700.0, 0.000132, [0.0032550734300000003], [56.637238], [18.1991929], [0.00029839209716411727]]
[2600.0, 1800.0, 0.000233, [0.005744059300000001], [56.637238], [18.1991929], [0.0003954372254606286]]
[2600.0, 1600.0, 0.000222, [0.0054821004], [56.637238], [18.1991929], [0.0003866774389850021]]
[2600.0, 1400.0, 0.000234, [0.0057639679999999995], [56.637238], [18.1991929], [0.0003968079479672755]]
[2600.0, 1300.0, 0.000238, [0.0058696071], [56.637238], [18.1991929], [0.00039937615251789887]]
[2600.0, 600.0, 0.00012, [0.0029531271000000003], [56.637238], [18.1991929], [0.0002841647685058794]]
[2600.0, 1700.0, 0.000233, [0.0057457841], [56.637238], [18.1991929], [0.000395556274757461]]
[2600.0, 400.0, 9.2e-05, [0.0022603357], [56.637238], [18.1991929], [0.00024810403763340894]]
[2600.0, 300.0, 0.00011, [6.561592450000001e-05], [0.223889134], [0.05566596], [9.470842524559258e-06]]
[2600.0, 1900.0, 0.000245, [0.00014635079899999999], [0.223889134], [0.05566596], [1.4148265294727832e-05]]
[2600.0, 1200.0, 0.000217, [0.0053677001], [56.637238], [18.1991929], [0.0003824326791737338]]
[2600.0, 100.0, 0.000116, [0.00286374032], [56.637238], [18.1991929], [0.000279472435367068]]
[2600.0, 500.0, 0.000121, [0.0029885541], [56.637238], [18.1991929], [0.00028494744985698675]]
[2700.0, 1400.0, 0.000154, [0.00379408029], [56.637238], [18.1991929], [0.0002605784802319639]]
[2700.0, 1000.0, 0.000117, [0.0028979433], [56.637238], [18.1991929], [0.00022768391904128847]]
[2700.0, 800.0, 9.2e-05, [0.00227330943], [56.637238], [18.1991929], [0.00020172360325455225]]
[2700.0, 900.0, 0.000116, [0.0028634326], [56.637238], [18.1991929], [0.00022637421962317175]]
[2700.0, 600.0, 8.2e-05, [0.00202160966], [56.637238], [18.1991929], [0.00019017701078206063]]
[2700.0, 1100.0, 0.000128, [0.00316083712], [56.637238], [18.1991929], [0.00023825707718764621]]
[2700.0, 1300.0, 0.000156, [0.0038460913399999998], [56.637238], [18.1991929], [0.0002623012610339493]]
[2700.0, 400.0, 6.2e-05, [0.0015379742700000001], [56.637238], [18.1991929], [0.00016584404520512638]]
[2700.0, 1700.0, 0.00014, [0.00344626065], [56.637238], [18.1991929], [0.0002493626320441778]]
[2700.0, 100.0, 6.2e-05, [0.00152281367], [56.637238], [18.1991929], [0.0001651723061533016]]
[2700.0, 2000.0, 0.000161, [0.00396996628], [56.637238], [18.1991929], [0.00026644670846156084]]
[2700.0, 1200.0, 0.000149, [0.00367660083], [56.637238], [18.1991929], [0.0002561609213365692]]
[2700.0, 700.0, 8.6e-05, [0.00211565928], [56.637238], [18.1991929], [0.00019394216093980186]]
[2700.0, 300.0, 8e-05, [0.00197180998], [56.637238], [18.1991929], [0.00018715594740750295]]
[2700.0, 1800.0, 0.000167, [0.00411455597], [56.637238], [18.1991929], [0.0002713057919396488]]
[2700.0, 200.0, 7.6e-05, [0.00187690188], [56.637238], [18.1991929], [0.00018316688944784753]]
[2700.0, 1500.0, 0.000149, [8.87106045e-05], [0.223889134], [0.05566596], [8.915751639654394e-06]]
[2700.0, 500.0, 7.3e-05, [0.00179740134], [56.637238], [18.1991929], [0.0001797401887447546]]
[2700.0, 1900.0, 0.000143, [0.00352492378], [56.637238], [18.1991929], [0.00025050542545022853]]
[2700.0, 1600.0, 0.000147, [0.0036355471599999996], [56.637238], [18.1991929], [0.00025516540049544336]]
[2800.0, 1500.0, 0.000108, [0.00266671475], [56.637238], [18.1991929], [0.0001762214679884378]]
[2800.0, 200.0, 4.7e-05, [0.00117174974], [56.637238], [18.1991929], [0.00011659345874447673]]
[2800.0, 400.0, 4.8e-05, [0.00117454666], [56.637238], [18.1991929], [0.00011745467625003271]]
[2800.0, 900.0, 6.7e-05, [0.00165217514], [56.637238], [18.1991929], [0.00013864742872841168]]
[2800.0, 600.0, 5.5e-05, [0.00135153515], [56.637238], [18.1991929], [0.00012548689533572818]]
[2800.0, 1200.0, 7.9e-05, [0.00195992552], [56.637238], [18.1991929], [0.0001512115547436769]]
[2800.0, 1000.0, 6.1e-05, [0.0014964722499999999], [56.637238], [18.1991929], [0.00013227068749348814]]
[2800.0, 1400.0, 0.0001, [0.00246731905], [56.637238], [18.1991929], [0.0001690578824249257]]
[2800.0, 800.0, 5.5e-05, [0.00135307375], [56.637238], [18.1991929], [0.0001256297315128867]]
[2800.0, 100.0, 4.7e-05, [0.00116547333], [56.637238], [18.1991929], [0.00011654733177125936]]
[2800.0, 1100.0, 7.7e-05, [0.00189202573], [56.637238], [18.1991929], [0.00014865158516141024]]
[2800.0, 1300.0, 8.7e-05, [0.00213939782], [56.637238], [18.1991929], [0.00015814881893330723]]
[2800.0, 2000.0, 9.4e-05, [0.0023218052199999997], [56.637238], [18.1991929], [0.00016417639936970233]]
[2800.0, 500.0, 4.2e-05, [0.00103918367], [56.637238], [18.1991929], [0.0001101532642276206]]
[2800.0, 1900.0, 0.000103, [0.00253775802], [56.637238], [18.1991929], [0.00017187870188013405]]
[2800.0, 1800.0, 9.5e-05, [0.00233891406], [56.637238], [18.1991929], [0.00016497427523708052]]
[2800.0, 300.0, 4.2e-05, [0.00103741722], [56.637238], [18.1991929], [0.00010996598951948734]]
[2800.0, 700.0, 6e-05, [0.00149027081], [56.637238], [18.1991929], [0.00013172258160619235]]
[2800.0, 1600.0, 9.2e-05, [0.00227346525], [56.637238], [18.1991929], [0.00016280621459268684]]
[2800.0, 1700.0, 0.000103, [0.00254018352], [56.637238], [18.1991929], [0.0001724389297693534]]
[2900.0, 1300.0, 5.9e-05, [0.00144973948], [56.637238], [18.1991929], [0.00010462593549402557]]
[2900.0, 900.0, 3.7e-05, [0.00091652099], [56.637238], [18.1991929], [8.332008757796645e-05]]
[2900.0, 1600.0, 6.4e-05, [0.00157271674], [56.637238], [18.1991929], [0.00010878709593972992]]
[2900.0, 2000.0, 6.7e-05, [0.0016593605], [56.637238], [18.1991929], [0.00011187405036915398]]
[2900.0, 1200.0, 5.1e-05, [0.00125542361], [56.637238], [18.1991929], [9.743976188907688e-05]]
[2900.0, 1700.0, 6.4e-05, [0.00157908282], [56.637238], [18.1991929], [0.00010922744081502595]]
[2900.0, 1100.0, 4.9e-05, [0.00120107477], [56.637238], [18.1991929], [9.525145025142661e-05]]
[2900.0, 800.0, 3.6e-05, [0.0008917735399999999], [56.637238], [18.1991929], [8.209442217958538e-05]]
[2900.0, 600.0, 3.1e-05, [0.00076645163], [56.637238], [18.1991929], [7.626476548839576e-05]]
[2900.0, 100.0, 3.4e-05, [0.0008428926100000001], [56.637238], [18.1991929], [7.964587880110307e-05]]
[2900.0, 400.0, 3e-05, [0.0007370041], [56.637238], [18.1991929], [7.483145499053189e-05]]
[2900.0, 1000.0, 4.8e-05, [0.00118162226], [56.637238], [18.1991929], [9.460549929575976e-05]]
[2900.0, 1400.0, 6.2e-05, [0.00153639402], [56.637238], [18.1991929], [0.00010756908518250027]]
[2900.0, 200.0, 3e-05, [0.0007401685199999999], [56.637238], [18.1991929], [7.476833235401201e-05]]
[2900.0, 500.0, 3e-05, [0.00074873911], [56.637238], [18.1991929], [7.525109492226674e-05]]
[2900.0, 1500.0, 6.1e-05, [0.00151727569], [56.637238], [18.1991929], [0.00010728760085862672]]
[2900.0, 1800.0, 6.3e-05, [0.0015583151499999998], [56.637238], [18.1991929], [0.00010857296559457147]]
[2900.0, 300.0, 2.7e-05, [0.0006782579999999999], [56.637238], [18.1991929], [7.14946606328053e-05]]
[2900.0, 700.0, 3.9e-05, [0.0009623781300000001], [56.637238], [18.1991929], [8.539724442275642e-05]]
[2900.0, 1900.0, 6.6e-05, [0.00162348613], [56.637238], [18.1991929], [0.00011123942184765256]]
[3000.0, 1900.0, 4.6e-05, [0.0011274395299999999], [56.637238], [18.1991929], [7.418009322587834e-05]]
[3000.0, 800.0, 2.1e-05, [0.00052505264], [56.637238], [18.1991929], [5.052320593549067e-05]]
[3000.0, 900.0, 2.5e-05, [0.00062714561], [56.637238], [18.1991929], [5.5217108381370356e-05]]
[3000.0, 1600.0, 4.1e-05, [0.00101513153], [56.637238], [18.1991929], [7.038672195805115e-05]]
[3000.0, 700.0, 2.1e-05, [0.00051895312], [56.637238], [18.1991929], [5.0169084972719996e-05]]
[3000.0, 600.0, 2.1e-05, [0.00053054407], [56.637238], [18.1991929], [5.081689811470196e-05]]
[3000.0, 1300.0, 3.5e-05, [0.00086854117], [56.637238], [18.1991929], [6.491780677133201e-05]]
[3000.0, 500.0, 2.1e-05, [0.00051413642], [56.637238], [18.1991929], [5.017458835904885e-05]]
[3000.0, 1500.0, 3.9e-05, [0.00095410056], [56.637238], [18.1991929], [6.815001666177346e-05]]
[3000.0, 1800.0, 4.3e-05, [0.00106047466], [56.637238], [18.1991929], [7.182437316120483e-05]]
[3000.0, 2000.0, 4.1e-05, [0.00102020156], [56.637238], [18.1991929], [7.05687956323473e-05]]
[3000.0, 100.0, 1.9e-05, [0.000477651657], [56.637238], [18.1991929], [4.825010369108029e-05]]
[3000.0, 1400.0, 3.8e-05, [0.00093623712], [56.637238], [18.1991929], [6.756709125750494e-05]]
[3000.0, 1100.0, 2.9e-05, [0.00071038485], [56.637238], [18.1991929], [5.859158480532849e-05]]
[3000.0, 1200.0, 3.5e-05, [0.00085667631], [56.637238], [18.1991929], [6.457441533610661e-05]]
[3000.0, 1000.0, 2.8e-05, [0.00068453245], [56.637238], [18.1991929], [5.764801582882103e-05]]
[3000.0, 400.0, 1.7e-05, [0.00042767410699999996], [56.637238], [18.1991929], [4.559021460247802e-05]]
[3000.0, 300.0, 1.6e-05, [9.2579179e-06], [0.223889134], [0.05566596], [1.5018326140918634e-06]]
[3000.0, 1700.0, 4.5e-05, [0.00112301826], [56.637238], [18.1991929], [7.404963590052283e-05]]
[3000.0, 200.0, 2e-05, [0.00050414973], [56.637238], [18.1991929], [4.943594919691539e-05]]
