[100.0, 1800.0, 0.826304, [71.2891592], [559.22573], [45.9422579], [2.1875663522736857]]
[100.0, 800.0, 0.840939, [73.830946], [559.22573], [45.9422579], [2.2230575842294327]]
[100.0, 500.0, 0.810634, [68.7413944], [559.22573], [45.9422579], [2.1450286026997403]]
[100.0, 1100.0, 0.805649, [67.9643916], [559.22573], [45.9422579], [2.135387393050732]]
[100.0, 600.0, 0.815018, [69.43785100000001], [559.22573], [45.9422579], [2.16045928839217]]
[100.0, 1400.0, 0.824705, [71.0213154], [559.22573], [45.9422579], [2.180374248059264]]
[100.0, 1700.0, 0.817047, [69.7642302], [559.22573], [45.9422579], [2.1632968928928826]]
[100.0, 100.0, 0.823289, [70.785841], [559.22573], [45.9422579], [2.1793159706660252]]
[100.0, 1200.0, 0.87569, [1094.4630200000001], [6401.9333], [698.12554], [110.55747273100388]]
[100.0, 1000.0, 0.838053, [986.16175], [6115.6802], [692.13725], [105.12520849497096]]
[100.0, 2000.0, 0.811513, [68.88019179999999], [559.22573], [45.9422579], [2.1493598519559263]]
[100.0, 400.0, 0.824442, [70.97771519999999], [559.22573], [45.9422579], [2.1841880675436354]]
[100.0, 1600.0, 0.795094, [66.36638400000001], [559.22573], [45.9422579], [2.107134916610704]]
[100.0, 1300.0, 0.823382, [70.80121720000001], [559.22573], [45.9422579], [2.1777260467744792]]
[100.0, 1500.0, 0.822577, [70.6679176], [559.22573], [45.9422579], [2.1756849758179606]]
[100.0, 900.0, 0.815762, [69.5571954], [559.22573], [45.9422579], [2.159994699252755]]
[100.0, 1900.0, 0.832658, [72.372118], [559.22573], [45.9422579], [2.207328774695786]]
[100.0, 200.0, 0.833488, [72.5154234], [559.22573], [45.9422579], [2.20351556254999]]
[100.0, 700.0, 0.817342, [69.811966], [559.22573], [45.9422579], [2.1658184026367495]]
[100.0, 300.0, 0.830533, [72.00658779999999], [559.22573], [45.9422579], [2.201305789843837]]
[200.0, 1800.0, 0.882276, [46.183186], [232.580215], [24.307993500000002], [1.3678282200261844]]
[200.0, 700.0, 0.86015, [43.514499], [232.580215], [24.307993500000002], [1.329035916369456]]
[200.0, 2000.0, 0.872894, [45.006426499999996], [232.580215], [24.307993500000002], [1.3472322552180822]]
[200.0, 1300.0, 0.886339, [46.7161835], [232.580215], [24.307993500000002], [1.3746004418557414]]
[200.0, 1400.0, 0.87301, [45.020759000000005], [232.580215], [24.307993500000002], [1.350082720336054]]
[200.0, 400.0, 0.884993, [46.5381175], [232.580215], [24.307993500000002], [1.3741278811486215]]
[200.0, 1900.0, 0.888002, [46.939011], [232.580215], [24.307993500000002], [1.3811565079671457]]
[200.0, 1700.0, 0.880128, [45.907413999999996], [232.580215], [24.307993500000002], [1.363854067706659]]
[200.0, 500.0, 0.87745, [45.5690445], [232.580215], [24.307993500000002], [1.3598155524739375]]
[200.0, 1500.0, 0.883199, [46.30323599999999], [232.580215], [24.307993500000002], [1.3725876553976435]]
[200.0, 100.0, 0.88076, [45.988018999999994], [232.580215], [24.307993500000002], [1.3632437143629161]]
[200.0, 600.0, 0.874345, [45.1841005], [232.580215], [24.307993500000002], [1.3555905571004838]]
[200.0, 1000.0, 0.889534, [47.1464035], [232.580215], [24.307993500000002], [1.3842662609664373]]
[200.0, 1200.0, 0.886761, [46.772631499999996], [232.580215], [24.307993500000002], [1.3786502887788479]]
[200.0, 300.0, 0.88038, [45.939460000000004], [232.580215], [24.307993500000002], [1.3630026232549959]]
[200.0, 1600.0, 0.878662, [45.721361], [232.580215], [24.307993500000002], [1.3607307499097683]]
[200.0, 900.0, 0.864207, [43.9773285], [232.580215], [24.307993500000002], [1.33448601079217]]
[200.0, 800.0, 0.884417, [46.462265499999994], [232.580215], [24.307993500000002], [1.3724861951036158]]
[200.0, 1100.0, 0.872403, [44.946916], [232.580215], [24.307993500000002], [1.3484751925786398]]
[200.0, 200.0, 0.879218, [45.7916025], [232.580215], [24.307993500000002], [1.3604133246921688]]
[300.0, 2000.0, 0.848718, [14.84647815], [58.226357], [5.8080827], [0.47941780043611226]]
[300.0, 400.0, 0.84069, [14.5394662], [58.226357], [5.8080827], [0.47422507831197624]]
[300.0, 1000.0, 0.815844, [13.66262345], [58.226357], [5.8080827], [0.4603054497016084]]
[300.0, 200.0, 0.840171, [14.5200671], [58.226357], [5.8080827], [0.4740969671913121]]
[300.0, 1600.0, 0.840659, [14.538417599999999], [58.226357], [5.8080827], [0.4759664001008895]]
[300.0, 1300.0, 0.827748, [14.0700707], [58.226357], [5.8080827], [0.4677049358302732]]
[300.0, 800.0, 0.837521, [14.42180495], [58.226357], [5.8080827], [0.4734188702407203]]
[300.0, 700.0, 0.852539, [14.997383450000001], [58.226357], [5.8080827], [0.48353504386962487]]
[300.0, 300.0, 0.840973, [14.55018985], [58.226357], [5.8080827], [0.4760967188502773]]
[300.0, 900.0, 0.83077, [14.17701565], [58.226357], [5.8080827], [0.4686776998908738]]
[300.0, 600.0, 0.8549, [15.092129850000001], [58.226357], [5.8080827], [0.4845790953239729]]
[300.0, 1400.0, 0.836601, [14.387982700000002], [58.226357], [5.8080827], [0.4728184536108971]]
[300.0, 500.0, 0.832364, [14.234110450000001], [58.226357], [5.8080827], [0.4700517030870115]]
[300.0, 1200.0, 0.849825, [14.8899093], [58.226357], [5.8080827], [0.4810710849240474]]
[300.0, 100.0, 0.815122, [13.6386453], [58.226357], [5.8080827], [0.4605443503616129]]
[300.0, 1100.0, 0.827672, [14.06738795], [58.226357], [5.8080827], [0.46735764864822743]]
[300.0, 1900.0, 0.827566, [14.0636615], [58.226357], [5.8080827], [0.46723382106820993]]
[300.0, 1500.0, 0.852291, [14.9874487], [58.226357], [5.8080827], [0.48271317353061743]]
[300.0, 1700.0, 0.854158, [15.06216145], [58.226357], [5.8080827], [0.483119065215812]]
[300.0, 1800.0, 0.815943, [13.6658403], [58.226357], [5.8080827], [0.45937212532433874]]
[400.0, 900.0, 0.710862, [6.0310915], [20.9567463], [2.31092232], [0.20909045551507127]]
[400.0, 1200.0, 0.704404, [5.94271755], [20.9567463], [2.31092232], [0.2071501441286006]]
[400.0, 1500.0, 0.694012, [5.8037094499999995], [20.9567463], [2.31092232], [0.20519212935076236]]
[400.0, 200.0, 0.686907, [5.71072705], [20.9567463], [2.31092232], [0.20266615617808514]]
[400.0, 1600.0, 0.712328, [6.051355450000001], [20.9567463], [2.31092232], [0.20904059870034813]]
[400.0, 500.0, 0.699532, [5.8770747], [20.9567463], [2.31092232], [0.20611796270582533]]
[400.0, 1700.0, 0.690919, [5.7630223], [20.9567463], [2.31092232], [0.2040087357504575]]
[400.0, 300.0, 0.685574, [5.6934815], [20.9567463], [2.31092232], [0.20256495693974316]]
[400.0, 1300.0, 0.704822, [5.94840645], [20.9567463], [2.31092232], [0.2074745435770374]]
[400.0, 1400.0, 0.702941, [5.922924000000001], [20.9567463], [2.31092232], [0.2068374538073315]]
[400.0, 1100.0, 0.718649, [6.13972205], [20.9567463], [2.31092232], [0.2107146852440522]]
[400.0, 800.0, 0.701722, [5.906482049999999], [20.9567463], [2.31092232], [0.20664170582798624]]
[400.0, 100.0, 0.677113, [5.5852993], [20.9567463], [2.31092232], [0.2011496104830929]]
[400.0, 1000.0, 0.698916, [5.86881575], [20.9567463], [2.31092232], [0.2057018599332539]]
[400.0, 400.0, 0.692129, [5.77891055], [20.9567463], [2.31092232], [0.20457121493504407]]
[400.0, 1800.0, 0.69358, [5.7979985], [20.9567463], [2.31092232], [0.20473446659026417]]
[400.0, 2000.0, 0.706148, [5.96642865], [20.9567463], [2.31092232], [0.2074730246803184]]
[400.0, 600.0, 0.715682, [6.0980451], [20.9567463], [2.31092232], [0.20990334071305297]]
[400.0, 700.0, 0.697339, [5.84778985], [20.9567463], [2.31092232], [0.20547038604139525]]
[400.0, 1900.0, 0.691573, [5.77159485], [20.9567463], [2.31092232], [0.20418437286555502]]
[500.0, 1700.0, 0.588649, [2.76412675], [7.791122499999999], [0.8690443999999999], [0.10202574862504073]]
[500.0, 1100.0, 0.582977, [2.276360415], [5.1860277], [0.62919969], [0.09254720556289099]]
[500.0, 300.0, 0.605029, [2.8762951], [7.791122499999999], [0.8690443999999999], [0.10412886228130988]]
[500.0, 1300.0, 0.57885, [2.6987582999999997], [7.791122499999999], [0.8690443999999999], [0.10050699114986977]]
[500.0, 1800.0, 0.561181, [2.5839905], [7.791122499999999], [0.8690443999999999], [0.09851367439345667]]
[500.0, 1400.0, 0.555522, [2.54802695], [7.791122499999999], [0.8690443999999999], [0.09792858710560468]]
[500.0, 600.0, 0.56168, [2.15721716], [5.1860277], [0.62919969], [0.09004051661613233]]
[500.0, 1900.0, 0.560694, [2.5808741], [7.791122499999999], [0.8690443999999999], [0.09832353967895989]]
[500.0, 1200.0, 0.595114, [2.8079351999999997], [7.791122499999999], [0.8690443999999999], [0.10239487687379678]]
[500.0, 800.0, 0.58628, [2.7482066499999998], [7.791122499999999], [0.8690443999999999], [0.1017854556653356]]
[500.0, 1000.0, 0.584469, [2.7360865], [7.791122499999999], [0.8690443999999999], [0.10140605937270218]]
[500.0, 2000.0, 0.562771, [2.5941653499999995], [7.791122499999999], [0.8690443999999999], [0.09882979320528805]]
[500.0, 700.0, 0.574951, [2.67310435], [7.791122499999999], [0.8690443999999999], [0.10024925795236592]]
[500.0, 100.0, 0.51906, [2.3247219450000003], [7.791122499999999], [0.8690443999999999], [0.09321285725424362]]
[500.0, 200.0, 0.576875, [2.685739], [7.791122499999999], [0.8690443999999999], [0.10030079772863225]]
[500.0, 1500.0, 0.58061, [2.7104007000000006], [7.791122499999999], [0.8690443999999999], [0.1006617317305837]]
[500.0, 900.0, 0.588882, [2.7656825], [7.791122499999999], [0.8690443999999999], [0.10159990781245817]]
[500.0, 1600.0, 0.569958, [2.6405217999999997], [7.791122499999999], [0.8690443999999999], [0.09944782080317296]]
[500.0, 500.0, 0.589244, [2.76813005], [7.791122499999999], [0.8690443999999999], [0.10189629231478445]]
[500.0, 400.0, 0.569419, [2.6370207499999996], [7.791122499999999], [0.8690443999999999], [0.09945711554484173]]
[600.0, 200.0, 0.423628, [1.0608375049999998], [2.4049655700000003], [0.37064237], [0.047067057062238335]]
[600.0, 1400.0, 0.454817, [1.16531506], [2.4049655700000003], [0.37064237], [0.04933172189879449]]
[600.0, 1900.0, 0.442395, [1.36257877], [3.79467711], [0.488997607], [0.05340367233159158]]
[600.0, 100.0, 0.432007, [1.088368155], [2.4049655700000003], [0.37064237], [0.04772810031312791]]
[600.0, 800.0, 0.448063, [1.1422152349999999], [2.4049655700000003], [0.37064237], [0.04883758984634684]]
[600.0, 1200.0, 0.449, [1.1454034199999998], [2.4049655700000003], [0.37064237], [0.04888462842755378]]
[600.0, 600.0, 0.452183, [1.156272845], [2.4049655700000003], [0.37064237], [0.04912532872154649]]
[600.0, 1600.0, 0.454245, [1.16334673], [2.4049655700000003], [0.37064237], [0.049292581366266464]]
[600.0, 400.0, 0.443167, [1.125638045], [2.4049655700000003], [0.37064237], [0.04843974672982922]]
[600.0, 500.0, 0.447637, [1.14076606], [2.4049655700000003], [0.37064237], [0.048820281420737424]]
[600.0, 1100.0, 0.457108, [1.4215096], [3.79467711], [0.488997607], [0.05451240640441403]]
[600.0, 300.0, 0.425385, [1.2961046349999998], [3.79467711], [0.488997607], [0.052094841484066345]]
[600.0, 1700.0, 0.456682, [1.171740675], [2.4049655700000003], [0.37064237], [0.049426890454488434]]
[600.0, 1500.0, 0.450857, [1.151735935], [2.4049655700000003], [0.37064237], [0.04897679913234428]]
[600.0, 1800.0, 0.45157, [1.15417785], [2.4049655700000003], [0.37064237], [0.049125066017767345]]
[600.0, 1000.0, 0.444143, [1.12893256], [2.4049655700000003], [0.37064237], [0.04862655668973488]]
[600.0, 2000.0, 0.461493, [1.43934364], [3.79467711], [0.488997607], [0.05491438219856434]]
[600.0, 700.0, 0.440941, [1.35682617], [3.79467711], [0.488997607], [0.0532190982824775]]
[600.0, 1300.0, 0.47665, [1.241905735], [2.4049655700000003], [0.37064237], [0.050913169347429156]]
[600.0, 900.0, 0.412839, [1.2481532350000002], [3.79467711], [0.488997607], [0.05108351641674641]]
[700.0, 2000.0, 0.348926, [0.6657632450000001], [1.3927583600000002], [0.327988752], [0.028570634845939278]]
[700.0, 100.0, 0.300614, [0.553489055], [1.3927583600000002], [0.327988752], [0.026062784017637102]]
[700.0, 1000.0, 0.340253, [0.644964215], [1.3927583600000002], [0.327988752], [0.02804192770210351]]
[700.0, 600.0, 0.329875, [0.62045907], [1.3927583600000002], [0.327988752], [0.027555552013160612]]
[700.0, 1400.0, 0.337889, [0.639344895], [1.3927583600000002], [0.327988752], [0.027929914034955424]]
[700.0, 1900.0, 0.342938, [0.6513714549999999], [1.3927583600000002], [0.327988752], [0.028293777027820093]]
[700.0, 200.0, 0.297262, [0.54600847], [1.3927583600000002], [0.327988752], [0.02585424532837886]]
[700.0, 400.0, 0.332797, [0.712814025], [1.9087754], [0.35448364], [0.02954709141776903]]
[700.0, 1300.0, 0.344231, [0.654466295], [1.3927583600000002], [0.327988752], [0.028321523136123877]]
[700.0, 1100.0, 0.333579, [0.62915804], [1.3927583600000002], [0.327988752], [0.02772402073112773]]
[700.0, 800.0, 0.355306, [0.6812521450000001], [1.3927583600000002], [0.327988752], [0.02889152566497657]]
[700.0, 1500.0, 0.338929, [0.7289458050000001], [1.9087754], [0.35448364], [0.029833767801771202]]
[700.0, 1600.0, 0.31048, [0.575728685], [1.3927583600000002], [0.327988752], [0.026528171902715048]]
[700.0, 1800.0, 0.332737, [0.6271737850000001], [1.3927583600000002], [0.327988752], [0.027609793425522042]]
[700.0, 1200.0, 0.330498, [0.70680148], [1.9087754], [0.35448364], [0.02937367112738889]]
[700.0, 700.0, 0.322354, [0.68567268], [1.9087754], [0.35448364], [0.028923357719151492]]
[700.0, 900.0, 0.33932, [0.642745005], [1.3927583600000002], [0.327988752], [0.028025023006234977]]
[700.0, 300.0, 0.326673, [0.696846885], [1.9087754], [0.35448364], [0.02916214324256707]]
[700.0, 500.0, 0.341888, [0.736784825], [1.9087754], [0.35448364], [0.03005408119540506]]
[700.0, 1700.0, 0.342911, [0.65130653], [1.3927583600000002], [0.327988752], [0.02821121542046709]]
[800.0, 300.0, 0.220862, [0.337916005], [1.0282880300000001], [0.292274857], [0.015807044191593823]]
[800.0, 100.0, 0.215639, [0.32867583], [1.0282880300000001], [0.292274857], [0.017419794617761716]]
[800.0, 1800.0, 0.257738, [0.40536229999999995], [1.0282880300000001], [0.292274857], [0.017316221472942647]]
[800.0, 800.0, 0.257687, [0.4052660149999999], [1.0282880300000001], [0.292274857], [0.01731210636375597]]
[800.0, 400.0, 0.2488, [0.38865942499999995], [1.0282880300000001], [0.292274857], [0.016994887293683356]]
[800.0, 200.0, 0.224241, [0.34393859499999996], [1.0282880300000001], [0.292274857], [0.015966949057349685]]
[800.0, 1700.0, 0.244026, [0.379832565], [1.0282880300000001], [0.292274857], [0.016770021820945853]]
[800.0, 600.0, 0.242242, [0.37655103500000003], [1.0282880300000001], [0.292274857], [0.016706747428808517]]
[800.0, 1600.0, 0.252321, [0.3952095], [1.0282880300000001], [0.292274857], [0.017086395554651076]]
[800.0, 1000.0, 0.237838, [0.36848931000000007], [1.0282880300000001], [0.292274857], [0.016495842904350175]]
[800.0, 1100.0, 0.263937, [0.417085305], [1.0282880300000001], [0.292274857], [0.017546907867912225]]
[800.0, 1500.0, 0.2408, [0.373905035], [1.0282880300000001], [0.292274857], [0.016638557708677757]]
[800.0, 1400.0, 0.243366, [0.378617365], [1.0282880300000001], [0.292274857], [0.016765455797561845]]
[800.0, 1200.0, 0.235036, [0.36338694], [1.0282880300000001], [0.292274857], [0.016416144512339064]]
[800.0, 900.0, 0.232029, [0.35793765], [1.0282880300000001], [0.292274857], [0.01628672766165751]]
[800.0, 1300.0, 0.247647, [0.38652131], [1.0282880300000001], [0.292274857], [0.01696640301375044]]
[800.0, 2000.0, 0.233791, [0.36112828500000005], [1.0282880300000001], [0.292274857], [0.016347506354946004]]
[800.0, 500.0, 0.24271, [0.37741025], [1.0282880300000001], [0.292274857], [0.01672841449076989]]
[800.0, 1900.0, 0.231103, [0.35626479], [1.0282880300000001], [0.292274857], [0.01624426860926647]]
[800.0, 700.0, 0.242296, [0.376649525], [1.0282880300000001], [0.292274857], [0.016744116288266754]]
[900.0, 200.0, 0.129473, [0.20704366900000004], [1.36322116], [0.208233144], [0.0043706953518862415]]
[900.0, 1100.0, 0.141314, [0.227609018], [1.36322116], [0.208233144], [0.0045751132328063744]]
[900.0, 300.0, 0.131859, [0.21116344200000003], [1.36322116], [0.208233144], [0.0043982843268711045]]
[900.0, 1000.0, 0.152564, [0.222393654], [1.0282880300000001], [0.292274857], [0.010150835198396239]]
[900.0, 900.0, 0.149939, [0.21817443549999999], [1.0282880300000001], [0.292274857], [0.01004229268394424]]
[900.0, 1600.0, 0.151076, [0.219999906], [1.0282880300000001], [0.292274857], [0.010073102822616278]]
[900.0, 700.0, 0.150832, [0.21960834699999998], [1.0282880300000001], [0.292274857], [0.010076323114112606]]
[900.0, 1900.0, 0.156611, [0.2289270445], [1.0282880300000001], [0.292274857], [0.010268779786323203]]
[900.0, 500.0, 0.143568, [0.231558859], [1.36322116], [0.208233144], [0.004619182985334095]]
[900.0, 1400.0, 0.144946, [0.210193585], [1.0282880300000001], [0.292274857], [0.009821701347017226]]
[900.0, 1200.0, 0.145801, [0.21155730399999997], [1.0282880300000001], [0.292274857], [0.009853207372475218]]
[900.0, 1500.0, 0.14542, [0.23481226300000002], [1.36322116], [0.208233144], [0.004644514828160203]]
[900.0, 800.0, 0.140832, [0.226766218], [1.36322116], [0.208233144], [0.004566482698204385]]
[900.0, 400.0, 0.150354, [0.21884024750000003], [1.0282880300000001], [0.292274857], [0.010041079234823317]]
[900.0, 100.0, 0.145879, [0.21168078399999998], [1.0282880300000001], [0.292274857], [0.009880412902556248]]
[900.0, 600.0, 0.142162, [0.22909308100000003], [1.36322116], [0.208233144], [0.004594744918926403]]
[900.0, 1800.0, 0.148511, [0.215886503], [1.0282880300000001], [0.292274857], [0.009990035352790298]]
[900.0, 2000.0, 0.143833, [0.232022693], [1.36322116], [0.208233144], [0.004618339030972065]]
[900.0, 1700.0, 0.147395, [0.21410182500000002], [1.0282880300000001], [0.292274857], [0.009971716705261938]]
[900.0, 1300.0, 0.146165, [0.23612301300000002], [1.36322116], [0.208233144], [0.004665879213395906]]
[1000.0, 1600.0, 0.095425, [0.149549568], [1.36322116], [0.208233144], [0.0029563105477943283]]
[1000.0, 1400.0, 0.097977, [0.153777631], [1.36322116], [0.208233144], [0.00299686900247575]]
[1000.0, 1500.0, 0.097273, [0.15260986299999998], [1.36322116], [0.208233144], [0.002981480286870936]]
[1000.0, 700.0, 0.096042, [0.150570875], [1.36322116], [0.208233144], [0.002966661286530702]]
[1000.0, 1900.0, 0.09811, [0.153999209], [1.36322116], [0.208233144], [0.0030017569571835763]]
[1000.0, 1800.0, 0.098765, [0.155085196], [1.36322116], [0.208233144], [0.003012640983257049]]
[1000.0, 500.0, 0.096746, [0.151736487], [1.36322116], [0.208233144], [0.0029803864824884704]]
[1000.0, 1000.0, 0.092467, [0.14466500300000001], [1.36322116], [0.208233144], [0.002909052046285869]]
[1000.0, 200.0, 0.090554, [0.141515332], [1.36322116], [0.208233144], [0.002873148750761088]]
[1000.0, 1100.0, 0.097091, [0.15230915], [1.36322116], [0.208233144], [0.002986453726914248]]
[1000.0, 2000.0, 0.096139, [0.150731938], [1.36322116], [0.208233144], [0.0029658089424303784]]
[1000.0, 1700.0, 0.096551, [0.151414361], [1.36322116], [0.208233144], [0.0029677682397721014]]
[1000.0, 800.0, 0.098709, [0.154993664], [1.36322116], [0.208233144], [0.0030125688561425446]]
[1000.0, 1300.0, 0.096058, [0.150597972], [1.36322116], [0.208233144], [0.002973551586234885]]
[1000.0, 400.0, 0.091702, [0.14340393899999998], [1.36322116], [0.208233144], [0.0028895408436289665]]
[1000.0, 300.0, 0.089275, [0.139413575], [1.36322116], [0.208233144], [0.002858299826470274]]
[1000.0, 600.0, 0.094275, [0.147648858], [1.36322116], [0.208233144], [0.002935997241824317]]
[1000.0, 1200.0, 0.094867, [0.148626849], [1.36322116], [0.208233144], [0.002941520240283925]]
[1000.0, 100.0, 0.088539, [0.138204941], [1.36322116], [0.208233144], [0.002844300801427303]]
[1000.0, 900.0, 0.096066, [0.150610712], [1.36322116], [0.208233144], [0.0029617040616847596]]
[1100.0, 1300.0, 0.06866, [0.0514049935], [0.299048666], [0.074228532], [0.0009825801285391436]]
[1100.0, 1800.0, 0.066851, [0.049944818], [0.299048666], [0.074228532], [0.0009687527399961251]]
[1100.0, 2000.0, 0.065118, [0.0485513315], [0.299048666], [0.074228532], [0.0009560385341344772]]
[1100.0, 700.0, 0.067496, [0.050464487499999995], [0.299048666], [0.074228532], [0.0009720904120759551]]
[1100.0, 900.0, 0.066388, [0.049571879], [0.299048666], [0.074228532], [0.0009658893124991083]]
[1100.0, 200.0, 0.059159, [0.0438016635], [0.299048666], [0.074228532], [0.00090704016338859]]
[1100.0, 1900.0, 0.066719, [0.049838365499999995], [0.299048666], [0.074228532], [0.0009685116812666743]]
[1100.0, 1500.0, 0.0649, [0.048376327999999996], [0.299048666], [0.074228532], [0.0009551886736399256]]
[1100.0, 800.0, 0.066405, [0.04958567249999999], [0.299048666], [0.074228532], [0.0009639649460690985]]
[1100.0, 500.0, 0.067494, [0.05046314], [0.299048666], [0.074228532], [0.0009731482036411515]]
[1100.0, 1700.0, 0.066412, [0.0495909645], [0.299048666], [0.074228532], [0.0009657115620101067]]
[1100.0, 400.0, 0.063797, [0.047492563999999994], [0.299048666], [0.074228532], [0.0009466379610231146]]
[1100.0, 600.0, 0.068772, [0.0514955455], [0.299048666], [0.074228532], [0.0009846708191065682]]
[1100.0, 1400.0, 0.067791, [0.050702456], [0.299048666], [0.074228532], [0.0009746868597144419]]
[1100.0, 100.0, 0.06133, [0.045524675], [0.299048666], [0.074228532], [0.000923324684090055]]
[1100.0, 1100.0, 0.06757, [0.0505243655], [0.299048666], [0.074228532], [0.0009737854707275109]]
[1100.0, 1000.0, 0.065723, [0.049037043999999995], [0.299048666], [0.074228532], [0.0009594839381146514]]
[1100.0, 300.0, 0.061619, [0.045754656500000004], [0.299048666], [0.074228532], [0.0009293276624797091]]
[1100.0, 1200.0, 0.067296, [0.050303497999999995], [0.299048666], [0.074228532], [0.0009726046400002418]]
[1100.0, 1600.0, 0.067435, [0.05041512], [0.299048666], [0.074228532], [0.0009705992802130031]]
[1200.0, 100.0, 0.049809, [0.036479862999999994], [0.299048666], [0.074228532], [0.0006700605775413146]]
[1200.0, 1400.0, 0.056745, [0.0418968375], [0.299048666], [0.074228532], [0.0007157931924620407]]
[1200.0, 1700.0, 0.058401, [0.0432023935], [0.299048666], [0.074228532], [0.0007299411437917444]]
[1200.0, 1800.0, 0.05638, [0.0416095015], [0.299048666], [0.074228532], [0.0007987071395386421]]
[1200.0, 700.0, 0.058404, [0.0432049905], [0.299048666], [0.074228532], [0.0007286341602100466]]
[1200.0, 200.0, 0.050822, [0.0372656025], [0.299048666], [0.074228532], [0.0006766625012515471]]
[1200.0, 1900.0, 0.056627, [0.0418034435], [0.299048666], [0.074228532], [0.0007159761472807597]]
[1200.0, 1200.0, 0.057037, [0.042126378000000006], [0.299048666], [0.074228532], [0.0007187714197330052]]
[1200.0, 1100.0, 0.057865, [0.0427796215], [0.299048666], [0.074228532], [0.0007222825216977079]]
[1200.0, 1300.0, 0.058097, [0.042962073], [0.299048666], [0.074228532], [0.0007258805075733884]]
[1200.0, 2000.0, 0.05842, [0.0432175345], [0.299048666], [0.074228532], [0.0007281212043334544]]
[1200.0, 800.0, 0.057257, [0.0422999115], [0.299048666], [0.074228532], [0.0007205793624924323]]
[1200.0, 1600.0, 0.058034, [0.042912632], [0.299048666], [0.074228532], [0.0007268108654767071]]
[1200.0, 1000.0, 0.059092, [0.043748621], [0.299048666], [0.074228532], [0.0007331255648591174]]
[1200.0, 1500.0, 0.056824, [0.041958945000000004], [0.299048666], [0.074228532], [0.0007160186092553739]]
[1200.0, 300.0, 0.053319, [0.039210045000000006], [0.299048666], [0.074228532], [0.0006951000176233634]]
[1200.0, 600.0, 0.056249, [0.041506454500000005], [0.299048666], [0.074228532], [0.0007121439489843329]]
[1200.0, 500.0, 0.056842, [0.041972959], [0.299048666], [0.074228532], [0.0007181424771067368]]
[1200.0, 900.0, 0.056803, [0.041941819500000005], [0.299048666], [0.074228532], [0.0007160392315369319]]
[1200.0, 400.0, 0.054014, [0.0397536755], [0.299048666], [0.074228532], [0.0006984007232062407]]
[1300.0, 1600.0, 0.043046, [0.031280375], [0.299048666], [0.074228532], [0.0005023054505975422]]
[1300.0, 1700.0, 0.043516, [0.0316392265], [0.299048666], [0.074228532], [0.0005047598787294806]]
[1300.0, 900.0, 0.043007, [0.0312506075], [0.299048666], [0.074228532], [0.000501892292130493]]
[1300.0, 200.0, 0.038953, [0.0281719375], [0.299048666], [0.074228532], [0.00047694276546038513]]
[1300.0, 1800.0, 0.042536, [0.030891560000000002], [0.299048666], [0.074228532], [0.0004981862194250259]]
[1300.0, 1000.0, 0.042423, [0.0308053935], [0.299048666], [0.074228532], [0.0004993353649101974]]
[1300.0, 1400.0, 0.041795, [0.030327275999999997], [0.299048666], [0.074228532], [0.0004947149418857287]]
[1300.0, 1200.0, 0.043097, [0.0313191095], [0.299048666], [0.074228532], [0.0005026039301726559]]
[1300.0, 500.0, 0.040764, [0.0295440355], [0.299048666], [0.074228532], [0.0004866223033318551]]
[1300.0, 100.0, 0.037509, [0.027082839], [0.299048666], [0.074228532], [0.0004665296021422435]]
[1300.0, 1100.0, 0.042444, [0.030820975500000004], [0.299048666], [0.074228532], [0.0004985413489872229]]
[1300.0, 2000.0, 0.042705, [0.03102043], [0.299048666], [0.074228532], [0.0004996153151425604]]
[1300.0, 1300.0, 0.041501, [0.0301039095], [0.299048666], [0.074228532], [0.0004919229069681549]]
[1300.0, 1500.0, 0.043037, [0.031273564000000004], [0.299048666], [0.074228532], [0.0005021962166325031]]
[1300.0, 600.0, 0.042576, [0.030921572499999998], [0.299048666], [0.074228532], [0.0005003650421192512]]
[1300.0, 300.0, 0.039208, [0.028364899500000002], [0.299048666], [0.074228532], [0.00047965975860499285]]
[1300.0, 1900.0, 0.043694, [0.0317751525], [0.299048666], [0.074228532], [0.0005053873159765685]]
[1300.0, 400.0, 0.040899, [0.029646151499999995], [0.299048666], [0.074228532], [0.0004887021700125752]]
[1300.0, 700.0, 0.041863, [0.030379167], [0.299048666], [0.074228532], [0.0004947719042144572]]
[1300.0, 800.0, 0.043261, [0.03144432900000001], [0.299048666], [0.074228532], [0.0005625831671850839]]
[1400.0, 1100.0, 0.027538, [0.019656171150000002], [0.299048666], [0.074228532], [0.00032349538744779653]]
[1400.0, 400.0, 0.024782, [0.01763287785], [0.299048666], [0.074228532], [0.000307042089663616]]
[1400.0, 1500.0, 0.027791, [0.019841993849999996], [0.299048666], [0.074228532], [0.00032598021082574935]]
[1400.0, 1800.0, 0.027397, [0.0195520927], [0.299048666], [0.074228532], [0.0003230097133601403]]
[1400.0, 1600.0, 0.027945, [0.019956024200000002], [0.299048666], [0.074228532], [0.0003266654927062239]]
[1400.0, 1400.0, 0.027972, [0.019975994150000002], [0.299048666], [0.074228532], [0.00032642432281464564]]
[1400.0, 600.0, 0.027495, [0.01962437505], [0.299048666], [0.074228532], [0.0003234542852166284]]
[1400.0, 1700.0, 0.026705, [0.01904323015], [0.299048666], [0.074228532], [0.00031947953029106573]]
[1400.0, 900.0, 0.027318, [0.019493716549999998], [0.299048666], [0.074228532], [0.0003231940044694518]]
[1400.0, 100.0, 0.024896, [0.0177161656], [0.299048666], [0.074228532], [0.000307144902489037]]
[1400.0, 700.0, 0.026767, [0.01908847185], [0.299048666], [0.074228532], [0.00031929629112315103]]
[1400.0, 2000.0, 0.027455, [0.0195948158], [0.299048666], [0.074228532], [0.0003222673973969443]]
[1400.0, 800.0, 0.027855, [0.0198893989], [0.299048666], [0.074228532], [0.00032627506486092376]]
[1400.0, 1300.0, 0.027497, [0.01962546775], [0.299048666], [0.074228532], [0.0003240008981854834]]
[1400.0, 300.0, 0.025243, [0.01797042905], [0.299048666], [0.074228532], [0.0003108066176097285]]
[1400.0, 1200.0, 0.026342, [0.01877637615], [0.299048666], [0.074228532], [0.00031656569361666464]]
[1400.0, 500.0, 0.026197, [0.01867002655], [0.299048666], [0.074228532], [0.00031544594406173615]]
[1400.0, 1000.0, 0.027027, [0.0192802407], [0.299048666], [0.074228532], [0.000321560703328314]]
[1400.0, 200.0, 0.024645, [0.017532878649999997], [0.299048666], [0.074228532], [0.00030557884657646055]]
[1400.0, 1900.0, 0.027384, [0.019542459300000002], [0.299048666], [0.074228532], [0.00032324776720033194]]
[1500.0, 1500.0, 0.015803, [0.01112914705], [0.299048666], [0.074228532], [0.00019879816926973948]]
[1500.0, 1100.0, 0.01611, [0.0113492967], [0.299048666], [0.074228532], [0.00020094331850051646]]
[1500.0, 1800.0, 0.015288, [0.010759775249999999], [0.299048666], [0.074228532], [0.00019524543283390777]]
[1500.0, 400.0, 0.014559, [0.010238606349999999], [0.299048666], [0.074228532], [0.0002139553312200937]]
[1500.0, 200.0, 0.01378, [0.009681723799999998], [0.299048666], [0.074228532], [0.00018550223173185814]]
[1500.0, 500.0, 0.015428, [0.01086015665], [0.299048666], [0.074228532], [0.0001962928165840513]]
[1500.0, 1300.0, 0.016108, [0.011347518000000001], [0.299048666], [0.074228532], [0.00020094334837212203]]
[1500.0, 600.0, 0.014894, [0.01047824575], [0.299048666], [0.074228532], [0.00019288747462575172]]
[1500.0, 1000.0, 0.015876, [0.011181045399999999], [0.299048666], [0.074228532], [0.00019931226592334952]]
[1500.0, 2000.0, 0.015553, [0.010949559599999999], [0.299048666], [0.074228532], [0.00019742560015737572]]
[1500.0, 800.0, 0.015927, [0.011217829700000001], [0.299048666], [0.074228532], [0.00019955625242021357]]
[1500.0, 1700.0, 0.01598, [0.011256172200000001], [0.299048666], [0.074228532], [0.0001999853376687901]]
[1500.0, 1200.0, 0.015627, [0.01100288385], [0.299048666], [0.074228532], [0.00019777718136200647]]
[1500.0, 300.0, 0.014059, [0.009881026400000001], [0.299048666], [0.074228532], [0.00018723603055368376]]
[1500.0, 1400.0, 0.015541, [0.010941163450000001], [0.299048666], [0.074228532], [0.00019682680018864304]]
[1500.0, 100.0, 0.013552, [0.00951923735], [0.299048666], [0.074228532], [0.00018377730730424798]]
[1500.0, 900.0, 0.015995, [0.0112670159], [0.299048666], [0.074228532], [0.00019973714217065387]]
[1500.0, 700.0, 0.015774, [0.0111082706], [0.299048666], [0.074228532], [0.00019820401575775404]]
[1500.0, 1900.0, 0.01575, [0.01109134845], [0.299048666], [0.074228532], [0.00019847156487769226]]
[1500.0, 1600.0, 0.015971, [0.011249272999999999], [0.299048666], [0.074228532], [0.00019967375245009045]]
