[200.0, 1800.0, 1.0, [456.25422000000003], [521.18], [73.278736], [17.110877785782936]]
[200.0, 700.0, 1.0, [413.42776], [521.18], [73.278736], [16.26610344243513]]
[200.0, 2000.0, 1.0, [369.77306999999996], [636.1800000000001], [60.947838000000004], [15.420596953425635]]
[200.0, 1300.0, 1.0, [250.78969999999998], [415.564], [38.7308546], [12.715545371709386]]
[200.0, 1400.0, 1.0, [299.00275999999997], [504.62], [48.720946], [13.851036542439704]]
[200.0, 400.0, 1.0, [438.2167], [521.18], [73.278736], [16.829609374551744]]
[200.0, 1900.0, 1.0, [295.6834], [504.62], [48.720946], [13.801324353119158]]
[200.0, 1700.0, 1.0, [354.01186], [636.1800000000001], [60.947838000000004], [15.108860883600721]]
[200.0, 500.0, 1.0, [279.68], [371.91], [47.126585999999996], [13.409629230519387]]
[200.0, 1500.0, 1.0, [362.59155], [636.1800000000001], [60.947838000000004], [15.267860131662196]]
[200.0, 100.0, 1.0, [211.104189], [341.504], [32.5445676], [11.656278827310196]]
[200.0, 600.0, 1.0, [221.89831900000001], [341.504], [32.5445676], [11.946606057788966]]
[200.0, 1000.0, 1.0, [296.37271000000004], [504.62], [48.720946], [13.833491442871537]]
[200.0, 1200.0, 1.0, [293.2201], [504.62], [48.720946], [13.76150372234081]]
[200.0, 300.0, 1.0, [367.17775], [636.1800000000001], [60.947838000000004], [15.420013761342757]]
[200.0, 1600.0, 1.0, [419.25389], [521.18], [73.278736], [16.41925362189159]]
[200.0, 900.0, 1.0, [244.22066999999998], [415.564], [38.7308546], [12.544776462735395]]
[200.0, 800.0, 1.0, [244.29380999999998], [415.564], [38.7308546], [12.532003311522065]]
[200.0, 1100.0, 1.0, [244.18571], [415.564], [38.7308546], [12.542975719501333]]
[200.0, 200.0, 1.0, [430.08022], [803.62], [74.306744], [16.640300517118074]]
[300.0, 2000.0, 1.0, [645.49477], [516.58], [54.743863999999995], [12.36997434516337]]
[300.0, 400.0, 1.0, [664.83915], [516.58], [54.743863999999995], [12.519646009372629]]
[300.0, 1000.0, 1.0, [302.97026], [695.0600000000001], [49.81823000000001], [8.461668428862005]]
[300.0, 200.0, 1.0, [654.62692], [516.58], [54.743863999999995], [12.442591860219478]]
[300.0, 1600.0, 1.0, [299.93471999999997], [695.0600000000001], [49.81823000000001], [8.432990068771575]]
[300.0, 1300.0, 1.0, [299.70771], [695.0600000000001], [49.81823000000001], [8.413313859591831]]
[300.0, 800.0, 1.0, [661.11844], [516.58], [54.743863999999995], [12.502896044517046]]
[300.0, 700.0, 1.0, [643.75022], [516.58], [54.743863999999995], [12.304957009270696]]
[300.0, 300.0, 1.0, [639.4455399999999], [516.58], [54.743863999999995], [12.27435248801337]]
[300.0, 900.0, 1.0, [679.0087599999999], [516.58], [54.743863999999995], [12.661375703295436]]
[300.0, 600.0, 1.0, [642.60367], [516.58], [54.743863999999995], [12.285281584074497]]
[300.0, 1400.0, 1.0, [633.7470599999999], [516.58], [54.743863999999995], [12.244179127242463]]
[300.0, 500.0, 1.0, [635.48241], [516.58], [54.743863999999995], [12.225336236684862]]
[300.0, 1200.0, 1.0, [202.706751], [265.144], [32.7027662], [6.928374259521493]]
[300.0, 100.0, 1.0, [620.1646400000001], [516.58], [54.743863999999995], [12.11591667600929]]
[300.0, 1100.0, 1.0, [654.07124], [516.58], [54.743863999999995], [12.418575196052082]]
[300.0, 1900.0, 1.0, [307.00331], [695.0600000000001], [49.81823000000001], [8.504929164901965]]
[300.0, 1500.0, 1.0, [200.03258699999998], [265.144], [32.7027662], [6.853003518166323]]
[300.0, 1700.0, 1.0, [300.66888], [695.0600000000001], [49.81823000000001], [8.390849521949491]]
[300.0, 1800.0, 1.0, [638.4500999999999], [516.58], [54.743863999999995], [12.246224675384655]]
[400.0, 900.0, 1.0, [275.69663], [235.704], [28.113567], [5.441499125241131]]
[400.0, 1200.0, 1.0, [280.59678], [235.704], [28.113567], [5.484004555067401]]
[400.0, 1500.0, 1.0, [276.23920000000004], [235.704], [28.113567], [5.441617727293971]]
[400.0, 200.0, 1.0, [276.69], [235.704], [28.113567], [5.450496791119136]]
[400.0, 1600.0, 1.0, [274.75386], [235.704], [28.113567], [5.448421352098239]]
[400.0, 500.0, 1.0, [276.49657], [235.704], [28.113567], [5.448801940793958]]
[400.0, 1700.0, 1.0, [290.61350999999996], [235.704], [28.113567], [5.5866564428108525]]
[400.0, 300.0, 1.0, [283.20245], [235.704], [28.113567], [5.526492244634023]]
[400.0, 1300.0, 1.0, [282.97889], [235.704], [28.113567], [5.512692183498005]]
[400.0, 1400.0, 1.0, [276.47357], [235.704], [28.113567], [5.464288864985086]]
[400.0, 1100.0, 1.0, [281.34198], [235.704], [28.113567], [5.514390420527005]]
[400.0, 800.0, 1.0, [280.13149], [235.704], [28.113567], [5.5033636596176345]]
[400.0, 100.0, 1.0, [267.38167], [235.704], [28.113567], [5.375660946339529]]
[400.0, 1000.0, 1.0, [285.13376], [235.704], [28.113567], [5.553616120150905]]
[400.0, 400.0, 1.0, [285.65356], [235.704], [28.113567], [5.550071091436577]]
[400.0, 1800.0, 1.0, [279.44793], [235.704], [28.113567], [5.4835902335969635]]
[400.0, 2000.0, 1.0, [283.17439], [235.704], [28.113567], [5.530158090868651]]
[400.0, 600.0, 1.0, [288.34617000000003], [235.704], [28.113567], [5.5761359569149676]]
[400.0, 700.0, 1.0, [275.93146], [235.704], [28.113567], [5.463185114930666]]
[400.0, 1900.0, 1.0, [276.93863], [235.704], [28.113567], [5.460697955389952]]
[500.0, 1700.0, 1.0, [56.449728], [40.6456], [3.71427414], [1.7718575131764969]]
[500.0, 1100.0, 0.999999, [63.052384], [65.918], [5.114073], [1.874037685320122]]
[500.0, 300.0, 1.0, [58.045169], [40.6456], [3.71427414], [1.793877476585288]]
[500.0, 1300.0, 1.0, [64.476544], [65.918], [5.114073], [1.893096733397425]]
[500.0, 1800.0, 1.0, [54.100232], [40.6456], [3.71427414], [1.7299347216007892]]
[500.0, 1400.0, 1.0, [59.38593099999999], [40.6456], [3.71427414], [1.812941499056161]]
[500.0, 600.0, 1.0, [54.361834], [40.6456], [3.71427414], [1.7400797407015576]]
[500.0, 1900.0, 1.0, [56.973392000000004], [40.6456], [3.71427414], [1.7804182488954667]]
[500.0, 1200.0, 1.0, [59.552910999999995], [40.6456], [3.71427414], [1.8197355230911991]]
[500.0, 800.0, 1.0, [64.480914], [65.918], [5.114073], [1.9014383915867483]]
[500.0, 1000.0, 1.0, [56.858921], [40.6456], [3.71427414], [1.775108649632467]]
[500.0, 2000.0, 1.0, [64.43153300000002], [65.918], [5.114073], [1.8966864619646548]]
[500.0, 700.0, 1.0, [63.667404000000005], [65.918], [5.114073], [1.8782661001572702]]
[500.0, 100.0, 1.0, [53.219194], [40.6456], [3.71427414], [1.7230348339485189]]
[500.0, 200.0, 1.0, [53.934839000000004], [40.6456], [3.71427414], [1.7362236733785197]]
[500.0, 1500.0, 1.0, [64.23653900000001], [65.918], [5.114073], [1.8925873921697778]]
[500.0, 900.0, 1.0, [55.822472], [40.6456], [3.71427414], [1.7599890954207644]]
[500.0, 1600.0, 1.0, [58.127532], [40.6456], [3.71427414], [1.7972811341022863]]
[500.0, 500.0, 1.0, [65.701984], [65.918], [5.114073], [1.911848904333185]]
[500.0, 400.0, 1.0, [55.478576], [40.6456], [3.71427414], [1.7570240291470118]]
[600.0, 200.0, 0.99949, [28.718290666666665], [30.3278], [2.9384317], [0.7691785982462072]]
[600.0, 1400.0, 0.999684, [30.054820666666668], [30.3278], [2.9384317], [0.7898231107167112]]
[600.0, 1900.0, 0.999607, [29.450948], [30.3278], [2.9384317], [0.7788095702202604]]
[600.0, 100.0, 0.999154, [22.443967333333333], [18.768], [1.88428282], [0.6801200207806464]]
[600.0, 800.0, 0.999528, [23.892185333333334], [18.768], [1.88428282], [0.7024075986680859]]
[600.0, 1200.0, 0.999667, [29.912527333333333], [30.3278], [2.9384317], [0.7852705854954994]]
[600.0, 600.0, 0.999387, [28.197984666666667], [30.3278], [2.9384317], [0.7632236555849434]]
[600.0, 1600.0, 0.999641, [24.562114], [18.768], [1.88428282], [0.7099351547852805]]
[600.0, 400.0, 0.999673, [29.959922666666667], [30.3278], [2.9384317], [0.7873292655836213]]
[600.0, 500.0, 0.999548, [29.05521], [30.3278], [2.9384317], [0.7732261126820107]]
[600.0, 1100.0, 0.99975, [30.702286], [30.3278], [2.9384317], [0.794319798737679]]
[600.0, 300.0, 0.999706, [30.256852666666667], [30.3278], [2.9384317], [0.7867551114122701]]
[600.0, 1700.0, 0.999612, [29.48501866666667], [30.3278], [2.9384317], [0.7797104784612184]]
[600.0, 1500.0, 0.999613, [29.49474], [30.3278], [2.9384317], [0.7791504749832774]]
[600.0, 1800.0, 0.99968, [24.850810000000003], [18.768], [1.88428282], [0.7147057302756771]]
[600.0, 1000.0, 0.999631, [29.625104], [30.3278], [2.9384317], [0.783141049875436]]
[600.0, 2000.0, 0.999563, [29.148743333333332], [30.3278], [2.9384317], [0.7735272305772076]]
[600.0, 700.0, 0.999564, [29.16044266666667], [30.3278], [2.9384317], [0.7763018476511998]]
[600.0, 1300.0, 0.999653, [29.792988666666666], [30.3278], [2.9384317], [0.7834835209215032]]
[600.0, 900.0, 0.99956, [24.064164], [18.768], [1.88428282], [0.7062435793218467]]
[700.0, 2000.0, 0.993258, [14.3500542], [11.7484], [1.33514954], [0.415116125118422]]
[700.0, 100.0, 0.987629, [12.897260733333333], [11.7484], [1.33514954], [0.39539086461654904]]
[700.0, 1000.0, 0.994267, [14.7336758], [11.7484], [1.33514954], [0.420790418036237]]
[700.0, 600.0, 0.992881, [14.2209276], [11.7484], [1.33514954], [0.4131128964876846]]
[700.0, 1400.0, 0.993133, [14.307042666666666], [11.7484], [1.33514954], [0.41614158188983924]]
[700.0, 1900.0, 0.990181, [13.453607733333332], [11.7484], [1.33514954], [0.40236282360852155]]
[700.0, 200.0, 0.988553, [13.0841342], [11.7484], [1.33514954], [0.3961253230425386]]
[700.0, 400.0, 0.994365, [14.774183399999998], [11.7484], [1.33514954], [0.4210895711524252]]
[700.0, 1300.0, 0.993304, [14.3664532], [11.7484], [1.33514954], [0.41576451379757423]]
[700.0, 1100.0, 0.991391, [13.768310600000001], [11.7484], [1.33514954], [0.40653591428064506]]
[700.0, 800.0, 0.99221, [14.007079733333333], [11.7484], [1.33514954], [0.41108480790329494]]
[700.0, 1500.0, 0.992684, [14.156377333333332], [11.7484], [1.33514954], [0.4136887014813595]]
[700.0, 1600.0, 0.993078, [14.287474266666667], [11.7484], [1.33514954], [0.41417317365780437]]
[700.0, 1800.0, 0.992506, [14.098972400000001], [11.7484], [1.33514954], [0.41201117476754606]]
[700.0, 1200.0, 0.991387, [13.767025666666667], [11.7484], [1.33514954], [0.406320921823023]]
[700.0, 700.0, 0.993752, [14.530342], [11.7484], [1.33514954], [0.41737322067106]]
[700.0, 900.0, 0.994143, [14.683341066666665], [11.7484], [1.33514954], [0.42142036928041865]]
[700.0, 300.0, 0.992086, [13.9689764], [11.7484], [1.33514954], [0.4094379008673558]]
[700.0, 500.0, 0.994319, [14.755156266666667], [11.7484], [1.33514954], [0.4217480927441562]]
[700.0, 1700.0, 0.993376, [14.3921764], [11.7484], [1.33514954], [0.4165089383594706]]
[800.0, 300.0, 0.959011, [7.865078466666667], [6.2008], [0.82986346], [0.23855483506593056]]
[800.0, 100.0, 0.942486, [7.123244133333333], [6.2008], [0.82986346], [0.22789279828706988]]
[800.0, 1800.0, 0.956856, [7.753507000000001], [6.2008], [0.82986346], [0.2374759126966588]]
[800.0, 800.0, 0.965133, [8.216852733333333], [6.2008], [0.82986346], [0.24552545186010982]]
[800.0, 400.0, 0.960972, [7.971987066666666], [6.2008], [0.82986346], [0.24113288922639042]]
[800.0, 200.0, 0.945529, [7.242946866666666], [6.2008], [0.82986346], [0.22996375936704078]]
[800.0, 1700.0, 0.967739, [8.384824799999999], [6.2008], [0.82986346], [0.24693308630297217]]
[800.0, 600.0, 0.95635, [7.728044466666667], [6.2008], [0.82986346], [0.23702977675107967]]
[800.0, 1600.0, 0.967384, [8.361186933333334], [6.2008], [0.82986346], [0.24666525116710972]]
[800.0, 1000.0, 0.958916, [7.8601442], [6.2008], [0.82986346], [0.23906589403109946]]
[800.0, 1100.0, 0.963114, [8.094659866666666], [6.2008], [0.82986346], [0.24329028477657438]]
[800.0, 1500.0, 0.962358, [8.0504508], [6.2008], [0.82986346], [0.24185231232671267]]
[800.0, 1400.0, 0.962359, [8.050548933333333], [6.2008], [0.82986346], [0.24185527729523612]]
[800.0, 1200.0, 0.965933, [8.266937533333333], [6.2008], [0.82986346], [0.24495301145775333]]
[800.0, 900.0, 0.961904, [8.024408666666668], [6.2008], [0.82986346], [0.24150637663539146]]
[800.0, 1300.0, 0.965435, [8.235606933333333], [6.2008], [0.82986346], [0.2452115947956422]]
[800.0, 2000.0, 0.960021, [7.919465799999999], [6.2008], [0.82986346], [0.23976376938793548]]
[800.0, 500.0, 0.956703, [7.7458342], [6.2008], [0.82986346], [0.23768729157819476]]
[800.0, 1900.0, 0.965607, [8.2461716], [6.2008], [0.82986346], [0.24412347303954382]]
[800.0, 700.0, 0.959714, [7.902967133333333], [6.2008], [0.82986346], [0.24036832838144234]]
[900.0, 200.0, 0.868892, [4.0796618], [3.01392], [0.44629673799999997], [0.09599866804631545]]
[900.0, 1100.0, 0.898651, [4.575314866666667], [3.01392], [0.44629673799999997], [0.10202697339429413]]
[900.0, 300.0, 0.87978, [4.246686266666666], [3.01392], [0.44629673799999997], [0.09768305158350996]]
[900.0, 1000.0, 0.881807, [4.279481966666667], [3.01392], [0.44629673799999997], [0.09862024645634947]]
[900.0, 900.0, 0.891798, [4.449400600000001], [3.01392], [0.44629673799999997], [0.09986683105237917]]
[900.0, 1600.0, 0.890775, [4.431337166666666], [3.01392], [0.44629673799999997], [0.10009369926890171]]
[900.0, 700.0, 0.896964, [4.543533466666667], [3.01392], [0.44629673799999997], [0.10119253634093331]]
[900.0, 1900.0, 0.902232, [4.644478166666667], [3.01392], [0.44629673799999997], [0.10285569827027896]]
[900.0, 500.0, 0.882368, [4.288627533333334], [3.01392], [0.44629673799999997], [0.09864780765711702]]
[900.0, 1400.0, 0.885753, [4.344829566666666], [3.01392], [0.44629673799999997], [0.09923427230548931]]
[900.0, 1200.0, 0.888713, [4.395363633333333], [3.01392], [0.44629673799999997], [0.09981732075257392]]
[900.0, 1500.0, 0.885358, [4.3381726], [3.01392], [0.44629673799999997], [0.0988504514124465]]
[900.0, 800.0, 0.888329, [4.388722766666667], [3.01392], [0.44629673799999997], [0.09976946493458475]]
[900.0, 400.0, 0.889927, [4.4164577000000005], [3.01392], [0.44629673799999997], [0.09998744276713507]]
[900.0, 100.0, 0.870351, [4.1012473], [3.01392], [0.44629673799999997], [0.09647990550714003]]
[900.0, 600.0, 0.896109, [4.5276627], [3.01392], [0.44629673799999997], [0.10141927884885704]]
[900.0, 1800.0, 0.89162, [4.446298666666666], [3.01392], [0.44629673799999997], [0.10053429530927908]]
[900.0, 2000.0, 0.885091, [4.333734366666667], [3.01392], [0.44629673799999997], [0.09934429273994556]]
[900.0, 1700.0, 0.892269, [4.457840833333333], [3.01392], [0.44629673799999997], [0.10043646432778618]]
[900.0, 1300.0, 0.893332, [4.476904766666666], [3.01392], [0.44629673799999997], [0.10056019214601991]]
[1000.0, 1600.0, 0.738066, [3.34413192], [5.1888000000000005], [0.5894283600000001], [0.0758464594190131]]
[1000.0, 1400.0, 0.739905, [3.3600709200000005], [5.1888000000000005], [0.5894283600000001], [0.07611013819459271]]
[1000.0, 1500.0, 0.751658, [3.4644228399999997], [5.1888000000000005], [0.5894283600000001], [0.07689229891217975]]
[1000.0, 700.0, 0.745993, [3.4135716799999996], [5.1888000000000005], [0.5894283600000001], [0.07663694981404205]]
[1000.0, 1900.0, 0.71601, [3.1605762799999995], [5.1888000000000005], [0.5894283600000001], [0.07354155679614079]]
[1000.0, 1800.0, 0.730245, [3.2774733199999995], [5.1888000000000005], [0.5894283600000001], [0.07489534607704273]]
[1000.0, 500.0, 0.75565, [3.5009100400000004], [5.1888000000000005], [0.5894283600000001], [0.07764478429360211]]
[1000.0, 1000.0, 0.747233, [3.4246135200000003], [5.1888000000000005], [0.5894283600000001], [0.07674957394539726]]
[1000.0, 200.0, 0.713701, [3.1421265999999997], [5.1888000000000005], [0.5894283600000001], [0.07355162084957748]]
[1000.0, 1100.0, 0.753893, [3.48479808], [5.1888000000000005], [0.5894283600000001], [0.07765115017306569]]
[1000.0, 2000.0, 0.734103, [3.3101379200000003], [5.1888000000000005], [0.5894283600000001], [0.07550390732140953]]
[1000.0, 1700.0, 0.750932, [3.4578402400000003], [5.1888000000000005], [0.5894283600000001], [0.0768029863794371]]
[1000.0, 800.0, 0.721851, [3.207879], [5.1888000000000005], [0.5894283600000001], [0.07396453847621845]]
[1000.0, 1300.0, 0.736683, [3.33221148], [5.1888000000000005], [0.5894283600000001], [0.0756149897308728]]
[1000.0, 400.0, 0.739904, [3.3600580399999997], [5.1888000000000005], [0.5894283600000001], [0.07603188033450178]]
[1000.0, 300.0, 0.717017, [3.1686686], [5.1888000000000005], [0.5894283600000001], [0.07374982475369009]]
[1000.0, 600.0, 0.732153, [3.29357792], [5.1888000000000005], [0.5894283600000001], [0.07520446010177854]]
[1000.0, 1200.0, 0.724863, [2.6413874666666666], [3.01392], [0.44629673799999997], [0.061510837726190794]]
[1000.0, 100.0, 0.71878, [3.1829129600000003], [5.1888000000000005], [0.5894283600000001], [0.07422221663087139]]
[1000.0, 900.0, 0.741148, [3.3709011600000003], [5.1888000000000005], [0.5894283600000001], [0.0762382023817456]]
[1100.0, 1300.0, 0.620026, [1.99018816], [2.96654], [0.424006978], [0.047053183917775424]]
[1100.0, 1800.0, 0.626106, [2.0219346], [2.96654], [0.424006978], [0.047447050032641644]]
[1100.0, 2000.0, 0.631267, [2.04927424], [2.96654], [0.424006978], [0.04772212131077159]]
[1100.0, 700.0, 0.619531, [1.9876259600000001], [2.96654], [0.424006978], [0.04703206108177697]]
[1100.0, 900.0, 0.635781, [2.07347852], [2.96654], [0.424006978], [0.04793610539040484]]
[1100.0, 200.0, 0.57813, [1.7837171600000001], [2.96654], [0.424006978], [0.04450954865644]]
[1100.0, 1900.0, 0.64223, [2.10857284], [2.96654], [0.424006978], [0.04839945037704458]]
[1100.0, 1500.0, 0.642903, [2.1122675600000003], [2.96654], [0.424006978], [0.048306448331459854]]
[1100.0, 800.0, 0.631239, [2.0491251999999998], [2.96654], [0.424006978], [0.04790082287393402]]
[1100.0, 500.0, 0.621244, [1.9965067200000002], [2.96654], [0.424006978], [0.0469279456017414]]
[1100.0, 1700.0, 0.619059, [1.9851815199999998], [2.96654], [0.424006978], [0.0468432525258441]]
[1100.0, 400.0, 0.611044, [1.9441614799999998], [2.96654], [0.424006978], [0.046342136040540896]]
[1100.0, 600.0, 0.624521, [2.0136132], [2.96654], [0.424006978], [0.047277814467253036]]
[1100.0, 1400.0, 0.633294, [2.06011], [2.96654], [0.424006978], [0.04784489167298846]]
[1100.0, 100.0, 0.600414, [1.89098916], [2.96654], [0.424006978], [0.04595793676831022]]
[1100.0, 1100.0, 0.613581, [1.9570589600000001], [2.96654], [0.424006978], [0.04650446664138833]]
[1100.0, 1000.0, 0.618404, [1.9817996], [2.96654], [0.424006978], [0.046815617223315564]]
[1100.0, 300.0, 0.596973, [1.87405472], [2.96654], [0.424006978], [0.04560027122726356]]
[1100.0, 1200.0, 0.634974, [2.0691306000000003], [2.96654], [0.424006978], [0.04787396601912149]]
[1100.0, 1600.0, 0.622279, [2.0018979199999998], [2.96654], [0.424006978], [0.04719828649432096]]
[1200.0, 100.0, 0.447393, [0.830967], [1.08698], [0.199501126], [0.014135034809531481]]
[1200.0, 1400.0, 0.481316, [0.9243384133333333], [1.08698], [0.199501126], [0.014879680295251267]]
[1200.0, 1700.0, 0.475896, [0.9089612266666667], [1.08698], [0.199501126], [0.01475501100266919]]
[1200.0, 1800.0, 0.48069, [0.9225536133333333], [1.08698], [0.199501126], [0.01487989834493353]]
[1200.0, 700.0, 0.475749, [0.90854784], [1.08698], [0.199501126], [0.014777528140915704]]
[1200.0, 200.0, 0.461777, [0.8697410133333334], [1.08698], [0.199501126], [0.014509796494476108]]
[1200.0, 1900.0, 0.484884, [0.9345620666666666], [1.08698], [0.199501126], [0.014982268969240497]]
[1200.0, 1200.0, 0.489158, [0.94691276], [1.08698], [0.199501126], [0.015091321856543176]]
[1200.0, 1100.0, 0.471885, [0.8976979733333332], [1.08698], [0.199501126], [0.014676971834210973]]
[1200.0, 1300.0, 0.477706, [0.91407796], [1.08698], [0.199501126], [0.014841982353371055]]
[1200.0, 2000.0, 0.475455, [0.90772076], [1.08698], [0.199501126], [0.014758219826403332]]
[1200.0, 800.0, 0.478565, [0.9165107466666667], [1.08698], [0.199501126], [0.014830740525453653]]
[1200.0, 1600.0, 0.483349, [0.9301546533333334], [1.08698], [0.199501126], [0.014953942112737735]]
[1200.0, 1000.0, 0.473146, [0.9012313866666667], [1.08698], [0.199501126], [0.014744595840133731]]
[1200.0, 1500.0, 0.478464, [0.9162264666666666], [1.08698], [0.199501126], [0.014845584148530872]]
[1200.0, 300.0, 0.46218, [0.87084348], [1.08698], [0.199501126], [0.014465922076076282]]
[1200.0, 600.0, 0.481496, [0.9248517733333333], [1.08698], [0.199501126], [0.014928617118362526]]
[1200.0, 500.0, 0.474971, [0.90635548], [1.08698], [0.199501126], [0.014761408839718968]]
[1200.0, 900.0, 0.483588, [0.9308391333333333], [1.08698], [0.199501126], [0.014945647845145795]]
[1200.0, 400.0, 0.468228, [0.8875138800000001], [1.08698], [0.199501126], [0.014628244302641988]]
[1300.0, 1600.0, 0.390696, [0.6772926533333333], [1.04282], [0.189935978], [0.010338237760856538]]
[1300.0, 1700.0, 0.390531, [0.6769071733333333], [1.04282], [0.189935978], [0.010366222447074065]]
[1300.0, 900.0, 0.388897, [0.6730818133333333], [1.04282], [0.189935978], [0.010301599323513908]]
[1300.0, 200.0, 0.367775, [0.6246901199999999], [1.04282], [0.189935978], [0.00993953455650716]]
[1300.0, 1800.0, 0.382228, [0.65759484], [1.04282], [0.189935978], [0.010205394860889345]]
[1300.0, 1000.0, 0.389111, [0.6735829066666666], [1.04282], [0.189935978], [0.010317731525011795]]
[1300.0, 1400.0, 0.392214, [0.6808588799999999], [1.04282], [0.189935978], [0.010412098842745928]]
[1300.0, 1200.0, 0.394899, [0.6871890933333333], [1.04282], [0.189935978], [0.010443173012919865]]
[1300.0, 500.0, 0.378233, [0.64841048], [1.04282], [0.189935978], [0.010146288078789098]]
[1300.0, 100.0, 0.364894, [0.6182357066666667], [1.04282], [0.189935978], [0.009913684817799417]]
[1300.0, 1100.0, 0.385305, [0.66471656], [1.04282], [0.189935978], [0.010244612988731633]]
[1300.0, 2000.0, 0.387999, [0.67098636], [1.04282], [0.189935978], [0.010322866458068278]]
[1300.0, 1300.0, 0.389016, [0.6733593466666667], [1.04282], [0.189935978], [0.010328859298102573]]
[1300.0, 1500.0, 0.387356, [0.6694864533333333], [1.04282], [0.189935978], [0.010282767011958514]]
[1300.0, 600.0, 0.390502, [0.6768381733333333], [1.04282], [0.189935978], [0.010342148626964429]]
[1300.0, 300.0, 0.369156, [0.62779788], [1.04282], [0.189935978], [0.009955015959583167]]
[1300.0, 1900.0, 0.394853, [0.6870790000000001], [1.04282], [0.189935978], [0.010424659610749887]]
[1300.0, 400.0, 0.379289, [0.6508322266666665], [1.04282], [0.189935978], [0.010163050854279274]]
[1300.0, 700.0, 0.391827, [0.6799486933333333], [1.04282], [0.189935978], [0.010343894396642343]]
[1300.0, 800.0, 0.39436, [0.6859145866666666], [1.04282], [0.189935978], [0.010416586892494532]]
[1400.0, 1100.0, 0.338516, [0.302651296], [0.16951], [0.074564344], [0.005639573318769584]]
[1400.0, 400.0, 0.328083, [0.2883061346666666], [0.16951], [0.074564344], [0.005498782184366928]]
[1400.0, 1500.0, 0.341997, [0.30753330666666673], [0.16951], [0.074564344], [0.005668876627888653]]
[1400.0, 1800.0, 0.329087, [0.28966736666666665], [0.16951], [0.074564344], [0.005492866572402995]]
[1400.0, 1600.0, 0.341011, [0.306145364], [0.16951], [0.074564344], [0.005653868048611598]]
[1400.0, 1400.0, 0.335499, [0.298458304], [0.16951], [0.074564344], [0.005577929474873868]]
[1400.0, 600.0, 0.33982, [0.30447329466666667], [0.16951], [0.074564344], [0.005648086563705545]]
[1400.0, 1700.0, 0.340713, [0.30572612], [0.16951], [0.074564344], [0.005639398220062531]]
[1400.0, 900.0, 0.341153, [0.3063442373333333], [0.16951], [0.074564344], [0.005663338800075839]]
[1400.0, 100.0, 0.317331, [0.2739604213333333], [0.16951], [0.074564344], [0.005362503146852223]]
[1400.0, 700.0, 0.335875, [0.2989795453333333], [0.16951], [0.074564344], [0.005588646417713525]]
[1400.0, 2000.0, 0.339192, [0.303595492], [0.16951], [0.074564344], [0.005614441909536116]]
[1400.0, 800.0, 0.333478, [0.295669876], [0.16951], [0.074564344], [0.005562857257840714]]
[1400.0, 1300.0, 0.335673, [0.29869989599999996], [0.16951], [0.074564344], [0.005604016799086567]]
[1400.0, 300.0, 0.323061, [0.28155066666666667], [0.16951], [0.074564344], [0.005428507622214824]]
[1400.0, 1200.0, 0.335272, [0.298144952], [0.16951], [0.074564344], [0.0055788980034889805]]
[1400.0, 500.0, 0.330425, [0.29148826133333333], [0.16951], [0.074564344], [0.005526403064079443]]
[1400.0, 1000.0, 0.333586, [0.29581928399999996], [0.16951], [0.074564344], [0.00554217516223449]]
[1400.0, 200.0, 0.322958, [0.2814131266666666], [0.16951], [0.074564344], [0.005439014098570112]]
[1400.0, 1900.0, 0.339578, [0.3041346733333334], [0.16951], [0.074564344], [0.005641805767659855]]
[1500.0, 1500.0, 0.27888, [0.22612557333333333], [0.16951], [0.074564344], [0.009615837867925095]]
[1500.0, 1100.0, 0.271936, [0.21802343999999999], [0.16951], [0.074564344], [0.00941717810150979]]
[1500.0, 1800.0, 0.269557, [0.2152845386666667], [0.16951], [0.074564344], [0.009342553066242414]]
[1500.0, 400.0, 0.256723, [0.20082232266666664], [0.16951], [0.074564344], [0.009026292492491034]]
[1500.0, 200.0, 0.250606, [0.203838236], [0.19789199999999998], [0.073314892], [0.009097745675349104]]
[1500.0, 500.0, 0.261991, [0.20669520400000002], [0.16951], [0.074564344], [0.009170616320497647]]
[1500.0, 1300.0, 0.257557, [0.20174667733333335], [0.16951], [0.074564344], [0.009040485481555855]]
[1500.0, 600.0, 0.265626, [0.21079917066666667], [0.16951], [0.074564344], [0.00929795279068343]]
[1500.0, 1000.0, 0.266307, [0.211572676], [0.16951], [0.074564344], [0.009332070739361358]]
[1500.0, 2000.0, 0.281872, [0.22966696], [0.16951], [0.074564344], [0.009705203021518349]]
[1500.0, 800.0, 0.278391, [0.22555112533333335], [0.16951], [0.074564344], [0.009643869495407143]]
[1500.0, 1700.0, 0.271941, [0.21802942], [0.16951], [0.074564344], [0.009347934441837347]]
[1500.0, 1200.0, 0.277909, [0.224983424], [0.16951], [0.074564344], [0.009584615850181765]]
[1500.0, 300.0, 0.244007, [0.18700395333333336], [0.16951], [0.074564344], [0.008681441393890507]]
[1500.0, 1400.0, 0.279016, [0.22628648133333334], [0.16951], [0.074564344], [0.009579471008359491]]
[1500.0, 100.0, 0.262812, [0.20761811733333335], [0.16951], [0.074564344], [0.00917551125211984]]
[1500.0, 900.0, 0.265078, [0.21017774133333333], [0.16951], [0.074564344], [0.00931596449876352]]
[1500.0, 700.0, 0.275948, [0.22268596933333334], [0.16951], [0.074564344], [0.00955636908454252]]
[1500.0, 1900.0, 0.261745, [0.20641914266666667], [0.16951], [0.074564344], [0.009249862277893657]]
[1500.0, 1600.0, 0.27914, [0.22643273066666667], [0.16951], [0.074564344], [0.00965512422982394]]
[1600.0, 1500.0, 0.220589, [0.17146714666666665], [0.19789199999999998], [0.073314892], [0.006825998400885315]]
[1600.0, 100.0, 0.209492, [0.160156636], [0.19789199999999998], [0.073314892], [0.006582397659752191]]
[1600.0, 1300.0, 0.240451, [0.19258353866666664], [0.19789199999999998], [0.073314892], [0.007237732248893065]]
[1600.0, 900.0, 0.217775, [0.168566264], [0.19789199999999998], [0.073314892], [0.006775249483557373]]
[1600.0, 300.0, 0.217069, [0.16784234666666667], [0.19789199999999998], [0.073314892], [0.006735281120256888]]
[1600.0, 500.0, 0.22172, [0.1726390733333333], [0.19789199999999998], [0.073314892], [0.006781903346078854]]
[1600.0, 1000.0, 0.223893, [0.174901568], [0.19789199999999998], [0.073314892], [0.006935298363845319]]
[1600.0, 1200.0, 0.232037, [0.18349881466666668], [0.19789199999999998], [0.073314892], [0.007036858760049749]]
[1600.0, 1800.0, 0.230292, [0.1816401386666667], [0.19789199999999998], [0.073314892], [0.006986159461233173]]
[1600.0, 1100.0, 0.237235, [0.18908729333333335], [0.19789199999999998], [0.073314892], [0.0071621919574635495]]
[1600.0, 1900.0, 0.225054, [0.17611572266666667], [0.19789199999999998], [0.073314892], [0.006902518977236579]]
[1600.0, 1700.0, 0.219926, [0.17078144], [0.19789199999999998], [0.073314892], [0.006831257959962832]]
[1600.0, 800.0, 0.22805, [0.179265956], [0.19789199999999998], [0.073314892], [0.006946414969208538]]
[1600.0, 200.0, 0.205334, [0.15600504399999998], [0.19789199999999998], [0.073314892], [0.006450015101446576]]
[1600.0, 1600.0, 0.218205, [0.16900798666666667], [0.19789199999999998], [0.073314892], [0.0067875233801111545]]
[1600.0, 2000.0, 0.220485, [0.171359292], [0.19789199999999998], [0.073314892], [0.006805546224465259]]
[1600.0, 1400.0, 0.227103, [0.17826766400000002], [0.19789199999999998], [0.073314892], [0.006965493705402367]]
[1600.0, 700.0, 0.226252, [0.17737216666666666], [0.19789199999999998], [0.073314892], [0.006957109643778482]]
[1600.0, 400.0, 0.219018, [0.16984521733333333], [0.19789199999999998], [0.073314892], [0.006804705298868162]]
[1600.0, 600.0, 0.218289, [0.1690951106666667], [0.19789199999999998], [0.073314892], [0.0067422638664208666]]
[1700.0, 900.0, 0.17516, [0.12724348266666666], [0.19789199999999998], [0.073314892], [0.004778729703825298]]
[1700.0, 1500.0, 0.169362, [0.12198338266666667], [0.19789199999999998], [0.073314892], [0.004670985357859017]]
[1700.0, 1800.0, 0.162563, [0.115919172], [0.19789199999999998], [0.073314892], [0.004550225506499651]]
[1700.0, 700.0, 0.164487, [0.11762448399999999], [0.19789199999999998], [0.073314892], [0.0046136122150773696]]
[1700.0, 500.0, 0.158199, [0.112086176], [0.19789199999999998], [0.073314892], [0.004494245774815218]]
[1700.0, 300.0, 0.150444, [0.105385908], [0.19789199999999998], [0.073314892], [0.0043759119775831365]]
[1700.0, 800.0, 0.166442, [0.119365492], [0.19789199999999998], [0.073314892], [0.004639270726214531]]
[1700.0, 1300.0, 0.159725, [0.11342189333333334], [0.19789199999999998], [0.073314892], [0.004544152270531631]]
[1700.0, 400.0, 0.161011, [0.11455122400000001], [0.19789199999999998], [0.073314892], [0.004528034844781515]]
[1700.0, 1000.0, 0.166635, [0.1195379], [0.19789199999999998], [0.073314892], [0.004638970700010463]]
[1700.0, 2000.0, 0.170532, [0.12303807066666665], [0.19789199999999998], [0.073314892], [0.004728737353670639]]
[1700.0, 1600.0, 0.167591, [0.12039319333333331], [0.19789199999999998], [0.073314892], [0.00465815158953754]]
[1700.0, 1400.0, 0.15931, [0.11305788], [0.19789199999999998], [0.073314892], [0.004529568403280825]]
[1700.0, 1200.0, 0.1707, [0.12318971733333332], [0.19789199999999998], [0.073314892], [0.004693154367799977]]
[1700.0, 100.0, 0.161469, [0.11495430666666667], [0.19789199999999998], [0.073314892], [0.004569023568918564]]
[1700.0, 1700.0, 0.168666, [0.12135723066666666], [0.19789199999999998], [0.073314892], [0.004695452237597093]]
[1700.0, 1900.0, 0.158428, [0.112285816], [0.19789199999999998], [0.073314892], [0.0045095070043434035]]
[1700.0, 1100.0, 0.170883, [0.12335537866666665], [0.19789199999999998], [0.073314892], [0.004720062268892458]]
[1700.0, 600.0, 0.165892, [0.11887470266666667], [0.19789199999999998], [0.073314892], [0.004662648586372343]]
[1700.0, 200.0, 0.154452, [0.10883081733333334], [0.19789199999999998], [0.073314892], [0.004410048999475831]]
[1800.0, 600.0, 0.117495, [0.05327198666666667], [0.075118], [0.0390613692], [0.002569003793085734]]
[1800.0, 1800.0, 0.117968, [0.053544122666666666], [0.075118], [0.0390613692], [0.002524093954933796]]
[1800.0, 400.0, 0.119551, [0.054458234666666674], [0.075118], [0.0390613692], [0.0025700419510627103]]
[1800.0, 1300.0, 0.117745, [0.053416028000000004], [0.075118], [0.0390613692], [0.0025552351096871256]]
[1800.0, 1200.0, 0.118838, [0.054045952], [0.075118], [0.0390613692], [0.002550586506842865]]
[1800.0, 1700.0, 0.121864, [0.05580465466666666], [0.075118], [0.0390613692], [0.0026019059192146908]]
[1800.0, 500.0, 0.112634, [0.050506558666666666], [0.075118], [0.0390613692], [0.002473317143522934]]
[1800.0, 1600.0, 0.119393, [0.079932544], [0.19789199999999998], [0.073314892], [0.0030996506842617677]]
[1800.0, 1000.0, 0.122151, [0.055972524], [0.075118], [0.0390613692], [0.002581819909719154]]
[1800.0, 700.0, 0.122685, [0.056285324000000005], [0.075118], [0.0390613692], [0.002632915951732772]]
[1800.0, 200.0, 0.118182, [0.05366724933333333], [0.075118], [0.0390613692], [0.0025298985191768725]]
[1800.0, 800.0, 0.124887, [0.057582984000000004], [0.075118], [0.0390613692], [0.002644873508086498]]
[1800.0, 2000.0, 0.128388, [0.05966957466666667], [0.075118], [0.0390613692], [0.002706666823645316]]
[1800.0, 1100.0, 0.12264, [0.05625898133333333], [0.075118], [0.0390613692], [0.002614576586923567]]
[1800.0, 900.0, 0.11625, [0.05255861866666667], [0.075118], [0.0390613692], [0.0025405170658308472]]
[1800.0, 1500.0, 0.127704, [0.05925934666666667], [0.075118], [0.0390613692], [0.0026743371252621754]]
[1800.0, 1400.0, 0.124203, [0.05717833733333333], [0.075118], [0.0390613692], [0.0026207646134498823]]
[1800.0, 1900.0, 0.124588, [0.05740594533333334], [0.075118], [0.0390613692], [0.002636742577246908]]
[1800.0, 100.0, 0.119756, [0.054577129333333335], [0.075118], [0.0390613692], [0.0025502212665657943]]
[1800.0, 300.0, 0.114111, [0.05134112133333334], [0.075118], [0.0390613692], [0.0024874846586684933]]
[1900.0, 300.0, 0.099452, [0.04327692266666667], [0.075118], [0.0390613692], [0.0018851728158918953]]
[1900.0, 1600.0, 0.103891, [0.045668155999999994], [0.075118], [0.0390613692], [0.0019229763130221974]]
[1900.0, 600.0, 0.10028, [0.043719473333333335], [0.075118], [0.0390613692], [0.0018761828070135737]]
[1900.0, 1500.0, 0.105726, [0.04666887066666667], [0.075118], [0.0390613692], [0.0019445367951148559]]
[1900.0, 500.0, 0.103189, [0.045286938666666665], [0.075118], [0.0390613692], [0.0019205941094706433]]
[1900.0, 1700.0, 0.111349, [0.04978435866666667], [0.075118], [0.0390613692], [0.0019913741859440793]]
[1900.0, 1800.0, 0.107768, [0.047791914666666664], [0.075118], [0.0390613692], [0.0019609258008513337]]
[1900.0, 800.0, 0.108531, [0.04821419466666666], [0.075118], [0.0390613692], [0.001976589781528895]]
[1900.0, 1300.0, 0.103039, [0.04520573333333333], [0.075118], [0.0390613692], [0.001920607575164114]]
[1900.0, 1000.0, 0.113805, [0.05116770133333333], [0.075118], [0.0390613692], [0.002051637588096126]]
[1900.0, 1900.0, 0.110908, [0.049537154666666666], [0.075118], [0.0390613692], [0.001994290611164225]]
[1900.0, 1200.0, 0.105915, [0.04677267733333333], [0.075118], [0.0390613692], [0.001940457414574661]]
[1900.0, 100.0, 0.099313, [0.04320277066666667], [0.075118], [0.0390613692], [0.0018678192865240232]]
[1900.0, 2000.0, 0.103963, [0.04570710266666667], [0.075118], [0.0390613692], [0.001917827232631298]]
[1900.0, 1100.0, 0.110891, [0.049527648], [0.075118], [0.0390613692], [0.002015251080910543]]
[1900.0, 900.0, 0.101606, [0.04443170666666667], [0.075118], [0.0390613692], [0.001892854384491551]]
[1900.0, 200.0, 0.101429, [0.04433648666666666], [0.075118], [0.0390613692], [0.0018870857362610742]]
[1900.0, 400.0, 0.107733, [0.04777268666666667], [0.075118], [0.0390613692], [0.001953570651340201]]
[1900.0, 700.0, 0.105033, [0.046289861333333335], [0.075118], [0.0390613692], [0.0019237408012053553]]
[1900.0, 1400.0, 0.11006, [0.049063906666666664], [0.075118], [0.0390613692], [0.0019996954777054318]]
[2000.0, 1500.0, 0.077598, [0.032125848000000005], [0.075118], [0.0390613692], [0.00131813916581082]]
[2000.0, 1200.0, 0.073709, [0.030246432133333334], [0.075118], [0.0390613692], [0.0012781449481355563]]
[2000.0, 1300.0, 0.084759, [0.03566846133333334], [0.075118], [0.0390613692], [0.0013947464993085065]]
[2000.0, 300.0, 0.0731, [0.029954660266666665], [0.075118], [0.0390613692], [0.00127611145037484]]
[2000.0, 900.0, 0.07678, [0.031727764], [0.075118], [0.0390613692], [0.0013162896405342472]]
[2000.0, 1900.0, 0.079822, [0.03321454533333334], [0.075118], [0.0390613692], [0.0013415224379620175]]
[2000.0, 1600.0, 0.081913, [0.034247644], [0.075118], [0.0390613692], [0.0013569412642655788]]
[2000.0, 500.0, 0.077234, [0.031948533333333334], [0.075118], [0.0390613692], [0.001313076694383589]]
[2000.0, 600.0, 0.075075, [0.030903106666666666], [0.075118], [0.0390613692], [0.0013035681827626476]]
[2000.0, 200.0, 0.073972, [0.03037226053333333], [0.075118], [0.0390613692], [0.0012811764808608964]]
[2000.0, 1800.0, 0.076485, [0.031584765333333334], [0.075118], [0.0390613692], [0.0013036421281249781]]
[2000.0, 2000.0, 0.078525, [0.03257833466666667], [0.075118], [0.0390613692], [0.0013355813921701331]]
[2000.0, 400.0, 0.076481, [0.031582618666666666], [0.075118], [0.0390613692], [0.0013170860294183097]]
[2000.0, 1100.0, 0.075007, [0.030870262666666665], [0.075118], [0.0390613692], [0.001309191212246027]]
[2000.0, 100.0, 0.074933, [0.030834260000000002], [0.075118], [0.0390613692], [0.001281428601383801]]
[2000.0, 1400.0, 0.076815, [0.03174509066666666], [0.075118], [0.0390613692], [0.0013069243235763713]]
[2000.0, 1700.0, 0.077375, [0.03201741066666667], [0.075118], [0.0390613692], [0.0013136903467374306]]
[2000.0, 700.0, 0.079766, [0.033186822666666664], [0.075118], [0.0390613692], [0.0013436949164317192]]
[2000.0, 1000.0, 0.081125, [0.03385716533333333], [0.075118], [0.0390613692], [0.0013510481830374848]]
[2000.0, 800.0, 0.080432, [0.03351489466666666], [0.075118], [0.0390613692], [0.00133845614347277]]
[2100.0, 200.0, 0.047334, [0.018289495733333334], [0.075118], [0.0390613692], [0.0008114652074693858]]
[2100.0, 100.0, 0.044452, [0.0170631664], [0.075118], [0.0390613692], [0.0007862291627480857]]
[2100.0, 400.0, 0.046112, [0.017767466266666667], [0.075118], [0.0390613692], [0.0008018345254615958]]
[2100.0, 1400.0, 0.049594, [0.0192616168], [0.075118], [0.0390613692], [0.0008312000163618863]]
[2100.0, 500.0, 0.050771, [0.019771888666666664], [0.075118], [0.0390613692], [0.000849275282893205]]
[2100.0, 800.0, 0.052157, [0.020375877866666666], [0.075118], [0.0390613692], [0.0008625797432765918]]
[2100.0, 300.0, 0.050023, [0.019447352533333333], [0.075118], [0.0390613692], [0.0008376567862529114]]
[2100.0, 600.0, 0.051276, [0.0199913976], [0.075118], [0.0390613692], [0.0008455460136240698]]
[2100.0, 700.0, 0.04901, [0.019009441733333333], [0.075118], [0.0390613692], [0.0008280642271386118]]
[2100.0, 1000.0, 0.052577, [0.0205596816], [0.075118], [0.0390613692], [0.0008641879181443505]]
[2100.0, 1700.0, 0.052651, [0.020591808], [0.075118], [0.0390613692], [0.0008693868570435143]]
[2100.0, 1800.0, 0.052294, [0.020435588933333332], [0.075118], [0.0390613692], [0.0008485416238857506]]
[2100.0, 1900.0, 0.052209, [0.020398473066666666], [0.075118], [0.0390613692], [0.0008581702708022977]]
[2100.0, 900.0, 0.050186, [0.019517907333333334], [0.075118], [0.0390613692], [0.0008422598185569318]]
[2100.0, 2000.0, 0.05082, [0.01979280946666667], [0.075118], [0.0390613692], [0.0008517469994729133]]
[2100.0, 1200.0, 0.05168, [0.0201673016], [0.075118], [0.0390613692], [0.0008537499209175172]]
[2100.0, 1500.0, 0.051079, [0.019905533999999996], [0.075118], [0.0390613692], [0.0008480042574316606]]
[2100.0, 1100.0, 0.052972, [0.020732709066666667], [0.075118], [0.0390613692], [0.0008706919078525998]]
[2100.0, 1300.0, 0.049724, [0.019317850266666665], [0.075118], [0.0390613692], [0.000833626784918367]]
[2100.0, 1600.0, 0.050626, [0.019708632533333333], [0.075118], [0.0390613692], [0.000839615979203191]]
[2200.0, 1700.0, 0.034737, [0.013042435199999999], [0.075118], [0.0390613692], [0.000561777509774901]]
[2200.0, 1100.0, 0.032643, [0.0121978936], [0.075118], [0.0390613692], [0.0005449616805284978]]
[2200.0, 200.0, 0.027976, [0.010343455733333335], [0.075118], [0.0390613692], [0.0004993866816183405]]
[2200.0, 1800.0, 0.032789, [0.012256393333333332], [0.075118], [0.0390613692], [0.0005421909162729387]]
[2200.0, 900.0, 0.032344, [0.0120777324], [0.075118], [0.0390613692], [0.000541216190280947]]
[2200.0, 1000.0, 0.034826, [0.01307849], [0.075118], [0.0390613692], [0.000557162360537752]]
[2200.0, 1300.0, 0.031991, [0.0119363468], [0.075118], [0.0390613692], [0.0005348805592113274]]
[2200.0, 1900.0, 0.031644, [0.0117974452], [0.075118], [0.0390613692], [0.0005329541992412565]]
[2200.0, 1400.0, 0.031421, [0.011708330933333332], [0.075118], [0.0390613692], [0.0005332998581161133]]
[2200.0, 1600.0, 0.034547, [0.0129652932], [0.075118], [0.0390613692], [0.0005548633144998665]]
[2200.0, 800.0, 0.031675, [0.011810165733333334], [0.075118], [0.0390613692], [0.0005329851668563478]]
[2200.0, 400.0, 0.030699, [0.011420763466666666], [0.075118], [0.0390613692], [0.0005240205644819676]]
[2200.0, 600.0, 0.03164, [0.011795960933333334], [0.075118], [0.0390613692], [0.0005378494470884332]]
[2200.0, 2000.0, 0.033672, [0.0126119672], [0.075118], [0.0390613692], [0.0005514827687849065]]
[2200.0, 500.0, 0.029698, [0.011023022933333333], [0.075118], [0.0390613692], [0.000512837448103956]]
[2200.0, 700.0, 0.029763, [0.011048988400000001], [0.075118], [0.0390613692], [0.0005101949103801191]]
[2200.0, 300.0, 0.032584, [0.0121741116], [0.075118], [0.0390613692], [0.0005428168057662015]]
[2200.0, 1200.0, 0.0306, [0.011381185066666667], [0.075118], [0.0390613692], [0.0005222044408509415]]
[2200.0, 1500.0, 0.029962, [0.0111278048], [0.075118], [0.0390613692], [0.0005154855954448303]]
[2200.0, 100.0, 0.031326, [0.011670494399999998], [0.075118], [0.0390613692], [0.000526146615645825]]
[2300.0, 700.0, 0.017222, [0.006213676933333334], [0.075118], [0.0390613692], [0.00031791942682943356]]
[2300.0, 100.0, 0.018146, [0.0065608328], [0.075118], [0.0390613692], [0.000324016372425839]]
[2300.0, 1800.0, 0.019987, [0.0072566932], [0.075118], [0.0390613692], [0.00034170428801003424]]
[2300.0, 1000.0, 0.020513, [0.007456587733333333], [0.075118], [0.0390613692], [0.0003457909747553024]]
[2300.0, 1500.0, 0.022417, [0.008184031733333333], [0.075118], [0.0390613692], [0.00036346559745501823]]
[2300.0, 1200.0, 0.021323, [0.007765419466666666], [0.075118], [0.0390613692], [0.0003522465497662429]]
[2300.0, 500.0, 0.018046, [0.0065230698666666675], [0.075118], [0.0390613692], [0.0003229400943415564]]
[2300.0, 1900.0, 0.018266, [0.0066057625333333335], [0.075118], [0.0390613692], [0.0003242641477424094]]
[2300.0, 1300.0, 0.020993, [0.0076393702666666665], [0.075118], [0.0390613692], [0.0003476033862512466]]
[2300.0, 1600.0, 0.019523, [0.0070807524], [0.075118], [0.0390613692], [0.00033453411930291617]]
[2300.0, 1700.0, 0.018993, [0.006880327333333333], [0.075118], [0.0390613692], [0.0003329623359414028]]
[2300.0, 1400.0, 0.020629, [0.007500576], [0.075118], [0.0390613692], [0.000347830845223492]]
[2300.0, 1100.0, 0.020983, [0.007635515466666667], [0.075118], [0.0390613692], [0.0003496061870797547]]
[2300.0, 900.0, 0.018042, [0.006521401600000001], [0.075118], [0.0390613692], [0.00032246244253314905]]
[2300.0, 2000.0, 0.020406, [0.007415926799999999], [0.075118], [0.0390613692], [0.0003442756425372618]]
[2300.0, 300.0, 0.018675, [0.0067601508], [0.075118], [0.0390613692], [0.0003290789117116643]]
[2300.0, 200.0, 0.019576, [0.0071009157333333335], [0.075118], [0.0390613692], [0.00033623814946486295]]
[2300.0, 400.0, 0.018383, [0.006650023733333334], [0.075118], [0.0390613692], [0.0003260442156790667]]
[2300.0, 800.0, 0.020191, [0.007333988533333334], [0.075118], [0.0390613692], [0.0003442010601055403]]
[2300.0, 600.0, 0.018691, [0.0067660817333333335], [0.075118], [0.0390613692], [0.00032897815854551803]]
[2400.0, 1200.0, 0.013631, [0.004877882933333333], [0.075118], [0.0390613692], [0.0002262064258837735]]
[2400.0, 1500.0, 0.011951, [0.004260544533333333], [0.075118], [0.0390613692], [0.00021356175071601395]]
[2400.0, 1100.0, 0.011693, [0.004166161733333333], [0.075118], [0.0390613692], [0.00021042292612735906]]
[2400.0, 1600.0, 0.012192, [0.004348714266666667], [0.075118], [0.0390613692], [0.0002152933671063742]]
[2400.0, 400.0, 0.010828, [0.0038504024], [0.075118], [0.0390613692], [0.00020209363581160975]]
[2400.0, 1300.0, 0.012692, [0.0045322542666666665], [0.075118], [0.0390613692], [0.00021958843057967432]]
[2400.0, 200.0, 0.010745, [0.0038200945333333332], [0.075118], [0.0390613692], [0.00019995292219253345]]
[2400.0, 1700.0, 0.011852, [0.0042244744], [0.075118], [0.0390613692], [0.00021309653015580627]]
[2400.0, 2000.0, 0.012373, [0.004415248666666667], [0.075118], [0.0390613692], [0.0002169976020348817]]
[2400.0, 600.0, 0.010513, [0.003735629333333333], [0.075118], [0.0390613692], [0.00019996378658813867]]
[2400.0, 1900.0, 0.011882, [0.004235391733333333], [0.075118], [0.0390613692], [0.00021045838708241905]]
[2400.0, 700.0, 0.013099, [0.004682060933333333], [0.075118], [0.0390613692], [0.0002244875827498904]]
[2400.0, 100.0, 0.011775, [0.0041959912], [0.075118], [0.0390613692], [0.0002111232852255867]]
[2400.0, 1800.0, 0.012104, [0.004316502000000001], [0.075118], [0.0390613692], [0.00021343729021268363]]
[2400.0, 500.0, 0.012506, [0.004464214133333333], [0.075118], [0.0390613692], [0.00021809119136524316]]
[2400.0, 900.0, 0.012813, [0.004576908], [0.075118], [0.0390613692], [0.00022020663326369924]]
[2400.0, 1400.0, 0.011848, [0.004222999333333334], [0.075118], [0.0390613692], [0.00021088653050080434]]
[2400.0, 800.0, 0.011012, [0.003917363066666667], [0.075118], [0.0390613692], [0.00020337935885651935]]
[2400.0, 300.0, 0.010292, [0.0036554329333333335], [0.075118], [0.0390613692], [0.00019680186092164428]]
[2400.0, 1000.0, 0.012837, [0.004585467066666666], [0.075118], [0.0390613692], [0.00021985634647297413]]
[2500.0, 400.0, 0.007292, [0.0025723316533333334], [0.075118], [0.0390613692], [0.00013354880895512822]]
[2500.0, 1300.0, 0.00761, [0.0026865692799999995], [0.075118], [0.0390613692], [0.00013674276639003615]]
[2500.0, 500.0, 0.00711, [0.0025069466399999995], [0.075118], [0.0390613692], [0.00013194455839059407]]
[2500.0, 900.0, 0.007102, [0.0025040112266666663], [0.075118], [0.0390613692], [0.00013179004905952162]]
[2500.0, 1400.0, 0.006988, [0.0024633245333333335], [0.075118], [0.0390613692], [0.00013242916308561176]]
[2500.0, 200.0, 0.006482, [0.00228235348], [0.075118], [0.0390613692], [0.00012621444051912428]]
[2500.0, 1900.0, 0.00735, [0.00259316996], [0.075118], [0.0390613692], [0.0001349950358922711]]
[2500.0, 1000.0, 0.007276, [0.0025665255333333337], [0.075118], [0.0390613692], [0.0001336079834607365]]
[2500.0, 1800.0, 0.007268, [0.00256362784], [0.075118], [0.0390613692], [0.00013418641454666298]]
[2500.0, 1700.0, 0.007412, [0.0026152012000000002], [0.075118], [0.0390613692], [0.00013486870876687612]]
[2500.0, 800.0, 0.007716, [0.00272457356], [0.075118], [0.0390613692], [0.00013849784421908284]]
[2500.0, 700.0, 0.007345, [0.0025911392133333333], [0.075118], [0.0390613692], [0.00013470690699110834]]
[2500.0, 1600.0, 0.007978, [0.002818772053333333], [0.075118], [0.0390613692], [0.000140239172970877]]
[2500.0, 1100.0, 0.007236, [0.00255219776], [0.075118], [0.0390613692], [0.00013286210789971515]]
[2500.0, 600.0, 0.006812, [0.0024004716666666667], [0.075118], [0.0390613692], [0.00013037571859821138]]
[2500.0, 300.0, 0.007163, [0.0025261038000000003], [0.075118], [0.0390613692], [0.00013258604860408372]]
[2500.0, 2000.0, 0.008037, [0.00283973088], [0.075118], [0.0390613692], [0.00014198653419720246]]
[2500.0, 1200.0, 0.007961, [0.0028126914666666667], [0.075118], [0.0390613692], [0.00014098747777334302]]
[2500.0, 100.0, 0.007019, [0.002474421573333333], [0.075118], [0.0390613692], [0.00013132865284383975]]
[2500.0, 1500.0, 0.007387, [0.002606369506666667], [0.075118], [0.0390613692], [0.0001345923281947708]]
[2600.0, 800.0, 0.004368, [0.0015306503066666668], [0.075118], [0.0390613692], [8.425951702791665e-05]]
[2600.0, 2000.0, 0.005024, [0.0017630772666666667], [0.075118], [0.0390613692], [8.973827536663371e-05]]
[2600.0, 900.0, 0.004553, [0.00159615768], [0.075118], [0.0390613692], [8.618440972704983e-05]]
[2600.0, 1000.0, 0.003964, [0.0013876948799999998], [0.075118], [0.0390613692], [7.894321956106596e-05]]
[2600.0, 200.0, 0.004381, [0.0015353416933333336], [0.075118], [0.0390613692], [8.35115779278538e-05]]
[2600.0, 1100.0, 0.004577, [0.0016044984000000001], [0.075118], [0.0390613692], [8.52781388373102e-05]]
[2600.0, 1500.0, 0.004706, [0.0016503478266666667], [0.075118], [0.0390613692], [8.67403563131564e-05]]
[2600.0, 700.0, 0.00422, [0.00147835168], [0.075118], [0.0390613692], [8.20041919578912e-05]]
[2600.0, 1800.0, 0.004921, [0.0017267216266666668], [0.075118], [0.0390613692], [8.928665698996936e-05]]
[2600.0, 1600.0, 0.004883, [0.0017130485866666666], [0.075118], [0.0390613692], [8.83437421791845e-05]]
[2600.0, 1400.0, 0.004471, [0.0015671080666666665], [0.075118], [0.0390613692], [8.49883719523507e-05]]
[2600.0, 1300.0, 0.004392, [0.00153919312], [0.075118], [0.0390613692], [8.434726042577395e-05]]
[2600.0, 600.0, 0.004374, [0.0015328635199999999], [0.075118], [0.0390613692], [8.374927424693835e-05]]
[2600.0, 1700.0, 0.004919, [0.00172586112], [0.075118], [0.0390613692], [8.865152015993107e-05]]
[2600.0, 400.0, 0.004368, [0.0015306898666666668], [0.075118], [0.0390613692], [8.413432835122124e-05]]
[2600.0, 300.0, 0.004348, [0.0015235666133333334], [0.075118], [0.0390613692], [8.361657934484844e-05]]
[2600.0, 1900.0, 0.004736, [0.0016608198800000002], [0.075118], [0.0390613692], [8.681244776080342e-05]]
[2600.0, 1200.0, 0.004688, [0.0016438299333333332], [0.075118], [0.0390613692], [8.712281261657146e-05]]
[2600.0, 100.0, 0.003995, [0.0013988780933333331], [0.075118], [0.0390613692], [8.009953111806167e-05]]
[2600.0, 500.0, 0.004152, [0.0014541063066666666], [0.075118], [0.0390613692], [8.167073983856016e-05]]
[2700.0, 1400.0, 0.00274, [0.0009567524666666666], [0.075118], [0.0390613692], [5.365200599749795e-05]]
[2700.0, 1000.0, 0.003038, [0.0010612454533333335], [0.075118], [0.0390613692], [5.672595627713609e-05]]
[2700.0, 800.0, 0.002506, [0.00087456764], [0.075118], [0.0390613692], [5.1268072542492004e-05]]
[2700.0, 900.0, 0.002829, [0.0009880655866666668], [0.075118], [0.0390613692], [5.4145662766693e-05]]
[2700.0, 600.0, 0.002775, [0.0009688115200000001], [0.075118], [0.0390613692], [5.36575184583774e-05]]
[2700.0, 1100.0, 0.002782, [0.00097132404], [0.075118], [0.0390613692], [5.404591748175291e-05]]
[2700.0, 1300.0, 0.003202, [0.0011191152933333333], [0.075118], [0.0390613692], [5.857717055493738e-05]]
[2700.0, 400.0, 0.002831, [0.0009885587066666666], [0.075118], [0.0390613692], [5.458402203331424e-05]]
[2700.0, 1700.0, 0.003248, [0.0011354020533333334], [0.075118], [0.0390613692], [5.847618715340459e-05]]
[2700.0, 100.0, 0.002818, [0.00098394552], [0.075118], [0.0390613692], [5.424667225431129e-05]]
[2700.0, 2000.0, 0.002816, [0.00098342112], [0.075118], [0.0390613692], [5.4053703797447796e-05]]
[2700.0, 1200.0, 0.003143, [0.00109816812], [0.075118], [0.0390613692], [5.7480746287585534e-05]]
[2700.0, 700.0, 0.002448, [0.0008541123599999999], [0.075118], [0.0390613692], [5.032906413682743e-05]]
[2700.0, 300.0, 0.002695, [0.0009409729333333334], [0.075118], [0.0390613692], [5.260198723749259e-05]]
[2700.0, 1800.0, 0.002823, [0.00098594284], [0.075118], [0.0390613692], [5.4274377486577914e-05]]
[2700.0, 200.0, 0.002555, [0.0008915229333333333], [0.075118], [0.0390613692], [5.199466184565917e-05]]
[2700.0, 1500.0, 0.002832, [0.0009888773333333334], [0.075118], [0.0390613692], [5.419014332678755e-05]]
[2700.0, 500.0, 0.002682, [0.0009361371066666667], [0.075118], [0.0390613692], [5.266182828408279e-05]]
[2700.0, 1900.0, 0.002957, [0.0010328723466666667], [0.075118], [0.0390613692], [5.6015367669159425e-05]]
[2700.0, 1600.0, 0.002665, [0.0009302389866666667], [0.075118], [0.0390613692], [5.266440872796984e-05]]
[2800.0, 1500.0, 0.001709, [0.0005951535199999999], [0.075118], [0.0390613692], [3.402265924677585e-05]]
[2800.0, 200.0, 0.001592, [0.00055445548], [0.075118], [0.0390613692], [3.2958963441090055e-05]]
[2800.0, 400.0, 0.001671, [0.0005819831066666667], [0.075118], [0.0390613692], [3.348936199916492e-05]]
[2800.0, 900.0, 0.001668, [0.0005810256933333333], [0.075118], [0.0390613692], [3.3943885929575005e-05]]
[2800.0, 600.0, 0.001546, [0.0005381702533333333], [0.075118], [0.0390613692], [3.216183388911632e-05]]
[2800.0, 1200.0, 0.001681, [0.0005855594533333334], [0.075118], [0.0390613692], [3.369515961281877e-05]]
[2800.0, 1000.0, 0.001762, [0.0006138614133333333], [0.075118], [0.0390613692], [3.464220470274181e-05]]
[2800.0, 1400.0, 0.001697, [0.0005910334533333335], [0.075118], [0.0390613692], [3.389809882574538e-05]]
[2800.0, 800.0, 0.001613, [0.0005617385066666666], [0.075118], [0.0390613692], [3.292970330871507e-05]]
[2800.0, 100.0, 0.001661, [0.0005784917066666668], [0.075118], [0.0390613692], [3.356747894416062e-05]]
[2800.0, 1100.0, 0.001783, [0.0006213011466666667], [0.075118], [0.0390613692], [3.4840842546260745e-05]]
[2800.0, 1300.0, 0.001854, [0.0006459267866666667], [0.075118], [0.0390613692], [3.5611091455706135e-05]]
[2800.0, 2000.0, 0.001711, [0.0005959027066666666], [0.075118], [0.0390613692], [3.400996933580244e-05]]
[2800.0, 500.0, 0.001695, [0.0005903158533333334], [0.075118], [0.0390613692], [3.3912757979524134e-05]]
[2800.0, 1900.0, 0.001675, [0.0005834609333333333], [0.075118], [0.0390613692], [3.363013548061388e-05]]
[2800.0, 1800.0, 0.001822, [0.0006346393066666668], [0.075118], [0.0390613692], [3.514941843046624e-05]]
[2800.0, 300.0, 0.001562, [0.0005439999866666666], [0.075118], [0.0390613692], [3.25684331421291e-05]]
[2800.0, 700.0, 0.001533, [0.0005337171466666666], [0.075118], [0.0390613692], [3.206795018914264e-05]]
[2800.0, 1600.0, 0.001631, [0.0005679138533333333], [0.075118], [0.0390613692], [3.323464540372157e-05]]
[2800.0, 1700.0, 0.00175, [0.0006097493200000001], [0.075118], [0.0390613692], [3.4355482202020296e-05]]
[2900.0, 1300.0, 0.001139, [0.0003962768133333334], [0.075118], [0.0390613692], [2.2507022769694695e-05]]
[2900.0, 900.0, 0.001024, [0.0003560139333333334], [0.075118], [0.0390613692], [2.112553637872631e-05]]
[2900.0, 1600.0, 0.00106, [0.00036883505333333333], [0.075118], [0.0390613692], [2.1547581502856005e-05]]
[2900.0, 2000.0, 0.001115, [0.0003879965066666666], [0.075118], [0.0390613692], [2.2180284390522238e-05]]
[2900.0, 1200.0, 0.001072, [0.00037271806666666667], [0.075118], [0.0390613692], [2.1700492619088424e-05]]
[2900.0, 1700.0, 0.001155, [0.00040163244], [0.075118], [0.0390613692], [2.2451935629497763e-05]]
[2900.0, 1100.0, 0.001094, [0.0003805540133333333], [0.075118], [0.0390613692], [2.193477146247736e-05]]
[2900.0, 800.0, 0.001071, [0.0003725607466666667], [0.075118], [0.0390613692], [2.154575269926251e-05]]
[2900.0, 600.0, 0.001027, [0.0003570489333333333], [0.075118], [0.0390613692], [2.149181393719737e-05]]
[2900.0, 100.0, 0.00094, [0.00032680761333333337], [0.075118], [0.0390613692], [2.0190240247318616e-05]]
[2900.0, 400.0, 0.001094, [0.0003804491333333333], [0.075118], [0.0390613692], [2.1928723166963765e-05]]
[2900.0, 1000.0, 0.001074, [0.00037370952], [0.075118], [0.0390613692], [2.1721429684888504e-05]]
[2900.0, 1400.0, 0.001014, [0.00035265869333333334], [0.075118], [0.0390613692], [2.107538638106337e-05]]
[2900.0, 200.0, 0.00105, [0.0003652955066666667], [0.075118], [0.0390613692], [2.1525245502794053e-05]]
[2900.0, 500.0, 0.000877, [0.00030503029333333334], [0.075118], [0.0390613692], [1.9567702886814966e-05]]
[2900.0, 1500.0, 0.000957, [0.00033272842666666664], [0.075118], [0.0390613692], [2.0400881009298485e-05]]
[2900.0, 1800.0, 0.00112, [0.00038965496], [0.075118], [0.0390613692], [2.209531524403608e-05]]
[2900.0, 300.0, 0.000944, [0.0003281572533333333], [0.075118], [0.0390613692], [2.035146147523017e-05]]
[2900.0, 700.0, 0.001006, [0.00034970304], [0.075118], [0.0390613692], [2.1049658974276362e-05]]
[2900.0, 1900.0, 0.001046, [0.00036371832], [0.075118], [0.0390613692], [2.1544818596487544e-05]]
[3000.0, 1900.0, 0.000642, [0.00022301137333333333], [0.075118], [0.0390613692], [1.3375332672082922e-05]]
[3000.0, 800.0, 0.000717, [0.0002492297786666667], [0.075118], [0.0390613692], [1.422429292911719e-05]]
[3000.0, 900.0, 0.000639, [0.00022190985733333332], [0.075118], [0.0390613692], [1.3430596121460053e-05]]
[3000.0, 1600.0, 0.000691, [0.0002402802333333333], [0.075118], [0.0390613692], [1.3919062529096164e-05]]
[3000.0, 700.0, 0.000674, [0.00023426110266666666], [0.075118], [0.0390613692], [1.3827994124641185e-05]]
[3000.0, 600.0, 0.000494, [0.00017154712533333331], [0.075118], [0.0390613692], [1.178190424903094e-05]]
[3000.0, 1300.0, 0.000625, [0.000217240428], [0.075118], [0.0390613692], [1.3196415776010294e-05]]
[3000.0, 500.0, 0.000695, [0.00024155633466666667], [0.075118], [0.0390613692], [1.3992981910784978e-05]]
[3000.0, 1500.0, 0.000658, [0.00022875784666666669], [0.075118], [0.0390613692], [1.3550444138682523e-05]]
[3000.0, 1800.0, 0.000616, [0.00021388892933333335], [0.075118], [0.0390613692], [1.3114369720103042e-05]]
[3000.0, 2000.0, 0.000681, [0.00023660875866666668], [0.075118], [0.0390613692], [1.3846480537988305e-05]]
[3000.0, 100.0, 0.000558, [0.000194003988], [0.075118], [0.0390613692], [1.249689431285496e-05]]
[3000.0, 1400.0, 0.000654, [0.000227379748], [0.075118], [0.0390613692], [1.3421801912477244e-05]]
[3000.0, 1100.0, 0.000633, [0.0002200666986666667], [0.075118], [0.0390613692], [1.3368099141862566e-05]]
[3000.0, 1200.0, 0.000655, [0.00022751934266666666], [0.075118], [0.0390613692], [1.350078884938045e-05]]
[3000.0, 1000.0, 0.000548, [0.000190231436], [0.075118], [0.0390613692], [1.2409330231724838e-05]]
[3000.0, 400.0, 0.000645, [0.00022402138], [0.075118], [0.0390613692], [1.3484499835819727e-05]]
[3000.0, 300.0, 0.000597, [0.000207465888], [0.075118], [0.0390613692], [1.2966615903928055e-05]]
[3000.0, 1700.0, 0.000657, [0.00022818986933333335], [0.075118], [0.0390613692], [1.3612663555185173e-05]]
[3000.0, 200.0, 0.000532, [0.00018483401066666667], [0.075118], [0.0390613692], [1.2161187500496086e-05]]
