[200.0, 1800.0, 0.083248, [0.12834161, 0.256683128], [3.8824, 8.096], [0.428071952, 0.98766186], [0.12834160751681428, 0.25668321503362856]]
[200.0, 700.0, 0.060475, [0.767977452, 0.51198506], [103.5, 86.94], [6.6977012, 7.5865132], [0.4433919932520207, 0.36202812443234295]]
[200.0, 2000.0, 0.057717, [3.3440334800000002, 0.25723337999999996], [786.6, 25.392], [50.808656000000006, 2.93968428], [0.9274681484557838, 0.2572333655185501]]
[200.0, 1300.0, 0.111294, [0.12894076, 0.25788152], [1.1500000000000001, 8.096], [0.18400000000000002, 0.98766186], [0.12894075701654617, 0.25788151403309234]]
[200.0, 1400.0, 0.049891, [1.0266187999999998, 0.513309584], [259.90000000000003, 86.94], [15.5177596, 7.5865132], [0.5133094634623445, 0.3629646607591434]]
[200.0, 400.0, 0.055716, [6.721908239999999, 1.5512092400000002], [1968.8, 314.64], [126.311676, 26.476988199999997], [1.8643213783036443, 0.6332785768048687]]
[200.0, 1900.0, 0.058177, [9.791697999999998, 7.73028896], [4057.2, 1996.4], [209.489474, 126.311676], [2.246369484123215, 1.9959522447192968]]
[200.0, 1700.0, 0.086072, [0.7737964520000001, 0.515864332], [103.5, 25.392], [6.6977012, 2.93968428], [0.44675165897845304, 0.3647711247344011]]
[200.0, 500.0, 0.087263, [0.128588492, 0.128588492], [3.8824, 1.8078], [0.428071952, 0.304713108], [0.1285885138727406, 0.1285885056449448]]
[200.0, 1500.0, 0.064547, [1.5429430400000002, 0.514314316], [259.90000000000003, 86.94], [15.5177596, 7.5865132], [0.6299037843988556, 0.36367519706463347]]
[200.0, 100.0, 0.074226, [56.12283359999999, 0.257444152], [25530.0, 8.096], [1383.06314, 0.98766186], [5.375591411854142, 0.257444177156913]]
[200.0, 600.0, 0.062708, [1.0290936, 5.14546984], [259.90000000000003, 874.0], [15.5177596, 74.882572], [0.5145468788749962, 1.6271402042110568]]
[200.0, 1000.0, 0.082736, [1.807938, 8.78141288], [259.90000000000003, 1996.4], [15.5177596, 126.311676], [0.68333621639717, 2.129805365004042]]
[200.0, 1200.0, 0.06131, [0.25834372800000005, 5.683561279999999], [14.352, 1996.4], [1.25133524, 126.311676], [0.18267659324609706, 1.7136585907817228]]
[200.0, 300.0, 0.094523, [0.129515944, 3.10838376], [1.1500000000000001, 874.0], [0.18400000000000002, 74.882572], [0.12951596329410517, 1.2689919877446034]]
[200.0, 1600.0, 0.083415, [0.128605512, 0.257211116], [3.8824, 8.096], [0.428071952, 0.98766186], [0.12860551960160962, 0.2572110721100474]]
[200.0, 900.0, 0.120314, [0.25775276599999997, 0.5155055319999999], [3.8824, 25.392], [0.428071952, 2.93968428], [0.1822587106286007, 0.3645174212572014]]
[200.0, 800.0, 0.05766, [28.800931199999997, 4.11442032], [9476.0, 874.0], [553.91314, 74.882572], [3.8486875834756966, 1.4546672740114832]]
[200.0, 1100.0, 0.059521, [0.128857914, 1.2885786799999999], [3.8824, 314.64], [0.428071952, 26.476988199999997], [0.12885789770130504, 0.5762700373956641]]
[200.0, 200.0, 0.142339, [0.515066048, 0.515065956], [43.37799999999999, 8.096], [3.22984216, 0.98766186], [0.36420672481435595, 0.36420672481435595]]
[300.0, 2000.0, 0.023684, [4.55141296, 1.7067799520000002], [4057.2, 874.0], [209.489474, 74.882572], [0.9290531527528444, 0.5689266015506745]]
[300.0, 400.0, 0.032864, [0.188606808, 0.188606808], [43.37799999999999, 25.392], [3.22984216, 2.93968428], [0.13336519408001474, 0.13336519408001474]]
[300.0, 1000.0, 0.042682, [0.094530506, 3.5921602399999997], [3.8824, 1996.4], [0.428071952, 126.311676], [0.06684316015868788, 0.8240979790291929]]
[300.0, 200.0, 0.033318, [1.4189896000000002, 0.047299638000000005], [786.6, 1.8078], [50.808656000000006, 0.304713108], [0.36638138031291934, 0.04729963281041408]]
[300.0, 1600.0, 0.063734, [0.047420526, 0.094841052], [0.35742, 8.096], [0.090960262, 0.98766186], [0.04742051180660116, 0.09484106823523236]]
[300.0, 1300.0, 0.032901, [0.094470522, 0.047235283999999995], [14.352, 1.8078], [1.25133524, 0.304713108], [0.06680075906754354, 0.04723525852580887]]
[300.0, 800.0, 0.071349, [0.09458059999999999, 0.18916119999999997], [1.1500000000000001, 25.392], [0.18400000000000002, 2.93968428], [0.06687857405776532, 0.13375714811553063]]
[300.0, 700.0, 0.024775, [0.047040566000000006, 0.658568016], [3.8824, 314.64], [0.428071952, 26.476988199999997], [0.04704059502174691, 0.24891536389704833]]
[300.0, 300.0, 0.045359, [6.5970808000000005, 0.282732008], [4057.2, 25.392], [209.489474, 2.93968428], [1.1151099846024157, 0.1632353798905127]]
[300.0, 900.0, 0.041138, [0.188875816, 2.8331381600000003], [14.352, 1996.4], [1.25133524, 126.311676], [0.09443792157814572, 0.7315130528978959]]
[300.0, 600.0, 0.034664, [1.5971144800000001, 0.046973957999999996], [786.6, 1.8078], [50.808656000000006, 0.304713108], [0.3873571478622797, 0.04697395133475574]]
[300.0, 1400.0, 0.037929, [5.86671488, 0.473122144], [4057.2, 86.94], [209.489474, 7.5865132], [1.0536931539684598, 0.21158667958073354]]
[300.0, 500.0, 0.027277, [5.64455144, 3.01042768], [4057.2, 1996.4], [209.489474, 126.311676], [1.03054916063233, 0.7526067858317514]]
[300.0, 1200.0, 0.045227, [6.44115, 0.28416831200000003], [4057.2, 25.392], [209.489474, 2.93968428], [1.1046479498555184, 0.1640646604238707]]
[300.0, 100.0, 0.024635, [1.3255424400000002, 0.662771312], [786.6, 314.64], [50.808656000000006, 26.476988199999997], [0.3542661860240122, 0.25050400558873304]]
[300.0, 1100.0, 0.030132, [1.60334656, 2.07492016], [786.6, 874.0], [50.808656000000006, 74.882572], [0.3888686663643652, 0.6256116351859194]]
[300.0, 1900.0, 0.042487, [0.047122538, 0.18849006], [1.1500000000000001, 25.392], [0.18400000000000002, 2.93968428], [0.04712252663005243, 0.13328260075493725]]
[300.0, 1500.0, 0.022828, [0.046956017999999995, 2.25388776], [3.8824, 1996.4], [0.428071952, 126.311676], [0.04695599697589222, 0.6506415359627757]]
[300.0, 1700.0, 0.038452, [0.046833152, 0.280998912], [1.1500000000000001, 86.94], [0.18400000000000002, 7.5865132], [0.046833150993713844, 0.16223482008496204]]
[300.0, 1800.0, 0.032593, [3.3825161599999998, 0.18791763600000003], [1968.8, 25.392], [126.311676, 2.93968428], [0.7972667131142501, 0.1328778138290964]]
[400.0, 900.0, 0.01807, [0.21480068, 0.042960136], [103.5, 8.096], [6.6977012, 0.98766186], [0.09606179019776803, 0.04296012873351289]]
[400.0, 1200.0, 0.035665, [0.0107179816, 0.0428719264], [0.09706000000000001, 1.8078], [0.0328924104, 0.304713108], [0.010717980257492547, 0.03031502957280431]]
[400.0, 1500.0, 0.0246, [1.629350176, 0.08575527919999999], [1968.8, 8.096], [126.311676, 0.98766186], [0.3737985700133161, 0.06063813450956419]]
[400.0, 200.0, 0.029909, [0.021473802800000004, 0.08589521120000002], [0.35742, 25.392], [0.090960262, 2.93968428], [0.021473798220156583, 0.060737073357217335]]
[400.0, 1600.0, 0.019657, [2.67947056, 0.172869104], [1968.8, 86.94], [126.311676, 7.5865132], [0.48124731291925155, 0.08643457530409922]]
[400.0, 500.0, 0.01718, [0.064426358, 0.171803652], [14.352, 86.94], [1.25133524, 7.5865132], [0.037196582450542415, 0.08590182427864963]]
[400.0, 1700.0, 0.028323, [0.010739597, 0.042958388], [0.09706000000000001, 8.096], [0.0328924104, 0.98766186], [0.010739598730865134, 0.042958394923460534]]
[400.0, 300.0, 0.015983, [0.301967552, 1.9843572], [259.90000000000003, 1996.4], [15.5177596, 126.311676], [0.11413299897926103, 0.41376723589960573]]
[400.0, 1300.0, 0.013858, [644.3541999999999], [791200.0], [37086.3868], [83.18578875024266]]
[400.0, 1400.0, 0.014865, [691.18404], [786600.0], [37086.3868], [86.39799303224584]]
[400.0, 1100.0, 0.014412, [670.11926], [786600.0], [37086.3868], [85.1052214614356]]
[400.0, 800.0, 0.018785, [0.021623427, 1.72987416], [1.1500000000000001, 1996.4], [0.18400000000000002, 126.311676], [0.02162342526058256, 0.3868115903123897]]
[400.0, 100.0, 0.029249, [0.0216153402, 0.9510748399999999], [0.35742, 874.0], [0.090960262, 74.882572], [0.02161533587987936, 0.28675985303385826]]
[400.0, 1000.0, 0.018494, [0.021633823, 0.389408676], [1.1500000000000001, 314.64], [0.18400000000000002, 26.476988199999997], [0.021633815160530517, 0.12980290400449443]]
[400.0, 400.0, 0.01797, [0.0431337814, 0.0431337768], [3.8824, 25.392], [0.428071952, 2.93968428], [0.03050019237972115, 0.043133785718390175]]
[400.0, 1800.0, 0.020982, [0.04304165720000001, 0.0215208332], [3.8824, 1.8078], [0.428071952, 0.304713108], [0.03043505102344992, 0.021520828506356348]]
[400.0, 2000.0, 0.01904, [0.2591985, 0.34559799999999996], [103.5, 314.64], [6.6977012, 26.476988199999997], [0.10581735857599167, 0.12218736091756792]]
[400.0, 600.0, 0.02213, [0.172533212, 0.0862665784], [43.37799999999999, 25.392], [3.22984216, 2.93968428], [0.08626660010919637, 0.06099969098938125]]
[400.0, 700.0, 0.016767, [0.8653278040000001, 0.0865327804], [786.6, 25.392], [50.808656000000006, 2.93968428], [0.19349316994664179, 0.061187919788141185]]
[400.0, 1900.0, 0.027764, [0.0107674477, 0.38762801599999996], [0.09706000000000001, 314.64], [0.0328924104, 26.476988199999997], [0.010767444534335898, 0.12920934096264095]]
[500.0, 1700.0, 0.014981, [0.0055615495, 0.022246198], [0.09706000000000001, 8.096], [0.0328924104, 0.98766186], [0.005561548385117224, 0.02224619924751192]]
[500.0, 1100.0, 0.015004, [0.005569997399999999, 0.0222799988], [0.09706000000000001, 8.096], [0.0328924104, 0.98766186], [0.005569998852782647, 0.022279995411130588]]
[500.0, 300.0, 0.016311, [0.15523067999999998, 0.0221758042], [103.5, 1.8078], [6.6977012, 0.304713108], [0.058671675524055056, 0.015680663901761302]]
[500.0, 1300.0, 0.017581, [2.3567290400000003, 0.011116645199999999], [4057.2, 0.31418], [209.489474, 0.093860286], [0.32372163291321765, 0.011116648795387934]]
[500.0, 1800.0, 0.011407, [0.0221268878, 0.11063441599999999], [3.8824, 86.94], [0.428071952, 7.5865132], [0.015646066764525835, 0.0494772202291115]]
[500.0, 1400.0, 0.008029, [1.726786088, 0.199244492], [4057.2, 314.64], [209.489474, 26.476988199999997], [0.27650706754077736, 0.06641484396729394]]
[500.0, 600.0, 0.017091, [2.04970848, 0.0111397234], [4057.2, 0.31418], [209.489474, 0.093860286], [0.30221298439345723, 0.011139716581672982]]
[500.0, 1900.0, 0.010144, [0.600891192, 0.022255232399999998], [786.6, 8.096], [50.808656000000006, 0.98766186], [0.1156415481044767, 0.022255225957064556]]
[500.0, 1200.0, 0.013857, [0.5338075520000001, 0.044483968799999996], [786.6, 8.096], [50.808656000000006, 0.98766186], [0.10896303828363084, 0.031454919742386886]]
[500.0, 800.0, 0.015943, [0.0112140778, 0.0112140686], [0.35742, 1.8078], [0.090960262, 0.304713108], [0.011214073561378131, 0.011214072617920753]]
[500.0, 1000.0, 0.012157, [2.2167216, 0.0665016756], [4057.2, 25.392], [209.489474, 2.93968428], [0.31349188656805776, 0.03839475362077481]]
[500.0, 2000.0, 0.009304, [1.20599764, 0.022333294400000002], [1968.8, 8.096], [126.311676, 0.98766186], [0.2320943208266846, 0.022333289452295197]]
[500.0, 700.0, 0.014608, [0.005541114, 0.199480104], [0.09706000000000001, 314.64], [0.0328924104, 26.476988199999997], [0.005541114347313183, 0.06649337153130379]]
[500.0, 100.0, 0.014514, [0.0055785327, 0.0669423832], [0.09706000000000001, 86.94], [0.0328924104, 7.5865132], [0.005578531347944547, 0.0386491989050226]]
[500.0, 200.0, 0.012503, [0.134138484, 0.134138484], [103.5, 86.94], [6.6977012, 7.5865132], [0.05476178961283132, 0.05476178961283132]]
[500.0, 1500.0, 0.009594, [446.08707], [791200.0], [37086.3868], [49.87405618154593]]
[500.0, 900.0, 0.01434, [2.2639728, 0.04439161], [4057.2, 8.096], [209.489474, 0.98766186], [0.3170195586647612, 0.03138961265132146]]
[500.0, 1600.0, 0.011509, [0.22228497200000003, 0.333427504], [259.90000000000003, 314.64], [15.5177596, 26.476988199999997], [0.07029269015765438, 0.08609060930902976]]
[500.0, 500.0, 0.01047, [2.2698055999999998, 0.0111264984], [4057.2, 1.8078], [209.489474, 0.304713108], [0.3178364998548782, 0.011126500501056026]]
[500.0, 400.0, 0.013298, [0.0890328252, 0.06677461200000001], [43.37799999999999, 25.392], [3.22984216, 2.93968428], [0.04451641295522361, 0.03855234724890302]]
[600.0, 200.0, 0.009067, [0.006180408199999999, 0.061804054399999996], [0.35742, 86.94], [0.090960262, 7.5865132], [0.006180406002844797, 0.027639615901817446]]
[600.0, 1400.0, 0.008477, [0.0031134134, 0.049814605199999994], [0.09706000000000001, 86.94], [0.0328924104, 7.5865132], [0.0031134134161720315, 0.024907307329376252]]
[600.0, 1900.0, 0.009064, [0.0061785222, 0.061785212799999996], [0.35742, 86.94], [0.090960262, 7.5865132], [0.006178520955698054, 0.027631187246298337]]
[600.0, 100.0, 0.006184, [287.50528999999995], [791200.0], [37086.3868], [29.81291548976718]]
[600.0, 800.0, 0.011035, [0.842524776, 0.037170208], [1968.8, 8.096], [126.311676, 0.98766186], [0.14449181541942088, 0.021460232054663343]]
[600.0, 1200.0, 0.012582, [0.18553594, 0.0494762476], [103.5, 86.94], [6.6977012, 7.5865132], [0.04790517829212203, 0.024738127696331425]]
[600.0, 600.0, 0.008497, [0.0030986796, 0.347052152], [0.09706000000000001, 874.0], [0.0328924104, 74.882572], [0.0030986804949849215, 0.09275359515619866]]
[600.0, 1600.0, 0.005907, [0.0246236666, 0.0492473424], [14.352, 86.94], [1.25133524, 7.5865132], [0.012311837053827506, 0.02462367410765501]]
[600.0, 400.0, 0.008569, [0.0031035831999999997, 0.006207166399999999], [0.09706000000000001, 1.8078], [0.0328924104, 0.304713108], [0.003103583047060285, 0.00620716609412057]]
[600.0, 500.0, 0.01131, [0.0864248184, 0.037039209200000006], [103.5, 8.096], [6.6977012, 0.98766186], [0.03266550657804039, 0.02138459604855794]]
[600.0, 1100.0, 0.006208, [0.147962772, 0.0493209424], [259.90000000000003, 86.94], [15.5177596, 7.5865132], [0.04271318351984549, 0.024660467431093024]]
[600.0, 300.0, 0.008301, [0.110471208, 0.0613728964], [103.5, 86.94], [6.6977012, 7.5865132], [0.03682373984266129, 0.027446799612340964]]
[600.0, 1700.0, 0.009625, [0.197941404, 0.024742673200000002], [259.90000000000003, 8.096], [15.5177596, 0.98766186], [0.049485336769592665, 0.017495710413698556]]
[600.0, 1500.0, 0.006906, [321.08712999999995], [791200.0], [37086.3868], [31.485177083827875]]
[600.0, 1800.0, 0.008396, [0.0030832259, 0.0493316236], [0.09706000000000001, 86.94], [0.0328924104, 7.5865132], [0.0030832261366951345, 0.024665810809296338]]
[600.0, 1000.0, 0.008695, [0.08694998200000001, 0.024842852000000002], [103.5, 8.096], [6.6977012, 0.98766186], [0.032864004552093165, 0.017566548997455363]]
[600.0, 2000.0, 0.009664, [0.012316371199999999, 0.006158185599999999], [1.1500000000000001, 1.8078], [0.18400000000000002, 0.304713108], [0.008708988191518002, 0.006158185466515279]]
[600.0, 700.0, 0.009847, [0.0185998608, 0.024799814400000002], [3.8824, 8.096], [0.428071952, 0.98766186], [0.01073863374363797, 0.017536114666595905]]
[600.0, 1300.0, 0.009908, [0.358504772, 0.0061811166], [786.6, 0.31418], [50.808656000000006, 0.093860286], [0.06657266466050461, 0.00618111638460238]]
[600.0, 900.0, 0.007369, [0.08705380399999998, 0.1865438], [103.5, 314.64], [6.6977012, 26.476988199999997], [0.032903244046750164, 0.04816541363260571]]
[700.0, 2000.0, 0.005279, [0.0036025240399999996, 0.09366566], [0.35742, 314.64], [0.090960262, 26.476988199999997], [0.003602524588673893, 0.02597817245920121]]
[700.0, 100.0, 0.005839, [0.0072728898000000005, 0.036364453600000006], [1.1500000000000001, 86.94], [0.18400000000000002, 7.5865132], [0.00514271153770071, 0.01626267790494542]]
[700.0, 1000.0, 0.007311, [0.0018026516799999998, 0.0216318312], [0.09706000000000001, 8.096], [0.0328924104, 0.98766186], [0.0018026521999542785, 0.01248913808395119]]
[700.0, 600.0, 0.004291, [0.25921690000000003, 0.0360023508], [786.6, 86.94], [50.808656000000006, 7.5865132], [0.04320281209365891, 0.016100738611628973]]
[700.0, 1400.0, 0.005142, [0.043574742, 0.07988704079999999], [43.37799999999999, 314.64], [3.22984216, 26.476988199999997], [0.017789315170629812, 0.024086849241858097]]
[700.0, 1900.0, 0.004309, [200.36006099999997], [791200.0], [37086.3868], [19.017336890321943]]
[700.0, 200.0, 0.007296, [0.00179891855, 0.0215870272], [0.09706000000000001, 8.096], [0.0328924104, 0.98766186], [0.001798918501211214, 0.012463273650209241]]
[700.0, 400.0, 0.009478, [0.0036005327000000003, 0.021603191600000002], [0.09706000000000001, 25.392], [0.0328924104, 2.93968428], [0.0025459607911356374, 0.01247260799031221]]
[700.0, 1300.0, 0.006065, [0.0433159368, 0.014438645599999998], [43.37799999999999, 8.096], [3.22984216, 0.98766186], [0.01768365885217197, 0.010209666580256183]]
[700.0, 1100.0, 0.006493, [0.11523607200000001, 0.00360112748], [259.90000000000003, 0.31418], [15.5177596, 0.093860286], [0.02880901961261438, 0.0036011272679537442]]
[700.0, 800.0, 0.006643, [0.144775984, 0.0072387992], [259.90000000000003, 1.8078], [15.5177596, 0.304713108], [0.03237290321240899, 0.005118605431169705]]
[700.0, 1500.0, 0.005134, [0.00362674028, 0.00725348056], [0.35742, 8.096], [0.090960262, 0.98766186], [0.003626739887005959, 0.0072534803574559985]]
[700.0, 1600.0, 0.005357, [0.28815071600000003, 0.144075404], [786.6, 314.64], [50.808656000000006, 26.476988199999997], [0.045560634920949035, 0.032216227339649815]]
[700.0, 1800.0, 0.005436, [0.00180601681, 0.0216722008], [0.09706000000000001, 25.392], [0.0328924104, 2.93968428], [0.001806016913265211, 0.012512453227085408]]
[700.0, 1200.0, 0.010709, [0.280617112, 0.007195310800000001], [786.6, 0.31418], [50.808656000000006, 0.093860286], [0.04493469684775897, 0.005087853700726859]]
[700.0, 700.0, 0.004291, [0.093512112, 0.10789861199999999], [259.90000000000003, 314.64], [15.5177596, 26.476988199999997], [0.0259355946667895, 0.02785929836302415]]
[700.0, 900.0, 0.005071, [0.0018142515, 0.087084072], [0.09706000000000001, 314.64], [0.0328924104, 26.476988199999997], [0.0018142514591423097, 0.025139002946019957]]
[700.0, 300.0, 0.006152, [0.00360025118, 0.028802007600000002], [0.35742, 25.392], [0.090960262, 2.93968428], [0.003600251646760265, 0.014401003648357292]]
[700.0, 500.0, 0.005667, [0.0018082298700000002, 0.0506304428], [0.09706000000000001, 86.94], [0.0328924104, 7.5865132], [0.0018082298089568151, 0.019136506435606267]]
[700.0, 1700.0, 0.005019, [0.0018080621999999999, 0.00361612532], [0.09706000000000001, 1.8078], [0.0328924104, 0.304713108], [0.0018080624618635277, 0.003616125216305431]]
[800.0, 300.0, 0.003083, [0.7727602559999999, 0.00217067422], [4057.2, 1.8078], [209.489474, 0.304713108], [0.08191241066407458, 0.002170674639829747]]
[800.0, 100.0, 0.00324, [0.02624737, 0.0612438664], [43.37799999999999, 314.64], [3.22984216, 26.476988199999997], [0.010715445017356955, 0.016368110908715153]]
[800.0, 1800.0, 0.003978, [0.09600963600000001, 0.0305485264], [259.90000000000003, 86.94], [15.5177596, 7.5865132], [0.020469328078859844, 0.011546260236111086]]
[800.0, 800.0, 0.003321, [0.00110047134, 0.0132056524], [0.09706000000000001, 25.392], [0.0328924104, 2.93968428], [0.00110047128767633, 0.007624287619968177]]
[800.0, 400.0, 0.003823, [0.043762054, 0.0043762053999999995], [103.5, 1.8078], [6.6977012, 0.304713108], [0.01383877565682745, 0.0030944443094035475]]
[800.0, 200.0, 0.004157, [0.10513953200000001, 0.0131424392], [259.90000000000003, 25.392], [15.5177596, 2.93968428], [0.021461521716784206, 0.007587793351956813]]
[800.0, 1700.0, 0.003275, [0.6370431440000001, 0.00872661768], [4057.2, 8.096], [209.489474, 0.98766186], [0.07456024197385629, 0.006170650621125782]]
[800.0, 600.0, 0.002979, [138.49410899999998], [791200.0], [37086.3868], [12.289365113788426]]
[800.0, 1600.0, 0.003522, [163.73081299999998], [791200.0], [37086.3868], [13.36856674067942]]
[800.0, 1000.0, 0.002639, [0.0218135312, 0.00436270716], [43.37799999999999, 8.096], [3.22984216, 0.98766186], [0.009755310570145885, 0.004362707515293685]]
[800.0, 1100.0, 0.003278, [0.01535572, 0.193043416], [14.352, 1996.4], [1.25133524, 126.311676], [0.005803918638299473, 0.04115698328303473]]
[800.0, 1500.0, 0.003188, [148.22129199999998], [791200.0], [37086.3868], [12.709871588651083]]
[800.0, 1400.0, 0.003835, [0.09590908000000001, 0.026157016800000002], [259.90000000000003, 86.94], [15.5177596, 7.5865132], [0.020447881173363658, 0.010678556951198978]]
[800.0, 1200.0, 0.003545, [0.513871152, 0.0130645152], [1968.8, 25.392], [126.311676, 2.93968428], [0.0669003099783551, 0.00754280390518009]]
[800.0, 900.0, 0.003142, [146.096575], [791200.0], [37086.3868], [12.620823261578463]]
[800.0, 1300.0, 0.003345, [155.51277499999998], [786600.0], [37086.3868], [13.050342685155819]]
[800.0, 2000.0, 0.003142, [0.19163507999999999, 0.287452712], [786.6, 1996.4], [50.808656000000006, 126.311676], [0.028890078715019103, 0.05003908332333837]]
[800.0, 500.0, 0.003273, [0.00109404468, 0.026257066800000003], [0.09706000000000001, 86.94], [0.0328924104, 7.5865132], [0.0010940445082353826, 0.010719401625090833]]
[800.0, 1900.0, 0.006571, [0.0065044276, 0.0043362866], [3.8824, 0.31418], [0.428071952, 0.093860286], [0.003755333901000016, 0.003066217290408493]]
[800.0, 700.0, 0.004703, [0.0482512308, 0.013159422399999999], [103.5, 8.096], [6.6977012, 0.98766186], [0.014548292523866845, 0.007597599298725881]]
[900.0, 200.0, 0.002486, [0.056925515200000006, 0.0054214772], [259.90000000000003, 8.096], [15.5177596, 0.98766186], [0.012422163515265771, 0.0038335628357964863]]
[900.0, 1100.0, 0.002566, [0.0354922476, 0.0163810416], [103.5, 86.94], [6.6977012, 7.5865132], [0.009843780745221829, 0.006687531195291727]]
[900.0, 300.0, 0.002836, [0.059318794, 0.0013481542], [259.90000000000003, 0.31418], [15.5177596, 0.093860286], [0.01264680803365023, 0.0013481542162527254]]
[900.0, 1000.0, 0.002369, [0.065453584, 0.016363396], [259.90000000000003, 314.64], [15.5177596, 26.476988199999997], [0.013360655456975156, 0.006680327728487578]]
[900.0, 900.0, 0.00614, [0.00403472118, 0.0053796263999999995], [0.35742, 1.8078], [0.090960262, 0.304713108], [0.002329447448645279, 0.0026898139608530548]]
[900.0, 1600.0, 0.003428, [0.040695951599999995, 0.00813919124], [103.5, 8.096], [6.6977012, 0.98766186], [0.010507652639862053, 0.00469916421675174]]
[900.0, 700.0, 0.00282, [0.0067612088, 0.0135224176], [3.8824, 86.94], [0.428071952, 7.5865132], [0.0030237049525375322, 0.006047410604878753]]
[900.0, 1900.0, 0.002741, [0.0355340156, 0.005466771560000001], [103.5, 8.096], [6.6977012, 0.98766186], [0.00985536446814627, 0.003865592148170834]]
[900.0, 500.0, 0.002313, [107.55605], [791200.0], [37086.3868], [8.556701718536178]]
[900.0, 1400.0, 0.003578, [0.046236062800000005, 0.00135988374], [103.5, 0.31418], [6.6977012, 0.093860286], [0.011213890529160697, 0.0013598841756561474]]
[900.0, 1200.0, 0.002223, [103.36696799999999], [786600.0], [37086.3868], [8.384170412151699]]
[900.0, 1500.0, 0.002195, [102.03489999999998], [791200.0], [37086.3868], [8.303481010997736]]
[900.0, 800.0, 0.003795, [0.00272168798, 0.019051819999999997], [0.35742, 86.94], [0.090960262, 7.5865132], [0.0019245242269194743, 0.007200910583530391]]
[900.0, 400.0, 0.002472, [0.6302112240000001, 0.092358524], [4057.2, 874.0], [209.489474, 74.882572], [0.05851362010335714, 0.022400237384456442]]
[900.0, 100.0, 0.003539, [0.0013617865299999999, 0.1361786576], [0.09706000000000001, 1996.4], [0.0328924104, 126.311676], [0.0009629284500937751, 0.027235729474350417]]
[900.0, 600.0, 0.002233, [0.057248931999999995, 0.013630701600000001], [259.90000000000003, 86.94], [15.5177596, 7.5865132], [0.012492739587456388, 0.006095832803481407]]
[900.0, 1800.0, 0.002621, [0.6001139759999999, 0.00545558068], [4057.2, 8.096], [209.489474, 0.98766186], [0.057218615823873276, 0.003857678591070023]]
[900.0, 2000.0, 0.002336, [108.628011], [786600.0], [37086.3868], [8.614760455172274]]
[900.0, 1700.0, 0.002395, [111.33287999999999], [791200.0], [37086.3868], [8.693637955424645]]
[900.0, 1300.0, 0.002821, [0.151790156, 0.0013552685600000001], [786.6, 0.31418], [50.808656000000006, 0.093860286], [0.020283807319140063, 0.0013552689060109069]]
[1000.0, 1600.0, 0.00201, [0.116975792, 0.0008601162799999999], [786.6, 0.31418], [50.808656000000006, 0.093860286], [0.014185400613306627, 0.0008601162365634077]]
[1000.0, 1400.0, 0.001797, [0.0482719216, 0.0206879664], [259.90000000000003, 314.64], [15.5177596, 26.476988199999997], [0.009122536480606696, 0.0059721018919640005]]
[1000.0, 1500.0, 0.001777, [0.41982654399999997, 0.0034132239199999997], [4057.2, 8.096], [209.489474, 0.98766186], [0.03785448416238161, 0.002413513874167704]]
[1000.0, 700.0, 0.001902, [0.129041316, 0.0103233016], [786.6, 86.94], [50.808656000000006, 7.5865132], [0.014900401911357962, 0.004214470696066114]]
[1000.0, 1900.0, 0.001703, [0.10951643200000001, 0.011978363199999998], [786.6, 86.94], [50.808656000000006, 7.5865132], [0.013689556720361694, 0.0045273956222093075]]
[1000.0, 1800.0, 0.001847, [0.04792128200000001, 0.005134423399999999], [259.90000000000003, 25.392], [15.5177596, 2.93968428], [0.00905627177330716, 0.0029643607796622866]]
[1000.0, 500.0, 0.002257, [0.032718788, 0.005166123839999999], [103.5, 25.392], [6.6977012, 2.93968428], [0.007506204958565946, 0.002982663553269124]]
[1000.0, 1000.0, 0.001735, [0.0447212184, 0.010320284], [259.90000000000003, 86.94], [15.5177596, 7.5865132], [0.008770553542394003, 0.004213237407979759]]
[1000.0, 200.0, 0.002313, [0.0585382476, 0.0017217132999999998], [259.90000000000003, 1.8078], [15.5177596, 0.304713108], [0.010039227842817395, 0.0012174350822939186]]
[1000.0, 1100.0, 0.001925, [0.050178327200000004, 0.0051908608], [259.90000000000003, 25.392], [15.5177596, 2.93968428], [0.009317878814408351, 0.002996945717226123]]
[1000.0, 2000.0, 0.002254, [0.05338932959999999, 0.00086111816], [259.90000000000003, 0.31418], [15.5177596, 0.093860286], [0.009589004252788712, 0.0008611181570493099]]
[1000.0, 1700.0, 0.002569, [0.0665297448, 0.00170589068], [259.90000000000003, 1.8078], [15.5177596, 0.304713108], [0.010653286178452168, 0.001206246923146335]]
[1000.0, 800.0, 0.001777, [0.0460461012, 0.01023247], [259.90000000000003, 86.94], [15.5177596, 7.5865132], [0.008861576871866544, 0.00417738762386255]]
[1000.0, 1300.0, 0.00225, [0.05662357120000001, 0.0017158657799999997], [259.90000000000003, 1.8078], [15.5177596, 0.304713108], [0.009856897345513952, 0.001213300293744298]]
[1000.0, 400.0, 0.002101, [0.044731964, 0.005161380320000001], [259.90000000000003, 8.096], [15.5177596, 0.98766186], [0.008772659505531947, 0.0029799238835916597]]
[1000.0, 300.0, 0.002258, [0.00085825236, 0.0240310716], [0.09706000000000001, 314.64], [0.0328924104, 26.476988199999997], [0.0006068761712244104, 0.006422574625179532]]
[1000.0, 600.0, 0.001979, [0.053233003200000004, 0.022323524], [259.90000000000003, 314.64], [15.5177596, 26.476988199999997], [0.009560929310480233, 0.006191429804495888]]
[1000.0, 1200.0, 0.002249, [0.018907978, 0.0034378146], [43.37799999999999, 8.096], [3.22984216, 0.98766186], [0.005700970614904098, 0.002430901674029618]]
[1000.0, 100.0, 0.001973, [0.025961774400000002, 0.00173078496], [103.5, 1.8078], [6.6977012, 0.304713108], [0.006703300184237611, 0.0012238496023613359]]
[1000.0, 900.0, 0.001727, [0.046554649600000005, 0.0189667108], [259.90000000000003, 314.64], [15.5177596, 26.476988199999997], [0.00895944634539434, 0.005718677374358516]]
[1100.0, 1300.0, 0.00148, [0.037823591999999996, 0.00444983392], [259.90000000000003, 25.392], [15.5177596, 2.93968428], [0.006486692246746411, 0.002224917241786759]]
[1100.0, 1800.0, 0.001371, [63.742154], [791200.0], [37086.3868], [4.212200559090225]]
[1100.0, 2000.0, 0.001991, [0.0533433756, 0.0022226408799999996], [259.90000000000003, 8.096], [15.5177596, 0.98766186], [0.007699452462610571, 0.0015716441078055807]]
[1100.0, 700.0, 0.00155, [0.0422899252, 0.0600962032], [259.90000000000003, 1996.4], [15.5177596, 126.311676], [0.006860331491699216, 0.011565520486688007]]
[1100.0, 900.0, 0.001313, [0.093090476, 0.00443287832], [786.6, 86.94], [50.808656000000006, 7.5865132], [0.010156999998030915, 0.0022164392470807766]]
[1100.0, 200.0, 0.00123, [0.08663132159999999, 0.0122172412], [786.6, 314.64], [50.808656000000006, 26.476988199999997], [0.00980906830234146, 0.0036836356540787254]]
[1100.0, 1900.0, 0.001487, [0.0222188832, 0.0022218883200000004], [103.5, 25.392], [6.6977012, 2.93968428], [0.0049682938801967015, 0.0015711124746497307]]
[1100.0, 1500.0, 0.001488, [0.0132569148, 0.00552371404], [43.37799999999999, 86.94], [3.22984216, 7.5865132], [0.003826941241252601, 0.002470279834836531]]
[1100.0, 800.0, 0.001353, [0.036951441200000004, 0.012317143999999999], [259.90000000000003, 314.64], [15.5177596, 26.476988199999997], [0.006432419996237808, 0.0037137597962173053]]
[1100.0, 500.0, 0.00186, [0.04743083, 0.00055152114], [259.90000000000003, 0.31418], [15.5177596, 0.093860286], [0.007233133965301624, 0.0005515213925134727]]
[1100.0, 1700.0, 0.002036, [0.0287387116, 0.0005526674600000001], [103.5, 0.31418], [6.6977012, 0.093860286], [0.0056361245408525175, 0.0005526675546836453]]
[1100.0, 400.0, 0.00165, [0.0408715796, 0.0005523187800000001], [259.90000000000003, 0.31418], [15.5177596, 0.093860286], [0.00671924568147348, 0.0005523186496941779]]
[1100.0, 600.0, 0.001642, [0.03885141599999999, 0.0033301212399999996], [259.90000000000003, 8.096], [15.5177596, 0.98766186], [0.006567087339757253, 0.0019226463670680577]]
[1100.0, 1400.0, 0.001502, [0.0222234096, 0.00555585332], [103.5, 86.94], [6.6977012, 7.5865132], [0.004969306568928908, 0.002484653284464454]]
[1100.0, 100.0, 0.001721, [0.0256897488, 0.0603150528], [103.5, 1996.4], [6.6977012, 126.311676], [0.005356682915387096, 0.01160763967187128]]
[1100.0, 1100.0, 0.001485, [0.0011050589200000001, 0.0044202356800000005], [0.35742, 86.94], [0.090960262, 7.5865132], [0.0007813945950670505, 0.0022101176678177114]]
[1100.0, 1000.0, 0.001292, [0.0353892812, 0.0110591544], [259.90000000000003, 314.64], [15.5177596, 26.476988199999997], [0.006256000676470552, 0.003497210316809671]]
[1100.0, 300.0, 0.001681, [0.045492150800000006, 0.0066573868], [259.90000000000003, 86.94], [15.5177596, 7.5865132], [0.007104680566499806, 0.0027178670145538764]]
[1100.0, 1200.0, 0.001478, [0.0005538358600000001, 0.00332301424], [0.09706000000000001, 25.392], [0.0328924104, 2.93968428], [0.0003916209804134605, 0.0019185432594549436]]
[1100.0, 1600.0, 0.001113, [0.0155789672, 0.006676702200000001], [103.5, 86.94], [6.6977012, 7.5865132], [0.004163654114356763, 0.002725751649141939]]
[1200.0, 100.0, 0.001416, [0.0382302504, 0.00144265108], [259.90000000000003, 8.096], [15.5177596, 0.98766186], [0.005251328247976887, 0.0010201082632740508]]
[1200.0, 1400.0, 0.00125, [0.033054854800000005, 0.0007185839399999999], [259.90000000000003, 1.8078], [15.5177596, 0.304713108], [0.004873672538856093, 0.0005081155502442334]]
[1200.0, 1700.0, 0.00113, [0.029460405599999996, 0.00071854668], [259.90000000000003, 1.8078], [15.5177596, 0.304713108], [0.00460094198355076, 0.0005080891055710602]]
[1200.0, 1800.0, 0.001379, [0.035999756400000006, 0.00035999761], [259.90000000000003, 0.31418], [15.5177596, 0.093860286], [0.00509113486601956, 0.0003599975987697696]]
[1200.0, 700.0, 0.001415, [0.0382166896, 0.00144213956], [259.90000000000003, 8.096], [15.5177596, 0.98766186], [0.0052494663088736935, 0.0010197464429945319]]
[1200.0, 200.0, 0.001207, [0.016702517200000003, 0.000363098148], [103.5, 0.31418], [6.6977012, 0.093860286], [0.0034827146515326235, 0.00036309813791866245]]
[1200.0, 1900.0, 0.001244, [0.018013922, 0.00288222752], [103.5, 25.392], [6.6977012, 2.93968428], [0.003602783901374047, 0.0014411135605496188]]
[1200.0, 1200.0, 0.001311, [0.036077450399999995, 0.0101016828], [259.90000000000003, 314.64], [15.5177596, 26.476988199999997], [0.0051021220949718565, 0.0026997893384484647]]
[1200.0, 1100.0, 0.001423, [0.038153964000000005, 0.0007198862], [259.90000000000003, 1.8078], [15.5177596, 0.304713108], [0.005240850071505576, 0.0005090365071387317]]
[1200.0, 1300.0, 0.001295, [0.034702676, 0.00144594468], [259.90000000000003, 8.096], [15.5177596, 0.98766186], [0.005008899424025201, 0.0010224375204382907]]
[1200.0, 2000.0, 0.001061, [0.0151166764, 0.0014396840800000002], [103.5, 8.096], [6.6977012, 0.98766186], [0.0032987305291581484, 0.0010180102435633936]]
[1200.0, 800.0, 0.001076, [0.0158391524, 0.004319768], [103.5, 86.94], [6.6977012, 7.5865132], [0.003376918870212905, 0.001763538254759448]]
[1200.0, 1600.0, 0.001114, [0.030291929199999998, 0.0108185468], [259.90000000000003, 314.64], [15.5177596, 26.476988199999997], [0.004674145991729398, 0.0027933366582637334]]
[1200.0, 1000.0, 0.001017, [0.015197424799999998, 0.0347369736], [103.5, 1996.4], [6.6977012, 126.311676], [0.00331634925543134, 0.007090654329185706]]
[1200.0, 1500.0, 0.001183, [0.0281434716, 0.00108244118], [259.90000000000003, 1.8078], [15.5177596, 0.304713108], [0.004506562505502392, 0.0006249477114127229]]
[1200.0, 300.0, 0.001121, [0.029556784799999996, 0.00144179456], [259.90000000000003, 8.096], [15.5177596, 0.98766186], [0.004615993077984411, 0.0010195023907769909]]
[1200.0, 600.0, 0.001595, [0.0187958392, 0.00072291714], [103.5, 0.31418], [6.6977012, 0.093860286], [0.0036861668828201467, 0.0005111794369886176]]
[1200.0, 500.0, 0.00102, [0.07212376799999999, 0.0036061884000000003], [786.6, 86.94], [50.808656000000006, 7.5865132], [0.007212376951879319, 0.0016127366455810446]]
[1200.0, 900.0, 0.001308, [0.0338356036, 0.000359953266], [259.90000000000003, 0.31418], [15.5177596, 0.093860286], [0.004935430871565319, 0.0003599532773013742]]
[1200.0, 400.0, 0.001245, [0.0173596824, 0.000361660004], [103.5, 0.31418], [6.6977012, 0.093860286], [0.0035435302149128063, 0.0003616600332356341]]
[1300.0, 1600.0, 0.000736, [0.0194098288, 0.0037872839600000003], [259.90000000000003, 86.94], [15.5177596, 7.5865132], [0.0030313057648478814, 0.0013390071408323407]]
[1300.0, 1700.0, 0.000911, [0.007619967160000001, 0.00142874344], [43.37799999999999, 8.096], [3.22984216, 0.98766186], [0.0019049919080143098, 0.0008248856675200509]]
[1300.0, 900.0, 0.000861, [0.0118250452, 0.00141900524], [103.5, 8.096], [6.6977012, 0.98766186], [0.0023650093767255973, 0.0008192632801731077]]
[1300.0, 200.0, 0.000861, [0.012810107599999999, 0.0014233448800000002], [103.5, 25.392], [6.6977012, 2.93968428], [0.0024653054450919465, 0.0008217684931414687]]
[1300.0, 1800.0, 0.000955, [0.025182460799999997, 0.00237570404], [259.90000000000003, 25.392], [15.5177596, 2.93968428], [0.0034590764339632626, 0.0010624470539278652]]
[1300.0, 1000.0, 0.000788, [0.0109050268, 0.000237065692], [103.5, 0.31418], [6.6977012, 0.093860286], [0.0022738547731990274, 0.000237065765305748]]
[1300.0, 1400.0, 0.000798, [0.011942096800000001, 0.0023884193600000004], [103.5, 86.94], [6.6977012, 7.5865132], [0.002388419581899294, 0.001068133471060616]]
[1300.0, 1200.0, 0.001021, [0.0271384176, 0.00238056348], [259.90000000000003, 25.392], [15.5177596, 2.93968428], [0.0035945719811960927, 0.0010646200884822717]]
[1300.0, 500.0, 0.000924, [0.0138128616, 0.00285783372], [103.5, 86.94], [6.6977012, 7.5865132], [0.002564983923848257, 0.0011667054641168008]]
[1300.0, 100.0, 0.001069, [0.023368644, 0.00047691098], [259.90000000000003, 0.31418], [15.5177596, 0.093860286], [0.0033383781786969556, 0.00033722709493752133]]
[1300.0, 1100.0, 0.000845, [0.021788810800000002, 0.000236834864], [259.90000000000003, 0.31418], [15.5177596, 0.093860286], [0.0032125841461353197, 0.00023683487648570677]]
[1300.0, 2000.0, 0.001055, [0.009528798800000002, 0.0014293202800000002], [43.37799999999999, 25.392], [3.22984216, 2.93968428], [0.002130704507715699, 0.0008252184099739899]]
[1300.0, 1300.0, 0.000888, [0.008080309400000001, 0.001901249], [43.37799999999999, 86.94], [3.22984216, 7.5865132], [0.001959763260804733, 0.0009506249195134745]]
[1300.0, 1500.0, 0.001042, [0.0151617564, 0.00473804968], [103.5, 86.94], [6.6977012, 7.5865132], [0.0026802456490404012, 0.0014983026903800179]]
[1300.0, 600.0, 0.000983, [0.0270229484, 0.0014222602], [259.90000000000003, 25.392], [15.5177596, 2.93968428], [0.0035792777059065984, 0.0008211425456764495]]
[1300.0, 300.0, 0.000788, [0.007103571160000001, 0.00236785736], [43.37799999999999, 86.94], [3.22984216, 7.5865132], [0.0018341341599784895, 0.0010589379842087072]]
[1300.0, 1900.0, 0.000825, [0.021827101199999997, 0.00047450242], [259.90000000000003, 1.8078], [15.5177596, 0.304713108], [0.0032182304852200997, 0.00033552369728530356]]
[1300.0, 400.0, 0.000768, [0.0109503552, 0.00047610276], [103.5, 1.8078], [6.6977012, 0.304713108], [0.0022833076673983294, 0.0003366553612821278]]
[1300.0, 700.0, 0.001012, [0.0269084084, 0.00236038696], [259.90000000000003, 25.392], [15.5177596, 2.93968428], [0.0035641065977324526, 0.0010555972716902976]]
[1300.0, 800.0, 0.001066, [0.028474312800000002, 0.0023728594], [259.90000000000003, 25.392], [15.5177596, 2.93968428], [0.003676018846524049, 0.0010611752352933986]]
[1400.0, 1100.0, 0.000682, [0.0186004404, 0.00630523564], [259.90000000000003, 314.64], [15.5177596, 26.476988199999997], [0.0024215714250048455, 0.0014098933213544916]]
[1400.0, 400.0, 0.000608, [0.009124275719999998, 0.00440482292], [103.5, 314.64], [6.6977012, 26.476988199999997], [0.0016943355535430401, 0.0011772384132366731]]
[1400.0, 1500.0, 0.000844, [0.007210260800000001, 0.00470234356], [43.37799999999999, 86.94], [3.22984216, 7.5865132], [0.0015034432714272927, 0.0012141400024708847]]
[1400.0, 1800.0, 0.000826, [0.012186651199999999, 0.0015623918400000001], [103.5, 25.392], [6.6977012, 2.93968428], [0.0019514262677334238, 0.0006987227081468012]]
[1400.0, 1600.0, 0.000822, [0.0225536804, 0.00125298204], [259.90000000000003, 25.392], [15.5177596, 2.93968428], [0.00265797696604015, 0.0006264911564579345]]
[1400.0, 1400.0, 0.000765, [0.0209535888, 0.00250192068], [259.90000000000003, 86.94], [15.5177596, 7.5865132], [0.002559888055677435, 0.0008845625614505737]]
[1400.0, 600.0, 0.000726, [0.00078580512, 0.00031432204800000004], [1.1500000000000001, 0.31418], [0.18400000000000002, 0.093860286], [0.00035142271947044063, 0.0002222592715726388]]
[1400.0, 1700.0, 0.000735, [0.0199725836, 0.00031207154399999997], [259.90000000000003, 1.8078], [15.5177596, 0.304713108], [0.0024965726929532814, 0.00022066795009697263]]
[1400.0, 900.0, 0.000714, [0.019787783200000002, 0.00439728536], [259.90000000000003, 314.64], [15.5177596, 26.476988199999997], [0.002493026687703122, 0.001175223931002088]]
[1400.0, 100.0, 0.000693, [0.0103916024, 0.0009446909599999999], [103.5, 25.392], [6.6977012, 2.93968428], [0.001808945774311657, 0.0005454176374119194]]
[1400.0, 700.0, 0.000826, [0.0119090412, 0.00047009378], [103.5, 1.8078], [6.6977012, 0.304713108], [0.0019319012069979147, 0.00027140865409931204]]
[1400.0, 2000.0, 0.000753, [0.0205581084, 0.00124594588], [259.90000000000003, 25.392], [15.5177596, 2.93968428], [0.0025305280248991515, 0.0006229728898114266]]
[1400.0, 800.0, 0.000714, [0.0194671172, 0.000627971484], [259.90000000000003, 8.096], [15.5177596, 0.98766186], [0.0024723262208697296, 0.00044404293450070795]]
[1400.0, 1300.0, 0.000738, [0.00094625082, 0.0009462512800000001], [1.1500000000000001, 8.096], [0.18400000000000002, 0.98766186], [0.0003863053050632362, 0.0005463182791011115]]
[1400.0, 300.0, 0.000683, [0.0100479088, 0.00031399696599999997], [103.5, 1.8078], [6.6977012, 0.304713108], [0.0017762355442902272, 0.00022202942516702601]]
[1400.0, 1200.0, 0.000654, [0.018164296, 0.01503252032], [259.90000000000003, 1996.4], [15.5177596, 126.311676], [0.002385088954651377, 0.0030685005370050043]]
[1400.0, 500.0, 0.000683, [0.018545442800000003, 0.001257318], [259.90000000000003, 25.392], [15.5177596, 2.93968428], [0.0024144111282049705, 0.0006286591645080822]]
[1400.0, 1000.0, 0.000687, [0.009967942399999999, 0.00155749008], [103.5, 25.392], [6.6977012, 2.93968428], [0.0017620987945061427, 0.000696530718001726]]
[1400.0, 200.0, 0.000819, [0.0116686084, 0.00441514808], [103.5, 86.94], [6.6977012, 7.5865132], [0.0019183069994138059, 0.0011799978244047742]]
[1400.0, 1900.0, 0.000685, [0.00973314, 0.00094191716], [103.5, 8.096], [6.6977012, 0.98766186], [0.0017481246797640038, 0.0005438162723567584]]
[1500.0, 1500.0, 0.000559, [0.00490688348, 0.0012267206399999998], [43.37799999999999, 25.392], [3.22984216, 2.93968428], [0.0024534421592529955, 0.001226721252118834]]
[1500.0, 1100.0, 0.00099, [0.0048811198, 0.00122028064], [14.352, 25.392], [1.25133524, 2.93968428], [0.0017257370691968112, 0.0012202803841740632]]
[1500.0, 1800.0, 0.000817, [0.00060814852, 0.026758531199999998], [0.35742, 1996.4], [0.090960262, 126.311676], [0.0006081483578864619, 0.008068000309370346]]
[1500.0, 400.0, 0.000557, [0.0401644676, 0.01217104984], [786.6, 1996.4], [50.808656000000006, 126.311676], [0.006991736100282962, 0.005443058691287464]]
[1500.0, 200.0, 0.000529, [0.01461788, 0.00909309968], [259.90000000000003, 874.0], [15.5177596, 74.882572], [0.004219819471020058, 0.005249904044837391]]
[1500.0, 500.0, 0.001028, [0.00244128164, 0.00061032064], [3.8824, 1.8078], [0.428071952, 0.304713108], [0.001220640921975009, 0.0006103205043253914]]
[1500.0, 1300.0, 0.000714, [0.0097227348, 0.00121534116], [103.5, 8.096], [6.6977012, 0.98766186], [0.0034375046251605246, 0.0012153415895130061]]
[1500.0, 600.0, 0.000488, [0.013533797999999998, 0.00738207264], [259.90000000000003, 874.0], [15.5177596, 74.882572], [0.004080593599955771, 0.004262040976621412]]
[1500.0, 1000.0, 0.000735, [0.011113738000000001, 0.00987888088], [103.5, 874.0], [6.6977012, 74.882572], [0.0037045796630657034, 0.004939439817307221]]
[1500.0, 2000.0, 0.000811, [0.00369107634, 0.00246071756], [14.352, 25.392], [1.25133524, 2.93968428], [0.0015068760294065335, 0.0017399899949137637]]
[1500.0, 800.0, 0.000694, [0.00618513148, 0.00123702648], [43.37799999999999, 25.392], [3.22984216, 2.93968428], [0.0027660749742550363, 0.0012370261293925848]]
[1500.0, 1700.0, 0.000623, [0.0030059206000000002, 0.00120236824], [14.352, 25.392], [1.25133524, 2.93968428], [0.0013442883570127357, 0.0012023681998456213]]
[1500.0, 1200.0, 0.000504, [0.0355236932, 0.00489982064], [786.6, 314.64], [50.808656000000006, 26.476988199999997], [0.006596584767286781, 0.0024499100783498154]]
[1500.0, 300.0, 0.000825, [0.007254464040000001, 0.0036272315600000002], [43.37799999999999, 86.94], [3.22984216, 7.5865132], [0.002961622755180004, 0.0020941835335041674]]
[1500.0, 1400.0, 0.000791, [0.0018248913, 0.0012165942000000002], [3.8824, 8.096], [0.428071952, 0.98766186], [0.001053601356301329, 0.0012165941693103744]]
[1500.0, 100.0, 0.00093, [0.008515586240000001, 0.00121651232], [43.37799999999999, 86.94], [3.22984216, 7.5865132], [0.0032185894624819737, 0.0012165124203229493]]
[1500.0, 900.0, 0.000845, [0.0006193844800000001, 0.008671379960000001], [0.35742, 314.64], [0.090960262, 26.476988199999997], [0.0006193843204344133, 0.0032774733683128532]]
[1500.0, 700.0, 0.000757, [0.0036909273, 0.0012303095599999999], [14.352, 25.392], [1.25133524, 2.93968428], [0.0015068149441786142, 0.0012303090206935816]]
[1500.0, 1900.0, 0.000795, [0.00031087214, 0.01492186272], [0.09706000000000001, 1996.4], [0.0328924104, 126.311676], [0.0003108722065415305, 0.006091825694157704]]
[1500.0, 1600.0, 0.00079, [0.019761397599999998, 0.00061754402], [259.90000000000003, 1.8078], [15.5177596, 0.304713108], [0.004940350316323733, 0.0006175437895404667]]
[1600.0, 1500.0, 0.000381, [0.0228260556, 0.000815216232], [786.6, 8.096], [50.808656000000006, 0.98766186], [0.004313719011711356, 0.0008152161478282923]]
[1600.0, 100.0, 0.000581, [0.008116045879999999, 0.00040580224799999996], [103.5, 1.8078], [6.6977012, 0.304713108], [0.0025665190383864288, 0.00040580226490250155]]
[1600.0, 1300.0, 0.000648, [0.0016320639, 0.009792384319999998], [3.8824, 1996.4], [0.428071952, 126.311676], [0.0008160319616289548, 0.003997723416145744]]
[1600.0, 900.0, 0.000545, [0.0049017646000000005, 0.00081696092], [43.37799999999999, 25.392], [3.22984216, 2.93968428], [0.0020011372550627305, 0.0008169608288284084]]
[1600.0, 300.0, 0.000546, [0.000405416262, 0.0008108326160000001], [0.35742, 25.392], [0.090960262, 2.93968428], [0.00040541627066510293, 0.0008108325935234721]]
[1600.0, 500.0, 0.000487, [0.003996274839999999, 0.00159851012], [43.37799999999999, 25.392], [3.22984216, 2.93968428], [0.0017871885048869355, 0.0011303172567027366]]
[1600.0, 1000.0, 0.000589, [0.00041250362, 0.00165001448], [0.35742, 25.392], [0.090960262, 2.93968428], [0.000412503650262637, 0.0011667366585481063]]
[1600.0, 1200.0, 0.000535, [0.000404776816, 0.0016191070800000002], [0.35742, 314.64], [0.090960262, 26.476988199999997], [0.0004047767902437095, 0.0011448818747801016]]
[1600.0, 1800.0, 0.000456, [0.0112853364, 0.000806095352], [259.90000000000003, 8.096], [15.5177596, 0.98766186], [0.0030161326920412506, 0.0008060953690476084]]
[1600.0, 1100.0, 0.000607, [0.0008138619000000001, 0.000813861992], [1.1500000000000001, 25.392], [0.18400000000000002, 2.93968428], [0.000575487393432732, 0.0008138620767673107]]
[1600.0, 1900.0, 0.000899, [0.00121738954, 0.00162318636], [1.1500000000000001, 86.94], [0.18400000000000002, 7.5865132], [0.0007028602811370124, 0.0011477659099311146]]
[1600.0, 1700.0, 0.000607, [0.0008197508200000001, 0.0032790032800000006], [1.1500000000000001, 314.64], [0.18400000000000002, 26.476988199999997], [0.0005796514739047939, 0.0016395016935642367]]
[1600.0, 800.0, 0.001048, [0.00040375212, 0.000807504424], [0.09706000000000001, 8.096], [0.0328924104, 0.98766186], [0.00028549587877936176, 0.000807504444767953]]
[1600.0, 200.0, 0.000384, [0.0016000515799999998, 0.000800025836], [14.352, 8.096], [1.25133524, 0.98766186], [0.0008000258320829398, 0.0008000258320829398]]
[1600.0, 1600.0, 0.000466, [0.0020444516, 0.0016355612800000002], [14.352, 25.392], [1.25133524, 2.93968428], [0.0009143064422828923, 0.0011565161152357541]]
[1600.0, 2000.0, 0.00049, [0.0129735732, 0.00243254532], [259.90000000000003, 86.94], [15.5177596, 7.5865132], [0.0032433934229445555, 0.0014044305493686757]]
[1600.0, 1400.0, 0.000577, [0.008164931, 0.0008164931], [103.5, 8.096], [6.6977012, 0.98766186], [0.002581977664349558, 0.0008164929768712037]]
[1600.0, 700.0, 0.000901, [0.0012279612600000001, 0.008186408400000001], [1.1500000000000001, 1996.4], [0.18400000000000002, 126.311676], [0.0007089637237546078, 0.0036610733892671423]]
[1600.0, 400.0, 0.000637, [0.00081787448, 0.000817874204], [1.1500000000000001, 8.096], [0.18400000000000002, 0.98766186], [0.0005783244694805849, 0.000817874152959977]]
[1600.0, 600.0, 0.000631, [0.000806495, 0.00161299], [1.1500000000000001, 25.392], [0.18400000000000002, 2.93968428], [0.0005702781240763141, 0.0011405562481526283]]
[1700.0, 900.0, 0.00047, [0.00430725416, 0.001615221], [43.37799999999999, 314.64], [3.22984216, 26.476988199999997], [0.0015228445725023942, 0.0009325478698704963]]
[1700.0, 1500.0, 0.000349, [0.000134145959, 0.00107316804], [0.09706000000000001, 86.94], [0.0328924104, 7.5865132], [0.0001341459694511915, 0.0007588441973422477]]
[1700.0, 1800.0, 0.000357, [0.00321501544, 0.0005358359680000001], [43.37799999999999, 25.392], [3.22984216, 2.93968428], [0.0013125246993485494, 0.0005358359120477089]]
[1700.0, 700.0, 0.000297, [0.007057468120000001, 0.00027144112399999997], [259.90000000000003, 1.8078], [15.5177596, 0.304713108], [0.001957389457415156, 0.0002714410850258302]]
[1700.0, 500.0, 0.000342, [0.008649736960000001, 0.0010812171200000002], [259.90000000000003, 25.392], [15.5177596, 2.93968428], [0.0021624341181178215, 0.0007645358313643644]]
[1700.0, 300.0, 0.000329, [0.00163529862, 0.000545099448], [14.352, 86.94], [1.25133524, 7.5865132], [0.000667607874728871, 0.0005450994953584162]]
[1700.0, 800.0, 0.00039, [0.000270465602, 0.000270465602], [0.35742, 1.8078], [0.090960262, 0.304713108], [0.0002704656050591276, 0.0002704656050591276]]
[1700.0, 1300.0, 0.000299, [0.00273086452, 0.000546172812], [43.37799999999999, 86.94], [3.22984216, 7.5865132], [0.001221279815275762, 0.0005461729373009981]]
[1700.0, 400.0, 0.000362, [0.000268479506, 0.000536958828], [0.35742, 25.392], [0.090960262, 2.93968428], [0.0002684794640191313, 0.0005369589280382626]]
[1700.0, 1000.0, 0.000404, [0.00054008094, 0.00324048564], [1.1500000000000001, 314.64], [0.18400000000000002, 26.476988199999997], [0.00038189489784494376, 0.0013229228923864005]]
[1700.0, 2000.0, 0.000275, [0.0013630508399999999, 0.000545220428], [14.352, 86.94], [1.25133524, 7.5865132], [0.0006095749840667676, 0.0005452204407026574]]
[1700.0, 1600.0, 0.000303, [0.00270344024, 0.0010813762800000002], [43.37799999999999, 86.94], [3.22984216, 7.5865132], [0.0012090151218243717, 0.0007646483021101923]]
[1700.0, 1400.0, 0.000363, [0.0032665197999999997, 0.00108884024], [43.37799999999999, 86.94], [3.22984216, 7.5865132], [0.001333551027895071, 0.0007699261182217421]]
[1700.0, 1200.0, 0.00037, [0.000134096187, 0.0005363848400000001], [0.09706000000000001, 8.096], [0.0328924104, 0.98766186], [0.0001340961936819983, 0.0005363847747279932]]
[1700.0, 100.0, 0.000443, [0.00217922838, 0.0032688428000000004], [14.352, 314.64], [1.25133524, 26.476988199999997], [0.0007704737726879481, 0.0013344995616334987]]
[1700.0, 1700.0, 0.000364, [0.00545017476, 0.00109003532], [103.5, 86.94], [6.6977012, 7.5865132], [0.0017234966782677592, 0.0007707711463203589]]
[1700.0, 1900.0, 0.000391, [0.000271659256, 0.000271659256], [0.35742, 1.8078], [0.090960262, 0.304713108], [0.0002716592304340127, 0.0002716592693798612]]
[1700.0, 1100.0, 0.000414, [0.00379277176, 0.00541824616], [43.37799999999999, 1996.4], [3.22984216, 126.311676], [0.0014335330062471526, 0.0024231130390470848]]
[1700.0, 600.0, 0.000453, [0.0021946094, 0.000274326198], [43.37799999999999, 0.31418], [3.22984216, 0.093860286], [0.0010973047146531358, 0.00027432619794689675]]
[1700.0, 200.0, 0.000508, [0.00013402813, 0.000268056214], [0.09706000000000001, 0.31418], [0.0328924104, 0.093860286], [0.00013402812637651845, 0.0002680562527530369]]
[1800.0, 600.0, 0.000298, [0.0007433301, 0.0007433301919999999], [3.8824, 86.94], [0.428071952, 7.5865132], [0.00037166511232559883, 0.0005256138022540884]]
[1800.0, 1800.0, 0.000238, [0.0021417646, 0.00035696082799999997], [43.37799999999999, 25.392], [3.22984216, 2.93968428], [0.000874371746204096, 0.0003569608298959425]]
[1800.0, 400.0, 0.000214, [0.0029109066800000003, 0.000363863312], [103.5, 8.096], [6.6977012, 0.98766186], [0.0010291609514551162, 0.00036386331477630444]]
[1800.0, 1300.0, 0.000385, [0.00586720616, 0.000366700316], [103.5, 86.94], [6.6977012, 7.5865132], [0.0014668017338413534, 0.0003667003901825031]]
[1800.0, 1200.0, 0.000267, [0.000361108832, 0.0014444349600000001], [1.1500000000000001, 314.64], [0.18400000000000002, 26.476988199999997], [0.00025534251537885345, 0.0007222176965984702]]
[1800.0, 1700.0, 0.000603, [0.00545915212, 0.00018197176799999998], [43.37799999999999, 1.8078], [3.22984216, 0.304713108], [0.0014095468888972794, 0.00018197172087992133]]
[1800.0, 500.0, 0.000258, [0.0012717482000000001, 0.00181678288], [14.352, 314.64], [1.25133524, 26.476988199999997], [0.00048067556875714, 0.0008124900711270261]]
[1800.0, 1600.0, 0.00044, [0.0100967424, 0.000180298978], [259.90000000000003, 0.31418], [15.5177596, 0.093860286], [0.001908105062516213, 0.0001802989936743963]]
[1800.0, 1000.0, 0.000257, [0.007145428399999999, 0.00142908568], [259.90000000000003, 314.64], [15.5177596, 26.476988199999997], [0.0015977664129652996, 0.0007145428623112823]]
[1800.0, 700.0, 0.00049, [0.00036948787, 0.00036948782399999995], [0.35742, 25.392], [0.090960262, 2.93968428], [0.000261267365891724, 0.0003694878522495699]]
[1800.0, 200.0, 0.000235, [0.006440069920000001, 0.000357781652], [259.90000000000003, 25.392], [15.5177596, 2.93968428], [0.0015179392230257442, 0.0003577817191528935]]
[1800.0, 800.0, 0.000334, [0.0029155931600000004, 0.00018222463], [43.37799999999999, 1.8078], [3.22984216, 0.304713108], [0.001030818022349241, 0.00018222463247321972]]
[1800.0, 2000.0, 0.000224, [0.00552496064, 0.000184165324], [259.90000000000003, 1.8078], [15.5177596, 0.304713108], [0.0014265388401301943, 0.00018416535320195273]]
[1800.0, 1100.0, 0.000361, [0.0012758514, 0.00018226455799999998], [14.352, 0.31418], [1.25133524, 0.093860286], [0.00048222658076883313, 0.00018226451547133357]]
[1800.0, 900.0, 0.000324, [0.0029472126400000003, 0.00036840158000000004], [43.37799999999999, 25.392], [3.22984216, 2.93968428], [0.0010419969712048111, 0.0003684015908760438]]
[1800.0, 1500.0, 0.000266, [0.0039828078800000005, 0.00036207345199999996], [103.5, 25.392], [6.6977012, 2.93968428], [0.0012008615194101277, 0.000362073360743372]]
[1800.0, 1400.0, 0.000218, [0.00324330912, 0.0007207352679999999], [103.5, 86.94], [6.6977012, 7.5865132], [0.0010811029567992124, 0.0005096368212757003]]
[1800.0, 1900.0, 0.000293, [0.0025433013600000003, 0.000363328792], [43.37799999999999, 8.096], [3.22984216, 0.98766186], [0.0009612776190050407, 0.0003633288386021677]]
[1800.0, 100.0, 0.000241, [0.000178745972, 0.000357492036], [0.35742, 25.392], [0.090960262, 2.93968428], [0.0001787460208228424, 0.0003574920416456848]]
[1800.0, 300.0, 0.000323, [0.0028924569999999998, 0.0010846717199999999], [43.37799999999999, 86.94], [3.22984216, 7.5865132], [0.0010226378346218175, 0.0006262352216220356]]
[1900.0, 300.0, 0.000205, [0.004434448760000001, 0.00049271658], [259.90000000000003, 8.096], [15.5177596, 0.98766186], [0.001045209485605637, 0.00034840316186854564]]
[1900.0, 1600.0, 0.000209, [0.0031579045999999998, 0.000485831484], [103.5, 86.94], [6.6977012, 7.5865132], [0.0008758450735147169, 0.00034353470159504995]]
[1900.0, 600.0, 0.000129, [0.0036231624, 0.000966176824], [259.90000000000003, 1996.4], [15.5177596, 126.311676], [0.0009354966065144224, 0.0006831900425503873]]
[1900.0, 1500.0, 0.000257, [0.00388907368, 0.00534747608], [103.5, 1996.4], [6.6977012, 126.311676], [0.0009722685184659637, 0.0016123247125067583]]
[1900.0, 500.0, 0.000198, [0.00097741582, 0.0004887080479999999], [14.352, 86.94], [1.25133524, 7.5865132], [0.00034556870460155964, 0.00034556870460155964]]
[1900.0, 1700.0, 0.000169, [0.0023896494, 0.00023896484799999998], [103.5, 8.096], [6.6977012, 0.98766186], [0.0007556733497484214, 0.0002389649306488297]]
[1900.0, 1800.0, 0.000172, [0.000120686612, 0.000482746448], [0.35742, 25.392], [0.090960262, 2.93968428], [0.00012068665233570779, 0.00034135335147029094]]
[1900.0, 800.0, 0.000197, [0.0009723875599999999, 0.000486193688], [14.352, 86.94], [1.25133524, 7.5865132], [0.0003437908718392622, 0.00034379084106473805]]
[1900.0, 1300.0, 0.000247, [0.0012239822600000002, 0.00024479645199999996], [14.352, 25.392], [1.25133524, 2.93968428], [0.0003870571317002181, 0.000244796458732556]]
[1900.0, 1000.0, 0.000259, [0.00394863264, 0.0024678944800000002], [103.5, 1996.4], [6.6977012, 126.311676], [0.000987158285180244, 0.0011036762658678495]]
[1900.0, 1900.0, 0.000178, [0.00024086129, 0.00096344516], [1.1500000000000001, 314.64], [0.18400000000000002, 26.476988199999997], [0.00017031471269388323, 0.00048172266527536363]]
[1900.0, 1200.0, 0.000161, [0.00144906716, 0.000241511224], [43.37799999999999, 25.392], [3.22984216, 2.93968428], [0.0005915792438549547, 0.00024151123250068513]]
[1900.0, 100.0, 0.000163, [0.00012112931600000001, 0.00024225863200000002], [0.35742, 25.392], [0.090960262, 2.93968428], [0.0001211292941942617, 0.0002422586058574597]]
[1900.0, 2000.0, 0.000202, [0.00289692912, 0.000120705334], [103.5, 1.8078], [6.6977012, 0.304713108], [0.0008362712958842961, 0.00012070536737030379]]
[1900.0, 1100.0, 0.000189, [0.0027059803599999996, 0.000245998156], [103.5, 8.096], [6.6977012, 0.98766186], [0.000815883782116056, 0.0002459982114731731]]
[1900.0, 900.0, 0.00022, [0.0019353193599999999, 0.0009676596799999999], [43.37799999999999, 86.94], [3.22984216, 7.5865132], [0.0006842387047807221, 0.0004838298281007487]]
[1900.0, 200.0, 0.00018, [0.00084335664, 0.00024095904], [14.352, 8.096], [1.25133524, 0.98766186], [0.0003187589242672274, 0.00024095906503802673]]
[1900.0, 400.0, 0.000192, [0.00047932460000000004, 0.00023966239199999998], [3.8824, 25.392], [0.428071952, 2.93968428], [0.00023966233971986503, 0.00023966231323259817]]
[1900.0, 700.0, 0.000231, [0.00011992186199999999, 0.00011992190800000001], [0.35742, 0.31418], [0.090960262, 0.093860286], [0.0001199218853087292, 0.00011992189413113855]]
[1900.0, 1400.0, 0.000222, [0.00195603592, 0.000244504536], [43.37799999999999, 8.096], [3.22984216, 0.98766186], [0.0006915632105888803, 0.00024450451791326885]]
[2000.0, 1500.0, 0.000155, [0.00227152416, 0.000649006916], [103.5, 86.94], [6.6977012, 7.5865132], [0.0006070904264769787, 0.00032450344540543787]]
[2000.0, 1200.0, 0.000171, [0.0025925517199999995, 0.000162034448], [103.5, 25.392], [6.6977012, 2.93968428], [0.0006481378779241342, 0.00016203446295155855]]
[2000.0, 1300.0, 0.000236, [0.00212701792, 0.00032723341999999996], [43.37799999999999, 25.392], [3.22984216, 2.93968428], [0.0005899285060411981, 0.00023138899863217352]]
[2000.0, 300.0, 0.00013, [0.00032618507999999995, 0.0006523702520000001], [3.8824, 314.64], [0.428071952, 26.476988199999997], [0.00016309254428084686, 0.0003261850885616937]]
[2000.0, 900.0, 0.000149, [0.0007372199200000001, 0.0001638267], [14.352, 25.392], [1.25133524, 2.93968428], [0.0002457400339383064, 0.0001638266864219624]]
[2000.0, 1900.0, 0.00013, [0.00341356524, 0.000325101412], [259.90000000000003, 25.392], [15.5177596, 2.93968428], [0.0007449010536171902, 0.00022988145505020626]]
[2000.0, 1600.0, 0.000131, [0.00064516794, 0.000161291916], [14.352, 25.392], [1.25133524, 2.93968428], [0.00022810119403457755, 0.00016129192733673934]]
[2000.0, 500.0, 0.000179, [0.000242852078, 0.0016190139759999999], [1.1500000000000001, 874.0], [0.18400000000000002, 74.882572], [0.00014021070896333133, 0.0007240450266661597]]
[2000.0, 600.0, 0.000178, [0.00461896764, 0.000494889436], [259.90000000000003, 25.392], [15.5177596, 2.93968428], [0.0008729029135476637, 0.00028572454085709897]]
[2000.0, 200.0, 0.000163, [0.00081064742, 0.0006485179360000001], [14.352, 314.64], [1.25133524, 26.476988199999997], [0.00025634921337893747, 0.00032425895626798034]]
[2000.0, 1800.0, 0.000175, [0.002582739, 0.000161421176], [103.5, 8.096], [6.6977012, 0.98766186], [0.0006456848132641808, 0.0001614212033160452]]
[2000.0, 2000.0, 0.000179, [0.0016426047999999998, 0.00016426048], [43.37799999999999, 86.94], [3.22984216, 7.5865132], [0.000519437328346741, 0.00016426050592884464]]
[2000.0, 400.0, 0.000153, [0.0023069036800000002, 0.0009886734], [103.5, 314.64], [6.6977012, 26.476988199999997], [0.0006165459469009588, 0.00040362403734168264]]
[2000.0, 1100.0, 0.000166, [0.00041641545999999995, 0.000166566184], [3.8824, 25.392], [0.428071952, 2.93968428], [0.0001862266695186272, 0.0001665661969068154]]
[2000.0, 100.0, 0.000172, [0.0047928918, 0.00015976306], [259.90000000000003, 25.392], [15.5177596, 2.93968428], [0.0008750583276559341, 0.00015976305290022472]]
[2000.0, 1400.0, 0.000147, [0.0012913248800000001, 0.000161415656], [43.37799999999999, 8.096], [3.22984216, 0.98766186], [0.000456552444829726, 0.0001614156714077044]]
[2000.0, 1700.0, 0.000131, [0.0006468165800000001, 0.000161704076], [14.352, 25.392], [1.25133524, 2.93968428], [0.00022868413185002585, 0.00016170407420965004]]
[2000.0, 700.0, 0.000185, [0.00024482078600000003, 0.000163213888], [1.1500000000000001, 8.096], [0.18400000000000002, 0.98766186], [0.00014134734160924287, 0.00016321386009772576]]
[2000.0, 1000.0, 0.000126, [0.000161738024, 0.000161738024], [1.1500000000000001, 8.096], [0.18400000000000002, 0.98766186], [0.00011436609327943312, 0.00016173806710851962]]
[2000.0, 800.0, 0.000182, [0.000240537496, 0.00032071669199999997], [1.1500000000000001, 25.392], [0.18400000000000002, 2.93968428], [0.00013887441901228606, 0.00022678098904449642]]
[2100.0, 200.0, 8.7e-05, [0.0007560619799999999, 0.000108008828], [43.37799999999999, 8.096], [3.22984216, 0.98766186], [0.00028576452902346017, 0.00010800882282480445]]
[2100.0, 100.0, 0.000112, [0.00054341318, 0.00043473035999999995], [14.352, 86.94], [1.25133524, 7.5865132], [0.00017184229549211684, 0.00021736518190363426]]
[2100.0, 400.0, 9.1e-05, [0.00108558896, 0.000217117792], [103.5, 8.096], [6.6977012, 0.98766186], [0.00034329328778757095, 0.00015352542554248138]]
[2100.0, 1400.0, 0.000145, [0.000107606788, 0.000430427152], [0.35742, 86.94], [0.090960262, 7.5865132], [7.608949254660594e-05, 0.00021521358462699326]]
[2100.0, 500.0, 9.1e-05, [0.00251708504, 0.00010943850800000001], [259.90000000000003, 25.392], [15.5177596, 2.93968428], [0.0005248485905858946, 0.00010943847615898167]]
[2100.0, 800.0, 9.4e-05, [0.00142412044, 0.00032864322799999995], [103.5, 314.64], [6.6977012, 26.476988199999997], [0.000394980011848701, 0.00018974225511466866]]
[2100.0, 300.0, 8.6e-05, [0.00021648257799999999, 0.00010824131200000001], [3.8824, 86.94], [0.428071952, 7.5865132], [0.00010824129404252334, 0.00010824127449360526]]
[2100.0, 600.0, 0.000109, [0.0009655952, 0.000107288376], [43.37799999999999, 8.096], [3.22984216, 0.98766186], [0.00032186512603884257, 0.0001072883709634926]]
[2100.0, 700.0, 0.00013, [0.0011903447599999999, 0.00010821316000000001], [43.37799999999999, 25.392], [3.22984216, 2.93968428], [0.00035890236488493637, 0.000108213120387502]]
[2100.0, 1000.0, 9.4e-05, [0.0026153658799999997, 0.001307682848], [259.90000000000003, 1996.4], [15.5177596, 126.311676], [0.0005338593611055256, 0.0005338593769598881]]
[2100.0, 1700.0, 9.4e-05, [0.0014315163199999999, 0.001101166032], [103.5, 874.0], [6.6977012, 74.882572], [0.00039703122033411933, 0.0004924565357633099]]
[2100.0, 1800.0, 0.000117, [0.0032767409999999997, 0.000422805228], [259.90000000000003, 314.64], [15.5177596, 26.476988199999997], [0.0005885200521987335, 0.00021140264796827877]]
[2100.0, 1900.0, 9.6e-05, [0.0021662099200000003, 0.00021662089999999998], [259.90000000000003, 8.096], [15.5177596, 0.98766186], [0.0004843791699897922, 0.00015317414283096218]]
[2100.0, 900.0, 0.000201, [0.00027259646, 0.00032711566], [1.1500000000000001, 86.94], [0.18400000000000002, 7.5865132], [0.00012190883515151804, 0.00018886035980056798]]
[2100.0, 2000.0, 0.000116, [0.00318884144, 0.000329880168], [259.90000000000003, 86.94], [15.5177596, 7.5865132], [0.0005921530526477087, 0.00019045639929390665]]
[2100.0, 1200.0, 9.7e-05, [0.00140954212, 0.000108426324], [103.5, 8.096], [6.6977012, 0.98766186], [0.00039093678547816394, 0.00010842636181298347]]
[2100.0, 1500.0, 8.5e-05, [0.00238432904, 0.000325135728], [259.90000000000003, 314.64], [15.5177596, 26.476988199999997], [0.0005083406698661834, 0.00018771722473976652]]
[2100.0, 1100.0, 9e-05, [0.00021939373399999999, 0.000329090624], [3.8824, 86.94], [0.428071952, 7.5865132], [0.00010969687426722787, 0.0001900005596623336]]
[2100.0, 1300.0, 0.000114, [0.0031297075199999995, 0.000323762812], [259.90000000000003, 86.94], [15.5177596, 7.5865132], [0.0005811720901763951, 0.00018692457576252513]]
[2100.0, 1600.0, 0.000116, [0.00171690492, 0.000214613092], [103.5, 25.392], [6.6977012, 2.93968428], [0.0004292260961311649, 0.00015175435556187507]]
[2200.0, 1700.0, 0.000107, [0.000145184832, 0.000145184832], [1.1500000000000001, 86.94], [0.18400000000000002, 7.5865132], [7.259241621546979e-05, 0.00010266120014883911]]
[2200.0, 1100.0, 0.000113, [0.00102257816, 7.304127480000001e-05], [43.37799999999999, 8.096], [3.22984216, 0.98766186], [0.0002732954421866563, 7.304127349382677e-05]]
[2200.0, 200.0, 6.5e-05, [0.0009403145199999999, 7.23318628e-05], [103.5, 8.096], [6.6977012, 0.98766186], [0.00026079621196635505, 7.23318662278252e-05]]
[2200.0, 1800.0, 7.1e-05, [0.00064759812, 7.195534360000001e-05], [43.37799999999999, 25.392], [3.22984216, 2.93968428], [0.00021586603653191947, 7.195534028270591e-05]]
[2200.0, 900.0, 0.000102, [0.000254650986, 0.00021827230000000003], [3.8824, 86.94], [0.428071952, 7.5865132], [9.624903960040329e-05, 0.0001260195837479239]]
[2200.0, 1000.0, 9.6e-05, [7.120776999999998e-05, 0.000142415448], [0.35742, 25.392], [0.090960262, 2.93968428], [5.035147056442344e-05, 0.00010070294112884688]]
[2200.0, 1300.0, 0.000121, [0.00107858592, 0.00021571709200000002], [43.37799999999999, 25.392], [3.22984216, 2.93968428], [0.0002784896074757548, 0.00012454435226055013]]
[2200.0, 1900.0, 7.3e-05, [0.000180573138, 0.00021668778400000003], [3.8824, 86.94], [0.428071952, 7.5865132], [8.075475233074522e-05, 0.00012510471083056784]]
[2200.0, 1400.0, 9.7e-05, [7.287343e-05, 0.00021862033599999998], [0.35742, 86.94], [0.090960262, 7.5865132], [5.152930183885669e-05, 0.000126220479542743]]
[2200.0, 1600.0, 8.6e-05, [0.000427427216, 7.12378724e-05], [14.352, 25.392], [1.25133524, 2.93968428], [0.000123387623917474, 7.12378818438617e-05]]
[2200.0, 800.0, 8e-05, [0.00223695516, 0.000216479588], [259.90000000000003, 314.64], [15.5177596, 26.476988199999997], [0.00040176917193831586, 0.00012498453107484943]]
[2200.0, 400.0, 7.2e-05, [0.00036065573200000004, 0.0008655737200000001], [14.352, 1996.4], [1.25133524, 126.311676], [0.00011404933539481937, 0.00035336897004689026]]
[2200.0, 600.0, 6.4e-05, [0.00095642924, 0.00022071444], [103.5, 86.94], [6.6977012, 7.5865132], [0.0002652657236206744, 0.00012742953177344725]]
[2200.0, 2000.0, 7.8e-05, [0.00115750352, 0.00014468794], [103.5, 25.392], [6.6977012, 2.93968428], [0.0002893758909377213, 0.00010230983256754945]]
[2200.0, 500.0, 5.8e-05, [0.00028631228, 0.00014315614], [14.352, 86.94], [1.25133524, 7.5865132], [0.00010122666603222691, 0.00010122667648401779]]
[2200.0, 700.0, 8.6e-05, [0.00127216496, 0.000141351652], [103.5, 25.392], [6.6977012, 2.93968428], [0.0002998521211530777, 9.995070705102591e-05]]
[2200.0, 300.0, 8.2e-05, [0.00123435296, 0.0005808720840000001], [103.5, 314.64], [6.6977012, 26.476988199999997], [0.00029937470060110294, 0.00020536930668432418]]
[2200.0, 1200.0, 6.7e-05, [0.0010063364799999999, 7.18811548e-05], [103.5, 25.392], [6.6977012, 2.93968428], [0.0002689546636591379, 7.188114901697106e-05]]
[2200.0, 1500.0, 6.4e-05, [0.000573105904, 0.00021491466799999998], [43.37799999999999, 86.94], [3.22984216, 7.5865132], [0.0002026235411002384, 0.00012408105860283432]]
[2200.0, 100.0, 5.9e-05, [0.000853938756, 7.11615492e-05], [103.5, 8.096], [6.6977012, 0.98766186], [0.00024651087122477984, 7.116156289458516e-05]]
[2300.0, 700.0, 6.2e-05, [2.4399251e-05, 0.000487985112], [0.09706000000000001, 874.0], [0.0328924104, 74.882572], [1.725288089276687e-05, 0.00021823361867503367]]
[2300.0, 100.0, 6.1e-05, [2.4003052999999995e-05, 4.80060968e-05], [0.09706000000000001, 25.392], [0.0328924104, 2.93968428], [1.69727143822077e-05, 4.8006090146980315e-05]]
[2300.0, 1800.0, 6.4e-05, [4.8270698000000006e-05, 0.00014481204800000002], [0.35742, 86.94], [0.090960262, 7.5865132], [3.413252695011021e-05, 8.360726453604376e-05]]
[2300.0, 1000.0, 6.1e-05, [2.4053515e-05, 0.00019242812], [0.09706000000000001, 314.64], [0.0328924104, 26.476988199999997], [1.7008399695444602e-05, 9.621401170307785e-05]]
[2300.0, 1500.0, 5.7e-05, [0.0008716721239999999, 0.00048426224], [103.5, 874.0], [6.6977012, 74.882572], [0.00020545507479738725, 0.00021656870348228988]]
[2300.0, 1200.0, 5.5e-05, [7.1902048e-05, 2.3967347799999995e-05], [1.1500000000000001, 1.8078], [0.18400000000000002, 0.304713108], [4.1512659158382037e-05, 2.3967346411315543e-05]]
[2300.0, 500.0, 9.6e-05, [0.000239818792, 2.39818746e-05], [3.8824, 1.8078], [0.428071952, 0.304713108], [7.583735839281324e-05, 2.3981878425177625e-05]]
[2300.0, 1900.0, 8.2e-05, [0.00124156484, 4.7752498799999995e-05], [103.5, 25.392], [6.6977012, 2.93968428], [0.00024349089234712657, 4.7752493430186446e-05]]
[2300.0, 1300.0, 7.2e-05, [0.000664293084, 0.00018979802400000001], [43.37799999999999, 874.0], [3.22984216, 74.882572], [0.0001775397874505881, 0.00013420746080006134]]
[2300.0, 1600.0, 6.4e-05, [0.000568989088, 0.00011802928399999998], [43.37799999999999, 25.392], [3.22984216, 2.93968428], [0.00016425298268220274, 8.345931502235086e-05]]
[2300.0, 1700.0, 7e-05, [0.0010634694, 9.667902799999998e-05], [103.5, 86.94], [6.6977012, 7.5865132], [0.00022673250212530184, 6.83624198869525e-05]]
[2300.0, 1400.0, 5.9e-05, [0.00014517245799999998, 2.41954066e-05], [3.8824, 1.8078], [0.428071952, 0.304713108], [5.926640785470298e-05, 2.4195405315885904e-05]]
[2300.0, 1100.0, 7.3e-05, [0.000672309504, 9.6044228e-05], [43.37799999999999, 86.94], [3.22984216, 7.5865132], [0.0001796822651237456, 6.791351264660076e-05]]
[2300.0, 900.0, 4.8e-05, [0.000239171158, 4.78342316e-05], [14.352, 25.392], [1.25133524, 2.93968428], [7.563256155915916e-05, 4.783423195996774e-05]]
[2300.0, 2000.0, 4.8e-05, [0.0013425376, 0.000479477872], [259.90000000000003, 874.0], [15.5177596, 74.882572], [0.00025371585126672715, 0.00021442900863455951]]
[2300.0, 300.0, 7.8e-05, [9.611585e-05, 2.40289694e-05], [1.1500000000000001, 0.31418], [0.18400000000000002, 0.093860286], [4.805793724245767e-05, 2.4028966419719347e-05]]
[2300.0, 200.0, 5e-05, [0.000764224036, 0.001146336192], [103.5, 4876.0], [6.6977012, 416.54771000000005], [0.00019105602587722795, 0.0003309187694888279]]
[2300.0, 400.0, 7.4e-05, [0.00016784912400000002, 2.3978443e-05], [3.8824, 0.31418], [0.428071952, 0.093860286], [6.344102136630525e-05, 2.3978445904603578e-05]]
[2300.0, 800.0, 5.9e-05, [0.000290774832, 4.8462471999999996e-05], [14.352, 25.392], [1.25133524, 2.93968428], [8.393946344836855e-05, 4.846247909465631e-05]]
[2300.0, 600.0, 5.3e-05, [7.1979604e-05, 9.597274399999999e-05], [1.1500000000000001, 86.94], [0.18400000000000002, 7.5865132], [4.155743465614787e-05, 6.786300661774426e-05]]
[2400.0, 1200.0, 3.1e-05, [0.00047205319600000003, 0.000314702192], [103.5, 874.0], [6.6977012, 74.882572], [0.00012188361248338515, 0.00014073907295417286]]
[2400.0, 1500.0, 4.1e-05, [1.60573258e-05, 0.001027668704], [0.09706000000000001, 13938.0], [0.0328924104, 875.2098], [1.1354242999865735e-05, 0.0002569171778764511]]
[2400.0, 1100.0, 4.5e-05, [0.00041449054399999994, 3.1883888e-05], [43.37799999999999, 25.392], [3.22984216, 2.93968428], [0.0001149589974904096, 3.188388719086805e-05]]
[2400.0, 1600.0, 4.5e-05, [0.000671492452, 3.1975842e-05], [103.5, 8.096], [6.6977012, 0.98766186], [0.0001465316552284864, 3.197583054746194e-05]]
[2400.0, 400.0, 3.3e-05, [0.000891001968, 1.59107468e-05], [259.90000000000003, 1.8078], [15.5177596, 0.304713108], [0.00016838352622510316, 1.5910747688276623e-05]]
[2400.0, 1300.0, 3.8e-05, [0.000191503704, 3.1917284e-05], [14.352, 86.94], [1.25133524, 7.5865132], [5.5282355232026795e-05, 3.191727825488884e-05]]
[2400.0, 200.0, 4.6e-05, [6.2796072e-05, 9.419410799999999e-05], [1.1500000000000001, 86.94], [0.18400000000000002, 7.5865132], [3.139804461427495e-05, 5.438300463931723e-05]]
[2400.0, 1700.0, 5.2e-05, [0.000451470496, 6.44957812e-05], [43.37799999999999, 8.096], [3.22984216, 0.98766186], [0.00012066055163142592, 4.560540313603203e-05]]
[2400.0, 2000.0, 3.5e-05, [4.79918e-05, 3.19945548e-05], [1.1500000000000001, 25.392], [0.18400000000000002, 2.93968428], [2.7708095322486534e-05, 3.199455258633882e-05]]
[2400.0, 600.0, 5.6e-05, [0.00012844579999999998, 1.6055724999999998e-05], [3.8824, 0.31418], [0.428071952, 0.093860286], [4.541244550561002e-05, 1.6055726554721837e-05]]
[2400.0, 1900.0, 3.8e-05, [0.00034510616800000006, 6.2746576e-05], [43.37799999999999, 314.64], [3.22984216, 26.476988199999997], [0.00010405342350927238, 4.4368520191685455e-05]]
[2400.0, 700.0, 4.8e-05, [6.458013600000001e-05, 6.45801452e-05], [1.1500000000000001, 86.94], [0.18400000000000002, 7.5865132], [3.229006689370588e-05, 4.566505053101333e-05]]
[2400.0, 100.0, 3.9e-05, [0.00019120981, 1.5934147e-05], [14.352, 1.8078], [1.25133524, 0.304713108], [5.5197508277095265e-05, 1.593415034446456e-05]]
[2400.0, 1800.0, 5.1e-05, [0.00025329108799999997, 1.5830692999999998e-05], [14.352, 1.8078], [1.25133524, 0.304713108], [6.332277195448727e-05, 1.583069131781679e-05]]
[2400.0, 500.0, 4e-05, [0.00111871724, 0.00044748708], [259.90000000000003, 1996.4], [15.5177596, 126.311676], [0.00018909778113981136, 0.0001691341872005775]]
[2400.0, 900.0, 5.1e-05, [0.000127136364, 3.17840956e-05], [3.8824, 8.096], [0.428071952, 0.98766186], [4.494949026629779e-05, 3.178408937817788e-05]]
[2400.0, 1400.0, 6.3e-05, [4.7390258000000004e-05, 1.57967588e-05], [0.35742, 1.8078], [0.090960262, 0.304713108], [2.7360786852720444e-05, 1.579675765465812e-05]]
[2400.0, 800.0, 3.6e-05, [0.000174222378, 3.1676786799999996e-05], [14.352, 8.096], [1.25133524, 0.98766186], [5.2530026232622425e-05, 3.167679039296753e-05]]
[2400.0, 300.0, 3.5e-05, [0.00031786368, 0.00025429094400000003], [43.37799999999999, 1996.4], [3.22984216, 126.311676], [0.00010051731552324703, 0.00012714546453570415]]
[2400.0, 1000.0, 5.6e-05, [0.000853845836, 3.16239144e-05], [103.5, 25.392], [6.6977012, 2.93968428], [0.00016432268834217628, 3.162390769022702e-05]]
[2500.0, 400.0, 3.4e-05, [0.00016640421799999998, 8.32020952e-05], [14.352, 86.94], [1.25133524, 7.5865132], [4.160104805410556e-05, 4.160104296769493e-05]]
[2500.0, 1300.0, 3.1e-05, [0.00045936152, 1.0440035799999999e-05], [103.5, 1.8078], [6.6977012, 0.304713108], [9.793623623562423e-05, 1.0440037216408762e-05]]
[2500.0, 500.0, 3.1e-05, [4.16667126e-05, 4.16666988e-05], [1.1500000000000001, 86.94], [0.18400000000000002, 7.5865132], [2.0833353786656626e-05, 2.9462804292870697e-05]]
[2500.0, 900.0, 2.8e-05, [0.000135258216, 2.08089648e-05], [14.352, 8.096], [1.25133524, 0.98766186], [3.7513881350774675e-05, 2.0808958128652187e-05]]
[2500.0, 1400.0, 4.9e-05, [6.4074918e-05, 1.0679153e-05], [1.1500000000000001, 0.31418], [0.18400000000000002, 0.093860286], [2.615847747098443e-05, 1.0679154369143654e-05]]
[2500.0, 200.0, 3.4e-05, [0.00016751217400000001, 4.1878059600000006e-05], [14.352, 25.392], [1.25133524, 2.93968428], [4.187804731837434e-05, 2.9612254814518942e-05]]
[2500.0, 1900.0, 2.8e-05, [0.000421653664, 1.05413416e-05], [103.5, 1.8078], [6.6977012, 0.304713108], [9.428460557270207e-05, 1.0541339364615866e-05]]
[2500.0, 1000.0, 2.7e-05, [1.0433029999999999e-05, 0.00029212483999999995], [0.09706000000000001, 1996.4], [0.0328924104, 126.311676], [7.377265685875763e-06, 0.00011041281792255825]]
[2500.0, 1800.0, 4.2e-05, [3.16063654e-05, 2.10709072e-05], [0.35742, 25.392], [0.090960262, 2.93968428], [1.824794547339508e-05, 2.107091647935609e-05]]
[2500.0, 1700.0, 2.5e-05, [6.2597904e-05, 4.17319452e-05], [3.8824, 86.94], [0.428071952, 7.5865132], [2.5555486197683657e-05, 2.9508933671008854e-05]]
[2500.0, 800.0, 3e-05, [7.3922506e-05, 4.22414412e-05], [3.8824, 25.392], [0.428071952, 2.93968428], [2.7940087222483756e-05, 2.9869213689014313e-05]]
[2500.0, 700.0, 3e-05, [7.353233400000001e-05, 1.05046152e-05], [3.8824, 1.8078], [0.428071952, 0.304713108], [2.7792608434618003e-05, 1.0504617449483823e-05]]
[2500.0, 1600.0, 4.2e-05, [3.13972172e-05, 2.0931481200000002e-05], [0.35742, 25.392], [0.090960262, 2.93968428], [1.812719286596797e-05, 2.0931473970076735e-05]]
[2500.0, 1100.0, 2.8e-05, [0.00024899487200000003, 4.14991484e-05], [43.37799999999999, 25.392], [3.22984216, 2.93968428], [7.187863501208131e-05, 2.934433707549039e-05]]
[2500.0, 600.0, 3.4e-05, [0.000509834744, 2.1243112800000002e-05], [103.5, 25.392], [6.6977012, 2.93968428], [0.00010406956880856189, 2.12431087894404e-05]]
[2500.0, 300.0, 3.2e-05, [0.000292276456, 0.000125261312], [43.37799999999999, 314.64], [3.22984216, 26.476988199999997], [7.811417643424271e-05, 5.1137726425800353e-05]]
[2500.0, 2000.0, 3e-05, [7.454295399999999e-05, 1.06489954e-05], [3.8824, 1.8078], [0.428071952, 0.304713108], [2.8174585058169004e-05, 1.0648993045354101e-05]]
[2500.0, 1200.0, 2.9e-05, [2.1201193e-05, 2.12011976e-05], [0.35742, 8.096], [0.090960262, 0.98766186], [1.4991505154586714e-05, 2.1201191906116977e-05]]
[2500.0, 100.0, 2.5e-05, [6.273181000000001e-05, 2.0910606400000002e-05], [3.8824, 25.392], [0.428071952, 2.93968428], [2.561015866409265e-05, 2.0910604287777052e-05]]
[2500.0, 1500.0, 3.8e-05, [0.00018765861, 4.1701916400000005e-05], [14.352, 86.94], [1.25133524, 7.5865132], [4.423155588038928e-05, 2.948770073098274e-05]]
[2600.0, 800.0, 2.3e-05, [0.000208725, 2.7830000000000003e-05], [43.37799999999999, 86.94], [3.22984216, 7.5865132], [5.389256817038876e-05, 1.9678782795691403e-05]]
[2600.0, 2000.0, 2.7e-05, [2.0554014399999998e-05, 6.8513366000000006e-06], [0.35742, 1.8078], [0.090960262, 0.304713108], [1.1866864209217194e-05, 6.8513367308869e-06]]
[2600.0, 900.0, 3.1e-05, [0.00027921126, 1.3960562999999999e-05], [43.37799999999999, 1.8078], [3.22984216, 0.304713108], [6.243353452752775e-05, 9.871607502327065e-06]]
[2600.0, 1000.0, 2e-05, [0.000296400908, 6.7363826e-06], [103.5, 1.8078], [6.6977012, 0.304713108], [6.319288402977031e-05, 6.7363839290824265e-06]]
[2600.0, 200.0, 2.5e-05, [0.000122645614, 0.0002998004], [14.352, 4876.0], [1.25133524, 416.54771000000005], [2.8907854482821793e-05, 9.039322813574035e-05]]
[2600.0, 1100.0, 2.6e-05, [1.0198085e-05, 4.079234e-05], [0.09706000000000001, 86.94], [0.0328924104, 7.5865132], [5.887866580519636e-06, 2.3551466322078546e-05]]
[2600.0, 1500.0, 2.6e-05, [1.0257687200000001e-05, 0.00019147684], [0.09706000000000001, 1996.4], [0.0328924104, 126.311676], [5.922278034675508e-06, 7.237143613332542e-05]]
[2600.0, 700.0, 2.3e-05, [0.00031386536, 6.8231616e-06], [103.5, 0.31418], [6.6977012, 0.093860286], [6.544545951553858e-05, 6.823161563381011e-06]]
[2600.0, 1800.0, 2.6e-05, [0.00023546204, 1.38507104e-05], [43.37799999999999, 8.096], [3.22984216, 0.98766186], [5.710793567272415e-05, 1.3850709232382292e-05]]
[2600.0, 1600.0, 1.9e-05, [4.7837791999999996e-05, 6.8339716e-05], [3.8824, 314.64], [0.428071952, 26.476988199999997], [1.8080984486470864e-05, 3.0562449849447606e-05]]
[2600.0, 1400.0, 2.1e-05, [2.76548504e-05, 6.9137126e-06], [1.1500000000000001, 1.8078], [0.18400000000000002, 0.304713108], [1.3827424782655663e-05, 6.913712773900866e-06]]
[2600.0, 1300.0, 2.6e-05, [3.4666510800000004e-05, 1.3866607999999999e-05], [1.1500000000000001, 8.096], [0.18400000000000002, 0.98766186], [1.550333762774971e-05, 1.3866603673574867e-05]]
[2600.0, 600.0, 2.1e-05, [0.00010295351999999998, 2.7454272e-05], [14.352, 25.392], [1.25133524, 2.93968428], [2.6582480222883646e-05, 1.9413100916649046e-05]]
[2600.0, 1700.0, 3.6e-05, [2.7322339399999997e-05, 1.3661172e-05], [0.35742, 25.392], [0.090960262, 2.93968428], [1.3661169806425804e-05, 1.3661169806425804e-05]]
[2600.0, 400.0, 2.2e-05, [0.00011098659199999999, 6.936662e-05], [14.352, 314.64], [1.25133524, 26.476988199999997], [2.7746645584646805e-05, 3.102169880583589e-05]]
[2600.0, 300.0, 2.7e-05, [2.06507524e-05, 0.000192740368], [0.35742, 1996.4], [0.090960262, 126.311676], [1.1922717274178736e-05, 7.284901361034342e-05]]
[2600.0, 1900.0, 1.8e-05, [0.00016335934, 2.7226553599999996e-05], [43.37799999999999, 25.392], [3.22984216, 2.93968428], [4.715777672452339e-05, 1.9252083195332393e-05]]
[2600.0, 1200.0, 2.5e-05, [3.46312518e-05, 2.77049996e-05], [1.1500000000000001, 86.94], [0.18400000000000002, 7.5865132], [1.5487565386464073e-05, 1.9590392812804955e-05]]
[2600.0, 100.0, 2.1e-05, [2.75189112e-05, 4.127836680000001e-05], [1.1500000000000001, 25.392], [0.18400000000000002, 2.93968428], [1.3759457378835838e-05, 2.3832077488964323e-05]]
[2600.0, 500.0, 1.9e-05, [4.8164392e-05, 0.00027522517600000004], [3.8824, 4876.0], [0.428071952, 416.54771000000005], [1.8204432438282717e-05, 8.703382831060577e-05]]
[2700.0, 1400.0, 1.4e-05, [6.769475e-05, 2.7077899999999997e-05], [14.352, 86.94], [1.25133524, 7.5865132], [1.7478704688849226e-05, 1.5633431444183966e-05]]
[2700.0, 1000.0, 1.7e-05, [0.00015463866, 1.81927792e-05], [43.37799999999999, 25.392], [3.22984216, 2.93968428], [3.7505377214474196e-05, 1.2864235352324678e-05]]
[2700.0, 800.0, 1.2e-05, [0.00033359797999999997, 4.508080499999999e-06], [259.90000000000003, 1.8078], [15.5177596, 0.304713108], [5.4843174700230475e-05, 4.508081203350268e-06]]
[2700.0, 900.0, 2e-05, [2.6704471999999998e-05, 8.901492199999999e-06], [1.1500000000000001, 86.94], [0.18400000000000002, 7.5865132], [1.0902056286774527e-05, 8.901492792560132e-06]]
[2700.0, 600.0, 1.2e-05, [0.00010698532800000001, 7.1323552e-05], [43.37799999999999, 874.0], [3.22984216, 74.882572], [3.088400398912032e-05, 3.566178236263577e-05]]
[2700.0, 1100.0, 2e-05, [0.00018043168799999998, 1.8043168800000002e-05], [43.37799999999999, 25.392], [3.22984216, 2.93968428], [4.03457606000928e-05, 1.2758446425799657e-05]]
[2700.0, 1300.0, 1.1e-05, [0.000312739096, 9.198206e-05], [259.90000000000003, 1996.4], [15.5177596, 126.311676], [5.363430357523065e-05, 4.1135635222031034e-05]]
[2700.0, 400.0, 1.7e-05, [7.6854408e-05, 4.52084734e-06], [14.352, 0.31418], [1.25133524, 0.093860286], [1.8639929946220292e-05, 4.520848078845384e-06]]
[2700.0, 1700.0, 1.4e-05, [0.000216840688, 5.42101904e-05], [103.5, 874.0], [6.6977012, 74.882572], [4.426242288894723e-05, 3.129825937652125e-05]]
[2700.0, 100.0, 1.9e-05, [1.3458219999999999e-05, 8.9721482e-06], [0.35742, 1.8078], [0.090960262, 0.304713108], [7.770108079042401e-06, 6.3442672358594736e-06]]
[2700.0, 2000.0, 1.2e-05, [0.000338700852, 8.9131808e-06], [259.90000000000003, 8.096], [15.5177596, 0.98766186], [5.494454590584948e-05, 8.913182020356144e-06]]
[2700.0, 1200.0, 1.8e-05, [1.35390604e-05, 7.220830680000001e-05], [0.35742, 314.64], [0.090960262, 26.476988199999997], [7.816777983286975e-06, 2.552949275171757e-05]]
[2700.0, 700.0, 1.3e-05, [0.00019573404799999998, 5.33820248e-05], [103.5, 874.0], [6.6977012, 74.882572], [4.173064629262289e-05, 3.082012632809931e-05]]
[2700.0, 300.0, 1.7e-05, [2.2054056e-05, 2.6464867199999998e-05], [1.1500000000000001, 25.392], [0.18400000000000002, 2.93968428], [9.862872003630587e-06, 1.527949671422459e-05]]
[2700.0, 1800.0, 2.1e-05, [0.00018822546799999998, 1.79262368e-05], [43.37799999999999, 25.392], [3.22984216, 2.93968428], [4.107417249805527e-05, 1.2675763872840168e-05]]
[2700.0, 200.0, 1.3e-05, [1.81943386e-05, 9.097171599999999e-05], [1.1500000000000001, 1996.4], [0.18400000000000002, 126.311676], [9.09717078437027e-06, 4.0683785593771875e-05]]
[2700.0, 1500.0, 1.8e-05, [4.4544031000000004e-05, 1.78176124e-05], [3.8824, 86.94], [0.428071952, 7.5865132], [1.4086059281431411e-05, 1.2598955778952475e-05]]
[2700.0, 500.0, 1.4e-05, [7.109902600000001e-05, 0.00014219805200000002], [14.352, 1996.4], [1.25133524, 126.311676], [1.7774759520173544e-05, 5.027460522848489e-05]]
[2700.0, 1900.0, 1.6e-05, [7.7465426e-05, 0.000109362976], [14.352, 874.0], [1.25133524, 74.882572], [1.8788125483932666e-05, 4.464724265259838e-05]]
[2700.0, 1600.0, 1.7e-05, [2.23615108e-05, 8.944605239999999e-06], [1.1500000000000001, 8.096], [0.18400000000000002, 0.98766186], [1.0000372493062446e-05, 8.944604604788297e-06]]
[2800.0, 1500.0, 1.5e-05, [2.04219346e-05, 2.3339351199999998e-05], [1.1500000000000001, 86.94], [0.18400000000000002, 7.5865132], [7.718765732939431e-06, 1.1669676890128536e-05]]
[2800.0, 200.0, 1.1e-05, [5.2898574e-05, 5.87761872e-06], [14.352, 8.096], [1.25133524, 0.98766186], [1.2468314213236688e-05, 5.877618566732619e-06]]
[2800.0, 400.0, 9e-06, [0.000138750904, 1.73438676e-05], [103.5, 86.94], [6.6977012, 7.5865132], [2.8322414795352465e-05, 1.0013484724110783e-05]]
[2800.0, 900.0, 1.1e-05, [0.000160624824, 5.9490677599999994e-06], [103.5, 25.392], [6.6977012, 2.93968428], [3.0912260117953196e-05, 5.949066732858188e-06]]
[2800.0, 600.0, 1.3e-05, [0.000201813868, 5.76611104e-05], [103.5, 874.0], [6.6977012, 74.882572], [3.411276385167288e-05, 2.5786830313165672e-05]]
[2800.0, 1200.0, 8e-06, [5.816814999999999e-06, 8.14354192e-05], [0.35742, 874.0], [0.090960262, 74.882572], [4.113110520275379e-06, 3.077969687180171e-05]]
[2800.0, 1000.0, 9e-06, [0.000134893068, 5.86491812e-06], [103.5, 25.392], [6.6977012, 2.93968428], [2.8127161068262826e-05, 5.86491810138897e-06]]
[2800.0, 1400.0, 8e-06, [0.000122483924, 2.33302708e-05], [103.5, 314.64], [6.6977012, 26.476988199999997], [2.672818510860773e-05, 1.1665135637445456e-05]]
[2800.0, 800.0, 8e-06, [6.94934328e-05, 2.31644776e-05], [43.37799999999999, 314.64], [3.22984216, 26.476988199999997], [2.0061027718439553e-05, 1.1582240971418269e-05]]
[2800.0, 100.0, 1.6e-05, [1.16867002e-05, 2.92167436e-05], [0.35742, 86.94], [0.090960262, 7.5865132], [5.8433490568337605e-06, 1.3066124897612145e-05]]
[2800.0, 1100.0, 1e-05, [8.791999319999998e-05, 1.17226676e-05], [43.37799999999999, 25.392], [3.22984216, 2.93968428], [2.2700842937653217e-05, 8.289177025495354e-06]]
[2800.0, 1300.0, 1.3e-05, [3.23945018e-05, 5.889909e-06], [3.8824, 8.096], [0.428071952, 0.98766186], [9.767309021424479e-06, 5.889908690633498e-06]]
[2800.0, 2000.0, 1.3e-05, [3.20273436e-05, 3.4938922800000005e-05], [3.8824, 314.64], [0.428071952, 26.476988199999997], [9.656607451895307e-06, 1.4263753699500003e-05]]
[2800.0, 500.0, 1.2e-05, [2.9223556200000002e-05, 5.844711239999999e-06], [3.8824, 25.392], [0.428071952, 2.93968428], [9.241300397671314e-06, 5.844710835618817e-06]]
[2800.0, 1900.0, 1.1e-05, [0.00010467410399999999, 0.0001511958912], [43.37799999999999, 13938.0], [3.22984216, 875.2098], [2.467191635524083e-05, 4.193419745076803e-05]]
[2800.0, 1800.0, 1.2e-05, [2.9201191e-05, 5.840239120000001e-06], [3.8824, 8.096], [0.428071952, 0.98766186], [9.234228177817571e-06, 5.840238695121973e-06]]
[2800.0, 300.0, 1.1e-05, [4.3870959e-06, 1.75483836e-05], [0.09706000000000001, 25.392], [0.0328924104, 2.93968428], [2.5328921650950716e-06, 1.0131568660380286e-05]]
[2800.0, 700.0, 1.2e-05, [0.000104045928, 5.7803278e-06], [43.37799999999999, 1.8078], [3.22984216, 0.304713108], [2.4523857611721692e-05, 4.087309803281371e-06]]
[2800.0, 1600.0, 1.5e-05, [0.000134198836, 1.1669463999999999e-05], [43.37799999999999, 25.392], [3.22984216, 2.93968428], [2.7982389456227648e-05, 8.251556367134625e-06]]
[2800.0, 1700.0, 1.2e-05, [0.00017421405200000002, 1.16142732e-05], [103.5, 25.392], [6.6977012, 2.93968428], [3.180699596000855e-05, 8.212531386606689e-06]]
[2900.0, 1300.0, 1.1e-05, [1.5339758e-05, 7.669878079999999e-05], [1.1500000000000001, 13938.0], [0.18400000000000002, 875.2098], [5.423421458820991e-06, 2.4254285084495895e-05]]
[2900.0, 900.0, 7e-06, [6.0171367200000004e-05, 7.521420439999999e-06], [43.37799999999999, 8.096], [3.22984216, 0.98766186], [1.5042838386421625e-05, 5.318446714596283e-06]]
[2900.0, 1600.0, 9e-06, [2.2658818e-05, 1.1329404400000001e-05], [3.8824, 86.94], [0.428071952, 7.5865132], [6.541036636497307e-06, 6.541036959993423e-06]]
[2900.0, 2000.0, 6e-06, [7.6077744e-06, 1.14116616e-05], [1.1500000000000001, 86.94], [0.18400000000000002, 7.5865132], [3.8038873873972663e-06, 6.588525900078104e-06]]
[2900.0, 1200.0, 9e-06, [4.54842572e-05, 1.89517746e-06], [14.352, 0.31418], [1.25133524, 0.093860286], [9.284434246630216e-06, 1.8951771115122724e-06]]
[2900.0, 1700.0, 8e-06, [4.14183494e-05, 3.7653033200000004e-06], [14.352, 25.392], [1.25133524, 2.93968428], [8.830421004686017e-06, 3.765303861310532e-06]]
[2900.0, 1100.0, 7e-06, [6.4479258e-05, 3.79289872e-06], [43.37799999999999, 8.096], [3.22984216, 0.98766186], [1.5638517106170904e-05, 3.792897914787584e-06]]
[2900.0, 800.0, 9e-06, [8.597559159999999e-05, 7.4761371199999994e-06], [43.37799999999999, 25.392], [3.22984216, 2.93968428], [1.7927148422434617e-05, 5.28642759375365e-06]]
[2900.0, 600.0, 1e-05, [7.7619296e-06, 3.88096572e-06], [0.35742, 8.096], [0.090960262, 0.98766186], [3.880965505128846e-06, 3.880965232516261e-06]]
[2900.0, 100.0, 7e-06, [5.987314000000001e-05, 5.23889952e-05], [43.37799999999999, 13938.0], [3.22984216, 875.2098], [1.4968286907993179e-05, 1.9801178615425902e-05]]
[2900.0, 400.0, 5e-06, [2.65429614e-05, 7.58370444e-06], [14.352, 86.94], [1.25133524, 7.5865132], [7.0939054772388966e-06, 5.362488152341224e-06]]
[2900.0, 1000.0, 1e-05, [2.4619384e-05, 7.57519536e-06], [3.8824, 8.096], [0.428071952, 0.98766186], [6.82818831023281e-06, 5.356471970243101e-06]]
[2900.0, 1400.0, 8e-06, [5.667729e-06, 2.6449401999999997e-05], [0.35742, 314.64], [0.090960262, 26.476988199999997], [3.2722645693769937e-06, 9.996933529838037e-06]]
[2900.0, 200.0, 7e-06, [9.8934224e-05, 3.80516232e-06], [103.5, 8.096], [6.6977012, 0.98766186], [1.9402592791686372e-05, 3.805161595517331e-06]]
[2900.0, 500.0, 7e-06, [6.0252897599999995e-05, 3.76580564e-06], [43.37799999999999, 8.096], [3.22984216, 0.98766186], [1.506322380368824e-05, 3.7658062318712046e-06]]
[2900.0, 1500.0, 1.2e-05, [3.0020593600000002e-05, 3.37731724e-05], [3.8824, 314.64], [0.428071952, 26.476988199999997], [7.505150578103014e-06, 1.1257725397254989e-05]]
[2900.0, 1800.0, 6e-06, [5.6380958e-05, 0.000150349252], [43.37799999999999, 13938.0], [3.22984216, 875.2098], [1.4557502197836001e-05, 3.361911125059673e-05]]
[2900.0, 300.0, 1e-05, [4.7330411999999996e-05, 1.89321648e-06], [14.352, 0.31418], [1.25133524, 0.093860286], [9.466079127072623e-06, 1.8932160489495116e-06]]
[2900.0, 700.0, 5e-06, [4.9414580000000005e-05, 3.04089716e-05], [43.37799999999999, 314.64], [3.22984216, 26.476988199999997], [1.3705137821999456e-05, 1.0751194947539552e-05]]
[2900.0, 1900.0, 1.2e-05, [5.934354199999999e-05, 1.14858412e-05], [14.352, 86.94], [1.25133524, 7.5865132], [1.0658412427749266e-05, 6.631355277467797e-06]]
[3000.0, 1900.0, 8e-06, [6.0164918e-06, 5.7758336e-05], [0.35742, 13938.0], [0.090960262, 875.2098], [2.6906579269762258e-06, 1.667339734643183e-05]]
[3000.0, 800.0, 8e-06, [6.088675e-06, 1.2177350000000001e-06], [0.35742, 1.8078], [0.090960262, 0.304713108], [2.722938517851624e-06, 1.2177351248937512e-06]]
[3000.0, 900.0, 8e-06, [6.096426e-06, 4.3102772800000006e-05], [0.35742, 13938.0], [0.090960262, 875.2098], [2.726404128518001e-06, 1.6291316774281936e-05]]
[3000.0, 1600.0, 8e-06, [3.0236605e-06, 4.837857720000001e-06], [0.09706000000000001, 25.392], [0.0328924104, 2.93968428], [1.3522222077010866e-06, 3.420882405462076e-06]]
[3000.0, 700.0, 6e-06, [1.46923356e-05, 1.2243613e-06], [3.8824, 0.31418], [0.428071952, 0.093860286], [4.241311506126378e-06, 1.2243610114667977e-06]]
[3000.0, 600.0, 5e-06, [2.6703092e-05, 2.4275534e-06], [14.352, 8.096], [1.25133524, 0.98766186], [5.69311841085358e-06, 2.427553846982596e-06]]
[3000.0, 1300.0, 6e-06, [4.8097507999999995e-06, 3.3668264800000005e-05], [0.35742, 13938.0], [0.090960262, 875.2098], [2.4048754246322197e-06, 1.272540461533542e-05]]
[3000.0, 500.0, 4e-06, [6.07943728e-05, 6.322615360000001e-05], [103.5, 13938.0], [6.6977012, 875.2098], [1.2158874678192879e-05, 1.753577921393857e-05]]
[3000.0, 1500.0, 5e-06, [1.8059830000000001e-06, 4.81595528e-05], [0.09706000000000001, 13938.0], [0.0328924104, 875.2098], [1.0426846493547318e-06, 1.5229385557139197e-05]]
[3000.0, 1800.0, 8e-06, [1.0855264e-05, 2.41228232e-06], [1.1500000000000001, 8.096], [0.18400000000000002, 0.98766186], [3.618421812337528e-06, 2.412281052282258e-06]]
[3000.0, 2000.0, 5e-06, [7.77891832e-05, 7.2927342e-06], [103.5, 25.392], [6.6977012, 2.93968428], [1.3751316661323742e-05, 4.2104631992216725e-06]]
[3000.0, 100.0, 4e-06, [2.05273942e-05, 2.4149880399999996e-06], [14.352, 8.096], [1.25133524, 0.98766186], [4.978624010708179e-06, 2.4149873828241833e-06]]
[3000.0, 1400.0, 5e-06, [4.75358204e-05, 4.75358296e-06], [43.37799999999999, 25.392], [3.22984216, 2.93968428], [1.0629336965210954e-05, 3.3612902237087473e-06]]
[3000.0, 1100.0, 5e-06, [2.31435476e-05, 4.87232552e-06], [14.352, 25.392], [1.25133524, 2.93968428], [5.3094940813602945e-06, 3.4452544428532417e-06]]
[3000.0, 1200.0, 5e-06, [7.2101182e-06, 1.20168698e-06], [1.1500000000000001, 1.8078], [0.18400000000000002, 0.304713108], [2.9435191169754615e-06, 1.2016865887576512e-06]]
[3000.0, 1000.0, 6e-06, [1.3356675e-05, 1.21424314e-06], [3.8824, 0.31418], [0.428071952, 0.093860286], [4.027189004752571e-06, 1.2142432588241948e-06]]
[3000.0, 400.0, 5e-06, [4.13952528e-05, 5.35703304e-05], [43.37799999999999, 13938.0], [3.22984216, 875.2098], [1.003982220559707e-05, 1.6152061426331934e-05]]
[3000.0, 300.0, 5e-06, [4.61935772e-05, 5.83497856e-05], [43.37799999999999, 13938.0], [3.22984216, 875.2098], [1.0597533471520626e-05, 1.684413123862433e-05]]
[3000.0, 1700.0, 5e-06, [7.06495324e-05, 4.87238072e-06], [103.5, 25.392], [6.6977012, 2.93968428], [1.3119290322269723e-05, 3.4452937500306125e-06]]
[3000.0, 200.0, 6e-06, [1.44026506e-05, 4.8008838400000004e-05], [3.8824, 13938.0], [0.428071952, 875.2098], [4.157687549588112e-06, 1.518172727142732e-05]]
