[200.0, 1800.0, 0.999999, [160.636259], [232.580215], [24.307993500000002], [7.409597584383379]]
[200.0, 700.0, 0.999999, [159.86313700000002], [232.580215], [24.307993500000002], [7.381793892916545]]
[200.0, 2000.0, 1.0, [163.7206375], [232.580215], [24.307993500000002], [7.488407666019525]]
[200.0, 1300.0, 0.999999, [162.0729145], [232.580215], [24.307993500000002], [7.460011030655384]]
[200.0, 1400.0, 1.0, [164.377605], [232.580215], [24.307993500000002], [7.494973672235281]]
[200.0, 400.0, 1.0, [162.483559], [232.580215], [24.307993500000002], [7.478912232403854]]
[200.0, 1900.0, 0.999995, [145.47507099999999], [232.580215], [24.307993500000002], [7.064893509813151]]
[200.0, 1700.0, 1.0, [169.6605155], [232.580215], [24.307993500000002], [7.633386959273059]]
[200.0, 500.0, 0.999999, [159.57553149999998], [232.580215], [24.307993500000002], [7.3921944695063315]]
[200.0, 1500.0, 1.0, [168.80828300000002], [232.580215], [24.307993500000002], [7.6027431899611075]]
[200.0, 100.0, 1.0, [168.6539085], [232.580215], [24.307993500000002], [7.603504641610999]]
[200.0, 600.0, 0.999998, [153.46920050000003], [232.580215], [24.307993500000002], [7.250738471355866]]
[200.0, 1000.0, 1.0, [177.10912800000003], [232.580215], [24.307993500000002], [7.804359536502658]]
[200.0, 1200.0, 1.0, [176.1230275], [232.580215], [24.307993500000002], [7.783611827101862]]
[200.0, 300.0, 0.999999, [161.41629], [232.580215], [24.307993500000002], [7.461470877112635]]
[200.0, 1600.0, 0.999999, [159.939136], [232.580215], [24.307993500000002], [7.4011008606828215]]
[200.0, 900.0, 1.0, [162.3352115], [232.580215], [24.307993500000002], [7.464180631187861]]
[200.0, 800.0, 1.0, [162.29878000000002], [232.580215], [24.307993500000002], [7.454630182141835]]
[200.0, 1100.0, 1.0, [173.63600799999998], [232.580215], [24.307993500000002], [7.719062008592755]]
[200.0, 200.0, 1.0, [164.9401005], [232.580215], [24.307993500000002], [7.520621300464477]]
[300.0, 2000.0, 0.999974, [51.5125975], [58.226357], [5.8080827], [2.5502534746569796]]
[300.0, 400.0, 0.999908, [47.0876525], [58.226357], [5.8080827], [2.4315956862212933]]
[300.0, 1000.0, 0.999983, [52.99105000000001], [58.226357], [5.8080827], [2.582625406442057]]
[300.0, 200.0, 0.999957, [49.754599999999996], [58.226357], [5.8080827], [2.503425297467452]]
[300.0, 1600.0, 0.999929, [47.98751299999999], [58.226357], [5.8080827], [2.461707527307011]]
[300.0, 1300.0, 0.999956, [49.686882000000004], [58.226357], [5.8080827], [2.5000182239335778]]
[300.0, 800.0, 0.999931, [48.1075875], [58.226357], [5.8080827], [2.46139905693896]]
[300.0, 700.0, 0.999957, [49.73262350000001], [58.226357], [5.8080827], [2.4960089698356454]]
[300.0, 300.0, 0.999969, [50.948093], [58.226357], [5.8080827], [2.5285115769954465]]
[300.0, 900.0, 0.999973, [51.430179499999994], [58.226357], [5.8080827], [2.5430586942695603]]
[300.0, 600.0, 0.999968, [50.7880345], [58.226357], [5.8080827], [2.520567811029888]]
[300.0, 1400.0, 0.999988, [54.0516305], [58.226357], [5.8080827], [2.6096376003192474]]
[300.0, 500.0, 0.999977, [51.8593215], [58.226357], [5.8080827], [2.5487454919038113]]
[300.0, 1200.0, 0.999968, [50.8285575], [58.226357], [5.8080827], [2.5319502448705427]]
[300.0, 100.0, 0.999956, [49.671839000000006], [58.226357], [5.8080827], [2.502430047973369]]
[300.0, 1100.0, 0.999887, [46.339692], [58.226357], [5.8080827], [2.4123480573395706]]
[300.0, 1900.0, 0.999951, [49.3172995], [58.226357], [5.8080827], [2.487728600551113]]
[300.0, 1500.0, 0.999976, [51.768989999999995], [58.226357], [5.8080827], [2.544307011250804]]
[300.0, 1700.0, 0.999806, [44.39988], [58.226357], [5.8080827], [2.3531882050741286]]
[300.0, 1800.0, 0.999956, [49.6679435], [58.226357], [5.8080827], [2.4927627308871574]]
[400.0, 900.0, 0.99492, [19.105585100000003], [20.9567463], [2.31092232], [1.0454110094838298]]
[400.0, 1200.0, 0.993168, [18.26716815], [20.9567463], [2.31092232], [1.021165760540374]]
[400.0, 1500.0, 0.99345, [22.8370037], [32.8722086], [3.67932425], [1.141850092065504]]
[400.0, 200.0, 0.995496, [19.443124049999998], [20.9567463], [2.31092232], [1.0544513669439668]]
[400.0, 1600.0, 0.989906, [17.148336450000002], [20.9567463], [2.31092232], [0.9933763607012198]]
[400.0, 500.0, 0.99165, [22.018176949999997], [32.8722086], [3.67932425], [1.122150282716179]]
[400.0, 1700.0, 0.994143, [18.7044123], [20.9567463], [2.31092232], [1.0343562263553114]]
[400.0, 300.0, 0.992151, [22.229075400000003], [32.8722086], [3.67932425], [1.129967517010998]]
[400.0, 1300.0, 0.993253, [18.3033963], [20.9567463], [2.31092232], [1.0231908105285152]]
[400.0, 1400.0, 0.993083, [18.2339682], [20.9567463], [2.31092232], [1.0241216863732552]]
[400.0, 1100.0, 0.993906, [18.59392955], [20.9567463], [2.31092232], [1.034593837092605]]
[400.0, 800.0, 0.99209, [17.8510773], [20.9567463], [2.31092232], [1.0138732314742314]]
[400.0, 100.0, 0.992072, [17.84440105], [20.9567463], [2.31092232], [1.013493961131491]]
[400.0, 1000.0, 0.994819, [23.620834650000003], [32.8722086], [3.67932425], [1.1665499474947483]]
[400.0, 400.0, 0.993262, [22.743692999999997], [32.8722086], [3.67932425], [1.1429135771133354]]
[400.0, 1800.0, 0.99748, [25.9618415], [32.8722086], [3.67932425], [1.2197937115553599]]
[400.0, 2000.0, 0.994288, [23.296170449999998], [32.8722086], [3.67932425], [1.157595832965893]]
[400.0, 600.0, 0.994524, [18.89543145], [20.9567463], [2.31092232], [1.0417387323604703]]
[400.0, 700.0, 0.992034, [22.17990635], [32.8722086], [3.67932425], [1.1303924050965664]]
[400.0, 1900.0, 0.993497, [18.408819800000003], [20.9567463], [2.31092232], [1.027480169273354]]
[500.0, 1700.0, 0.945766, [7.8496432], [7.791122499999999], [0.8690443999999999], [0.4821997112711703]]
[500.0, 1100.0, 0.956309, [9.96787645], [12.2164644], [1.3934492600000001], [0.5437922224296703]]
[500.0, 300.0, 0.936249, [7.47047385], [7.791122499999999], [0.8690443999999999], [0.46966474439221007]]
[500.0, 1300.0, 0.954529, [8.2595478], [7.791122499999999], [0.8690443999999999], [0.49448623792781127]]
[500.0, 1800.0, 0.957696, [8.4262556], [7.791122499999999], [0.8690443999999999], [0.49825489232419984]]
[500.0, 1400.0, 0.954421, [8.25372905], [7.791122499999999], [0.8690443999999999], [0.4932546125734659]]
[500.0, 600.0, 0.957271, [43.3117125], [56.637238], [18.1991929], [5.069253077130791]]
[500.0, 1900.0, 0.953435, [156.463909], [385.909251], [74.467015], [9.62968939218706]]
[500.0, 1200.0, 0.951384, [42.054274500000005], [56.637238], [18.1991929], [4.99092361792885]]
[500.0, 800.0, 0.955342, [8.30207], [7.791122499999999], [0.8690443999999999], [0.49792505548023996]]
[500.0, 1000.0, 0.952865, [8.17597095], [7.791122499999999], [0.8690443999999999], [0.49124644466906825]]
[500.0, 2000.0, 0.93275, [7.345102450000001], [7.791122499999999], [0.8690443999999999], [0.46735764864822743]]
[500.0, 700.0, 0.957887, [10.0637474], [12.2164644], [1.3934492600000001], [0.5449824409097966]]
[500.0, 100.0, 0.935257, [144.993303], [385.909251], [74.467015], [9.28224526071144]]
[500.0, 200.0, 0.967251, [45.8427879], [56.637238], [18.1991929], [5.224270987420159]]
[500.0, 1500.0, 0.948907, [7.98896], [7.791122499999999], [0.8690443999999999], [0.4870954916646221]]
[500.0, 900.0, 0.960258, [8.57071985], [7.791122499999999], [0.8690443999999999], [0.5032899343569271]]
[500.0, 1600.0, 0.945455, [9.3824808], [12.2164644], [1.3934492600000001], [0.5269725611215446]]
[500.0, 500.0, 0.951683, [8.1187169], [7.791122499999999], [0.8690443999999999], [0.4904696848939799]]
[500.0, 400.0, 0.95662, [158.855844], [385.909251], [74.467015], [9.703665362119615]]
[600.0, 200.0, 0.942188, [39.8300273], [56.637238], [18.1991929], [3.6209120181247156]]
[600.0, 1400.0, 0.9111, [35.4861479], [56.637238], [18.1991929], [3.4305750018036334]]
[600.0, 1900.0, 0.927044, [37.5143706], [56.637238], [18.1991929], [3.5135429413912105]]
[600.0, 100.0, 0.856866, [30.296259], [56.637238], [18.1991929], [3.1586032447903296]]
[600.0, 800.0, 0.873381, [31.675486499999998], [56.637238], [18.1991929], [3.2328657480631637]]
[600.0, 1200.0, 0.922437, [36.8920755], [56.637238], [18.1991929], [3.485973785041993]]
[600.0, 600.0, 0.877228, [32.0174526], [56.637238], [18.1991929], [3.2508795102248866]]
[600.0, 1600.0, 0.907655, [35.0820449], [56.637238], [18.1991929], [3.3915090804831998]]
[600.0, 400.0, 0.955347, [42.316684200000005], [56.637238], [18.1991929], [3.7403016294143976]]
[600.0, 500.0, 0.886519, [32.8790049], [56.637238], [18.1991929], [3.287900365126656]]
[600.0, 1100.0, 0.916397, [36.1195464], [56.637238], [18.1991929], [3.4438634830666564]]
[600.0, 300.0, 0.858195, [30.399600000000003], [56.637238], [18.1991929], [3.1522919073271116]]
[600.0, 1700.0, 0.940416, [39.5344838], [56.637238], [18.1991929], [3.608988215275855]]
[600.0, 1500.0, 0.864476, [30.9140314], [56.637238], [18.1991929], [3.1885388493791322]]
[600.0, 1800.0, 0.945463, [40.396972], [56.637238], [18.1991929], [3.642471944298267]]
[600.0, 1000.0, 0.923597, [37.0482483], [56.637238], [18.1991929], [3.500730919679489]]
[600.0, 2000.0, 0.895635, [33.783001], [56.637238], [18.1991929], [3.3287377412466723]]
[600.0, 700.0, 0.91801, [36.3236314], [56.637238], [18.1991929], [3.4633226344076005]]
[600.0, 1300.0, 0.852564, [29.958257], [56.637238], [18.1991929], [3.14047915277271]]
[600.0, 900.0, 0.950813, [41.3978656], [56.637238], [18.1991929], [3.7027374509948716]]
[700.0, 2000.0, 0.82772, [28.0135401], [56.637238], [18.1991929], [2.3184172780153274]]
[700.0, 100.0, 0.709589, [21.498505], [56.637238], [18.1991929], [2.0405479188198448]]
[700.0, 1000.0, 0.794772, [25.9229159], [56.637238], [18.1991929], [2.231089510306568]]
[700.0, 600.0, 0.729469, [22.434943999999998], [56.637238], [18.1991929], [2.0741110208954585]]
[700.0, 1400.0, 0.777855, [24.9489135], [56.637238], [18.1991929], [2.1966290660919516]]
[700.0, 1900.0, 0.795348, [25.957343299999998], [56.637238], [18.1991929], [2.2340523523409206]]
[700.0, 200.0, 0.838202, [28.7435911], [56.637238], [18.1991929], [2.3469040941205925]]
[700.0, 400.0, 0.833069, [28.381588899999997], [56.637238], [18.1991929], [2.3329522140412564]]
[700.0, 1300.0, 0.76463, [24.2239683], [56.637238], [18.1991929], [2.158042555187455]]
[700.0, 1100.0, 0.787723, [25.5092922], [56.637238], [18.1991929], [2.2119362016116106]]
[700.0, 800.0, 0.802834, [26.4098191], [56.637238], [18.1991929], [2.2563427933272906]]
[700.0, 1500.0, 0.794099, [25.8838874], [56.637238], [18.1991929], [2.2360273679004914]]
[700.0, 1600.0, 0.83322, [28.392246399999998], [56.637238], [18.1991929], [2.3338283861501044]]
[700.0, 1800.0, 0.789046, [25.586550499999998], [56.637238], [18.1991929], [2.218635373827795]]
[700.0, 1200.0, 0.773728, [24.718236200000003], [56.637238], [18.1991929], [2.176319430598367]]
[700.0, 700.0, 0.800123, [26.2435964], [56.637238], [18.1991929], [2.242141698019998]]
[700.0, 900.0, 0.824969, [27.8290355], [56.637238], [18.1991929], [2.3190861922317594]]
[700.0, 300.0, 0.79738, [26.0783439], [56.637238], [18.1991929], [2.23619916599573]]
[700.0, 500.0, 0.805615, [26.580981], [56.637238], [18.1991929], [2.2627232287666117]]
[700.0, 1700.0, 0.758182, [23.8821443], [56.637238], [18.1991929], [2.144680238170716]]
[800.0, 300.0, 0.609878, [17.3418056], [56.637238], [18.1991929], [1.4159523140981831]]
[800.0, 100.0, 0.544993, [15.0280452], [56.637238], [18.1991929], [1.323145630873639]]
[800.0, 1800.0, 0.609193, [17.3163648], [56.637238], [18.1991929], [1.4186120314589188]]
[800.0, 800.0, 0.704385, [21.2175635], [56.637238], [18.1991929], [1.5770891877126036]]
[800.0, 400.0, 0.581868, [16.3156329], [56.637238], [18.1991929], [1.3789226851422816]]
[800.0, 200.0, 0.582346, [16.3328221], [56.637238], [18.1991929], [1.3803752246762473]]
[800.0, 1700.0, 0.673536, [19.869651899999997], [56.637238], [18.1991929], [1.5194704061942108]]
[800.0, 600.0, 0.681583, [20.2122697], [56.637238], [18.1991929], [1.532288291184136]]
[800.0, 1600.0, 0.695353, [20.812799000000002], [56.637238], [18.1991929], [1.5556215143793815]]
[800.0, 1000.0, 0.609048, [17.3109405], [56.637238], [18.1991929], [1.418167257519366]]
[800.0, 1100.0, 0.710543, [21.4980101], [56.637238], [18.1991929], [1.584854230520902]]
[800.0, 1500.0, 0.63599, [18.3428609], [56.637238], [18.1991929], [1.459279479983187]]
[800.0, 1400.0, 0.684009, [20.3167034], [56.637238], [18.1991929], [1.5357985195981927]]
[800.0, 1200.0, 0.675369, [19.9470621], [56.637238], [18.1991929], [1.5209490286331095]]
[800.0, 900.0, 0.673297, [19.8595579], [56.637238], [18.1991929], [1.5186985410541487]]
[800.0, 1300.0, 0.562535, [15.632225], [56.637238], [18.1991929], [1.3504185756645972]]
[800.0, 2000.0, 0.641438, [18.5575495], [56.637238], [18.1991929], [1.467103042120764]]
[800.0, 500.0, 0.680391, [20.161339100000003], [56.637238], [18.1991929], [1.5328380309412994]]
[800.0, 1900.0, 0.689501, [20.5549414], [56.637238], [18.1991929], [1.5406580280516502]]
[800.0, 700.0, 0.549611, [15.185785999999998], [56.637238], [18.1991929], [1.331881654202054]]
[900.0, 200.0, 0.480887, [12.921677299999999], [56.637238], [18.1991929], [0.9658116283727382]]
[900.0, 1100.0, 0.483823, [13.0143216], [56.637238], [18.1991929], [0.9727359004889251]]
[900.0, 300.0, 0.414948, [10.9141914], [56.637238], [18.1991929], [0.8852576561657064]]
[900.0, 1000.0, 0.492541, [13.290809000000001], [56.637238], [18.1991929], [0.9824849470093676]]
[900.0, 900.0, 0.466224, [12.463777200000001], [56.637238], [18.1991929], [0.9448766701003893]]
[900.0, 1600.0, 0.501665, [13.5830107], [56.637238], [18.1991929], [0.990643071645888]]
[900.0, 700.0, 0.398874, [10.443129899999999], [56.637238], [18.1991929], [0.8672547361069871]]
[900.0, 1900.0, 0.407673, [10.700316200000001], [56.637238], [18.1991929], [0.8825471330756222]]
[900.0, 500.0, 0.494159, [13.3423962], [56.637238], [18.1991929], [0.983614556673497]]
[900.0, 1400.0, 0.511645, [13.9062931], [56.637238], [18.1991929], [1.0036002677859348]]
[900.0, 1200.0, 0.529306, [14.487937800000001], [56.637238], [18.1991929], [1.0244517314642012]]
[900.0, 1500.0, 0.493343, [13.316244900000001], [56.637238], [18.1991929], [0.979029809760663]]
[900.0, 800.0, 0.475619, [12.7564346], [56.637238], [18.1991929], [0.9615524335677176]]
[900.0, 400.0, 0.477142, [12.8041165], [56.637238], [18.1991929], [0.9624162585388923]]
[900.0, 100.0, 0.396418, [10.371781], [56.637238], [18.1991929], [0.8673318355739054]]
[900.0, 600.0, 0.459915, [12.269105099999999], [56.637238], [18.1991929], [0.9437775252144966]]
[900.0, 1800.0, 0.445901, [11.8406883], [56.637238], [18.1991929], [0.9274342240827649]]
[900.0, 2000.0, 0.470286, [12.590099200000001], [56.637238], [18.1991929], [0.9572073182440678]]
[900.0, 1700.0, 0.448895, [11.9316862], [56.637238], [18.1991929], [0.9288804003207302]]
[900.0, 1300.0, 0.540691, [14.8696576], [56.637238], [18.1991929], [1.0360180674100234]]
[1000.0, 1600.0, 0.375211, [9.7576444], [56.637238], [18.1991929], [0.6685828697326907]]
[1000.0, 1400.0, 0.359787, [9.3198931], [56.637238], [18.1991929], [0.6541281606841277]]
[1000.0, 1500.0, 0.345109, [8.9077737], [56.637238], [18.1991929], [0.6362694811162957]]
[1000.0, 700.0, 0.337851, [8.7056095], [56.637238], [18.1991929], [0.6315714146476232]]
[1000.0, 1900.0, 0.3427, [8.8405506], [56.637238], [18.1991929], [0.6347145732532066]]
[1000.0, 1800.0, 0.355769, [9.2066149], [56.637238], [18.1991929], [0.6477753668518124]]
[1000.0, 500.0, 0.316521, [8.1169921], [56.637238], [18.1991929], [0.6101104106635126]]
[1000.0, 1000.0, 0.304434, [7.7869526], [56.637238], [18.1991929], [0.5972320129564389]]
[1000.0, 200.0, 0.306396, [7.840343000000001], [56.637238], [18.1991929], [0.5995662105222408]]
[1000.0, 1100.0, 0.346231, [8.9391876], [56.637238], [18.1991929], [0.6417963809495969]]
[1000.0, 2000.0, 0.311527, [7.9803213], [56.637238], [18.1991929], [0.6049863138947856]]
[1000.0, 1700.0, 0.37236, [9.6762946], [56.637238], [18.1991929], [0.6630087497914338]]
[1000.0, 800.0, 0.310336, [7.9477706], [56.637238], [18.1991929], [0.6007951524438259]]
[1000.0, 1300.0, 0.303739, [7.7680239], [56.637238], [18.1991929], [0.5957801573567216]]
[1000.0, 400.0, 0.337835, [8.7051538], [56.637238], [18.1991929], [0.6315381495206762]]
[1000.0, 300.0, 0.303845, [7.7709198], [56.637238], [18.1991929], [0.5960021695430311]]
[1000.0, 600.0, 0.377809, [9.831869600000001], [56.637238], [18.1991929], [0.6705278953928762]]
[1000.0, 1200.0, 0.305927, [7.8275687], [56.637238], [18.1991929], [0.5985891021393557]]
[1000.0, 100.0, 0.323056, [8.2964791], [56.637238], [18.1991929], [0.6183831061728644]]
[1000.0, 900.0, 0.318574, [8.1733029], [56.637238], [18.1991929], [0.6126148452331203]]
[1100.0, 1300.0, 0.217675, [5.4806745], [56.637238], [18.1991929], [0.40294702437169083]]
[1100.0, 1800.0, 0.22127, [5.574264500000001], [56.637238], [18.1991929], [0.40654485293753256]]
[1100.0, 2000.0, 0.233332, [5.8893933], [56.637238], [18.1991929], [0.41748799405491893]]
[1100.0, 700.0, 0.200609, [5.0382584], [56.637238], [18.1991929], [0.386416808511224]]
[1100.0, 900.0, 0.239456, [6.0500349], [56.637238], [18.1991929], [0.42255282891018486]]
[1100.0, 200.0, 0.215059, [5.4126478], [56.637238], [18.1991929], [0.40011438991868314]]
[1100.0, 1900.0, 0.270197, [6.8637044], [56.637238], [18.1991929], [0.45062425813531165]]
[1100.0, 1500.0, 0.245445, [6.2075748], [56.637238], [18.1991929], [0.42734697640208014]]
[1100.0, 800.0, 0.267761, [6.7987745], [56.637238], [18.1991929], [0.45025974420327647]]
[1100.0, 500.0, 0.227164, [5.7280265], [56.637238], [18.1991929], [0.4101926063326837]]
[1100.0, 1700.0, 0.243335, [6.1520284], [56.637238], [18.1991929], [0.42554484379439966]]
[1100.0, 400.0, 0.253224, [6.4128995], [56.637238], [18.1991929], [0.4343363427345218]]
[1100.0, 600.0, 0.234202, [5.9121734], [56.637238], [18.1991929], [0.41805363055474115]]
[1100.0, 1400.0, 0.221977, [5.5926934], [56.637238], [18.1991929], [0.40680840543184454]]
[1100.0, 100.0, 0.219667, [5.5325214], [56.637238], [18.1991929], [0.4056642793862925]]
[1100.0, 1100.0, 0.228691, [5.7679272], [56.637238], [18.1991929], [0.4119947856708868]]
[1100.0, 1000.0, 0.231114, [5.8312989], [56.637238], [18.1991929], [0.4144122965236432]]
[1100.0, 300.0, 0.210301, [5.2891237], [56.637238], [18.1991929], [0.39532782756846246]]
[1100.0, 1200.0, 0.223565, [5.6340739], [56.637238], [18.1991929], [0.4076673080957069]]
[1100.0, 1600.0, 0.235889, [5.9564155], [56.637238], [18.1991929], [0.42013318363347596]]
[1200.0, 100.0, 0.131142, [3.2655657999999996], [56.637238], [18.1991929], [0.2504574498193256]]
[1200.0, 1400.0, 0.157845, [3.94205686], [56.637238], [18.1991929], [0.27465612421717456]]
[1200.0, 1700.0, 0.150306, [3.7505001800000004], [56.637238], [18.1991929], [0.26789286345477736]]
[1200.0, 1800.0, 0.16041, [4.0073209400000005], [56.637238], [18.1991929], [0.27719218145539387]]
[1200.0, 700.0, 0.170434, [4.26293238], [56.637238], [18.1991929], [0.2861093174295447]]
[1200.0, 200.0, 0.144253, [3.59704002], [56.637238], [18.1991929], [0.26374775157335467]]
[1200.0, 1900.0, 0.156762, [3.91450269], [56.637238], [18.1991929], [0.2740700140839928]]
[1200.0, 1200.0, 0.163767, [4.09282986], [56.637238], [18.1991929], [0.2804361226019216]]
[1200.0, 1100.0, 0.160386, [4.00671383], [56.637238], [18.1991929], [0.27715021156405417]]
[1200.0, 1300.0, 0.165594, [4.13940926], [56.637238], [18.1991929], [0.2823054108231013]]
[1200.0, 2000.0, 0.161129, [4.02563812], [56.637238], [18.1991929], [0.27779538673275334]]
[1200.0, 800.0, 0.146817, [3.66202137], [56.637238], [18.1991929], [0.2649745848567368]]
[1200.0, 1600.0, 0.16671, [4.16788414], [56.637238], [18.1991929], [0.2829344183021924]]
[1200.0, 1000.0, 0.161974, [4.04713981], [56.637238], [18.1991929], [0.2792791957164013]]
[1200.0, 1500.0, 0.158502, [3.9587541], [56.637238], [18.1991929], [0.27581947228214326]]
[1200.0, 300.0, 0.150033, [3.7435715800000002], [56.637238], [18.1991929], [0.2680827123669111]]
[1200.0, 600.0, 0.16256, [4.06208579], [56.637238], [18.1991929], [0.2796455371358535]]
[1200.0, 500.0, 0.153885, [3.8413746], [56.637238], [18.1991929], [0.27162618649533776]]
[1200.0, 900.0, 0.174665, [4.37108469], [56.637238], [18.1991929], [0.2894821550458681]]
[1200.0, 400.0, 0.151287, [3.7754161899999996], [56.637238], [18.1991929], [0.26967260290952805]]
[1300.0, 1600.0, 0.117304, [0.093040612], [0.299048666], [0.074228532], [0.0024217500860947644]]
[1300.0, 1700.0, 0.124173, [0.099305458], [0.299048666], [0.074228532], [0.0025094423249997196]]
[1300.0, 900.0, 0.121924, [0.0972430235], [0.299048666], [0.074228532], [0.0024747692427780008]]
[1300.0, 200.0, 0.112476, [0.08869602700000001], [0.299048666], [0.074228532], [0.0023671221181531805]]
[1300.0, 1800.0, 0.121062, [3.01146258], [56.637238], [18.1991929], [0.1952041555141693]]
[1300.0, 1000.0, 0.123487, [0.09867475449999999], [0.299048666], [0.074228532], [0.0024958959398380374]]
[1300.0, 1400.0, 0.124568, [0.09966849899999998], [0.299048666], [0.074228532], [0.002517812206559496]]
[1300.0, 1200.0, 0.123314, [0.098516509], [0.299048666], [0.074228532], [0.002499099679384558]]
[1300.0, 500.0, 0.118632, [0.0942437825], [0.299048666], [0.074228532], [0.0024447998688542994]]
[1300.0, 100.0, 0.111499, [0.0878229205], [0.299048666], [0.074228532], [0.002361548124536106]]
[1300.0, 1100.0, 0.121453, [0.0968127055], [0.299048666], [0.074228532], [0.0024710311825227945]]
[1300.0, 2000.0, 0.119987, [0.0954757405], [0.299048666], [0.074228532], [0.0024610746946202183]]
[1300.0, 1300.0, 0.1196, [0.09512318550000001], [0.299048666], [0.074228532], [0.0024536172047611663]]
[1300.0, 1500.0, 0.120515, [0.09595709200000001], [0.299048666], [0.074228532], [0.0024604380397604]]
[1300.0, 600.0, 0.120578, [0.0960142015], [0.299048666], [0.074228532], [0.002461902587431111]]
[1300.0, 300.0, 0.113143, [2.8123452], [56.637238], [18.1991929], [0.1883285534113189]]
[1300.0, 1900.0, 0.118169, [0.093823779], [0.299048666], [0.074228532], [0.0024347236641968223]]
[1300.0, 400.0, 0.117188, [0.09293575200000001], [0.299048666], [0.074228532], [0.002427257176629621]]
[1300.0, 700.0, 0.122289, [3.04233356], [56.637238], [18.1991929], [0.19556863155935822]]
[1300.0, 800.0, 0.120478, [0.0959228655], [0.299048666], [0.074228532], [0.002461989140410656]]
[1400.0, 1100.0, 0.084828, [0.0647297595], [0.299048666], [0.074228532], [0.0016483967058933356]]
[1400.0, 400.0, 0.082973, [0.0631757], [0.299048666], [0.074228532], [0.001626856821296822]]
[1400.0, 1500.0, 0.087864, [0.0672878045], [0.299048666], [0.074228532], [0.0016759223164425012]]
[1400.0, 1800.0, 0.082456, [0.0627435935], [0.299048666], [0.074228532], [0.0016157297700265351]]
[1400.0, 1600.0, 0.086221, [0.0659007615], [0.299048666], [0.074228532], [0.0016579130268201646]]
[1400.0, 1400.0, 0.082469, [0.06275452050000001], [0.299048666], [0.074228532], [0.0016165474290907769]]
[1400.0, 600.0, 0.088718, [0.068010579], [0.299048666], [0.074228532], [0.0016871348244879541]]
[1400.0, 1700.0, 0.084493, [0.06444872], [0.299048666], [0.074228532], [0.00163647144330416]]
[1400.0, 900.0, 0.082493, [0.062774831], [0.299048666], [0.074228532], [0.001620299308306956]]
[1400.0, 100.0, 0.078297, [0.0592879175], [0.299048666], [0.074228532], [0.0015766725591415613]]
[1400.0, 700.0, 0.083525, [0.0636372065], [0.299048666], [0.074228532], [0.0016295820977324216]]
[1400.0, 2000.0, 0.082912, [0.0631251075], [0.299048666], [0.074228532], [0.001618060576430932]]
[1400.0, 800.0, 0.084516, [0.0644677565], [0.299048666], [0.074228532], [0.001641724872656804]]
[1400.0, 1300.0, 0.085266, [0.0650976025], [0.299048666], [0.074228532], [0.0016534810225702621]]
[1400.0, 300.0, 0.077384, [0.058533146], [0.299048666], [0.074228532], [0.001564364042190947]]
[1400.0, 1200.0, 0.082873, [0.06309249800000001], [0.299048666], [0.074228532], [0.0016220278612742753]]
[1400.0, 500.0, 0.079987, [0.060687822999999995], [0.299048666], [0.074228532], [0.001593739971105701]]
[1400.0, 1000.0, 0.083362, [0.063500717], [0.299048666], [0.074228532], [0.0016228976425671459]]
[1400.0, 200.0, 0.078049, [0.0590826075], [0.299048666], [0.074228532], [0.0015751160323925345]]
[1400.0, 1900.0, 0.083215, [0.06337807], [0.299048666], [0.074228532], [0.0016277564733399158]]
[1500.0, 1500.0, 0.055865, [0.035934934], [0.223889134], [0.05566596], [0.007661352531700915]]
[1500.0, 1100.0, 0.061692, [1.52734029], [56.637238], [18.1991929], [0.2227854392683687]]
[1500.0, 1800.0, 0.062795, [1.5547445199999999], [56.637238], [18.1991929], [0.22440807064363794]]
[1500.0, 400.0, 0.04895, [0.0358153005], [0.299048666], [0.074228532], [0.002409197879741305]]
[1500.0, 200.0, 0.06289, [1.55712249], [56.637238], [18.1991929], [0.22475120102015025]]
[1500.0, 500.0, 0.051599, [0.0378697235], [0.299048666], [0.074228532], [0.0024809283579942413]]
[1500.0, 1300.0, 0.053464, [0.0393235535], [0.299048666], [0.074228532], [0.0025226078520055395]]
[1500.0, 600.0, 0.054294, [0.0399728525], [0.299048666], [0.074228532], [0.0025589989048454085]]
[1500.0, 1000.0, 0.05978, [1.47981862], [56.637238], [18.1991929], [0.22059835917340817]]
[1500.0, 2000.0, 0.05534, [0.040792402], [0.299048666], [0.074228532], [0.0025851145714455284]]
[1500.0, 800.0, 0.057233, [1.4165297300000002], [56.637238], [18.1991929], [0.2160187104627745]]
[1500.0, 1700.0, 0.071088, [1.76107715], [56.637238], [18.1991929], [0.23746362588826103]]
[1500.0, 1200.0, 0.055363, [1.3700855699999999], [56.637238], [18.1991929], [0.21140879501572304]]
[1500.0, 300.0, 0.059833, [1.4811195700000002], [56.637238], [18.1991929], [0.21837915269091046]]
[1500.0, 1400.0, 0.051229, [0.03758216700000001], [0.299048666], [0.074228532], [0.0024673908521958983]]
[1500.0, 100.0, 0.054982, [1.3606427799999998], [56.637238], [18.1991929], [0.20995170611357272]]
[1500.0, 900.0, 0.054656, [1.3525470000000002], [56.637238], [18.1991929], [0.2112322881095596]]
[1500.0, 700.0, 0.05638, [0.041609869], [0.299048666], [0.074228532], [0.0026108345423446503]]
[1500.0, 1900.0, 0.05505, [0.040565434], [0.299048666], [0.074228532], [0.002591631030355209]]
[1500.0, 1600.0, 0.054071, [0.0397980205], [0.299048666], [0.074228532], [0.0025583127120232976]]
[1600.0, 1500.0, 0.033674, [0.024206161700000003], [0.299048666], [0.074228532], [0.0016209643260263317]]
[1600.0, 100.0, 0.02799, [0.69162814], [56.637238], [18.1991929], [0.12226374898554354]]
[1600.0, 1300.0, 0.040429, [0.9996392], [56.637238], [18.1991929], [0.14738875013039496]]
[1600.0, 900.0, 0.040475, [1.00077698], [56.637238], [18.1991929], [0.1475565256943928]]
[1600.0, 300.0, 0.032326, [0.7989347099999999], [56.637238], [18.1991929], [0.13134402242964846]]
[1600.0, 500.0, 0.031895, [0.0228808489], [0.299048666], [0.074228532], [0.001560460565426118]]
[1600.0, 1000.0, 0.037326, [0.9227528100000001], [56.637238], [18.1991929], [0.14238384891552833]]
[1600.0, 1200.0, 0.034016, [0.84079198], [56.637238], [18.1991929], [0.13463445300516505]]
[1600.0, 1800.0, 0.038205, [0.94453331], [56.637238], [18.1991929], [0.14239377236733355]]
[1600.0, 1100.0, 0.033475, [0.024057586350000004], [0.299048666], [0.074228532], [0.0016146395953896336]]
[1600.0, 1900.0, 0.029458, [0.0210727489], [0.299048666], [0.074228532], [0.0015090512426687173]]
[1600.0, 1700.0, 0.039732, [0.98236474], [56.637238], [18.1991929], [0.14644226109631056]]
[1600.0, 800.0, 0.033062, [0.81715928], [56.637238], [18.1991929], [0.1325607497112173]]
[1600.0, 200.0, 0.035337, [0.8735063399999999], [56.637238], [18.1991929], [0.13641879846267524]]
[1600.0, 1600.0, 0.032602, [0.8057804999999999], [56.637238], [18.1991929], [0.13246949494506272]]
[1600.0, 2000.0, 0.034071, [0.8421365399999999], [56.637238], [18.1991929], [0.13484976270650237]]
[1600.0, 1400.0, 0.032704, [0.02348305155], [0.299048666], [0.074228532], [0.0015978191129630412]]
[1600.0, 700.0, 0.034102, [0.0245258475], [0.299048666], [0.074228532], [0.0016350572032042179]]
[1600.0, 400.0, 0.029086, [0.7187516], [56.637238], [18.1991929], [0.1251185711914902]]
[1600.0, 600.0, 0.03649, [0.9020468800000001], [56.637238], [18.1991929], [0.13918889664768522]]
[1700.0, 900.0, 0.019959, [0.014122939250000001], [0.299048666], [0.074228532], [0.0010062177142646615]]
[1700.0, 1500.0, 0.025448, [0.6287361499999999], [56.637238], [18.1991929], [0.09478555744415919]]
[1700.0, 1800.0, 0.021373, [0.52797304], [56.637238], [18.1991929], [0.08679825478084223]]
[1700.0, 700.0, 0.027499, [0.6794878999999999], [56.637238], [18.1991929], [0.0991134956199205]]
[1700.0, 500.0, 0.023892, [0.5902623300000001], [56.637238], [18.1991929], [0.09218346962443971]]
[1700.0, 300.0, 0.022329, [0.5516170100000001], [56.637238], [18.1991929], [0.0894840892449602]]
[1700.0, 800.0, 0.023906, [0.59061464], [56.637238], [18.1991929], [0.09223850117494321]]
[1700.0, 1300.0, 0.025314, [0.62542718], [56.637238], [18.1991929], [0.0953767724605944]]
[1700.0, 400.0, 0.020598, [0.014585438000000001], [0.299048666], [0.074228532], [0.0010211848641406708]]
[1700.0, 1000.0, 0.021542, [0.53215568], [56.637238], [18.1991929], [0.08748588770196024]]
[1700.0, 2000.0, 0.022922, [0.5662587], [56.637238], [18.1991929], [0.09067398034166142]]
[1700.0, 1600.0, 0.019146, [0.01353483145], [0.299048666], [0.074228532], [0.0009871289889117835]]
[1700.0, 1400.0, 0.018271, [0.01290334395], [0.299048666], [0.074228532], [0.0009671466156948492]]
[1700.0, 1200.0, 0.023706, [0.58565045], [56.637238], [18.1991929], [0.0914632482694552]]
[1700.0, 100.0, 0.017036, [0.420745115], [56.637238], [18.1991929], [0.0781304039667017]]
[1700.0, 1700.0, 0.022326, [0.5515342], [56.637238], [18.1991929], [0.08947063219291568]]
[1700.0, 1900.0, 0.024597, [0.60769016], [56.637238], [18.1991929], [0.09376858981556671]]
[1700.0, 1100.0, 0.020445, [0.5050160499999999], [56.637238], [18.1991929], [0.08536324582043492]]
[1700.0, 600.0, 0.024838, [0.61365591], [56.637238], [18.1991929], [0.09468914981136961]]
[1700.0, 200.0, 0.018394, [0.0129919874], [0.299048666], [0.074228532], [0.0009630301485415709]]
[1800.0, 600.0, 0.015229, [0.376108859], [56.637238], [18.1991929], [0.06101293000667973]]
[1800.0, 1800.0, 0.016551, [0.408758931], [56.637238], [18.1991929], [0.06233514542374951]]
[1800.0, 400.0, 0.018439, [0.455422415], [56.637238], [18.1991929], [0.06643019473101068]]
[1800.0, 1300.0, 0.016212, [0.400381107], [56.637238], [18.1991929], [0.06252901116281945]]
[1800.0, 1200.0, 0.018688, [0.461591368], [56.637238], [18.1991929], [0.06662497404127074]]
[1800.0, 1700.0, 0.012952, [0.319835103], [56.637238], [18.1991929], [0.05567614084147715]]
[1800.0, 500.0, 0.014498, [0.358024772], [56.637238], [18.1991929], [0.058858913403154155]]
[1800.0, 1600.0, 0.011667, [0.28808643500000003], [56.637238], [18.1991929], [0.05259713500752679]]
[1800.0, 1000.0, 0.01772, [0.437657465], [56.637238], [18.1991929], [0.06452907467180977]]
[1800.0, 700.0, 0.011738, [0.0142674525], [0.88462689], [0.20394407600000003], [0.002649399459783292]]
[1800.0, 200.0, 0.012347, [0.30489221], [56.637238], [18.1991929], [0.053897839502154446]]
[1800.0, 800.0, 0.021609, [0.53379914], [56.637238], [18.1991929], [0.07197746417455952]]
[1800.0, 2000.0, 0.017871, [0.441396312], [56.637238], [18.1991929], [0.06579948356180312]]
[1800.0, 1100.0, 0.016901, [0.417425316], [56.637238], [18.1991929], [0.06365677110095987]]
[1800.0, 900.0, 0.013905, [0.343374262], [56.637238], [18.1991929], [0.05804084645316607]]
[1800.0, 1500.0, 0.012885, [0.31819169199999997], [56.637238], [18.1991929], [0.05539007335254215]]
[1800.0, 1400.0, 0.013602, [0.33588618], [56.637238], [18.1991929], [0.056775122456935306]]
[1800.0, 1900.0, 0.021543, [0.53215813], [56.637238], [18.1991929], [0.07175619626903311]]
[1800.0, 100.0, 0.012545, [0.007616133699999999], [0.223889134], [0.05566596], [0.0019040335424435147]]
[1800.0, 300.0, 0.017932, [0.44290737399999996], [56.637238], [18.1991929], [0.06530314031499558]]
[1900.0, 300.0, 0.010628, [0.26242508600000003], [56.637238], [18.1991929], [0.0414930541801878]]
[1900.0, 1600.0, 0.013884, [0.342854421], [56.637238], [18.1991929], [0.04709467468408716]]
[1900.0, 600.0, 0.011202, [0.276594318], [56.637238], [18.1991929], [0.042180237707959874]]
[1900.0, 1500.0, 0.011272, [0.278338277], [56.637238], [18.1991929], [0.042446186010052775]]
[1900.0, 500.0, 0.008697, [0.21473931500000001], [56.637238], [18.1991929], [0.037381322504694774]]
[1900.0, 1700.0, 0.009536, [0.23545832800000002], [56.637238], [18.1991929], [0.03870911302781297]]
[1900.0, 1800.0, 0.010934, [0.269970743], [56.637238], [18.1991929], [0.04165738969738742]]
[1900.0, 800.0, 0.011274, [0.278372332], [56.637238], [18.1991929], [0.04245138125550216]]
[1900.0, 1300.0, 0.012408, [0.30639459900000005], [56.637238], [18.1991929], [0.04469225237443286]]
[1900.0, 1000.0, 0.010647, [0.26288451], [56.637238], [18.1991929], [0.04156568943130861]]
[1900.0, 1900.0, 0.010651, [0.262983931], [56.637238], [18.1991929], [0.04107119377982578]]
[1900.0, 1200.0, 0.01094, [0.270125044], [56.637238], [18.1991929], [0.04168119843286659]]
[1900.0, 100.0, 0.0081, [0.19999497000000002], [56.637238], [18.1991929], [0.035920161798076576]]
[1900.0, 2000.0, 0.008593, [0.212152801], [56.637238], [18.1991929], [0.03693105977764516]]
[1900.0, 1100.0, 0.010878, [0.268592618], [56.637238], [18.1991929], [0.04194712248891454]]
[1900.0, 900.0, 0.012784, [0.315672651], [56.637238], [18.1991929], [0.04509609256243827]]
[1900.0, 200.0, 0.007797, [0.19250536899999998], [56.637238], [18.1991929], [0.03514651169746437]]
[1900.0, 400.0, 0.01189, [0.293586342], [56.637238], [18.1991929], [0.04328694777990243]]
[1900.0, 700.0, 0.011069, [0.0067065026], [0.223889134], [0.05566596], [0.0014634787434397536]]
[1900.0, 1400.0, 0.008092, [0.00488344535], [0.223889134], [0.05566596], [0.001260900539297212]]
[2000.0, 1500.0, 0.005776, [0.142587501], [56.637238], [18.1991929], [0.024821302951295688]]
[2000.0, 1200.0, 0.006292, [0.15534176000000002], [56.637238], [18.1991929], [0.02589028965268639]]
[2000.0, 1300.0, 0.005295, [0.130715536], [56.637238], [18.1991929], [0.02386528387428065]]
[2000.0, 300.0, 0.006509, [0.160699322], [56.637238], [18.1991929], [0.026418807936771104]]
[2000.0, 900.0, 0.006539, [0.161422709], [56.637238], [18.1991929], [0.026537727779521743]]
[2000.0, 1900.0, 0.008416, [0.207782246], [56.637238], [18.1991929], [0.029990786145081293]]
[2000.0, 1600.0, 0.006785, [0.167515712], [56.637238], [18.1991929], [0.026823980271391493]]
[2000.0, 500.0, 0.007335, [0.18108317499999999], [56.637238], [18.1991929], [0.027941740339499255]]
[2000.0, 600.0, 0.006584, [0.162542506], [56.637238], [18.1991929], [0.026721821032631737]]
[2000.0, 200.0, 0.00682, [0.16838556], [56.637238], [18.1991929], [0.02696327127779565]]
[2000.0, 1800.0, 0.008357, [0.206338412], [56.637238], [18.1991929], [0.029782387840802827]]
[2000.0, 2000.0, 0.007619, [0.18809615300000002], [56.637238], [18.1991929], [0.0286843924146913]]
[2000.0, 400.0, 0.00551, [0.136032085], [56.637238], [18.1991929], [0.024432084968336206]]
[2000.0, 1100.0, 0.008803, [0.21735077000000003], [56.637238], [18.1991929], [0.031050113445847505]]
[2000.0, 100.0, 0.005859, [0.144655056], [56.637238], [18.1991929], [0.02480813431114883]]
[2000.0, 1400.0, 0.00679, [0.16764419], [56.637238], [18.1991929], [0.026844555081058805]]
[2000.0, 1700.0, 0.005931, [0.14641249], [56.637238], [18.1991929], [0.025109538313159003]]
[2000.0, 700.0, 0.006162, [0.15212598800000002], [56.637238], [18.1991929], [0.025713979639487933]]
[2000.0, 1000.0, 0.008548, [0.211050595], [56.637238], [18.1991929], [0.030150082648311264]]
[2000.0, 800.0, 0.010031, [0.247683975], [56.637238], [18.1991929], [0.03252250006072719]]
[2100.0, 200.0, 0.004195, [0.10354758400000001], [56.637238], [18.1991929], [0.017257936342448363]]
[2100.0, 100.0, 0.004577, [0.0027495517000000005], [0.223889134], [0.05566596], [0.0006307903622836988]]
[2100.0, 400.0, 0.003982, [0.09829297099999999], [56.637238], [18.1991929], [0.01685710388827215]]
[2100.0, 1400.0, 0.003831, [0.094565296], [56.637238], [18.1991929], [0.016461710257442877]]
[2100.0, 500.0, 0.005091, [0.0030601137000000004], [0.223889134], [0.05566596], [0.0006677717141546204]]
[2100.0, 800.0, 0.005081, [0.125444067], [56.637238], [18.1991929], [0.019130041798177025]]
[2100.0, 300.0, 0.004904, [0.121065525], [56.637238], [18.1991929], [0.01868081542117474]]
[2100.0, 600.0, 0.005324, [0.131428241], [56.637238], [18.1991929], [0.019378041095528726]]
[2100.0, 700.0, 0.005136, [0.126797545], [56.637238], [18.1991929], [0.019115452042784652]]
[2100.0, 1000.0, 0.00576, [0.142198686], [56.637238], [18.1991929], [0.020314096364347587]]
[2100.0, 1700.0, 0.005702, [0.140757792], [56.637238], [18.1991929], [0.02031663737186841]]
[2100.0, 1800.0, 0.004789, [0.118224652], [56.637238], [18.1991929], [0.018242457170019613]]
[2100.0, 1900.0, 0.004561, [0.0027401363500000006], [0.223889134], [0.05566596], [0.0006286306135362802]]
[2100.0, 900.0, 0.005058, [0.124861016], [56.637238], [18.1991929], [0.019041131418589603]]
[2100.0, 2000.0, 0.004863, [0.120059653], [56.637238], [18.1991929], [0.018750168692574475]]
[2100.0, 1200.0, 0.005614, [0.138597186], [56.637238], [18.1991929], [0.020004774350139518]]
[2100.0, 1500.0, 0.00491, [0.121219091], [56.637238], [18.1991929], [0.01870451372797486]]
[2100.0, 1100.0, 0.003787, [0.093480828], [56.637238], [18.1991929], [0.01652523093030775]]
[2100.0, 1300.0, 0.005821, [0.14369911500000002], [56.637238], [18.1991929], [0.020322120137918682]]
[2100.0, 1600.0, 0.006135, [0.151453806], [56.637238], [18.1991929], [0.020803780836665245]]
[2200.0, 1700.0, 0.002819, [0.069594014], [56.637238], [18.1991929], [0.011599003823173781]]
[2200.0, 1100.0, 0.003467, [0.085585311], [56.637238], [18.1991929], [0.012902473220278352]]
[2200.0, 200.0, 0.003121, [0.077049168], [56.637238], [18.1991929], [0.012182540192012502]]
[2200.0, 1800.0, 0.003183, [0.078564297], [56.637238], [18.1991929], [0.012269680231367075]]
[2200.0, 900.0, 0.003061, [0.07556490899999999], [56.637238], [18.1991929], [0.01210007055640586]]
[2200.0, 1000.0, 0.003226, [0.079644306], [56.637238], [18.1991929], [0.012289384627799717]]
[2200.0, 1300.0, 0.003491, [0.08616958699999999], [56.637238], [18.1991929], [0.012845406775575462]]
[2200.0, 1900.0, 0.003117, [0.076939849], [56.637238], [18.1991929], [0.012165258331823456]]
[2200.0, 1400.0, 0.003616, [0.089269964], [56.637238], [18.1991929], [0.013162136073981305]]
[2200.0, 1600.0, 0.002844, [0.07019254899999999], [56.637238], [18.1991929], [0.011539582186543844]]
[2200.0, 800.0, 0.002569, [0.063414379], [56.637238], [18.1991929], [0.011039030117270266]]
[2200.0, 400.0, 0.003268, [0.080677128], [56.637238], [18.1991929], [0.012448748712220035]]
[2200.0, 600.0, 0.003333, [0.082288101], [56.637238], [18.1991929], [0.012697328692287995]]
[2200.0, 2000.0, 0.002572, [0.0015412411], [0.223889134], [0.05566596], [0.0003853103090367555]]
[2200.0, 500.0, 0.002857, [0.070527758], [56.637238], [18.1991929], [0.011594689129510977]]
[2200.0, 700.0, 0.002669, [0.065874473], [56.637238], [18.1991929], [0.011134819557136973]]
[2200.0, 300.0, 0.002742, [0.06767635], [56.637238], [18.1991929], [0.01143938976257038]]
[2200.0, 1200.0, 0.002947, [0.072740598], [56.637238], [18.1991929], [0.011800085141218261]]
[2200.0, 1500.0, 0.003555, [0.087756844], [56.637238], [18.1991929], [0.012939039870098553]]
[2200.0, 100.0, 0.003224, [0.07959266000000001], [56.637238], [18.1991929], [0.012281412823857035]]
[2300.0, 700.0, 0.001632, [0.040285296100000006], [56.637238], [18.1991929], [0.0072354535559286115]]
[2300.0, 100.0, 0.002175, [0.053693759], [56.637238], [18.1991929], [0.008285127728647278]]
[2300.0, 1800.0, 0.001666, [0.04113501], [56.637238], [18.1991929], [0.00727171226328435]]
[2300.0, 1000.0, 0.00192, [0.0474011055], [56.637238], [18.1991929], [0.007792693243673846]]
[2300.0, 1500.0, 0.002403, [0.05932214399999999], [56.637238], [18.1991929], [0.008746571372257818]]
[2300.0, 1200.0, 0.002026, [0.001212695365], [0.223889134], [0.05566596], [0.0002782114973361094]]
[2300.0, 500.0, 0.001966, [0.0485372391], [56.637238], [18.1991929], [0.007873780101069625]]
[2300.0, 1900.0, 0.001752, [0.043236767], [56.637238], [18.1991929], [0.007415043896700815]]
[2300.0, 1300.0, 0.002457, [0.060652837], [56.637238], [18.1991929], [0.008754483219471039]]
[2300.0, 1600.0, 0.002507, [0.061872397999999995], [56.637238], [18.1991929], [0.00883891413636313]]
[2300.0, 1700.0, 0.001408, [0.0347571749], [56.637238], [18.1991929], [0.0066890204925684]]
[2300.0, 1400.0, 0.002558, [0.063144781], [56.637238], [18.1991929], [0.009020679084747444]]
[2300.0, 1100.0, 0.002642, [0.06522130300000001], [56.637238], [18.1991929], [0.009132812653832334]]
[2300.0, 900.0, 0.001319, [0.0015923081650000002], [0.88462689], [0.20394407600000003], [0.0003184616457675869]]
[2300.0, 2000.0, 0.002017, [0.049797965], [56.637238], [18.1991929], [0.007974054109422634]]
[2300.0, 300.0, 0.001659, [0.0409537198], [56.637238], [18.1991929], [0.007239663358195601]]
[2300.0, 200.0, 0.0017, [0.0010175810399999999], [0.223889134], [0.05566596], [0.0002543953108353218]]
[2300.0, 400.0, 0.001863, [0.0459760679], [56.637238], [18.1991929], [0.00766267884489491]]
[2300.0, 800.0, 0.002248, [0.055494803], [56.637238], [18.1991929], [0.008462877368838568]]
[2300.0, 600.0, 0.002174, [0.053671758], [56.637238], [18.1991929], [0.008281729169080572]]
[2400.0, 1200.0, 0.00182, [0.00108948511], [0.223889134], [0.05566596], [0.00021366560827025953]]
[2400.0, 1500.0, 0.001317, [0.0324986277], [56.637238], [18.1991929], [0.005271974192842753]]
[2400.0, 1100.0, 0.001651, [0.040755926399999996], [56.637238], [18.1991929], [0.005882610712090339]]
[2400.0, 1600.0, 0.00138, [0.0340612083], [56.637238], [18.1991929], [0.00538555029964441]]
[2400.0, 400.0, 0.001099, [0.0271174477], [56.637238], [18.1991929], [0.004793732883672181]]
[2400.0, 1300.0, 0.001653, [0.0407986152], [56.637238], [18.1991929], [0.0058887726225419846]]
[2400.0, 200.0, 0.00105, [0.0259204512], [56.637238], [18.1991929], [0.004655450262434344]]
[2400.0, 1700.0, 0.001507, [0.00090171417], [0.223889134], [0.05566596], [0.00019677016030765436]]
[2400.0, 2000.0, 0.001381, [0.0340811562], [56.637238], [18.1991929], [0.005388703571361111]]
[2400.0, 600.0, 0.001501, [0.000897898785], [0.223889134], [0.05566596], [0.00019593760694414943]]
[2400.0, 1900.0, 0.001388, [0.034254856300000004], [56.637238], [18.1991929], [0.005349709504262825]]
[2400.0, 700.0, 0.001568, [0.0386954372], [56.637238], [18.1991929], [0.0057683739866620995]]
[2400.0, 100.0, 0.001478, [0.0364926618], [56.637238], [18.1991929], [0.005565077791909113]]
[2400.0, 1800.0, 0.00164, [0.0404715157], [56.637238], [18.1991929], [0.005841558381973084]]
[2400.0, 500.0, 0.001345, [0.0331967258], [56.637238], [18.1991929], [0.005315729944231554]]
[2400.0, 900.0, 0.001303, [0.0321641194], [56.637238], [18.1991929], [0.005217708578485387]]
[2400.0, 1400.0, 0.001568, [0.0387020571], [56.637238], [18.1991929], [0.005706306144959277]]
[2400.0, 800.0, 0.001504, [0.0371169365], [56.637238], [18.1991929], [0.005595589750866302]]
[2400.0, 300.0, 0.001029, [0.025394543999999998], [56.637238], [18.1991929], [0.004636387664335243]]
[2400.0, 1000.0, 0.001058, [0.0261069158], [56.637238], [18.1991929], [0.004688940806514836]]
[2500.0, 400.0, 0.000875, [0.0216031543], [56.637238], [18.1991929], [0.003459272986336869]]
[2500.0, 1300.0, 0.000991, [0.024465994], [56.637238], [18.1991929], [0.0036883878941890045]]
[2500.0, 500.0, 0.000764, [0.0188632409], [56.637238], [18.1991929], [0.003235018816792261]]
[2500.0, 900.0, 0.000927, [0.0005541515349999999], [0.223889134], [0.05566596], [0.00012391207737746956]]
[2500.0, 1400.0, 0.001037, [0.025595145099999998], [56.637238], [18.1991929], [0.003815498829773114]]
[2500.0, 200.0, 0.001152, [0.0284383799], [56.637238], [18.1991929], [0.003982169736839453]]
[2500.0, 1900.0, 0.001024, [0.0252648459], [56.637238], [18.1991929], [0.003766260617376339]]
[2500.0, 1000.0, 0.001013, [0.025005248799999998], [56.637238], [18.1991929], [0.003727562723415932]]
[2500.0, 1800.0, 0.001091, [0.026934124], [56.637238], [18.1991929], [0.0038876060835686533]]
[2500.0, 1700.0, 0.001171, [0.0288948296], [56.637238], [18.1991929], [0.0040069918900591745]]
[2500.0, 800.0, 0.000866, [0.021373251200000002], [56.637238], [18.1991929], [0.003467199281841181]]
[2500.0, 700.0, 0.000842, [0.000503536495], [0.223889134], [0.05566596], [0.00011868471151542644]]
[2500.0, 1600.0, 0.000813, [0.020066916100000002], [56.637238], [18.1991929], [0.003344486017312675]]
[2500.0, 1100.0, 0.001075, [0.0265233717], [56.637238], [18.1991929], [0.0038283189174884583]]
[2500.0, 600.0, 0.000665, [0.0164056851], [56.637238], [18.1991929], [0.0030464592951490424]]
[2500.0, 300.0, 0.000721, [0.0177907436], [56.637238], [18.1991929], [0.003144988571362383]]
[2500.0, 2000.0, 0.00131, [0.0323289505], [56.637238], [18.1991929], [0.004282074086701443]]
[2500.0, 1200.0, 0.000778, [0.019196293899999998], [56.637238], [18.1991929], [0.003292137850090728]]
[2500.0, 100.0, 0.00097, [0.0239449182], [56.637238], [18.1991929], [0.003651565676665285]]
[2500.0, 1500.0, 0.001012, [0.0249871482], [56.637238], [18.1991929], [0.003724864491763425]]
[2600.0, 800.0, 0.000631, [0.0155636299], [56.637238], [18.1991929], [0.0024015199437023215]]
[2600.0, 2000.0, 0.000517, [0.012771786299999999], [56.637238], [18.1991929], [0.002158825671053594]]
[2600.0, 900.0, 0.000738, [0.0182170142], [56.637238], [18.1991929], [0.002602431009844449]]
[2600.0, 1000.0, 0.00057, [0.00034084645], [0.223889134], [0.05566596], [7.819554120920196e-05]]
[2600.0, 200.0, 0.000441, [0.0108870209], [56.637238], [18.1991929], [0.0019876890918853482]]
[2600.0, 1100.0, 0.000616, [0.0152084485], [56.637238], [18.1991929], [0.0023467143106905876]]
[2600.0, 1500.0, 0.000694, [0.017118444], [56.637238], [18.1991929], [0.002496981537777162]]
[2600.0, 700.0, 0.000663, [0.0163533384], [56.637238], [18.1991929], [0.002437811803236665]]
[2600.0, 1800.0, 0.000553, [0.013647465300000002], [56.637238], [18.1991929], [0.0022436291522887645]]
[2600.0, 1600.0, 0.000366, [0.000218389962], [0.223889134], [0.05566596], [6.304374638098532e-05]]
[2600.0, 1400.0, 0.000552, [0.013624523500000001], [56.637238], [18.1991929], [0.0022398574798410723]]
[2600.0, 1300.0, 0.000583, [0.0144016733], [56.637238], [18.1991929], [0.0023061135655036594]]
[2600.0, 600.0, 0.000581, [0.00034728162], [0.223889134], [0.05566596], [7.967187543292803e-05]]
[2600.0, 1700.0, 0.000707, [0.0174625367], [56.637238], [18.1991929], [0.002520500178139252]]
[2600.0, 400.0, 0.000554, [0.0136697456], [56.637238], [18.1991929], [0.002247292465390297]]
[2600.0, 300.0, 0.00052, [0.0128318995], [56.637238], [18.1991929], [0.002168987089403715]]
[2600.0, 1900.0, 0.000516, [0.00030814850499999994], [0.223889134], [0.05566596], [7.473696387832463e-05]]
[2600.0, 1200.0, 0.000583, [0.014387027200000001], [56.637238], [18.1991929], [0.0023037677124658207]]
[2600.0, 100.0, 0.000401, [0.0098933499], [56.637238], [18.1991929], [0.001903975692859549]]
[2600.0, 500.0, 0.000772, [0.0190563499], [56.637238], [18.1991929], [0.0026426400055626193]]
[2700.0, 1400.0, 0.00037, [0.0091338842], [56.637238], [18.1991929], [0.0014817117121761574]]
[2700.0, 1000.0, 0.000481, [0.011869799200000001], [56.637238], [18.1991929], [0.0016956853372604244]]
[2700.0, 800.0, 0.00034, [0.0084036519], [56.637238], [18.1991929], [0.0014204762793514013]]
[2700.0, 900.0, 0.00049, [0.0120895789], [56.637238], [18.1991929], [0.0016928801505127291]]
[2700.0, 600.0, 0.000433, [0.0106839992], [56.637238], [18.1991929], [0.001592676390231236]]
[2700.0, 1100.0, 0.000438, [0.0108111934], [56.637238], [18.1991929], [0.001611637486843738]]
[2700.0, 1300.0, 0.000447, [0.0110228538], [56.637238], [18.1991929], [0.001643189995709565]]
[2700.0, 400.0, 0.000341, [0.0084274512], [56.637238], [18.1991929], [0.0014244989388202435]]
[2700.0, 1700.0, 0.000478, [0.011789733200000001], [56.637238], [18.1991929], [0.0016842476842792453]]
[2700.0, 100.0, 0.000378, [0.0093183545], [56.637238], [18.1991929], [0.0014921310207887243]]
[2700.0, 2000.0, 0.000433, [0.0106812846], [56.637238], [18.1991929], [0.0015922715682320024]]
[2700.0, 1200.0, 0.000428, [0.0105761649], [56.637238], [18.1991929], [0.0015944166312479309]]
[2700.0, 700.0, 0.000374, [0.0092403122], [56.637238], [18.1991929], [0.0014796341695162355]]
[2700.0, 300.0, 0.000315, [0.0001879388875], [0.223889134], [0.05566596], [4.6984721295863826e-05]]
[2700.0, 1800.0, 0.000425, [0.0105024346], [56.637238], [18.1991929], [0.0015833021455173993]]
[2700.0, 200.0, 0.00053, [0.0130821278], [56.637238], [18.1991929], [0.001780252339136225]]
[2700.0, 1500.0, 0.000327, [0.0080663408], [56.637238], [18.1991929], [0.0013833664171144246]]
[2700.0, 500.0, 0.000384, [0.009466991099999999], [56.637238], [18.1991929], [0.0014968625833723013]]
[2700.0, 1900.0, 0.000423, [0.0104360396], [56.637238], [18.1991929], [0.0015914812279760012]]
[2700.0, 1600.0, 0.000386, [0.0095279471], [56.637238], [18.1991929], [0.0015065009159970662]]
[2800.0, 1500.0, 0.000258, [0.0063707546], [56.637238], [18.1991929], [0.0009949449698350155]]
[2800.0, 200.0, 0.000266, [0.0065739919], [56.637238], [18.1991929], [0.0010143887642319388]]
[2800.0, 400.0, 0.000225, [0.0055424929], [56.637238], [18.1991929], [0.0009237494243570601]]
[2800.0, 900.0, 0.000321, [0.0079213155], [56.637238], [18.1991929], [0.001120242882414345]]
[2800.0, 600.0, 0.000311, [0.0076777022], [56.637238], [18.1991929], [0.0010857910210072654]]
[2800.0, 1200.0, 0.000289, [0.007125599600000001], [56.637238], [18.1991929], [0.0010506124497168306]]
[2800.0, 1000.0, 0.00024, [0.0059350417], [56.637238], [18.1991929], [0.0009627910236390865]]
[2800.0, 1400.0, 0.000195, [0.00481503841], [56.637238], [18.1991929], [0.0008648065513165357]]
[2800.0, 800.0, 0.0003, [0.0074025623], [56.637238], [18.1991929], [0.0010684677806560197]]
[2800.0, 100.0, 0.000233, [0.0057576078], [56.637238], [18.1991929], [0.0009465443018686447]]
[2800.0, 1100.0, 0.000228, [0.005619231799999999], [56.637238], [18.1991929], [0.0009365389625103698]]
[2800.0, 1300.0, 0.000305, [0.0075288402], [56.637238], [18.1991929], [0.0010866945103385772]]
[2800.0, 2000.0, 0.000239, [0.0058927792], [56.637238], [18.1991929], [0.0009559347446871047]]
[2800.0, 500.0, 0.000246, [0.0060702425], [56.637238], [18.1991929], [0.000972016496464952]]
[2800.0, 1900.0, 0.000238, [0.005884757900000001], [56.637238], [18.1991929], [0.0009546335635729554]]
[2800.0, 1800.0, 0.000277, [0.0068432371], [56.637238], [18.1991929], [0.0010316566871299774]]
[2800.0, 300.0, 0.000227, [0.005607854], [56.637238], [18.1991929], [0.0009346423434662052]]
[2800.0, 700.0, 0.000283, [0.0001693259435], [0.223889134], [0.05566596], [3.6100415378496685e-05]]
[2800.0, 1600.0, 0.000239, [0.0059044951000000005], [56.637238], [18.1991929], [0.0009578354509517801]]
[2800.0, 1700.0, 0.000294, [0.0072683905], [56.637238], [18.1991929], [0.0010602035235746012]]
[2900.0, 1300.0, 0.000174, [0.00428929536], [56.637238], [18.1991929], [0.0006618527059701425]]
[2900.0, 900.0, 0.000174, [0.00430642135], [56.637238], [18.1991929], [0.0006567232197813627]]
[2900.0, 1600.0, 0.000175, [0.00432446707], [56.637238], [18.1991929], [0.0006594751974107897]]
[2900.0, 2000.0, 0.00014, [0.0034441717799999997], [56.637238], [18.1991929], [0.0005906705604649684]]
[2900.0, 1200.0, 0.000159, [0.00393661345], [56.637238], [18.1991929], [0.0006303626706111331]]
[2900.0, 1700.0, 0.000179, [0.00441195412], [56.637238], [18.1991929], [0.0006651271262698582]]
[2900.0, 1100.0, 0.000164, [0.0040402607], [56.637238], [18.1991929], [0.0006388213269764873]]
[2900.0, 800.0, 0.000173, [0.00428049545], [56.637238], [18.1991929], [0.000652769385771116]]
[2900.0, 600.0, 0.000176, [0.004340775250000001], [56.637238], [18.1991929], [0.0006697961256979619]]
[2900.0, 100.0, 0.000194, [0.00478334325], [56.637238], [18.1991929], [0.0006904160858496853]]
[2900.0, 400.0, 0.000188, [0.00464501968], [56.637238], [18.1991929], [0.0006848704951302836]]
[2900.0, 1000.0, 0.0002, [0.0049424046], [56.637238], [18.1991929], [0.0007060575252768006]]
[2900.0, 1400.0, 0.000179, [0.00442739941], [56.637238], [18.1991929], [0.000667455546384926]]
[2900.0, 200.0, 0.000152, [0.00374932565], [56.637238], [18.1991929], [0.0006163851381238844]]
[2900.0, 500.0, 0.000126, [0.00310883636], [56.637238], [18.1991929], [0.00055836354644622]]
[2900.0, 1500.0, 0.000154, [0.00379744267], [56.637238], [18.1991929], [0.0006160264721584617]]
[2900.0, 1800.0, 0.000187, [0.00460444572], [56.637238], [18.1991929], [0.0006788884129958325]]
[2900.0, 300.0, 0.000131, [0.00322669851], [56.637238], [18.1991929], [0.0005704050411768816]]
[2900.0, 700.0, 0.000156, [0.00384657007], [56.637238], [18.1991929], [0.0006239959056756703]]
[2900.0, 1900.0, 0.000268, [0.0066272499999999995], [56.637238], [18.1991929], [0.0008220089925907137]]
[3000.0, 1900.0, 6.8e-05, [0.0016663072299999998], [56.637238], [18.1991929], [0.00032678973964921234]]
[3000.0, 800.0, 8.9e-05, [0.00220515974], [56.637238], [18.1991929], [0.000378181733350515]]
[3000.0, 900.0, 9.2e-05, [0.00227290616], [56.637238], [18.1991929], [0.00038419127997652415]]
[3000.0, 1600.0, 0.00012, [0.0029631877800000003], [56.637238], [18.1991929], [0.0004368981897650756]]
[3000.0, 700.0, 9.2e-05, [0.00228236904], [56.637238], [18.1991929], [0.000385790726353032]]
[3000.0, 600.0, 0.000113, [0.0027798126299999996], [56.637238], [18.1991929], [0.0004239174900024768]]
[3000.0, 1300.0, 0.000117, [0.00288192961], [56.637238], [18.1991929], [0.00042961268010849026]]
[3000.0, 500.0, 0.000118, [0.0029141652399999997], [56.637238], [18.1991929], [0.00043441809377603045]]
[3000.0, 1500.0, 0.000104, [0.00256501966], [56.637238], [18.1991929], [0.000405565188459266]]
[3000.0, 1800.0, 9.4e-05, [0.00231264369], [56.637238], [18.1991929], [0.0003854405843576932]]
[3000.0, 2000.0, 9.7e-05, [0.00239524103], [56.637238], [18.1991929], [0.00039377520106019883]]
[3000.0, 100.0, 0.00012, [0.00295835981], [56.637238], [18.1991929], [0.00043618634706968996]]
[3000.0, 1400.0, 0.000146, [0.00360781463], [56.637238], [18.1991929], [0.000477866731380204]]
[3000.0, 1100.0, 9.2e-05, [0.00227066245], [56.637238], [18.1991929], [0.00038381202990526493]]
[3000.0, 1200.0, 8.8e-05, [0.0021760978399999998], [56.637238], [18.1991929], [0.0003731977166596816]]
[3000.0, 1000.0, 8.4e-05, [0.00206949295], [56.637238], [18.1991929], [0.000365838115031772]]
[3000.0, 400.0, 7.4e-05, [0.00181567393], [56.637238], [18.1991929], [0.00034313014031122366]]
[3000.0, 300.0, 8.9e-05, [0.0022013299], [56.637238], [18.1991929], [0.0003775249829216604]]
[3000.0, 1700.0, 0.000116, [0.00285457977], [56.637238], [18.1991929], [0.0004303441005521047]]
[3000.0, 200.0, 8.8e-05, [0.00217344351], [56.637238], [18.1991929], [0.00037274248790552443]]
