[200.0, 1800.0, 0.212045, [76.16796], [5130.0], [273.72431386341987], [7.984570871374365]]
[200.0, 700.0, 0.204931, [25.877499999999998], [1611.0], [91.00686787270509], [2.683371945891959]]
[200.0, 2000.0, 0.194214, [69.62076], [5130.0], [273.72431386341987], [7.641871563956045]]
[200.0, 1300.0, 0.221523, [28.0306], [1611.0], [91.00686787270509], [2.8030599351423082]]
[200.0, 1400.0, 0.205197, [73.64877], [5130.0], [273.72431386341987], [7.850983377896046]]
[200.0, 400.0, 0.22039, [79.24655999999999], [5130.0], [273.72431386341987], [8.173660073675686]]
[200.0, 1900.0, 0.221952, [79.82364], [5130.0], [273.72431386341987], [8.189731314273992]]
[200.0, 1700.0, 0.215332, [77.37966], [5130.0], [273.72431386341987], [8.067386565672926]]
[200.0, 500.0, 0.241874, [87.21654], [5130.0], [273.72431386341987], [8.552286536359734]]
[200.0, 1500.0, 0.197187, [24.87716], [1611.0], [91.00686787270509], [2.6369736441610483]]
[200.0, 100.0, 0.228562, [82.27019999999999], [5130.0], [273.72431386341987], [8.31054420600721]]
[200.0, 600.0, 0.199441, [25.168049999999997], [1611.0], [91.00686787270509], [2.652945909738832]]
[200.0, 1000.0, 0.208882, [26.389160000000004], [1611.0], [91.00686787270509], [2.7218335731635026]]
[200.0, 1200.0, 0.211102, [26.6768], [1611.0], [91.00686787270509], [2.7369819144451797]]
[200.0, 300.0, 0.218515, [78.55425], [5130.0], [273.72431386341987], [8.145695550411885]]
[200.0, 1600.0, 0.244155, [88.06683], [5130.0], [273.72431386341987], [8.59444186669501]]
[200.0, 900.0, 0.222016, [79.84731000000001], [5130.0], [273.72431386341987], [8.192162351906852]]
[200.0, 800.0, 0.241851, [87.20781000000001], [5130.0], [273.72431386341987], [8.55143040666297]]
[200.0, 1100.0, 0.206276, [26.0517], [1611.0], [91.00686787270509], [2.701435914472153]]
[200.0, 200.0, 0.182945, [65.50296], [5130.0], [273.72431386341987], [7.416750568813811]]
[300.0, 2000.0, 0.121554, [43.28790000000001], [5130.0], [273.72431386341987], [3.65849477244399]]
[300.0, 400.0, 0.133728, [47.66423999999999], [5130.0], [273.72431386341987], [3.8284831199836837]]
[300.0, 1000.0, 0.117344, [14.69333], [1611.0], [91.00686787270509], [1.2287180311202404]]
[300.0, 200.0, 0.1215, [15.21814], [1611.0], [91.00686787270509], [1.2509236587418116]]
[300.0, 1600.0, 0.149463, [18.76203], [1611.0], [91.00686787270509], [1.3907343383982433]]
[300.0, 1300.0, 0.116457, [14.581320000000002], [1611.0], [91.00686787270509], [1.2236372011343886]]
[300.0, 800.0, 0.120662, [15.11233], [1611.0], [91.00686787270509], [1.2464441423505508]]
[300.0, 700.0, 0.128299, [45.71118], [5130.0], [273.72431386341987], [3.744805201876327]]
[300.0, 300.0, 0.143026, [51.01467], [5130.0], [273.72431386341987], [3.9595067874673484]]
[300.0, 900.0, 0.128601, [16.11604], [1611.0], [91.00686787270509], [1.286199828953495]]
[300.0, 600.0, 0.130361, [16.33876], [1611.0], [91.00686787270509], [1.291692687909938]]
[300.0, 1400.0, 0.118725, [42.27243], [5130.0], [273.72431386341987], [3.6115776331127094]]
[300.0, 500.0, 0.13085, [46.62891], [5130.0], [273.72431386341987], [3.782102986434928]]
[300.0, 1200.0, 0.119708, [42.62526], [5130.0], [273.72431386341987], [3.6285021703176645]]
[300.0, 100.0, 0.110185, [39.21054], [5130.0], [273.72431386341987], [3.4793727883053864]]
[300.0, 1100.0, 0.124335, [44.286809999999996], [5130.0], [273.72431386341987], [3.690568248928612]]
[300.0, 1900.0, 0.12267, [15.366040000000002], [1611.0], [91.00686787270509], [1.2546318185029424]]
[300.0, 1500.0, 0.115773, [14.49511], [1611.0], [91.00686787270509], [1.2164028937814968]]
[300.0, 1700.0, 0.113859, [14.253569999999998], [1611.0], [91.00686787270509], [1.2046464211543568]]
[300.0, 1800.0, 0.130689, [46.57089], [5130.0], [273.72431386341987], [3.777397913908462]]
[400.0, 900.0, 0.087504, [31.09941], [5130.0], [273.72431386341987], [2.087255039519608]]
[400.0, 1200.0, 0.077918, [27.680346], [5130.0], [273.72431386341987], [1.9671567553197178]]
[400.0, 1500.0, 0.091645, [32.577690000000004], [5130.0], [273.72431386341987], [2.1342350854580197]]
[400.0, 200.0, 0.082194, [10.27008], [1611.0], [91.00686787270509], [0.6924084777066207]]
[400.0, 1600.0, 0.083681, [29.735373000000003], [5130.0], [273.72431386341987], [2.0470673169194997]]
[400.0, 500.0, 0.08199, [29.131919999999997], [5130.0], [273.72431386341987], [2.0199354445130173]]
[400.0, 1700.0, 0.086307, [10.786290000000001], [1611.0], [91.00686787270509], [0.7096860573521224]]
[400.0, 300.0, 0.093774, [33.33834], [5130.0], [273.72431386341987], [2.1655580574069124]]
[400.0, 1300.0, 0.085142, [30.25662], [5130.0], [273.72431386341987], [2.0587030868971854]]
[400.0, 1400.0, 0.093143, [11.64495], [1611.0], [91.00686787270509], [0.739454866776871]]
[400.0, 1100.0, 0.084898, [30.169469999999997], [5130.0], [273.72431386341987], [2.062342139413342]]
[400.0, 800.0, 0.088876, [31.58901], [5130.0], [273.72431386341987], [2.1106291005290343]]
[400.0, 100.0, 0.079754, [28.334889000000004], [5130.0], [273.72431386341987], [1.9985888771830989]]
[400.0, 1000.0, 0.086942, [30.89874], [5130.0], [273.72431386341987], [2.0879428871499335]]
[400.0, 400.0, 0.085492, [30.38118], [5130.0], [273.72431386341987], [2.0671778588210543]]
[400.0, 1800.0, 0.082746, [10.339360000000001], [1611.0], [91.00686787270509], [0.6955003235081922]]
[400.0, 2000.0, 0.084919, [10.612110000000001], [1611.0], [91.00686787270509], [0.7059072176993233]]
[400.0, 600.0, 0.090613, [32.20932], [5130.0], [273.72431386341987], [2.128451690783702]]
[400.0, 700.0, 0.079802, [9.970081], [1611.0], [91.00686787270509], [0.6847479828374815]]
[400.0, 1900.0, 0.086903, [10.861070000000002], [1611.0], [91.00686787270509], [0.7130645132104106]]
[500.0, 1700.0, 0.063723, [7.955433000000001], [1611.0], [91.00686787270509], [0.4385971956134695]]
[500.0, 1100.0, 0.061497, [7.6769110000000005], [1611.0], [91.00686787270509], [0.4311782693967775]]
[500.0, 300.0, 0.068016, [24.152345999999998], [5130.0], [273.72431386341987], [1.3215577172412865]]
[500.0, 1300.0, 0.062895, [22.329960000000003], [5130.0], [273.72431386341987], [1.2723675176614657]]
[500.0, 1800.0, 0.068569, [8.562142999999999], [1611.0], [91.00686787270509], [0.45379268394278904]]
[500.0, 1400.0, 0.068988, [8.614679], [1611.0], [91.00686787270509], [0.45529990116405694]]
[500.0, 600.0, 0.070007, [8.742257], [1611.0], [91.00686787270509], [0.46011878900996867]]
[500.0, 1900.0, 0.066067, [8.248949], [1611.0], [91.00686787270509], [0.4467056077552643]]
[500.0, 1200.0, 0.065642, [8.195687], [1611.0], [91.00686787270509], [0.44512863309385076]]
[500.0, 800.0, 0.070667, [8.824986999999998], [1611.0], [91.00686787270509], [0.4638310037071692]]
[500.0, 1000.0, 0.066769, [8.336803], [1611.0], [91.00686787270509], [0.44818924574335783]]
[500.0, 2000.0, 0.06339, [7.9137509999999995], [1611.0], [91.00686787270509], [0.43830217886750233]]
[500.0, 700.0, 0.065029, [8.118937], [1611.0], [91.00686787270509], [0.44226666164204603]]
[500.0, 100.0, 0.061591, [7.688672], [1611.0], [91.00686787270509], [0.4318388588350983]]
[500.0, 200.0, 0.063038, [22.380708000000002], [5130.0], [273.72431386341987], [1.2773343336808887]]
[500.0, 1500.0, 0.06931, [8.65506], [1611.0], [91.00686787270509], [0.4580743389451105]]
[500.0, 900.0, 0.062808, [7.840911], [1611.0], [91.00686787270509], [0.43493551246133033]]
[500.0, 1600.0, 0.068304, [8.528977999999999], [1611.0], [91.00686787270509], [0.45395164940773153]]
[500.0, 500.0, 0.065398, [23.220525000000002], [5130.0], [273.72431386341987], [1.2980667548319693]]
[500.0, 400.0, 0.067622, [8.443601000000001], [1611.0], [91.00686787270509], [0.45197566306162984]]
[600.0, 200.0, 0.05168, [6.4491190000000005], [1611.0], [91.00686787270509], [0.2943606801187958]]
[600.0, 1400.0, 0.05012, [17.787066], [5130.0], [273.72431386341987], [0.8498989410512288]]
[600.0, 1900.0, 0.051987, [6.487447], [1611.0], [91.00686787270509], [0.29518907500109154]]
[600.0, 100.0, 0.046646, [5.82], [1611.0], [91.00686787270509], [0.2796913477388959]]
[600.0, 800.0, 0.049971, [6.235438], [1611.0], [91.00686787270509], [0.28978536885081]]
[600.0, 1200.0, 0.05279, [6.587871], [1611.0], [91.00686787270509], [0.29760967726201376]]
[600.0, 600.0, 0.054731, [6.830569], [1611.0], [91.00686787270509], [0.3033562427246224]]
[600.0, 1600.0, 0.05169, [6.450332], [1611.0], [91.00686787270509], [0.2938045779085139]]
[600.0, 400.0, 0.055465, [6.92234], [1611.0], [91.00686787270509], [0.3056287617355408]]
[600.0, 500.0, 0.053982, [6.736841], [1611.0], [91.00686787270509], [0.30067992949314054]]
[600.0, 1100.0, 0.052732, [6.580592000000001], [1611.0], [91.00686787270509], [0.29697797898160727]]
[600.0, 300.0, 0.049933, [6.230684], [1611.0], [91.00686787270509], [0.2883216779917875]]
[600.0, 1700.0, 0.051294, [6.400820999999999], [1611.0], [91.00686787270509], [0.293381168448147]]
[600.0, 1500.0, 0.054961, [6.859344000000001], [1611.0], [91.00686787270509], [0.30343953269144086]]
[600.0, 1800.0, 0.050384, [6.287101], [1611.0], [91.00686787270509], [0.2903113501053654]]
[600.0, 1000.0, 0.049017, [6.116202], [1611.0], [91.00686787270509], [0.2873642288107551]]
[600.0, 2000.0, 0.052458, [6.546417999999999], [1611.0], [91.00686787270509], [0.29603927104355593]]
[600.0, 700.0, 0.056371, [7.0355989999999995], [1611.0], [91.00686787270509], [0.3079397830745485]]
[600.0, 1300.0, 0.050396, [6.288613999999999], [1611.0], [91.00686787270509], [0.29069131393971853]]
[600.0, 900.0, 0.056968, [7.110294000000001], [1611.0], [91.00686787270509], [0.3100235636205738]]
[700.0, 2000.0, 0.044631, [5.568249], [1611.0], [91.00686787270509], [0.20882566892027427]]
[700.0, 100.0, 0.038152, [4.7590010000000005], [1611.0], [91.00686787270509], [0.19396239326219916]]
[700.0, 1000.0, 0.042407, [5.290391], [1611.0], [91.00686787270509], [0.20362725750743688]]
[700.0, 600.0, 0.040718, [5.079462], [1611.0], [91.00686787270509], [0.19938630845672428]]
[700.0, 1400.0, 0.042585, [5.312646], [1611.0], [91.00686787270509], [0.20478745078739566]]
[700.0, 1900.0, 0.042526, [5.305265], [1611.0], [91.00686787270509], [0.20404864616066434]]
[700.0, 200.0, 0.038186, [4.763224], [1611.0], [91.00686787270509], [0.19301556932019756]]
[700.0, 400.0, 0.040471, [5.048573], [1611.0], [91.00686787270509], [0.19878734869201306]]
[700.0, 1300.0, 0.039882, [4.975055], [1611.0], [91.00686787270509], [0.19758469070249346]]
[700.0, 1100.0, 0.040728, [5.080721], [1611.0], [91.00686787270509], [0.19943575406631578]]
[700.0, 800.0, 0.040998, [5.11437], [1611.0], [91.00686787270509], [0.2006020937079172]]
[700.0, 1500.0, 0.042659, [5.321847], [1611.0], [91.00686787270509], [0.20483800916822056]]
[700.0, 1600.0, 0.040611, [5.066129], [1611.0], [91.00686787270509], [0.1991700529698177]]
[700.0, 1800.0, 0.040851, [5.096107999999999], [1611.0], [91.00686787270509], [0.20003977104565981]]
[700.0, 1200.0, 0.04119, [5.138390000000001], [1611.0], [91.00686787270509], [0.20046767819277006]]
[700.0, 700.0, 0.041178, [5.1369110000000004], [1611.0], [91.00686787270509], [0.20041000474028237]]
[700.0, 900.0, 0.043122, [5.37965], [1611.0], [91.00686787270509], [0.2059974271683994]]
[700.0, 300.0, 0.041408, [5.165578], [1611.0], [91.00686787270509], [0.20106983861335345]]
[700.0, 500.0, 0.042349, [5.283177], [1611.0], [91.00686787270509], [0.20380294404154226]]
[700.0, 1700.0, 0.041212, [5.141185999999999], [1611.0], [91.00686787270509], [0.20103626538512895]]
[800.0, 300.0, 0.032047, [3.9968730000000003], [1611.0], [91.00686787270509], [0.13733415452828912]]
[800.0, 100.0, 0.031644, [3.9466149999999995], [1611.0], [91.00686787270509], [0.13698901415807035]]
[800.0, 1800.0, 0.033887, [4.2265120000000005], [1611.0], [91.00686787270509], [0.14159346736343453]]
[800.0, 800.0, 0.032608, [4.066959], [1611.0], [91.00686787270509], [0.13949555548475373]]
[800.0, 400.0, 0.034972, [4.361935], [1611.0], [91.00686787270509], [0.14404377806764163]]
[800.0, 200.0, 0.032452, [4.047492], [1611.0], [91.00686787270509], [0.13882780701286035]]
[800.0, 1700.0, 0.033387, [4.164114], [1611.0], [91.00686787270509], [0.14053202481996763]]
[800.0, 600.0, 0.034099, [4.252969], [1611.0], [91.00686787270509], [0.14200249997799336]]
[800.0, 1600.0, 0.032306, [4.029202], [1611.0], [91.00686787270509], [0.13828184985745595]]
[800.0, 1000.0, 0.031141, [3.8837579999999994], [1611.0], [91.00686787270509], [0.13570946908745904]]
[800.0, 1100.0, 0.031546, [3.9343080000000006], [1611.0], [91.00686787270509], [0.136975034221569]]
[800.0, 1500.0, 0.031877, [3.9756289999999996], [1611.0], [91.00686787270509], [0.1372539616914572]]
[800.0, 1400.0, 0.032257, [4.0230630000000005], [1611.0], [91.00686787270509], [0.13807117729634957]]
[800.0, 1200.0, 0.032791, [4.089763], [1611.0], [91.00686787270509], [0.13913655163184116]]
[800.0, 900.0, 0.031851, [3.972386], [1611.0], [91.00686787270509], [0.1372237953126206]]
[800.0, 1300.0, 0.034358, [4.28541], [1611.0], [91.00686787270509], [0.14284701606964004]]
[800.0, 2000.0, 0.030671, [3.825128], [1611.0], [91.00686787270509], [0.13456752951585313]]
[800.0, 500.0, 0.033676, [4.200178999999999], [1611.0], [91.00686787270509], [0.1413473027687476]]
[800.0, 1900.0, 0.033407, [4.166606], [1611.0], [91.00686787270509], [0.14013811044822888]]
[800.0, 700.0, 0.032685, [4.076561], [1611.0], [91.00686787270509], [0.1394154582533802]]
[900.0, 200.0, 0.025282, [3.1527069999999995], [1611.0], [91.00686787270509], [0.09638105622994593]]
[900.0, 1100.0, 0.025986, [3.2405969999999997], [1611.0], [91.00686787270509], [0.0980649223728852]]
[900.0, 300.0, 0.023409, [2.9190470000000004], [1611.0], [91.00686787270509], [0.09249355112655153]]
[900.0, 1000.0, 0.02584, [3.222284], [1611.0], [91.00686787270509], [0.09773476863429924]]
[900.0, 900.0, 0.024243, [3.0231170000000005], [1611.0], [91.00686787270509], [0.09401446697184429]]
[900.0, 1600.0, 0.024453, [3.049248], [1611.0], [91.00686787270509], [0.0948270952839957]]
[900.0, 700.0, 0.025671, [3.2012859999999996], [1611.0], [91.00686787270509], [0.09700867486982799]]
[900.0, 1900.0, 0.026065, [3.250353], [1611.0], [91.00686787270509], [0.09827018876546437]]
[900.0, 500.0, 0.024898, [3.104741], [1611.0], [91.00686787270509], [0.09586005946169655]]
[900.0, 1400.0, 0.025224, [3.1454709999999997], [1611.0], [91.00686787270509], [0.09643060198920256]]
[900.0, 1200.0, 0.026555, [3.3115279999999996], [1611.0], [91.00686787270509], [0.09895082111837172]]
[900.0, 1500.0, 0.025751, [3.2111760000000005], [1611.0], [91.00686787270509], [0.09713014979912261]]
[900.0, 800.0, 0.028466, [3.550028], [1611.0], [91.00686787270509], [0.10248048594732562]]
[900.0, 400.0, 0.026211, [3.268571], [1611.0], [91.00686787270509], [0.09823902992192055]]
[900.0, 100.0, 0.023954, [2.987049], [1611.0], [91.00686787270509], [0.09403656735547082]]
[900.0, 600.0, 0.025117, [3.1320969999999995], [1611.0], [91.00686787270509], [0.09633801949386338]]
[900.0, 1800.0, 0.026605, [3.3178230000000006], [1611.0], [91.00686787270509], [0.09918322438799819]]
[900.0, 2000.0, 0.024702, [3.0803190000000003], [1611.0], [91.00686787270509], [0.09565468624171009]]
[900.0, 1700.0, 0.026177, [3.2644260000000003], [1611.0], [91.00686787270509], [0.09815881009873746]]
[900.0, 1300.0, 0.025209, [3.143635], [1611.0], [91.00686787270509], [0.0962387240148164]]
[1000.0, 1600.0, 0.021695, [0.388138064516129], [144.0], [7.70275924588066], [0.014515539665454966]]
[1000.0, 1400.0, 0.020831, [0.3726661935483871], [144.0], [7.70275924588066], [0.014238847215670846]]
[1000.0, 1500.0, 0.020351, [0.36406132258064516], [144.0], [7.70275924588066], [0.014002357687605846]]
[1000.0, 700.0, 0.021456, [0.3838659677419355], [144.0], [7.70275924588066], [0.014436773090745494]]
[1000.0, 1900.0, 0.019959, [2.488672], [1611.0], [91.00686787270509], [0.06803613745650175]]
[1000.0, 1800.0, 0.020047, [0.35861748387096776], [144.0], [7.70275924588066], [0.013917057374033247]]
[1000.0, 500.0, 0.020352, [0.3640920967741936], [144.0], [7.70275924588066], [0.01406610955756167]]
[1000.0, 1000.0, 0.02142, [0.383211], [144.0], [7.70275924588066], [0.014422339266816573]]
[1000.0, 200.0, 0.018566, [2.314956], [1611.0], [91.00686787270509], [0.06581999696140983]]
[1000.0, 1100.0, 0.021943, [0.3925907419354839], [144.0], [7.70275924588066], [0.014641163764495365]]
[1000.0, 2000.0, 0.020688, [0.37011164516129036], [144.0], [7.70275924588066], [0.014182711222000531]]
[1000.0, 1700.0, 0.020342, [0.3639074516129032], [144.0], [7.70275924588066], [0.01399643926771441]]
[1000.0, 800.0, 0.020847, [0.3729541935483871], [144.0], [7.70275924588066], [0.014167352255349593]]
[1000.0, 1300.0, 0.022547, [0.4033968387096774], [144.0], [7.70275924588066], [0.0147793185926996]]
[1000.0, 400.0, 0.020788, [0.3719017741935484], [144.0], [7.70275924588066], [0.014209633993562584]]
[1000.0, 300.0, 0.019833, [0.3547965483870968], [144.0], [7.70275924588066], [0.013863050666332982]]
[1000.0, 600.0, 0.021051, [0.3766145806451613], [144.0], [7.70275924588066], [0.014285803370466999]]
[1000.0, 1200.0, 0.020982, [0.375363], [144.0], [7.70275924588066], [0.014269161387459066]]
[1000.0, 100.0, 0.019998, [0.3577482580645161], [144.0], [7.70275924588066], [0.013978376529691396]]
[1000.0, 900.0, 0.020547, [2.5620049999999996], [1611.0], [91.00686787270509], [0.06929401128524744]]
[1100.0, 1300.0, 0.017409, [0.311386935483871], [144.0], [7.70275924588066], [0.010455350138280776]]
[1100.0, 1800.0, 0.018562, [0.33202916129032256], [144.0], [7.70275924588066], [0.010800905269031533]]
[1100.0, 2000.0, 0.017019, [0.30440496774193543], [144.0], [7.70275924588066], [0.010332180515958867]]
[1100.0, 700.0, 0.017671, [0.3160741935483871], [144.0], [7.70275924588066], [0.010535802051572873]]
[1100.0, 900.0, 0.017636, [0.3154462258064516], [144.0], [7.70275924588066], [0.010503211341830413]]
[1100.0, 200.0, 0.01697, [0.3035226774193548], [144.0], [7.70275924588066], [0.010314123904873261]]
[1100.0, 1900.0, 0.017405, [0.3113137741935484], [144.0], [7.70275924588066], [0.010447003015617668]]
[1100.0, 1500.0, 0.01797, [0.3214289032258065], [144.0], [7.70275924588066], [0.010585700356100031]]
[1100.0, 800.0, 0.017029, [0.3045913548387097], [144.0], [7.70275924588066], [0.010374424648364813]]
[1100.0, 500.0, 0.016912, [0.302485935483871], [144.0], [7.70275924588066], [0.010261131160603554]]
[1100.0, 1700.0, 0.01722, [0.30799770967741935], [144.0], [7.70275924588066], [0.010364951197157607]]
[1100.0, 400.0, 0.015651, [0.2799163161290322], [144.0], [7.70275924588066], [0.009878031154015898]]
[1100.0, 600.0, 0.016393, [0.2931956129032258], [144.0], [7.70275924588066], [0.010134316733276309]]
[1100.0, 1400.0, 0.017232, [0.30822125806451606], [144.0], [7.70275924588066], [0.010396045834385048]]
[1100.0, 100.0, 0.016101, [0.2879698935483871], [144.0], [7.70275924588066], [0.010074791745742601]]
[1100.0, 1100.0, 0.017001, [0.30408503225806455], [144.0], [7.70275924588066], [0.010297615476182697]]
[1100.0, 1000.0, 0.017346, [0.31025351612903224], [144.0], [7.70275924588066], [0.010405563878300408]]
[1100.0, 300.0, 0.017012, [0.30427432258064513], [144.0], [7.70275924588066], [0.01032180274286634]]
[1100.0, 1200.0, 0.016143, [0.28872470322580646], [144.0], [7.70275924588066], [0.010046017118120247]]
[1100.0, 1600.0, 0.016865, [0.3016454516129032], [144.0], [7.70275924588066], [0.010292011237721116]]
[1200.0, 100.0, 0.012996, [0.23240743548387097], [144.0], [7.70275924588066], [0.007273394198266136]]
[1200.0, 1400.0, 0.014189, [0.25374675483870973], [144.0], [7.70275924588066], [0.0075855218082224035]]
[1200.0, 1700.0, 0.014454, [0.258495329032258], [144.0], [7.70275924588066], [0.007655971043039716]]
[1200.0, 1800.0, 0.014496, [0.2592436935483871], [144.0], [7.70275924588066], [0.0076747706328195355]]
[1200.0, 700.0, 0.014047, [0.2512113387096774], [144.0], [7.70275924588066], [0.007560573042054787]]
[1200.0, 200.0, 0.014134, [0.25276828064516127], [144.0], [7.70275924588066], [0.007610878298221789]]
[1200.0, 1900.0, 0.014571, [0.26058283548387096], [144.0], [7.70275924588066], [0.00769756693589411]]
[1200.0, 1200.0, 0.014871, [0.2659510451612903], [144.0], [7.70275924588066], [0.007781803657133002]]
[1200.0, 1100.0, 0.013618, [0.24352949032258064], [144.0], [7.70275924588066], [0.007437965928182471]]
[1200.0, 1300.0, 0.014645, [0.2619127161290323], [144.0], [7.70275924588066], [0.007730108991185619]]
[1200.0, 2000.0, 0.013363, [0.23897136774193548], [144.0], [7.70275924588066], [0.007367802539155305]]
[1200.0, 800.0, 0.014419, [0.25786837741935487], [144.0], [7.70275924588066], [0.007654206042123229]]
[1200.0, 1600.0, 0.015017, [0.26856699677419354], [144.0], [7.70275924588066], [0.00781828737523697]]
[1200.0, 1000.0, 0.01471, [0.2630850096774194], [144.0], [7.70275924588066], [0.00775121655383954]]
[1200.0, 1500.0, 0.014236, [0.2545938290322581], [144.0], [7.70275924588066], [0.007614246990481065]]
[1200.0, 300.0, 0.012658, [0.2263545870967742], [144.0], [7.70275924588066], [0.0071759232583536925]]
[1200.0, 600.0, 0.013854, [0.24774860322580644], [144.0], [7.70275924588066], [0.0075178957981638685]]
[1200.0, 500.0, 0.014063, [0.25149750967741935], [144.0], [7.70275924588066], [0.007565759661182771]]
[1200.0, 900.0, 0.013885, [0.2483071548387097], [144.0], [7.70275924588066], [0.007510678267193893]]
[1200.0, 400.0, 0.013568, [0.242636864516129], [144.0], [7.70275924588066], [0.00744200809562294]]
[1300.0, 1600.0, 0.011129, [0.19899177096774193], [144.0], [7.70275924588066], [0.005452340770268314]]
[1300.0, 1700.0, 0.011263, [0.2013867580645161], [144.0], [7.70275924588066], [0.005501467356998937]]
[1300.0, 900.0, 0.011244, [0.20105895483870967], [144.0], [7.70275924588066], [0.005478222470473809]]
[1300.0, 200.0, 0.010952, [0.1958346580645161], [144.0], [7.70275924588066], [0.005414841467351123]]
[1300.0, 1800.0, 0.011513, [0.2058665806451613], [144.0], [7.70275924588066], [0.005555851121632402]]
[1300.0, 1000.0, 0.011606, [0.20752397419354837], [144.0], [7.70275924588066], [0.005572242602136555]]
[1300.0, 1400.0, 0.011558, [0.20666697096774192], [144.0], [7.70275924588066], [0.005581517869483831]]
[1300.0, 1200.0, 0.011377, [0.20343298064516127], [144.0], [7.70275924588066], [0.005528559932021746]]
[1300.0, 500.0, 0.011079, [0.19810437096774194], [144.0], [7.70275924588066], [0.005456778760705646]]
[1300.0, 100.0, 0.010488, [0.18752037096774193], [144.0], [7.70275924588066], [0.005312383634031909]]
[1300.0, 1100.0, 0.011536, [0.20627552903225807], [144.0], [7.70275924588066], [0.005552751602962621]]
[1300.0, 2000.0, 0.01257, [0.22477209677419355], [144.0], [7.70275924588066], [0.005813287588882128]]
[1300.0, 1300.0, 0.011056, [0.19769130000000001], [144.0], [7.70275924588066], [0.005445400717102746]]
[1300.0, 1500.0, 0.011155, [0.1994566064516129], [144.0], [7.70275924588066], [0.005460979317783687]]
[1300.0, 600.0, 0.011237, [0.20092174838709675], [144.0], [7.70275924588066], [0.0054826295179230605]]
[1300.0, 300.0, 0.010414, [0.1862072129032258], [144.0], [7.70275924588066], [0.0052751828607509]]
[1300.0, 1900.0, 0.011531, [0.2061888387096774], [144.0], [7.70275924588066], [0.00555645944097955]]
[1300.0, 400.0, 0.01089, [0.19471459354838708], [144.0], [7.70275924588066], [0.005408738507013707]]
[1300.0, 700.0, 0.011147, [0.19932523548387096], [144.0], [7.70275924588066], [0.0054492187241322885]]
[1300.0, 800.0, 0.011449, [0.2047215483870968], [144.0], [7.70275924588066], [0.005537060541305769]]
[1400.0, 1100.0, 0.009009, [0.1610686741935484], [144.0], [7.70275924588066], [0.004003019918804225]]
[1400.0, 400.0, 0.008685, [0.15528521612903223], [144.0], [7.70275924588066], [0.003926555750582813]]
[1400.0, 1500.0, 0.009273, [0.16580212258064517], [144.0], [7.70275924588066], [0.004049982310055019]]
[1400.0, 1800.0, 0.008995, [0.16082988387096775], [144.0], [7.70275924588066], [0.003982353896859683]]
[1400.0, 1600.0, 0.008901, [0.15914897419354843], [144.0], [7.70275924588066], [0.003966348378407648]]
[1400.0, 1400.0, 0.008942, [0.15987904838709677], [144.0], [7.70275924588066], [0.003972227244506276]]
[1400.0, 600.0, 0.009326, [0.1667383548387097], [144.0], [7.70275924588066], [0.004066789341274752]]
[1400.0, 1700.0, 0.008758, [0.1565829], [144.0], [7.70275924588066], [0.003926863774706076]]
[1400.0, 900.0, 0.00918, [0.1641383129032258], [144.0], [7.70275924588066], [0.004033479311835012]]
[1400.0, 100.0, 0.008465, [0.1513426935483871], [144.0], [7.70275924588066], [0.0038780327060372625]]
[1400.0, 700.0, 0.008906, [0.15922527096774192], [144.0], [7.70275924588066], [0.003968249849473441]]
[1400.0, 2000.0, 0.009071, [0.1621870258064516], [144.0], [7.70275924588066], [0.003992768358862535]]
[1400.0, 800.0, 0.0091, [0.1626957], [144.0], [7.70275924588066], [0.004015036384594165]]
[1400.0, 1300.0, 0.009063, [0.1620438387096774], [144.0], [7.70275924588066], [0.004016106879068322]]
[1400.0, 300.0, 0.008685, [0.15526997419354838], [144.0], [7.70275924588066], [0.003922410636702082]]
[1400.0, 1200.0, 0.00938, [0.16771250322580644], [144.0], [7.70275924588066], [0.004071219127251931]]
[1400.0, 500.0, 0.008727, [0.15602957419354838], [144.0], [7.70275924588066], [0.003934074509672979]]
[1400.0, 1000.0, 0.008714, [0.15580361612903226], [144.0], [7.70275924588066], [0.003913478390299652]]
[1400.0, 200.0, 0.008439, [0.15087228387096774], [144.0], [7.70275924588066], [0.0038748940571600617]]
[1400.0, 1900.0, 0.009038, [0.16159894838709676], [144.0], [7.70275924588066], [0.004001396179332287]]
[1500.0, 1500.0, 0.006345, [0.11342438709677419], [144.0], [7.70275924588066], [0.006626323369288647]]
[1500.0, 1100.0, 0.00728, [0.13015753548387096], [144.0], [7.70275924588066], [0.007079636822904461]]
[1500.0, 1800.0, 0.006398, [0.11437966451612903], [144.0], [7.70275924588066], [0.006625836809303198]]
[1500.0, 400.0, 0.006703, [0.1198327935483871], [144.0], [7.70275924588066], [0.006784195795453651]]
[1500.0, 200.0, 0.00658, [0.11762985483870968], [144.0], [7.70275924588066], [0.006724451963867392]]
[1500.0, 500.0, 0.006249, [0.1117066064516129], [144.0], [7.70275924588066], [0.006559638744462716]]
[1500.0, 1300.0, 0.006458, [0.11544038709677418], [144.0], [7.70275924588066], [0.006653873704523886]]
[1500.0, 600.0, 0.007145, [0.1277367677419355], [144.0], [7.70275924588066], [0.007042355742339699]]
[1500.0, 1000.0, 0.006605, [0.11807375806451614], [144.0], [7.70275924588066], [0.006783159550383002]]
[1500.0, 2000.0, 0.006168, [0.11026637419354839], [144.0], [7.70275924588066], [0.006543105831560183]]
[1500.0, 800.0, 0.006704, [0.11984234516129032], [144.0], [7.70275924588066], [0.006839763400256476]]
[1500.0, 1700.0, 0.00711, [0.12710868387096774], [144.0], [7.70275924588066], [0.006944689689275755]]
[1500.0, 1200.0, 0.006876, [0.12292501935483871], [144.0], [7.70275924588066], [0.00689329258208793]]
[1500.0, 300.0, 0.00636, [0.11370074516129033], [144.0], [7.70275924588066], [0.0065865082751868686]]
[1500.0, 1400.0, 0.006572, [0.11747897419354839], [144.0], [7.70275924588066], [0.006715825246452955]]
[1500.0, 100.0, 0.00582, [0.10403486129032258], [144.0], [7.70275924588066], [0.006319667087083882]]
[1500.0, 900.0, 0.006626, [0.11844746129032258], [144.0], [7.70275924588066], [0.006804629300465484]]
[1500.0, 700.0, 0.006798, [0.12152107741935483], [144.0], [7.70275924588066], [0.006868777024680323]]
[1500.0, 1900.0, 0.006585, [0.1177215677419355], [144.0], [7.70275924588066], [0.006796658717270029]]
[1500.0, 1600.0, 0.006671, [0.11926477741935483], [144.0], [7.70275924588066], [0.006817912885056584]]
[1600.0, 1500.0, 0.005037, [0.09003965806451614], [144.0], [7.70275924588066], [0.004812821650264309]]
[1600.0, 100.0, 0.004599, [0.08221337419354839], [144.0], [7.70275924588066], [0.004588703373202768]]
[1600.0, 1300.0, 0.004783, [0.08549451290322581], [144.0], [7.70275924588066], [0.00469212040132837]]
[1600.0, 900.0, 0.005163, [0.09229479677419354], [144.0], [7.70275924588066], [0.004877931712720528]]
[1600.0, 300.0, 0.00501, [0.08955548709677419], [144.0], [7.70275924588066], [0.004786942209051533]]
[1600.0, 500.0, 0.004529, [0.08096240322580645], [144.0], [7.70275924588066], [0.004518880060714351]]
[1600.0, 1000.0, 0.005461, [0.09762973548387097], [144.0], [7.70275924588066], [0.005041577629551795]]
[1600.0, 1200.0, 0.005588, [0.09988847419354839], [144.0], [7.70275924588066], [0.005051577029905996]]
[1600.0, 1800.0, 0.00518, [0.09259356774193549], [144.0], [7.70275924588066], [0.004853221078697083]]
[1600.0, 1100.0, 0.00477, [0.08526719032258064], [144.0], [7.70275924588066], [0.004679644287290127]]
[1600.0, 1900.0, 0.005301, [0.09476175483870967], [144.0], [7.70275924588066], [0.004926429455500283]]
[1600.0, 1700.0, 0.005441, [0.09726636774193548], [144.0], [7.70275924588066], [0.005016129830930338]]
[1600.0, 800.0, 0.004904, [0.08765895483870968], [144.0], [7.70275924588066], [0.004726254553235268]]
[1600.0, 200.0, 0.004378, [0.07826339032258064], [144.0], [7.70275924588066], [0.0044450624667136535]]
[1600.0, 1600.0, 0.005183, [0.09264547741935483], [144.0], [7.70275924588066], [0.004889641656143554]]
[1600.0, 2000.0, 0.00491, [0.08776608387096774], [144.0], [7.70275924588066], [0.004738922775682399]]
[1600.0, 1400.0, 0.00529, [0.09456088064516129], [144.0], [7.70275924588066], [0.004936038014431894]]
[1600.0, 700.0, 0.005232, [0.09351795483870967], [144.0], [7.70275924588066], [0.004915194729608257]]
[1600.0, 400.0, 0.00514, [0.09188181290322579], [144.0], [7.70275924588066], [0.004869725786979654]]
[1600.0, 600.0, 0.004357, [0.0778782193548387], [144.0], [7.70275924588066], [0.004452001876414278]]
[1700.0, 900.0, 0.003764, [0.06728196774193548], [144.0], [7.70275924588066], [0.003381046716486401]]
[1700.0, 1500.0, 0.00396, [0.07077939677419355], [144.0], [7.70275924588066], [0.00346193334976429]]
[1700.0, 1800.0, 0.003718, [0.06645341612903226], [144.0], [7.70275924588066], [0.0033521322054150316]]
[1700.0, 700.0, 0.003872, [0.06921177096774193], [144.0], [7.70275924588066], [0.003443414290657919]]
[1700.0, 500.0, 0.003741, [0.06687470322580645], [144.0], [7.70275924588066], [0.003377683324558263]]
[1700.0, 300.0, 0.003801, [0.06794631290322581], [144.0], [7.70275924588066], [0.00341875025087174]]
[1700.0, 800.0, 0.004097, [0.07323056129032258], [144.0], [7.70275924588066], [0.003535604601187996]]
[1700.0, 1300.0, 0.004108, [0.07342310322580646], [144.0], [7.70275924588066], [0.003557360384221116]]
[1700.0, 400.0, 0.003498, [0.06252596129032259], [144.0], [7.70275924588066], [0.003254971911338163]]
[1700.0, 1000.0, 0.003862, [0.06902506451612904], [144.0], [7.70275924588066], [0.003429883304094855]]
[1700.0, 2000.0, 0.003773, [0.06744521612903226], [144.0], [7.70275924588066], [0.0034064984875807154]]
[1700.0, 1600.0, 0.003914, [0.06995578064516128], [144.0], [7.70275924588066], [0.003454869205612221]]
[1700.0, 1400.0, 0.004104, [0.0733592612903226], [144.0], [7.70275924588066], [0.003550102693770468]]
[1700.0, 1200.0, 0.004072, [0.07278433548387098], [144.0], [7.70275924588066], [0.003509972384426704]]
[1700.0, 100.0, 0.00352, [0.06292408064516129], [144.0], [7.70275924588066], [0.003289094742442952]]
[1700.0, 1700.0, 0.003974, [0.07103191935483871], [144.0], [7.70275924588066], [0.0034952511711205483]]
[1700.0, 1900.0, 0.003846, [0.0687530322580645], [144.0], [7.70275924588066], [0.0034333624981502425]]
[1700.0, 1100.0, 0.003759, [0.06719611935483871], [144.0], [7.70275924588066], [0.0033895953917650896]]
[1700.0, 600.0, 0.003758, [0.06717721935483872], [144.0], [7.70275924588066], [0.003410406886292725]]
[1700.0, 200.0, 0.003663, [0.06547264838709678], [144.0], [7.70275924588066], [0.003328161879842855]]
[1800.0, 600.0, 0.002946, [0.052661235483870965], [144.0], [7.70275924588066], [0.0024852377701526968]]
[1800.0, 1800.0, 0.002918, [0.05215482580645161], [144.0], [7.70275924588066], [0.0024238402678643466]]
[1800.0, 400.0, 0.002782, [0.04971864193548387], [144.0], [7.70275924588066], [0.0023893250301907317]]
[1800.0, 1300.0, 0.00279, [0.04987486451612903], [144.0], [7.70275924588066], [0.002402387164778008]]
[1800.0, 1200.0, 0.002837, [0.05070971612903226], [144.0], [7.70275924588066], [0.0024038707924263613]]
[1800.0, 1700.0, 0.003091, [0.05524231935483871], [144.0], [7.70275924588066], [0.0025188334225617116]]
[1800.0, 500.0, 0.00263, [0.047012138709677416], [144.0], [7.70275924588066], [0.0023217634247753045]]
[1800.0, 1600.0, 0.003024, [0.05405176451612904], [144.0], [7.70275924588066], [0.0024800652453570425]]
[1800.0, 1000.0, 0.002807, [0.05017081935483871], [144.0], [7.70275924588066], [0.002378325522144098]]
[1800.0, 700.0, 0.00272, [0.0486216], [144.0], [7.70275924588066], [0.0023810098068492228]]
[1800.0, 200.0, 0.002653, [0.047419867741935476], [144.0], [7.70275924588066], [0.00231385275420848]]
[1800.0, 800.0, 0.003082, [0.055089087096774195], [144.0], [7.70275924588066], [0.0025170842169571807]]
[1800.0, 2000.0, 0.002861, [0.051142703225806455], [144.0], [7.70275924588066], [0.0024381320744551543]]
[1800.0, 1100.0, 0.003192, [0.05705671935483871], [144.0], [7.70275924588066], [0.0025619223279733047]]
[1800.0, 900.0, 0.00305, [0.054523945161290326], [144.0], [7.70275924588066], [0.0025176820393363157]]
[1800.0, 1500.0, 0.002985, [0.05335885161290323], [144.0], [7.70275924588066], [0.0024691533534874867]]
[1800.0, 1400.0, 0.002939, [0.05253886451612903], [144.0], [7.70275924588066], [0.0024443297568981677]]
[1800.0, 1900.0, 0.002931, [0.052397303225806456], [144.0], [7.70275924588066], [0.0024510429494528315]]
[1800.0, 100.0, 0.002752, [0.04918648064516129], [144.0], [7.70275924588066], [0.0023556055711132394]]
[1800.0, 300.0, 0.00256, [0.04575242903225807], [144.0], [7.70275924588066], [0.0022847676957443988]]
[1900.0, 300.0, 0.001953, [0.03490652903225807], [144.0], [7.70275924588066], [0.0016473403121572275]]
[1900.0, 1600.0, 0.001904, [0.034035445161290326], [144.0], [7.70275924588066], [0.0016152511040182756]]
[1900.0, 600.0, 0.002004, [0.03582508064516129], [144.0], [7.70275924588066], [0.001652488483889088]]
[1900.0, 1500.0, 0.002197, [0.03927254516129032], [144.0], [7.70275924588066], [0.0017356179795887689]]
[1900.0, 500.0, 0.002019, [0.03608761935483871], [144.0], [7.70275924588066], [0.0016681507017616008]]
[1900.0, 1700.0, 0.002072, [0.03702614516129032], [144.0], [7.70275924588066], [0.0016709667393196642]]
[1900.0, 1800.0, 0.001969, [0.03519040645161291], [144.0], [7.70275924588066], [0.0016372054596053294]]
[1900.0, 800.0, 0.002112, [0.037743067741935483], [144.0], [7.70275924588066], [0.0017015897842795778]]
[1900.0, 1300.0, 0.002183, [0.03901119677419355], [144.0], [7.70275924588066], [0.0017359758536373915]]
[1900.0, 1000.0, 0.002205, [0.03940670322580646], [144.0], [7.70275924588066], [0.0017518421521697171]]
[1900.0, 1900.0, 0.002131, [0.038080074193548384], [144.0], [7.70275924588066], [0.001701292552018797]]
[1900.0, 1200.0, 0.001949, [0.03482944838709678], [144.0], [7.70275924588066], [0.001629252453977874]]
[1900.0, 100.0, 0.00198, [0.035395925806451616], [144.0], [7.70275924588066], [0.0016449875714733438]]
[1900.0, 2000.0, 0.002089, [0.03732895161290323], [144.0], [7.70275924588066], [0.0016863493996223497]]
[1900.0, 1100.0, 0.002146, [0.03834882580645161], [144.0], [7.70275924588066], [0.0017253944488615728]]
[1900.0, 900.0, 0.002174, [0.03885735483870968], [144.0], [7.70275924588066], [0.001722322651937706]]
[1900.0, 200.0, 0.001872, [0.03345715161290322], [144.0], [7.70275924588066], [0.0015950072628594524]]
[1900.0, 400.0, 0.001938, [0.034638445161290325], [144.0], [7.70275924588066], [0.001618547736149153]]
[1900.0, 700.0, 0.002071, [0.03701096129032258], [144.0], [7.70275924588066], [0.0016736934363982743]]
[1900.0, 1400.0, 0.002258, [0.04035353225806452], [144.0], [7.70275924588066], [0.0017645368430700189]]
[2000.0, 1500.0, 0.00167, [0.029850445161290325], [144.0], [7.70275924588066], [0.0012362793194384413]]
[2000.0, 1200.0, 0.001611, [0.02878782387096774], [144.0], [7.70275924588066], [0.001213261850722388]]
[2000.0, 1300.0, 0.00152, [0.027158545161290324], [144.0], [7.70275924588066], [0.001184168829541396]]
[2000.0, 300.0, 0.001394, [0.024909927096774195], [144.0], [7.70275924588066], [0.0011322696029188758]]
[2000.0, 900.0, 0.001443, [0.02579753322580645], [144.0], [7.70275924588066], [0.0011548563703821697]]
[2000.0, 1900.0, 0.00161, [0.02877695129032258], [144.0], [7.70275924588066], [0.001214963752494341]]
[2000.0, 1600.0, 0.001578, [0.028197807096774195], [144.0], [7.70275924588066], [0.0011980100696367675]]
[2000.0, 500.0, 0.001506, [0.026924902258064515], [144.0], [7.70275924588066], [0.0011728672942436188]]
[2000.0, 600.0, 0.001599, [0.02857934612903226], [144.0], [7.70275924588066], [0.0012197366913616653]]
[2000.0, 200.0, 0.001443, [0.02578609161290323], [144.0], [7.70275924588066], [0.0011486039710039467]]
[2000.0, 1800.0, 0.001579, [0.02822041451612903], [144.0], [7.70275924588066], [0.0011989703959672349]]
[2000.0, 2000.0, 0.001665, [0.029753506451612906], [144.0], [7.70275924588066], [0.0012418868654078055]]
[2000.0, 400.0, 0.001501, [0.02683144741935484], [144.0], [7.70275924588066], [0.001181188756402558]]
[2000.0, 1100.0, 0.001559, [0.027858373548387095], [144.0], [7.70275924588066], [0.0012100904972134976]]
[2000.0, 100.0, 0.001385, [0.024754311290322583], [144.0], [7.70275924588066], [0.001117146427035456]]
[2000.0, 1400.0, 0.00163, [0.02913630967741936], [144.0], [7.70275924588066], [0.0012182507674375264]]
[2000.0, 1700.0, 0.001505, [0.02689209580645161], [144.0], [7.70275924588066], [0.0011714377622397396]]
[2000.0, 700.0, 0.00166, [0.029666932258064514], [144.0], [7.70275924588066], [0.0012361218179464876]]
[2000.0, 1000.0, 0.001462, [0.02613215322580645], [144.0], [7.70275924588066], [0.0011548888482538133]]
[2000.0, 800.0, 0.00158, [0.028237015161290322], [144.0], [7.70275924588066], [0.0011953681027803281]]
[2100.0, 200.0, 0.001072, [0.019155283548387098], [144.0], [7.70275924588066], [0.0008080169273218907]]
[2100.0, 100.0, 0.001065, [0.019034695161290326], [144.0], [7.70275924588066], [0.0008079778609128384]]
[2100.0, 400.0, 0.001071, [0.019150057741935487], [144.0], [7.70275924588066], [0.0008099610812710555]]
[2100.0, 1400.0, 0.001161, [0.020747885806451614], [144.0], [7.70275924588066], [0.0008393696776601083]]
[2100.0, 500.0, 0.001107, [0.019788720967741938], [144.0], [7.70275924588066], [0.0008266856339364559]]
[2100.0, 800.0, 0.001188, [0.021225835161290327], [144.0], [7.70275924588066], [0.0008566049288688053]]
[2100.0, 300.0, 0.001063, [0.018991564838709677], [144.0], [7.70275924588066], [0.0008054217650169103]]
[2100.0, 600.0, 0.001036, [0.018519657096774195], [144.0], [7.70275924588066], [0.0007918433295044855]]
[2100.0, 700.0, 0.001154, [0.02062575870967742], [144.0], [7.70275924588066], [0.0008392501726167549]]
[2100.0, 1000.0, 0.001197, [0.02138969612903226], [144.0], [7.70275924588066], [0.0008576486768261247]]
[2100.0, 1700.0, 0.00119, [0.021266561612903224], [144.0], [7.70275924588066], [0.0008596498676211988]]
[2100.0, 1800.0, 0.001155, [0.020647338387096776], [144.0], [7.70275924588066], [0.0008298865762551477]]
[2100.0, 1900.0, 0.001086, [0.019413856451612903], [144.0], [7.70275924588066], [0.0008145872706076398]]
[2100.0, 900.0, 0.001232, [0.022021815483870968], [144.0], [7.70275924588066], [0.0008704887231122277]]
[2100.0, 2000.0, 0.001179, [0.02106282774193548], [144.0], [7.70275924588066], [0.0008549137368170798]]
[2100.0, 1200.0, 0.001151, [0.02056374870967742], [144.0], [7.70275924588066], [0.0008388128298849538]]
[2100.0, 1500.0, 0.001162, [0.020759896451612903], [144.0], [7.70275924588066], [0.000842618215953346]]
[2100.0, 1100.0, 0.001164, [0.0208047135483871], [144.0], [7.70275924588066], [0.0008486419051912402]]
[2100.0, 1300.0, 0.001191, [0.021285249677419356], [144.0], [7.70275924588066], [0.0008514100106549702]]
[2100.0, 1600.0, 0.001106, [0.01977570580645161], [144.0], [7.70275924588066], [0.0008183244975867925]]
[2200.0, 1700.0, 0.000797, [0.014248678064516128], [144.0], [7.70275924588066], [0.0005713199487773622]]
[2200.0, 1100.0, 0.000842, [0.015051318387096774], [144.0], [7.70275924588066], [0.0005890036296615008]]
[2200.0, 200.0, 0.000798, [0.014266013225806451], [144.0], [7.70275924588066], [0.000570640535001944]]
[2200.0, 1800.0, 0.000832, [0.014872955806451614], [144.0], [7.70275924588066], [0.000581134584056637]]
[2200.0, 900.0, 0.000821, [0.014671387741935485], [144.0], [7.70275924588066], [0.0005803911460507921]]
[2200.0, 1000.0, 0.000811, [0.01449372193548387], [144.0], [7.70275924588066], [0.0005706897929262973]]
[2200.0, 1300.0, 0.000788, [0.014091198387096774], [144.0], [7.70275924588066], [0.000565460374353128]]
[2200.0, 1900.0, 0.000806, [0.01440532741935484], [144.0], [7.70275924588066], [0.0005730131569551475]]
[2200.0, 1400.0, 0.000851, [0.015200700967741934], [144.0], [7.70275924588066], [0.0005912387813447939]]
[2200.0, 1600.0, 0.000857, [0.01530914806451613], [144.0], [7.70275924588066], [0.0005866479071039709]]
[2200.0, 800.0, 0.000827, [0.014778600967741936], [144.0], [7.70275924588066], [0.0005801108670815773]]
[2200.0, 400.0, 0.00076, [0.013589082580645161], [144.0], [7.70275924588066], [0.0005561641108613515]]
[2200.0, 600.0, 0.000734, [0.013117494193548386], [144.0], [7.70275924588066], [0.0005518571785104051]]
[2200.0, 2000.0, 0.000772, [0.013788984193548388], [144.0], [7.70275924588066], [0.0005610658700276515]]
[2200.0, 500.0, 0.000732, [0.013078306451612903], [144.0], [7.70275924588066], [0.0005435158954584724]]
[2200.0, 700.0, 0.000716, [0.012801939677419355], [144.0], [7.70275924588066], [0.0005343426334740387]]
[2200.0, 300.0, 0.000751, [0.013427068064516129], [144.0], [7.70275924588066], [0.000554667045837206]]
[2200.0, 1200.0, 0.000782, [0.013972970322580646], [144.0], [7.70275924588066], [0.000562987062801992]]
[2200.0, 1500.0, 0.00085, [0.015191727096774195], [144.0], [7.70275924588066], [0.0005860335862422514]]
[2200.0, 100.0, 0.000696, [0.012440795806451611], [144.0], [7.70275924588066], [0.0005285587899002848]]
[2300.0, 700.0, 0.000574, [0.01025590064516129], [144.0], [7.70275924588066], [0.00039740813636239807]]
[2300.0, 100.0, 0.000515, [0.009195555483870969], [144.0], [7.70275924588066], [0.00037323607201428623]]
[2300.0, 1800.0, 0.000629, [0.011241719999999998], [144.0], [7.70275924588066], [0.0004138134674561413]]
[2300.0, 1000.0, 0.000564, [0.010080209032258064], [144.0], [7.70275924588066], [0.0003911879968856255]]
[2300.0, 1500.0, 0.0006, [0.01072780258064516], [144.0], [7.70275924588066], [0.0004048947834190487]]
[2300.0, 1200.0, 0.000596, [0.010649165806451614], [144.0], [7.70275924588066], [0.00040135550632297947]]
[2300.0, 500.0, 0.000578, [0.010322634193548388], [144.0], [7.70275924588066], [0.0003952740602750536]]
[2300.0, 1900.0, 0.000575, [0.010277166774193549], [144.0], [7.70275924588066], [0.00039353308801568816]]
[2300.0, 1300.0, 0.000567, [0.010137089032258066], [144.0], [7.70275924588066], [0.00038960003103585936]]
[2300.0, 1600.0, 0.000569, [0.01017477], [144.0], [7.70275924588066], [0.00039018458371038256]]
[2300.0, 1700.0, 0.000598, [0.01069334129032258], [144.0], [7.70275924588066], [0.00040388191137394065]]
[2300.0, 1400.0, 0.000616, [0.011010097741935483], [144.0], [7.70275924588066], [0.0004100374541913827]]
[2300.0, 1100.0, 0.000571, [0.010198805806451614], [144.0], [7.70275924588066], [0.00039313504602371785]]
[2300.0, 900.0, 0.000547, [0.009781530967741935], [144.0], [7.70275924588066], [0.0003842548500699624]]
[2300.0, 2000.0, 0.000568, [0.01015276064516129], [144.0], [7.70275924588066], [0.0003919429031555834]]
[2300.0, 300.0, 0.000559, [0.009994096451612903], [144.0], [7.70275924588066], [0.00038931467842164306]]
[2300.0, 200.0, 0.00051, [0.009119040967741935], [144.0], [7.70275924588066], [0.00037074170813643974]]
[2300.0, 400.0, 0.000529, [0.00945854129032258], [144.0], [7.70275924588066], [0.0003783415656130734]]
[2300.0, 800.0, 0.000615, [0.010995816774193548], [144.0], [7.70275924588066], [0.0004100747615906793]]
[2300.0, 600.0, 0.000539, [0.009630929032258066], [144.0], [7.70275924588066], [0.0003818911877647922]]
[2400.0, 1200.0, 0.000393, [0.007021213548387096], [144.0], [7.70275924588066], [0.0002640598704697626]]
[2400.0, 1500.0, 0.000407, [0.007266332903225806], [144.0], [7.70275924588066], [0.0002713661949443681]]
[2400.0, 1100.0, 0.000423, [0.00755621129032258], [144.0], [7.70275924588066], [0.0002757301320552489]]
[2400.0, 1600.0, 0.000423, [0.007557822580645162], [144.0], [7.70275924588066], [0.00027615677072766203]]
[2400.0, 400.0, 0.0004, [0.007149794516129033], [144.0], [7.70275924588066], [0.0002679498910630635]]
[2400.0, 1300.0, 0.000428, [0.007644704516129032], [144.0], [7.70275924588066], [0.00027748516792490776]]
[2400.0, 200.0, 0.000366, [0.006539423225806452], [144.0], [7.70275924588066], [0.00025454675272653006]]
[2400.0, 1700.0, 0.000429, [0.007662832258064516], [144.0], [7.70275924588066], [0.00027924912512194836]]
[2400.0, 2000.0, 0.000398, [0.007118004193548387], [144.0], [7.70275924588066], [0.0002680794912551755]]
[2400.0, 600.0, 0.000393, [0.007032541935483871], [144.0], [7.70275924588066], [0.00026695163658369626]]
[2400.0, 1900.0, 0.000406, [0.007256996129032258], [144.0], [7.70275924588066], [0.00026804330008042]]
[2400.0, 700.0, 0.00038, [0.006796538709677419], [144.0], [7.70275924588066], [0.00026316301492526975]]
[2400.0, 100.0, 0.000385, [0.0068787232258064514], [144.0], [7.70275924588066], [0.00026301461701150103]]
[2400.0, 1800.0, 0.000393, [0.007023899032258064], [144.0], [7.70275924588066], [0.0002649113290874442]]
[2400.0, 500.0, 0.000387, [0.006909329032258065], [144.0], [7.70275924588066], [0.0002639919365432087]]
[2400.0, 900.0, 0.000401, [0.007161450967741935], [144.0], [7.70275924588066], [0.0002680105320045252]]
[2400.0, 1400.0, 0.000409, [0.007307939032258065], [144.0], [7.70275924588066], [0.0002699248802888674]]
[2400.0, 800.0, 0.000394, [0.00704731064516129], [144.0], [7.70275924588066], [0.0002654170093753692]]
[2400.0, 300.0, 0.000372, [0.006640362580645161], [144.0], [7.70275924588066], [0.00025808504998952523]]
[2400.0, 1000.0, 0.000395, [0.007065481935483871], [144.0], [7.70275924588066], [0.00026553713297886375]]
[2500.0, 400.0, 0.000254, [0.004542273870967742], [144.0], [7.70275924588066], [0.00017267136536274071]]
[2500.0, 1300.0, 0.000282, [0.005040647419354839], [144.0], [7.70275924588066], [0.0001822450138062275]]
[2500.0, 500.0, 0.000269, [0.004812416129032258], [144.0], [7.70275924588066], [0.00017787202340941246]]
[2500.0, 900.0, 0.000279, [0.004977513870967742], [144.0], [7.70275924588066], [0.0001807914494078197]]
[2500.0, 1400.0, 0.000301, [0.005371777741935484], [144.0], [7.70275924588066], [0.0001902781812618252]]
[2500.0, 200.0, 0.000251, [0.004493226774193548], [144.0], [7.70275924588066], [0.00017230736880479862]]
[2500.0, 1900.0, 0.000285, [0.005089560967741935], [144.0], [7.70275924588066], [0.00018401345073670332]]
[2500.0, 1000.0, 0.000263, [0.0047080335483870965], [144.0], [7.70275924588066], [0.00017607043690324827]]
[2500.0, 1800.0, 0.000273, [0.004887240967741935], [144.0], [7.70275924588066], [0.0001802685821394168]]
[2500.0, 1700.0, 0.000272, [0.004859457096774194], [144.0], [7.70275924588066], [0.00017887914289471297]]
[2500.0, 800.0, 0.000286, [0.005118738387096774], [144.0], [7.70275924588066], [0.0001847065707376791]]
[2500.0, 700.0, 0.000277, [0.00495912193548387], [144.0], [7.70275924588066], [0.00018132347733794152]]
[2500.0, 1600.0, 0.000281, [0.005026636451612903], [144.0], [7.70275924588066], [0.00018221545805163092]]
[2500.0, 1100.0, 0.000271, [0.004845449032258063], [144.0], [7.70275924588066], [0.00017812221365365479]]
[2500.0, 600.0, 0.000257, [0.0045919974193548395], [144.0], [7.70275924588066], [0.00017545120989936457]]
[2500.0, 300.0, 0.000258, [0.004618242580645162], [144.0], [7.70275924588066], [0.00017442864780126377]]
[2500.0, 2000.0, 0.000284, [0.0050676067741935475], [144.0], [7.70275924588066], [0.0001845513075533929]]
[2500.0, 1200.0, 0.000301, [0.005372404838709677], [144.0], [7.70275924588066], [0.00018958809203375342]]
[2500.0, 100.0, 0.000255, [0.004559713548387097], [144.0], [7.70275924588066], [0.0001734597366218691]]
[2500.0, 1500.0, 0.000293, [0.005237596451612903], [144.0], [7.70275924588066], [0.00018564168854126947]]
[2600.0, 800.0, 0.000196, [0.0035085135483870966], [144.0], [7.70275924588066], [0.00012412225771198866]]
[2600.0, 2000.0, 0.000195, [0.0034938929032258064], [144.0], [7.70275924588066], [0.00012291474291985948]]
[2600.0, 900.0, 0.000185, [0.0033041293548387095], [144.0], [7.70275924588066], [0.00012064976530804597]]
[2600.0, 1000.0, 0.000185, [0.003303473225806452], [144.0], [7.70275924588066], [0.00011851144124748324]]
[2600.0, 200.0, 0.000173, [0.0030833419354838708], [144.0], [7.70275924588066], [0.00011514952637122382]]
[2600.0, 1100.0, 0.000193, [0.0034541912903225808], [144.0], [7.70275924588066], [0.00012174420480986632]]
[2600.0, 1500.0, 0.000199, [0.003556381935483871], [144.0], [7.70275924588066], [0.00012389241875755891]]
[2600.0, 700.0, 0.000186, [0.0033201899999999998], [144.0], [7.70275924588066], [0.00011957375259685402]]
[2600.0, 1800.0, 0.000194, [0.0034617048387096776], [144.0], [7.70275924588066], [0.00012300635754235498]]
[2600.0, 1600.0, 0.000192, [0.0034375935483870967], [144.0], [7.70275924588066], [0.00012176576898865521]]
[2600.0, 1400.0, 0.000194, [0.003460250322580645], [144.0], [7.70275924588066], [0.0001228770901852894]]
[2600.0, 1300.0, 0.000196, [0.0035006864516129036], [144.0], [7.70275924588066], [0.00012376792463127844]]
[2600.0, 600.0, 0.000186, [0.0033181925806451615], [144.0], [7.70275924588066], [0.00011989120458367432]]
[2600.0, 1700.0, 0.000189, [0.003384156774193548], [144.0], [7.70275924588066], [0.00012078574308920246]]
[2600.0, 400.0, 0.000188, [0.0033622867741935486], [144.0], [7.70275924588066], [0.0001213260461290271]]
[2600.0, 300.0, 0.000176, [0.0031454012903225806], [144.0], [7.70275924588066], [0.00011689794636658184]]
[2600.0, 1900.0, 0.0002, [0.003578498709677419], [144.0], [7.70275924588066], [0.00012398759378708557]]
[2600.0, 1200.0, 0.0002, [0.003575810322580645], [144.0], [7.70275924588066], [0.0001250252544727798]]
[2600.0, 100.0, 0.00017, [0.0030350903225806456], [144.0], [7.70275924588066], [0.00011479760137737164]]
[2600.0, 500.0, 0.000187, [0.0033351270967741935], [144.0], [7.70275924588066], [0.00012034601129644298]]
[2700.0, 1400.0, 0.000135, [0.0024039705483870966], [144.0], [7.70275924588066], [8.274807277747982e-05]]
[2700.0, 1000.0, 0.000131, [0.0023423521935483868], [144.0], [7.70275924588066], [8.19987232458153e-05]]
[2700.0, 800.0, 0.000134, [0.0023899784516129034], [144.0], [7.70275924588066], [8.246208531857807e-05]]
[2700.0, 900.0, 0.000126, [0.0022500301935483875], [144.0], [7.70275924588066], [7.95009041238126e-05]]
[2700.0, 600.0, 0.000127, [0.0022619972903225806], [144.0], [7.70275924588066], [7.977449088814055e-05]]
[2700.0, 1100.0, 0.000124, [0.0022177535806451616], [144.0], [7.70275924588066], [7.945927490460937e-05]]
[2700.0, 1300.0, 0.00014, [0.0025108011290322584], [144.0], [7.70275924588066], [8.536979296254772e-05]]
[2700.0, 400.0, 0.000121, [0.0021656319677419355], [144.0], [7.70275924588066], [7.860745371398607e-05]]
[2700.0, 1700.0, 0.000137, [0.0024405985161290327], [144.0], [7.70275924588066], [8.34179430686615e-05]]
[2700.0, 100.0, 0.000115, [0.0020612029354838707], [144.0], [7.70275924588066], [7.639326642477612e-05]]
[2700.0, 2000.0, 0.000135, [0.002418934935483871], [144.0], [7.70275924588066], [8.248499324302433e-05]]
[2700.0, 1200.0, 0.000133, [0.002384051516129032], [144.0], [7.70275924588066], [8.240487203098667e-05]]
[2700.0, 700.0, 0.000124, [0.0022123965483870967], [144.0], [7.70275924588066], [7.881336784513533e-05]]
[2700.0, 300.0, 0.00012, [0.0021491102903225807], [144.0], [7.70275924588066], [7.734816888568717e-05]]
[2700.0, 1800.0, 0.000127, [0.0022684357741935483], [144.0], [7.70275924588066], [8.010124693577482e-05]]
[2700.0, 200.0, 0.000123, [0.0021961439999999997], [144.0], [7.70275924588066], [7.94017502958973e-05]]
[2700.0, 1500.0, 0.000132, [0.002353086870967742], [144.0], [7.70275924588066], [8.133457436092246e-05]]
[2700.0, 500.0, 0.000126, [0.0022492672258064513], [144.0], [7.70275924588066], [7.942438415982546e-05]]
[2700.0, 1900.0, 0.000135, [0.0024100499032258067], [144.0], [7.70275924588066], [8.325378524454143e-05]]
[2700.0, 1600.0, 0.000133, [0.0023766555483870967], [144.0], [7.70275924588066], [8.190495519652043e-05]]
[2800.0, 1500.0, 8.9e-05, [0.0015835081935483871], [144.0], [7.70275924588066], [5.3997174743989954e-05]]
[2800.0, 200.0, 7.8e-05, [0.001396656], [144.0], [7.70275924588066], [5.089697649606711e-05]]
[2800.0, 400.0, 8.4e-05, [0.001506946064516129], [144.0], [7.70275924588066], [5.243335922110233e-05]]
[2800.0, 900.0, 8.9e-05, [0.0015938579032258066], [144.0], [7.70275924588066], [5.47010656832996e-05]]
[2800.0, 600.0, 8.5e-05, [0.0015193660645161288], [144.0], [7.70275924588066], [5.2579831974713216e-05]]
[2800.0, 1200.0, 9.3e-05, [0.0016630548387096774], [144.0], [7.70275924588066], [5.525128566973051e-05]]
[2800.0, 1000.0, 8.8e-05, [0.0015676112903225807], [144.0], [7.70275924588066], [5.386375893432299e-05]]
[2800.0, 1400.0, 8.8e-05, [0.0015700079032258064], [144.0], [7.70275924588066], [5.3756046244160944e-05]]
[2800.0, 800.0, 8.4e-05, [0.0015076811612903225], [144.0], [7.70275924588066], [5.24907159919599e-05]]
[2800.0, 100.0, 8.5e-05, [0.0015120586451612902], [144.0], [7.70275924588066], [5.280338060315597e-05]]
[2800.0, 1100.0, 8.6e-05, [0.0015407579032258067], [144.0], [7.70275924588066], [5.3384094253352094e-05]]
[2800.0, 1300.0, 8.7e-05, [0.0015519870000000001], [144.0], [7.70275924588066], [5.370872013096327e-05]]
[2800.0, 2000.0, 8.8e-05, [0.0015803367096774194], [144.0], [7.70275924588066], [5.388904052649077e-05]]
[2800.0, 500.0, 8.2e-05, [0.001466301193548387], [144.0], [7.70275924588066], [5.2004343751177505e-05]]
[2800.0, 1900.0, 9.1e-05, [0.0016295684516129032], [144.0], [7.70275924588066], [5.468473002796127e-05]]
[2800.0, 1800.0, 9e-05, [0.0016089326129032258], [144.0], [7.70275924588066], [5.445411552114704e-05]]
[2800.0, 300.0, 8.3e-05, [0.0014822605161290323], [144.0], [7.70275924588066], [5.2307831141725816e-05]]
[2800.0, 700.0, 8.5e-05, [0.0015231126774193548], [144.0], [7.70275924588066], [5.270948572634626e-05]]
[2800.0, 1600.0, 8.6e-05, [0.0015448125483870968], [144.0], [7.70275924588066], [5.333285071755278e-05]]
[2800.0, 1700.0, 8.6e-05, [0.0015411719032258065], [144.0], [7.70275924588066], [5.314384774919868e-05]]
[2900.0, 1300.0, 6e-05, [0.0010710127741935483], [144.0], [7.70275924588066], [3.600170911655745e-05]]
[2900.0, 900.0, 6e-05, [0.0010692705483870968], [144.0], [7.70275924588066], [3.5622568814573316e-05]]
[2900.0, 1600.0, 6e-05, [0.0010773267096774195], [144.0], [7.70275924588066], [3.58313466203037e-05]]
[2900.0, 2000.0, 6.2e-05, [0.001099552935483871], [144.0], [7.70275924588066], [3.633024900432037e-05]]
[2900.0, 1200.0, 5.9e-05, [0.0010466004193548388], [144.0], [7.70275924588066], [3.5381545128668245e-05]]
[2900.0, 1700.0, 6.1e-05, [0.0010931527741935485], [144.0], [7.70275924588066], [3.6040177891855455e-05]]
[2900.0, 1100.0, 6e-05, [0.0010688469677419354], [144.0], [7.70275924588066], [3.576760054433721e-05]]
[2900.0, 800.0, 5.7e-05, [0.001026265064516129], [144.0], [7.70275924588066], [3.4793644240012e-05]]
[2900.0, 600.0, 5.9e-05, [0.001063047193548387], [144.0], [7.70275924588066], [3.608216819431029e-05]]
[2900.0, 100.0, 5.5e-05, [0.0009813097741935485], [144.0], [7.70275924588066], [3.404124800998053e-05]]
[2900.0, 400.0, 5.8e-05, [0.001036244612903226], [144.0], [7.70275924588066], [3.521301744091927e-05]]
[2900.0, 1000.0, 5.9e-05, [0.0010470341612903225], [144.0], [7.70275924588066], [3.5376005995704436e-05]]
[2900.0, 1400.0, 5.9e-05, [0.001051669741935484], [144.0], [7.70275924588066], [3.54115604855953e-05]]
[2900.0, 200.0, 5.8e-05, [0.0010314763548387096], [144.0], [7.70275924588066], [3.519351586291037e-05]]
[2900.0, 500.0, 5.6e-05, [0.0010017943548387097], [144.0], [7.70275924588066], [3.4503626466416935e-05]]
[2900.0, 1500.0, 6.1e-05, [0.0010847206451612902], [144.0], [7.70275924588066], [3.5840178536142944e-05]]
[2900.0, 1800.0, 6.1e-05, [0.001095988935483871], [144.0], [7.70275924588066], [3.6055387932449394e-05]]
[2900.0, 300.0, 5.4e-05, [0.0009738246774193547], [144.0], [7.70275924588066], [3.411159366051891e-05]]
[2900.0, 700.0, 5.6e-05, [0.0009979943225806452], [144.0], [7.70275924588066], [3.45992293286321e-05]]
[2900.0, 1900.0, 6e-05, [0.0010801204838709678], [144.0], [7.70275924588066], [3.612463466900091e-05]]
[3000.0, 1900.0, 4e-05, [0.0007161567096774193], [144.0], [7.70275924588066], [2.332127696798084e-05]]
[3000.0, 800.0, 4.1e-05, [0.0007239803225806452], [144.0], [7.70275924588066], [2.358855156274551e-05]]
[3000.0, 900.0, 3.8e-05, [0.000687964064516129], [144.0], [7.70275924588066], [2.3008959278419412e-05]]
[3000.0, 1600.0, 3.9e-05, [0.0006900561290322581], [144.0], [7.70275924588066], [2.2950928242230658e-05]]
[3000.0, 700.0, 3.6e-05, [0.0006467820967741935], [144.0], [7.70275924588066], [2.2356058408284557e-05]]
[3000.0, 600.0, 3.8e-05, [0.0006725993225806452], [144.0], [7.70275924588066], [2.2699123051450486e-05]]
[3000.0, 1300.0, 3.9e-05, [0.0007035018387096775], [144.0], [7.70275924588066], [2.310603533466043e-05]]
[3000.0, 500.0, 3.6e-05, [0.0006430732258064516], [144.0], [7.70275924588066], [2.221459528094892e-05]]
[3000.0, 1500.0, 4.1e-05, [0.000739363935483871], [144.0], [7.70275924588066], [2.370291766705782e-05]]
[3000.0, 1800.0, 4.2e-05, [0.0007452528387096775], [144.0], [7.70275924588066], [2.3818381943749124e-05]]
[3000.0, 2000.0, 3.8e-05, [0.000681201], [144.0], [7.70275924588066], [2.2859604370301362e-05]]
[3000.0, 100.0, 3.7e-05, [0.0006538755483870967], [144.0], [7.70275924588066], [2.232294645887095e-05]]
[3000.0, 1400.0, 3.9e-05, [0.0006967866774193549], [144.0], [7.70275924588066], [2.2860828477289577e-05]]
[3000.0, 1100.0, 3.9e-05, [0.0007041980322580646], [144.0], [7.70275924588066], [2.326735437037185e-05]]
[3000.0, 1200.0, 3.9e-05, [0.0007007873225806452], [144.0], [7.70275924588066], [2.3054208840585894e-05]]
[3000.0, 1000.0, 4.1e-05, [0.0007257359032258065], [144.0], [7.70275924588066], [2.358325008779396e-05]]
[3000.0, 400.0, 3.7e-05, [0.000655456064516129], [144.0], [7.70275924588066], [2.244238992988109e-05]]
[3000.0, 300.0, 3.6e-05, [0.0006375614516129032], [144.0], [7.70275924588066], [2.2116760092814718e-05]]
[3000.0, 1700.0, 3.9e-05, [0.0006926742580645162], [144.0], [7.70275924588066], [2.307632461082624e-05]]
[3000.0, 200.0, 3.8e-05, [0.0006817523225806451], [144.0], [7.70275924588066], [2.2725080438962945e-05]]
