[200.0, 1800.0, 0.627829, [74.86593333333333], [793.31], [78.43589999999999], [4.172114771511765]]
[200.0, 700.0, 0.577915, [171.82104999999999], [1626.9325000000001], [209.49545], [10.93271180906183]]
[200.0, 2000.0, 0.66107, [2269.4916603004854], [31836.045], [2344.6115], [317.7925047194028]]
[200.0, 1300.0, 0.641733, [77.08413333333333], [793.31], [78.43589999999999], [4.243342825336333]]
[200.0, 1400.0, 0.620355, [73.69525], [793.31], [78.43589999999999], [4.1391373900045085]]
[200.0, 400.0, 0.604974, [254.31975000000003], [4299.869], [290.9889], [13.366745116145516]]
[200.0, 1900.0, 0.597843, [70.254125], [793.31], [78.43589999999999], [4.049380954060893]]
[200.0, 1700.0, 0.59986, [70.55753333333332], [793.31], [78.43589999999999], [4.060129650365586]]
[200.0, 500.0, 0.628741, [75.00996666666667], [793.31], [78.43589999999999], [4.180141544652924]]
[200.0, 1500.0, 0.627089, [190.77147499999998], [1626.9325000000001], [209.49545], [11.546016629123654]]
[200.0, 100.0, 0.622361, [188.88565], [1626.9325000000001], [209.49545], [11.495213677874805]]
[200.0, 600.0, 0.644929, [77.6015], [793.31], [78.43589999999999], [4.252536008078003]]
[200.0, 1000.0, 0.651078, [78.60599166666668], [793.31], [78.43589999999999], [4.288308556736301]]
[200.0, 1200.0, 0.589656, [69.03206666666667], [793.31], [78.43589999999999], [4.019202173455711]]
[200.0, 300.0, 0.614612, [185.82722500000003], [1626.9325000000001], [209.49545], [11.436875666019981]]
[200.0, 1600.0, 0.594706, [248.82375000000002], [4299.869], [290.9889], [13.187631515931889]]
[200.0, 900.0, 0.672416, [82.18202500000001], [793.31], [78.43589999999999], [4.3803174035171875]]
[200.0, 800.0, 0.621665, [263.44025], [4299.869], [290.9889], [13.567864146578119]]
[200.0, 1100.0, 0.625093, [2362.915393430101], [31473.52], [2636.7205], [324.57138946665566]]
[200.0, 200.0, 0.596028, [69.9818], [793.31], [78.43589999999999], [4.04040100457588]]
[300.0, 2000.0, 0.60206, [69.8275], [773.8245000000001], [77.21495], [4.241718401780108]]
[300.0, 400.0, 0.603197, [38.8232875], [316.11505], [41.70535], [2.230339450061358]]
[300.0, 1000.0, 0.614304, [71.66852499999999], [773.8245000000001], [77.21495], [4.290681764009072]]
[300.0, 200.0, 0.597497, [69.150025], [773.8245000000001], [77.21495], [4.216151236613792]]
[300.0, 1600.0, 0.627102, [40.84865], [316.11505], [41.70535], [2.2942891055836885]]
[300.0, 1300.0, 0.588118, [67.772325], [773.8245000000001], [77.21495], [4.171098476420809]]
[300.0, 800.0, 0.59914, [69.39337499999999], [773.8245000000001], [77.21495], [4.2231460429400265]]
[300.0, 700.0, 0.602096, [38.7317875], [316.11505], [41.70535], [2.2250828636255324]]
[300.0, 300.0, 0.58876, [67.86592499999999], [773.8245000000001], [77.21495], [4.168970196583325]]
[300.0, 900.0, 0.619101, [40.161775], [316.11505], [41.70535], [2.2700781236556593]]
[300.0, 600.0, 0.585847, [37.40045], [316.11505], [41.70535], [2.184957808517135]]
[300.0, 1400.0, 0.623174, [73.025375], [773.8245000000001], [77.21495], [4.333258733332225]]
[300.0, 500.0, 0.557481, [35.150625], [316.11505], [41.70535], [2.1196624141593867]]
[300.0, 1200.0, 0.589643, [37.7089375], [316.11505], [41.70535], [2.2029791618397123]]
[300.0, 100.0, 0.597301, [38.3357625], [316.11505], [41.70535], [2.2207311577496274]]
[300.0, 1100.0, 0.595495, [38.187125], [316.11505], [41.70535], [2.212121083372246]]
[300.0, 1900.0, 0.646048, [42.5127125], [316.11505], [41.70535], [2.3331882023317365]]
[300.0, 1500.0, 0.590385, [37.7689625], [316.11505], [41.70535], [2.1952761785251527]]
[300.0, 1700.0, 0.595402, [38.1792], [316.11505], [41.70535], [2.20427709238199]]
[300.0, 1800.0, 0.563461, [35.6175375], [316.11505], [41.70535], [2.1323659102039687]]
[400.0, 900.0, 0.545952, [15.584725000000002], [112.0686], [17.457115], [0.9537695771254187]]
[400.0, 1200.0, 0.605963, [100.18984999999999], [336.96265000000005], [114.66195], [15.278804763462357]]
[400.0, 1500.0, 0.52155, [14.739187500000002], [112.0686], [17.457115], [0.926644821385195]]
[400.0, 200.0, 0.549132, [15.696887499999999], [112.0686], [17.457115], [0.9570557063201702]]
[400.0, 1600.0, 0.54693, [15.6192875], [112.0686], [17.457115], [0.9576801397126287]]
[400.0, 500.0, 0.560632, [16.1065875], [112.0686], [17.457115], [0.9695029332085591]]
[400.0, 1700.0, 0.617673, [102.72659999999999], [336.96265000000005], [114.66195], [15.48661761005288]]
[400.0, 300.0, 0.549442, [15.7079375], [112.0686], [17.457115], [0.959515095634248]]
[400.0, 1300.0, 0.595916, [98.05390000000001], [336.96265000000005], [114.66195], [15.13004543945589]]
[400.0, 1400.0, 0.55995, [16.082237499999998], [112.0686], [17.457115], [0.9715633342711117]]
[400.0, 1100.0, 0.540401, [15.3901875], [112.0686], [17.457115], [0.9508088661765833]]
[400.0, 800.0, 0.520098, [14.689824999999999], [112.0686], [17.457115], [0.9290662314926746]]
[400.0, 100.0, 0.530221, [15.036762500000002], [112.0686], [17.457115], [0.9397972686968186]]
[400.0, 1000.0, 0.504615, [79.95105000000001], [336.96265000000005], [114.66195], [13.711494265761118]]
[400.0, 400.0, 0.570629, [16.4682], [112.0686], [17.457115], [0.9824103012489231]]
[400.0, 1800.0, 0.555042, [15.906699999999999], [112.0686], [17.457115], [0.964485371195437]]
[400.0, 2000.0, 0.577729, [16.7281625], [112.0686], [17.457115], [0.9908908554931768]]
[400.0, 600.0, 0.483792, [13.47915], [112.0686], [17.457115], [0.8887891165794054]]
[400.0, 700.0, 0.5151, [14.520112499999998], [112.0686], [17.457115], [0.9238922420932]]
[400.0, 1900.0, 0.537053, [15.2733875], [112.0686], [17.457115], [0.9453988906805423]]
[500.0, 1700.0, 0.495259, [5.722753333333334], [38.072655], [5.44904], [0.33958297545993416]]
[500.0, 1100.0, 0.448439, [5.085650833333334], [38.072655], [5.44904], [0.3203658932463872]]
[500.0, 300.0, 0.510329, [80.74885], [336.96265000000005], [114.66195], [9.865043081507551]]
[500.0, 1300.0, 0.517866, [82.16650000000001], [336.96265000000005], [114.66195], [9.9641545050245]]
[500.0, 1800.0, 0.511529, [5.952613333333333], [38.072655], [5.44904], [0.345405659253644]]
[500.0, 1400.0, 0.534956, [85.4249], [336.96265000000005], [114.66195], [10.138069342828546]]
[500.0, 600.0, 0.518765, [82.33704999999999], [336.96265000000005], [114.66195], [9.984834750760776]]
[500.0, 1900.0, 0.485694, [76.19995], [336.96265000000005], [114.66195], [9.600292964279788]]
[500.0, 1200.0, 0.49374, [5.7015225], [38.072655], [5.44904], [0.3389203651138257]]
[500.0, 800.0, 0.488925, [76.792], [336.96265000000005], [114.66195], [9.674883720231474]]
[500.0, 1000.0, 0.484045, [75.89865], [336.96265000000005], [114.66195], [9.562329737046301]]
[500.0, 2000.0, 0.508324, [5.906992499999999], [38.072655], [5.44904], [0.34568058875853075]]
[500.0, 700.0, 0.547876, [87.93505], [336.96265000000005], [114.66195], [10.292022396011387]]
[500.0, 100.0, 0.449026, [5.093441666666667], [38.072655], [5.44904], [0.32085670910513586]]
[500.0, 200.0, 0.445164, [5.042341666666667], [38.072655], [5.44904], [0.3195454671178353]]
[500.0, 1500.0, 0.441208, [4.990195833333333], [38.072655], [5.44904], [0.31751848152684137]]
[500.0, 900.0, 0.434754, [4.905595833333334], [38.072655], [5.44904], [0.3140486073488908]]
[500.0, 1600.0, 0.442979, [5.013493333333334], [38.072655], [5.44904], [0.31771722665148505]]
[500.0, 500.0, 0.492265, [77.40175], [336.96265000000005], [114.66195], [9.675218343789457]]
[500.0, 400.0, 0.505451, [79.8392], [336.96265000000005], [114.66195], [9.827527664677419]]
[600.0, 200.0, 0.33692, [3.6836116666666667], [38.072655], [5.44904], [0.20308408562300823]]
[600.0, 1400.0, 0.402767, [61.59145], [336.96265000000005], [114.66195], [6.456537384697777]]
[600.0, 1900.0, 0.336826, [3.682488333333333], [38.072655], [5.44904], [0.20302214917480202]]
[600.0, 100.0, 0.353786, [3.886720833333333], [38.072655], [5.44904], [0.2086500925260066]]
[600.0, 800.0, 0.388167, [4.30959], [38.072655], [5.44904], [0.21992284000429685]]
[600.0, 1200.0, 0.374939, [4.145429166666667], [38.072655], [5.44904], [0.21551060169848826]]
[600.0, 600.0, 0.366507, [4.041756666666667], [38.072655], [5.44904], [0.2130192838166953]]
[600.0, 1600.0, 0.374503, [56.87535], [336.96265000000005], [114.66195], [6.168997082184429]]
[600.0, 400.0, 0.373279, [56.6741], [336.96265000000005], [114.66195], [6.183653855124816]]
[600.0, 500.0, 0.375468, [57.035000000000004], [336.96265000000005], [114.66195], [6.186315543196936]]
[600.0, 1100.0, 0.383108, [58.30055], [336.96265000000005], [114.66195], [6.250475981875301]]
[600.0, 300.0, 0.370564, [4.0915275], [38.072655], [5.44904], [0.21328559036080136]]
[600.0, 1700.0, 0.360381, [3.9668958333333335], [38.072655], [5.44904], [0.21083812576898367]]
[600.0, 1500.0, 0.355099, [53.6935], [336.96265000000005], [114.66195], [6.0031158576192745]]
[600.0, 1800.0, 0.375091, [56.97265], [336.96265000000005], [114.66195], [6.1795529773600935]]
[600.0, 1000.0, 0.333723, [3.6454183333333336], [38.072655], [5.44904], [0.2025232496941195]]
[600.0, 2000.0, 0.370789, [4.0943], [38.072655], [5.44904], [0.2137207419871912]]
[600.0, 700.0, 0.397184, [60.6517], [336.96265000000005], [114.66195], [6.393252302232409]]
[600.0, 1300.0, 0.363662, [55.09255], [336.96265000000005], [114.66195], [6.083956360790238]]
[600.0, 900.0, 0.383125, [4.246801666666666], [38.072655], [5.44904], [0.2187213949551143]]
[700.0, 2000.0, 0.296191, [44.248394999999995], [336.96265000000005], [114.66195], [4.162538888707227]]
[700.0, 100.0, 0.25824, [38.340785000000004], [336.96265000000005], [114.66195], [3.8929169654643294]]
[700.0, 1000.0, 0.253568, [37.620560000000005], [336.96265000000005], [114.66195], [3.839632469390788]]
[700.0, 600.0, 0.243032, [36.00235], [336.96265000000005], [114.66195], [3.753504362592376]]
[700.0, 1400.0, 0.283321, [42.23277], [336.96265000000005], [114.66195], [4.082796223178424]]
[700.0, 1900.0, 0.281747, [41.98693], [336.96265000000005], [114.66195], [4.059029748597564]]
[700.0, 200.0, 0.293334, [43.79976], [336.96265000000005], [114.66195], [4.138687895939968]]
[700.0, 400.0, 0.237091, [1.2947566666666666], [13.56206], [1.8869829999999999], [0.06498196865285015]]
[700.0, 1300.0, 0.26153, [1.4386333333333334], [13.56206], [1.8869829999999999], [0.06858415602989756]]
[700.0, 1100.0, 0.323277, [48.53694], [336.96265000000005], [114.66195], [4.358745519068531]]
[700.0, 800.0, 0.257075, [38.161065], [336.96265000000005], [114.66195], [3.8746693407308963]]
[700.0, 1500.0, 0.282987, [42.180569999999996], [336.96265000000005], [114.66195], [4.077749379253217]]
[700.0, 1600.0, 0.266017, [39.542425], [336.96265000000005], [114.66195], [3.9346184694325825]]
[700.0, 1800.0, 0.26927, [40.046465000000005], [336.96265000000005], [114.66195], [3.9651907268125197]]
[700.0, 1200.0, 0.28833, [43.015445], [336.96265000000005], [114.66195], [4.101361054576882]]
[700.0, 700.0, 0.260587, [38.702760000000005], [336.96265000000005], [114.66195], [3.889773450986574]]
[700.0, 900.0, 0.313199, [46.93389], [336.96265000000005], [114.66195], [4.302422863922142]]
[700.0, 300.0, 0.258304, [38.350505], [336.96265000000005], [114.66195], [3.873985673695761]]
[700.0, 500.0, 0.26705, [39.70244], [336.96265000000005], [114.66195], [3.950540469353529]]
[700.0, 1700.0, 0.282197, [42.0571], [336.96265000000005], [114.66195], [4.065813571722147]]
[800.0, 300.0, 0.168753, [24.774005], [336.96265000000005], [114.66195], [2.4176951834340077]]
[800.0, 100.0, 0.18274, [26.865515], [336.96265000000005], [114.66195], [2.527294996631774]]
[800.0, 1800.0, 0.20125, [29.64725], [336.96265000000005], [114.66195], [2.651731038397371]]
[800.0, 800.0, 0.182263, [26.794085], [336.96265000000005], [114.66195], [2.5318027174327784]]
[800.0, 400.0, 0.19706, [29.01614], [336.96265000000005], [114.66195], [2.6269982870188553]]
[800.0, 200.0, 0.187759, [27.618180000000002], [336.96265000000005], [114.66195], [2.5642835256656]]
[800.0, 1700.0, 0.209069, [30.827724999999997], [336.96265000000005], [114.66195], [2.7037700530925335]]
[800.0, 600.0, 0.19486, [28.68502], [336.96265000000005], [114.66195], [2.6077288969522887]]
[800.0, 1600.0, 0.217039, [32.03429], [336.96265000000005], [114.66195], [2.7570731763955774]]
[800.0, 1000.0, 0.193313, [28.452435], [336.96265000000005], [114.66195], [2.597340466708206]]
[800.0, 1100.0, 0.200716, [29.56692], [336.96265000000005], [114.66195], [2.6551878464620917]]
[800.0, 1500.0, 0.201041, [29.61583], [336.96265000000005], [114.66195], [2.6489200629690584]]
[800.0, 1400.0, 0.185285, [27.246895], [336.96265000000005], [114.66195], [2.5407858036442192]]
[800.0, 1200.0, 0.211804, [31.241239999999998], [336.96265000000005], [114.66195], [2.7192011694613547]]
[800.0, 900.0, 0.2121, [31.286095], [336.96265000000005], [114.66195], [2.723105304610896]]
[800.0, 1300.0, 0.220878, [32.616735], [336.96265000000005], [114.66195], [2.7866355161735807]]
[800.0, 2000.0, 0.208697, [30.771445], [336.96265000000005], [114.66195], [2.698834470655805]]
[800.0, 500.0, 0.212815, [31.39432], [336.96265000000005], [114.66195], [2.7325249312677826]]
[800.0, 1900.0, 0.215594, [31.815145], [336.96265000000005], [114.66195], [2.7382120078620646]]
[800.0, 700.0, 0.208575, [30.75301], [336.96265000000005], [114.66195], [2.707651196147687]]
[900.0, 200.0, 0.117916, [17.23676], [336.96265000000005], [114.66195], [1.5935392997977804]]
[900.0, 1100.0, 0.16283, [23.889014999999997], [336.96265000000005], [114.66195], [1.8827181148541594]]
[900.0, 300.0, 0.132188, [19.343085], [336.96265000000005], [114.66195], [1.683599566405266]]
[900.0, 1000.0, 0.138698, [20.306025], [336.96265000000005], [114.66195], [1.7348609454362618]]
[900.0, 900.0, 0.152593, [22.36639], [336.96265000000005], [114.66195], [1.8082152803247737]]
[900.0, 1600.0, 0.155879, [22.854615000000003], [336.96265000000005], [114.66195], [1.8357266953443805]]
[900.0, 700.0, 0.151435, [22.194409999999998], [336.96265000000005], [114.66195], [1.806155447352193]]
[900.0, 1900.0, 0.141014, [20.648950000000003], [336.96265000000005], [114.66195], [1.7514208517657885]]
[900.0, 500.0, 0.143478, [21.01398], [336.96265000000005], [114.66195], [1.7634539971317655]]
[900.0, 1400.0, 0.123318, [18.033245], [336.96265000000005], [114.66195], [1.632653514987182]]
[900.0, 1200.0, 0.172156, [25.279965], [336.96265000000005], [114.66195], [1.9332071797921713]]
[900.0, 1500.0, 0.148379, [21.74081], [336.96265000000005], [114.66195], [1.7870835179140343]]
[900.0, 800.0, 0.130417, [19.0814], [336.96265000000005], [114.66195], [1.6800238093550937]]
[900.0, 400.0, 0.130168, [19.044515], [336.96265000000005], [114.66195], [1.676775924206929]]
[900.0, 100.0, 0.133511, [19.538674999999998], [336.96265000000005], [114.66195], [1.7006234151040025]]
[900.0, 600.0, 0.144644, [21.18684], [336.96265000000005], [114.66195], [1.7717329087647495]]
[900.0, 1800.0, 0.161694, [23.719915], [336.96265000000005], [114.66195], [1.8752239866213314]]
[900.0, 2000.0, 0.14399, [21.089935], [336.96265000000005], [114.66195], [1.7698276752271676]]
[900.0, 1700.0, 0.138105, [20.218189999999996], [336.96265000000005], [114.66195], [1.7273563616115812]]
[900.0, 1300.0, 0.165631, [24.306449999999998], [336.96265000000005], [114.66195], [1.8922546076043785]]
[1000.0, 1600.0, 0.089059, [12.995235000000001], [336.96265000000005], [114.66195], [1.1022415796911311]]
[1000.0, 1400.0, 0.110306, [16.115624999999998], [336.96265000000005], [114.66195], [1.2288051106664557]]
[1000.0, 1500.0, 0.088989, [12.98509], [336.96265000000005], [114.66195], [1.097440545086612]]
[1000.0, 700.0, 0.103728, [15.14832], [336.96265000000005], [114.66195], [1.1901646944855995]]
[1000.0, 1900.0, 0.084151, [12.275960000000001], [336.96265000000005], [114.66195], [1.0684852596081988]]
[1000.0, 1800.0, 0.097484, [14.231285], [336.96265000000005], [114.66195], [1.1505309643812287]]
[1000.0, 500.0, 0.113361, [16.565289999999997], [336.96265000000005], [114.66195], [1.245123487851707]]
[1000.0, 1000.0, 0.107513, [15.704775], [336.96265000000005], [114.66195], [1.2116498050179352]]
[1000.0, 200.0, 0.089773, [13.099995], [336.96265000000005], [114.66195], [1.1071514124093416]]
[1000.0, 1100.0, 0.090218, [13.16523], [336.96265000000005], [114.66195], [1.112664819251512]]
[1000.0, 2000.0, 0.091715, [13.38477], [336.96265000000005], [114.66195], [1.1192907352426358]]
[1000.0, 1700.0, 0.093377, [13.628585], [336.96265000000005], [114.66195], [1.1240666127948111]]
[1000.0, 800.0, 0.099035, [14.45892], [336.96265000000005], [114.66195], [1.1576401642997707]]
[1000.0, 1300.0, 0.08255, [0.22909300000000002], [4.157417], [0.706357], [0.008438746615727032]]
[1000.0, 400.0, 0.095445, [13.931985], [336.96265000000005], [114.66195], [1.14135281574104]]
[1000.0, 300.0, 0.098405, [14.3664], [336.96265000000005], [114.66195], [1.1576777401332377]]
[1000.0, 600.0, 0.097172, [14.185515], [336.96265000000005], [114.66195], [1.150597127582022]]
[1000.0, 1200.0, 0.095996, [14.01283], [336.96265000000005], [114.66195], [1.1441428014019928]]
[1000.0, 100.0, 0.092168, [13.45121], [336.96265000000005], [114.66195], [1.124846433963321]]
[1000.0, 900.0, 0.084037, [0.2333355], [4.157417], [0.706357], [0.00853729888326643]]
[1100.0, 1300.0, 0.06243, [0.1721086666666667], [4.157417], [0.706357], [0.005889434985161518]]
[1100.0, 1800.0, 0.062281, [9.07663], [336.96265000000005], [114.66195], [0.7411039063451224]]
[1100.0, 2000.0, 0.070843, [10.328030000000002], [336.96265000000005], [114.66195], [0.7898042478994399]]
[1100.0, 700.0, 0.060015, [0.16532101666666665], [4.157417], [0.706357], [0.005773259718545303]]
[1100.0, 900.0, 0.06941, [10.118525000000002], [336.96265000000005], [114.66195], [0.7806612581651532]]
[1100.0, 200.0, 0.057168, [8.329935], [336.96265000000005], [114.66195], [0.7090911436479798]]
[1100.0, 1900.0, 0.07247, [10.566045], [336.96265000000005], [114.66195], [0.7987180353541542]]
[1100.0, 1500.0, 0.064674, [9.42634], [336.96265000000005], [114.66195], [0.7523036288627086]]
[1100.0, 800.0, 0.066383, [9.67602], [336.96265000000005], [114.66195], [0.7673581302103992]]
[1100.0, 500.0, 0.074415, [10.85058], [336.96265000000005], [114.66195], [0.806517358771651]]
[1100.0, 1700.0, 0.064298, [9.37132], [336.96265000000005], [114.66195], [0.750305937601456]]
[1100.0, 400.0, 0.07206, [10.50606], [336.96265000000005], [114.66195], [0.7941835430176074]]
[1100.0, 600.0, 0.062919, [9.1699], [336.96265000000005], [114.66195], [0.7437770163160462]]
[1100.0, 1400.0, 0.064636, [9.420795], [336.96265000000005], [114.66195], [0.7542671940367022]]
[1100.0, 100.0, 0.057075, [8.31639], [336.96265000000005], [114.66195], [0.7105170652419265]]
[1100.0, 1100.0, 0.067158, [9.78938], [336.96265000000005], [114.66195], [0.7667634902628059]]
[1100.0, 1000.0, 0.073787, [10.75863], [336.96265000000005], [114.66195], [0.8041378924040329]]
[1100.0, 300.0, 0.060002, [8.743855], [336.96265000000005], [114.66195], [0.7261373836953997]]
[1100.0, 1200.0, 0.067317, [9.812524999999999], [336.96265000000005], [114.66195], [0.7685761185464977]]
[1100.0, 1600.0, 0.062246, [9.071605], [336.96265000000005], [114.66195], [0.7406934251092013]]
[1200.0, 100.0, 0.041723, [6.076385], [336.96265000000005], [114.66195], [0.48806682431814596]]
[1200.0, 1400.0, 0.04692, [6.8343549999999995], [336.96265000000005], [114.66195], [0.516628735166754]]
[1200.0, 1700.0, 0.044556, [0.07410475], [1.5741675], [0.33299695], [0.0026249249530358567]]
[1200.0, 1800.0, 0.042451, [6.182565], [336.96265000000005], [114.66195], [0.49185864331126683]]
[1200.0, 700.0, 0.041963, [0.06969966666666667], [1.5741675], [0.33299695], [0.0025501772869766016]]
[1200.0, 200.0, 0.043628, [6.35422], [336.96265000000005], [114.66195], [0.5007826374785771]]
[1200.0, 1900.0, 0.047586, [6.93144], [336.96265000000005], [114.66195], [0.5209990403062178]]
[1200.0, 1200.0, 0.046845, [6.823345], [336.96265000000005], [114.66195], [0.5172762801443732]]
[1200.0, 1100.0, 0.044089, [0.07331138095238095], [1.5741675], [0.33299695], [0.002613268515786487]]
[1200.0, 1300.0, 0.044714, [0.07437409523809524], [1.5741675], [0.33299695], [0.0026377771855722806]]
[1200.0, 2000.0, 0.046003, [0.0765670357142857], [1.5741675], [0.33299695], [0.002670582000230408]]
[1200.0, 800.0, 0.046742, [6.808330000000001], [336.96265000000005], [114.66195], [0.5161383051082336]]
[1200.0, 1600.0, 0.045212, [6.585204999999999], [336.96265000000005], [114.66195], [0.5080592977202563]]
[1200.0, 1000.0, 0.047451, [0.07903619047619047], [1.5741675], [0.33299695], [0.002720537651527485]]
[1200.0, 1500.0, 0.057868, [8.43206], [336.96265000000005], [114.66195], [0.5750617358162513]]
[1200.0, 300.0, 0.043847, [6.38621], [336.96265000000005], [114.66195], [0.5002064573753521]]
[1200.0, 600.0, 0.049088, [7.15059], [336.96265000000005], [114.66195], [0.5300370270084912]]
[1200.0, 500.0, 0.046018, [6.702805000000001], [336.96265000000005], [114.66195], [0.5125763357783892]]
[1200.0, 900.0, 0.045933, [6.690435], [336.96265000000005], [114.66195], [0.5116304818909835]]
[1200.0, 400.0, 0.047498, [6.918715], [336.96265000000005], [114.66195], [0.5215177369946299]]
[1300.0, 1600.0, 0.033738, [0.05580705952380952], [1.5741675], [0.33299695], [0.0018489704955526023]]
[1300.0, 1700.0, 0.032434, [0.05361486904761904], [1.5741675], [0.33299695], [0.0018177144672235357]]
[1300.0, 900.0, 0.033709, [0.05575889285714286], [1.5741675], [0.33299695], [0.0018473743394649008]]
[1300.0, 200.0, 0.030777, [0.05083373809523809], [1.5741675], [0.33299695], [0.0017665944665005305]]
[1300.0, 1800.0, 0.033859, [0.05601102380952381], [1.5741675], [0.33299695], [0.0018557282463397056]]
[1300.0, 1000.0, 0.033752, [0.05583070238095238], [1.5741675], [0.33299695], [0.0018507697424195646]]
[1300.0, 1400.0, 0.034258, [0.05668170238095238], [1.5741675], [0.33299695], [0.0018717943117709894]]
[1300.0, 1200.0, 0.034659, [0.05735777380952381], [1.5741675], [0.33299695], [0.0018798252349173845]]
[1300.0, 500.0, 0.03438, [0.05688794047619048], [1.5741675], [0.33299695], [0.0018724896271082832]]
[1300.0, 100.0, 0.033543, [0.05547917857142857], [1.5741675], [0.33299695], [0.0018503339773306869]]
[1300.0, 1100.0, 0.033792, [0.05589891666666666], [1.5741675], [0.33299695], [0.0018509983057504824]]
[1300.0, 2000.0, 0.034207, [0.05659575000000001], [1.5741675], [0.33299695], [0.001867937947810566]]
[1300.0, 1300.0, 0.033871, [0.05603126190476191], [1.5741675], [0.33299695], [0.0018563986604160645]]
[1300.0, 1500.0, 0.033875, [0.05603748809523809], [1.5741675], [0.33299695], [0.001853555754284279]]
[1300.0, 600.0, 0.032545, [0.0538010119047619], [1.5741675], [0.33299695], [0.001816731026133256]]
[1300.0, 300.0, 0.032583, [0.05386507142857143], [1.5741675], [0.33299695], [0.0018168238557720708]]
[1300.0, 1900.0, 0.033887, [0.05605854761904762], [1.5741675], [0.33299695], [0.001855267291620269]]
[1300.0, 400.0, 0.032937, [0.05446101190476191], [1.5741675], [0.33299695], [0.0018317220037074985]]
[1300.0, 700.0, 0.031718, [0.052412321428571426], [1.5741675], [0.33299695], [0.0017893272973021866]]
[1300.0, 800.0, 0.033125, [0.05477719047619047], [1.5741675], [0.33299695], [0.0018340760709451517]]
[1400.0, 1100.0, 0.026729, [0.04405832142857143], [1.5741675], [0.33299695], [0.0013406522129206628]]
[1400.0, 400.0, 0.024577, [0.0404687380952381], [1.5741675], [0.33299695], [0.0012835906182593604]]
[1400.0, 1500.0, 0.02573, [0.04239086904761904], [1.5741675], [0.33299695], [0.0013113364078691534]]
[1400.0, 1800.0, 0.026762, [0.044114107142857135], [1.5741675], [0.33299695], [0.0013355652026130508]]
[1400.0, 1600.0, 0.025491, [0.04199307142857143], [1.5741675], [0.33299695], [0.0013046608841671221]]
[1400.0, 1400.0, 0.023897, [0.03933532142857143], [1.5741675], [0.33299695], [0.0012616812470513294]]
[1400.0, 600.0, 0.024871, [0.040957857142857136], [1.5741675], [0.33299695], [0.001290691424679616]]
[1400.0, 1700.0, 0.024767, [0.04078575], [1.5741675], [0.33299695], [0.0012833581806941693]]
[1400.0, 900.0, 0.023486, [0.03865183333333333], [1.5741675], [0.33299695], [0.0012533713040637]]
[1400.0, 100.0, 0.02335, [0.038424940476190474], [1.5741675], [0.33299695], [0.0012512878852934228]]
[1400.0, 700.0, 0.025528, [0.04205375], [1.5741675], [0.33299695], [0.0013059165685066665]]
[1400.0, 2000.0, 0.026219, [0.04320827380952381], [1.5741675], [0.33299695], [0.0013196824585419101]]
[1400.0, 800.0, 0.025258, [0.0416047380952381], [1.5741675], [0.33299695], [0.0013001482559801957]]
[1400.0, 1300.0, 0.024785, [0.04081483333333333], [1.5741675], [0.33299695], [0.0012906782481068061]]
[1400.0, 300.0, 0.022258, [0.036608607142857144], [1.5741675], [0.33299695], [0.0012196095942383681]]
[1400.0, 1200.0, 0.025826, [0.042551297619047614], [1.5741675], [0.33299695], [0.0013131616138298747]]
[1400.0, 500.0, 0.025578, [0.04213838095238095], [1.5741675], [0.33299695], [0.0013091758195638249]]
[1400.0, 1000.0, 0.025665, [0.04228278571428571], [1.5741675], [0.33299695], [0.0013054970556681759]]
[1400.0, 200.0, 0.023262, [0.03827832142857143], [1.5741675], [0.33299695], [0.0012498316213125082]]
[1400.0, 1900.0, 0.026134, [0.04306558333333334], [1.5741675], [0.33299695], [0.001322748697087341]]
[1500.0, 1500.0, 0.018373, [0.03016007142857143], [1.5741675], [0.33299695], [0.002188041154313721]]
[1500.0, 1100.0, 0.01656, [0.027159452380952378], [1.5741675], [0.33299695], [0.002070888681695081]]
[1500.0, 1800.0, 0.018978, [0.031162880952380952], [1.5741675], [0.33299695], [0.002214649867649778]]
[1500.0, 400.0, 0.017564, [0.02882120238095238], [1.5741675], [0.33299695], [0.002130524365102353]]
[1500.0, 200.0, 0.013667, [0.02238332142857143], [1.5741675], [0.33299695], [0.0018783662148761642]]
[1500.0, 500.0, 0.016947, [0.027799273809523812], [1.5741675], [0.33299695], [0.002095449123571951]]
[1500.0, 1300.0, 0.017159, [0.028150380952380955], [1.5741675], [0.33299695], [0.0021040581402604758]]
[1500.0, 600.0, 0.017561, [0.028816321428571427], [1.5741675], [0.33299695], [0.0021418999184768125]]
[1500.0, 1000.0, 0.018011, [0.029561214285714284], [1.5741675], [0.33299695], [0.0021733840792664953]]
[1500.0, 2000.0, 0.018427, [0.0302495], [1.5741675], [0.33299695], [0.0021945294409326526]]
[1500.0, 800.0, 0.017366, [0.02849258333333333], [1.5741675], [0.33299695], [0.0021356091044864773]]
[1500.0, 1700.0, 0.017353, [0.028472226190476194], [1.5741675], [0.33299695], [0.002104727900501011]]
[1500.0, 1200.0, 0.018442, [0.03027515476190476], [1.5741675], [0.33299695], [0.002190633728806997]]
[1500.0, 300.0, 0.018205, [0.029882738095238094], [1.5741675], [0.33299695], [0.0021622387381009106]]
[1500.0, 1400.0, 0.018222, [0.029911083333333335], [1.5741675], [0.33299695], [0.0021699781731871967]]
[1500.0, 100.0, 0.015897, [2.314018], [336.96265000000005], [114.66195], [0.3911404479212039]]
[1500.0, 900.0, 0.017874, [0.029334190476190476], [1.5741675], [0.33299695], [0.0021684460903402735]]
[1500.0, 700.0, 0.016695, [0.027382654761904764], [1.5741675], [0.33299695], [0.002087908242156345]]
[1500.0, 1900.0, 0.016191, [0.02654964285714286], [1.5741675], [0.33299695], [0.002066886783318498]]
[1500.0, 1600.0, 0.018111, [0.029726488095238094], [1.5741675], [0.33299695], [0.002179651696779643]]
[1600.0, 1500.0, 0.012695, [0.020781261904761903], [1.5741675], [0.33299695], [0.001480603522683645]]
[1600.0, 100.0, 0.010405, [0.017013452380952383], [1.5741675], [0.33299695], [0.0013367028003326818]]
[1600.0, 1300.0, 0.012323, [0.020168488095238093], [1.5741675], [0.33299695], [0.0014593407599031623]]
[1600.0, 900.0, 0.013556, [0.022200023809523812], [1.5741675], [0.33299695], [0.0015319472069552395]]
[1600.0, 300.0, 0.012691, [0.020774440476190478], [1.5741675], [0.33299695], [0.001476374796480399]]
[1600.0, 500.0, 0.012259, [0.02006410714285714], [1.5741675], [0.33299695], [0.001440519479869011]]
[1600.0, 1000.0, 0.011225, [0.018361964285714287], [1.5741675], [0.33299695], [0.0014000865498028242]]
[1600.0, 1200.0, 0.011462, [0.018751309523809524], [1.5741675], [0.33299695], [0.0014015383716674459]]
[1600.0, 1800.0, 0.01192, [0.019505666666666668], [1.5741675], [0.33299695], [0.001426395664546389]]
[1600.0, 1100.0, 0.012418, [0.020325488095238094], [1.5741675], [0.33299695], [0.001463060850461865]]
[1600.0, 1900.0, 0.01149, [0.01879854761904762], [1.5741675], [0.33299695], [0.001405069578897056]]
[1600.0, 1700.0, 0.013151, [0.021533309523809524], [1.5741675], [0.33299695], [0.0015113422275574073]]
[1600.0, 800.0, 0.012956, [0.02121161904761905], [1.5741675], [0.33299695], [0.0014887636594033624]]
[1600.0, 200.0, 0.012334, [0.020186988095238095], [1.5741675], [0.33299695], [0.0014456204875776728]]
[1600.0, 1600.0, 0.011963, [0.019576785714285713], [1.5741675], [0.33299695], [0.0014393137773466437]]
[1600.0, 2000.0, 0.012755, [0.020879761904761904], [1.5741675], [0.33299695], [0.001480127239122005]]
[1600.0, 1400.0, 0.013035, [0.02134207142857143], [1.5741675], [0.33299695], [0.0015016237432236986]]
[1600.0, 700.0, 0.013198, [0.021610083333333335], [1.5741675], [0.33299695], [0.0015130085959233243]]
[1600.0, 400.0, 0.013057, [0.021378190476190478], [1.5741675], [0.33299695], [0.0015041637222727318]]
[1600.0, 600.0, 0.013067, [0.02139382142857143], [1.5741675], [0.33299695], [0.0014942093443108468]]
[1700.0, 900.0, 0.008189, [0.01337657142857143], [1.5741675], [0.33299695], [0.0009653706418730975]]
[1700.0, 1500.0, 0.008246, [0.013470142857142858], [1.5741675], [0.33299695], [0.000967099949811378]]
[1700.0, 1800.0, 0.008277, [0.01352070238095238], [1.5741675], [0.33299695], [0.0009682378592857206]]
[1700.0, 700.0, 0.009122, [1.327701], [336.96265000000005], [114.66195], [0.19792195431533108]]
[1700.0, 500.0, 0.008521, [0.01392095238095238], [1.5741675], [0.33299695], [0.0009868298696381142]]
[1700.0, 300.0, 0.006914, [0.011285704761904762], [1.5741675], [0.33299695], [0.0008922131804733838]]
[1700.0, 800.0, 0.0081, [0.01322929761904762], [1.5741675], [0.33299695], [0.0009622896742839757]]
[1700.0, 1300.0, 0.007186, [0.011731973809523809], [1.5741675], [0.33299695], [0.0009105777986738101]]
[1700.0, 400.0, 0.007489, [0.012228880952380953], [1.5741675], [0.33299695], [0.0009217863369677424]]
[1700.0, 1000.0, 0.008343, [0.013627809523809523], [1.5741675], [0.33299695], [0.00097590835063726]]
[1700.0, 2000.0, 0.009239, [0.01509797619047619], [1.5741675], [0.33299695], [0.0010320764657067614]]
[1700.0, 1600.0, 0.008139, [0.013293309523809523], [1.5741675], [0.33299695], [0.000964398215071741]]
[1700.0, 1400.0, 0.007937, [0.012962380952380953], [1.5741675], [0.33299695], [0.0009555993239989294]]
[1700.0, 1200.0, 0.008793, [0.014367452380952382], [1.5741675], [0.33299695], [0.0009986067391626865]]
[1700.0, 100.0, 0.007684, [0.012548607142857143], [1.5741675], [0.33299695], [0.0009405583146783924]]
[1700.0, 1700.0, 0.007472, [0.012200833333333333], [1.5741675], [0.33299695], [0.0009276120654621359]]
[1700.0, 1900.0, 0.009164, [0.014974999999999999], [1.5741675], [0.33299695], [0.0010260704548086805]]
[1700.0, 1100.0, 0.007685, [0.01255002380952381], [1.5741675], [0.33299695], [0.0009380329173159405]]
[1700.0, 600.0, 0.008907, [0.01455404761904762], [1.5741675], [0.33299695], [0.001016499372875699]]
[1700.0, 200.0, 0.007139, [0.011654617857142857], [1.5741675], [0.33299695], [0.0008991734520243561]]
[1800.0, 600.0, 0.006245, [0.9089635], [336.96265000000005], [114.66195], [0.135500285977558]]
[1800.0, 1800.0, 0.005183, [0.00845287619047619], [1.5741675], [0.33299695], [0.0006248546316205045]]
[1800.0, 400.0, 0.005081, [0.008286742857142858], [1.5741675], [0.33299695], [0.0006246367425077578]]
[1800.0, 1300.0, 0.004801, [0.007829395238095239], [1.5741675], [0.33299695], [0.0006095175315896932]]
[1800.0, 1200.0, 0.005957, [0.009719286904761905], [1.5741675], [0.33299695], [0.0006739112114082076]]
[1800.0, 1700.0, 0.005226, [0.008524038095238096], [1.5741675], [0.33299695], [0.0006335867063886928]]
[1800.0, 500.0, 0.005591, [0.009121529761904761], [1.5741675], [0.33299695], [0.0006548876502630968]]
[1800.0, 1600.0, 0.004978, [0.008119053571428572], [1.5741675], [0.33299695], [0.0006155039369263872]]
[1800.0, 1000.0, 0.005724, [0.009338616666666666], [1.5741675], [0.33299695], [0.0006570628401939337]]
[1800.0, 700.0, 0.005276, [0.008606083333333334], [1.5741675], [0.33299695], [0.0006414595699017937]]
[1800.0, 200.0, 0.004798, [0.007824159523809524], [1.5741675], [0.33299695], [0.0006018584219654178]]
[1800.0, 800.0, 0.005435, [0.008866], [1.5741675], [0.33299695], [0.0006466195017514949]]
[1800.0, 2000.0, 0.005347, [0.008722116666666667], [1.5741675], [0.33299695], [0.000644757442658823]]
[1800.0, 1100.0, 0.004946, [0.008066053571428571], [1.5741675], [0.33299695], [0.0006168266018009781]]
[1800.0, 900.0, 0.004678, [0.007627361904761905], [1.5741675], [0.33299695], [0.0006029958747315862]]
[1800.0, 1500.0, 0.005056, [0.008245978571428572], [1.5741675], [0.33299695], [0.0006215640246464509]]
[1800.0, 1400.0, 0.00526, [0.008580182142857143], [1.5741675], [0.33299695], [0.0006325394460376765]]
[1800.0, 1900.0, 0.005189, [0.008462627380952381], [1.5741675], [0.33299695], [0.0006307670437586791]]
[1800.0, 100.0, 0.004653, [0.007586528571428571], [1.5741675], [0.33299695], [0.0005924083929871628]]
[1800.0, 300.0, 0.005535, [0.8056435], [336.96265000000005], [114.66195], [0.12582037792027173]]
[1900.0, 300.0, 0.003248, [0.005291857142857142], [1.5741675], [0.33299695], [0.0004107277430507521]]
[1900.0, 1600.0, 0.003992, [0.006506671428571428], [1.5741675], [0.33299695], [0.00045224481034139644]]
[1900.0, 600.0, 0.003778, [0.0061573750000000005], [1.5741675], [0.33299695], [0.00043869491824332426]]
[1900.0, 1500.0, 0.003436, [0.005598595238095238], [1.5741675], [0.33299695], [0.00041963247200928796]]
[1900.0, 500.0, 0.003628, [0.005912809523809524], [1.5741675], [0.33299695], [0.000432387442263021]]
[1900.0, 1700.0, 0.003643, [0.005937016666666666], [1.5741675], [0.33299695], [0.0004284672492425406]]
[1900.0, 1800.0, 0.003316, [0.0054034130952380945], [1.5741675], [0.33299695], [0.0004108138250670408]]
[1900.0, 800.0, 0.003185, [0.005190344047619048], [1.5741675], [0.33299695], [0.00040406768196674347]]
[1900.0, 1300.0, 0.003732, [0.006081898809523809], [1.5741675], [0.33299695], [0.0004389232599417737]]
[1900.0, 1000.0, 0.003664, [0.005971744047619048], [1.5741675], [0.33299695], [0.0004366972713479226]]
[1900.0, 1900.0, 0.003404, [0.005547790476190475], [1.5741675], [0.33299695], [0.0004158244890202287]]
[1900.0, 1200.0, 0.003375, [0.005500254761904762], [1.5741675], [0.33299695], [0.00041459741284676275]]
[1900.0, 100.0, 0.003347, [0.005454579761904763], [1.5741675], [0.33299695], [0.00041351066664424926]]
[1900.0, 2000.0, 0.003527, [0.0057478749999999995], [1.5741675], [0.33299695], [0.00042373895881240317]]
[1900.0, 1100.0, 0.00336, [0.005475115476190476], [1.5741675], [0.33299695], [0.0004174737082166423]]
[1900.0, 900.0, 0.003132, [0.00510250119047619], [1.5741675], [0.33299695], [0.0003996588326806784]]
[1900.0, 200.0, 0.003157, [0.005144701190476191], [1.5741675], [0.33299695], [0.00040051447922960585]]
[1900.0, 400.0, 0.002882, [0.009117591666666666], [5.176589999999999], [1.0898085], [0.0014068744909668857]]
[1900.0, 700.0, 0.003403, [0.49532965], [336.96265000000005], [114.66195], [0.0803530646584186]]
[1900.0, 1400.0, 0.003708, [0.006043007142857143], [1.5741675], [0.33299695], [0.0004372567350892978]]
[2000.0, 1500.0, 0.002192, [0.0035692023809523812], [1.5741675], [0.33299695], [0.00027374530820485735]]
[2000.0, 1200.0, 0.002021, [0.00329184880952381], [1.5741675], [0.33299695], [0.00026271816331067277]]
[2000.0, 1300.0, 0.0022, [0.3201197], [336.96265000000005], [114.66195], [0.05335328012409359]]
[2000.0, 300.0, 0.001853, [0.0030178880952380954], [1.5741675], [0.33299695], [0.0002523684296084567]]
[2000.0, 900.0, 0.002031, [0.003307060714285714], [1.5741675], [0.33299695], [0.000264776758533317]]
[2000.0, 1900.0, 0.00226, [0.0036809500000000005], [1.5741675], [0.33299695], [0.0002782536343590387]]
[2000.0, 1600.0, 0.002089, [0.003401990476190476], [1.5741675], [0.33299695], [0.00026646447479266466]]
[2000.0, 500.0, 0.00211, [0.003435795238095238], [1.5741675], [0.33299695], [0.0002682905488348487]]
[2000.0, 600.0, 0.002006, [0.0032659630952380954], [1.5741675], [0.33299695], [0.0002640374477408911]]
[2000.0, 200.0, 0.002061, [0.0033567178571428566], [1.5741675], [0.33299695], [0.00026537185649993524]]
[2000.0, 1800.0, 0.001975, [0.003216727380952381], [1.5741675], [0.33299695], [0.0002592112578389993]]
[2000.0, 2000.0, 0.002219, [0.0036133916666666664], [1.5741675], [0.33299695], [0.0002771344449304226]]
[2000.0, 400.0, 0.002108, [0.0034328928571428566], [1.5741675], [0.33299695], [0.00027054982544789534]]
[2000.0, 1100.0, 0.002474, [0.004030522619047619], [1.5741675], [0.33299695], [0.000294741012991455]]
[2000.0, 100.0, 0.001969, [0.2865316], [336.96265000000005], [114.66195], [0.04987874547339778]]
[2000.0, 1400.0, 0.002244, [0.0036552464285714284], [1.5741675], [0.33299695], [0.0002763106265750137]]
[2000.0, 1700.0, 0.002146, [0.003494382142857143], [1.5741675], [0.33299695], [0.0002704033740430721]]
[2000.0, 700.0, 0.001842, [0.0029990119047619045], [1.5741675], [0.33299695], [0.00025167153777328513]]
[2000.0, 1000.0, 0.002095, [0.0034113999999999998], [1.5741675], [0.33299695], [0.0002672015256857606]]
[2000.0, 800.0, 0.002051, [0.0033407999999999997], [1.5741675], [0.33299695], [0.00026329186253145666]]
[2100.0, 200.0, 0.001305, [0.0021243976190476192], [1.5741675], [0.33299695], [0.00017231138427836808]]
[2100.0, 100.0, 0.001287, [0.002095459523809524], [1.5741675], [0.33299695], [0.00017166666666666665]]
[2100.0, 400.0, 0.0015, [0.2182977], [336.96265000000005], [114.66195], [0.035887922759613715]]
[2100.0, 1400.0, 0.001286, [0.18714224999999998], [336.96265000000005], [114.66195], [0.03308238957511987]]
[2100.0, 500.0, 0.001374, [0.0012391136904761906], [0.504541], [0.110999], [9.366816155874907e-05]]
[2100.0, 800.0, 0.001554, [0.22623990000000002], [336.96265000000005], [114.66195], [0.03670095707198928]]
[2100.0, 300.0, 0.001219, [0.0010995005952380954], [0.504541], [0.110999], [8.774970443968287e-05]]
[2100.0, 600.0, 0.001543, [0.0025128357142857145], [1.5741675], [0.33299695], [0.0001867775955017247]]
[2100.0, 700.0, 0.001358, [0.0012252392857142857], [0.504541], [0.110999], [9.261939190779444e-05]]
[2100.0, 1000.0, 0.001403, [0.002284384523809524], [1.5741675], [0.33299695], [0.00017947817406577992]]
[2100.0, 1700.0, 0.001357, [0.002208602380952381], [1.5741675], [0.33299695], [0.0001773992080730444]]
[2100.0, 1800.0, 0.001539, [0.22404085], [336.96265000000005], [114.66195], [0.03587524564375832]]
[2100.0, 1900.0, 0.001294, [0.18836604999999998], [336.96265000000005], [114.66195], [0.03329872745316253]]
[2100.0, 900.0, 0.001547, [0.22518835], [336.96265000000005], [114.66195], [0.03653037776974117]]
[2100.0, 2000.0, 0.001437, [0.20916315], [336.96265000000005], [114.66195], [0.03535502793097468]]
[2100.0, 1200.0, 0.001336, [0.0021747], [1.5741675], [0.33299695], [0.0001746761662006261]]
[2100.0, 1500.0, 0.001438, [0.0012972333333333334], [0.504541], [0.110999], [9.537449310083051e-05]]
[2100.0, 1100.0, 0.001393, [0.20270074999999999], [336.96265000000005], [114.66195], [0.03476289329155443]]
[2100.0, 1300.0, 0.001693, [0.2463413], [336.96265000000005], [114.66195], [0.038011284508682415]]
[2100.0, 1600.0, 0.001523, [0.22161129999999998], [336.96265000000005], [114.66195], [0.03595010083435094]]
[2200.0, 1700.0, 0.000854, [0.0007702613095238095], [0.504541], [0.110999], [6.014727060306006e-05]]
[2200.0, 1100.0, 0.000996, [0.0008978934523809523], [0.504541], [0.110999], [6.514004623565113e-05]]
[2200.0, 200.0, 0.001134, [0.16510534999999998], [336.96265000000005], [114.66195], [0.025476302714483513]]
[2200.0, 1800.0, 0.000994, [0.1446928], [336.96265000000005], [114.66195], [0.023787349579135544]]
[2200.0, 900.0, 0.000924, [0.0008332083333333334], [0.504541], [0.110999], [6.262776057434772e-05]]
[2200.0, 1000.0, 0.000986, [0.0008891755952380953], [0.504541], [0.110999], [6.400426152372418e-05]]
[2200.0, 1300.0, 0.000903, [0.0014701214285714288], [1.5741675], [0.33299695], [0.00011695661249518647]]
[2200.0, 1900.0, 0.000803, [0.0007243488095238095], [0.504541], [0.110999], [5.8181084723598204e-05]]
[2200.0, 1400.0, 0.000892, [0.0014521880952380953], [1.5741675], [0.33299695], [0.00011702063649236987]]
[2200.0, 1600.0, 0.000931, [0.13550684999999998], [336.96265000000005], [114.66195], [0.022904835733966747]]
[2200.0, 800.0, 0.000947, [0.001540679761904762], [1.5741675], [0.33299695], [0.00011994182026896669]]
[2200.0, 400.0, 0.00098, [0.0007350320833333333], [0.31281535], [0.21190715000000002], [0.00010957210414582922]]
[2200.0, 600.0, 0.000908, [0.0008187303571428571], [0.504541], [0.110999], [6.24275941135226e-05]]
[2200.0, 2000.0, 0.000973, [0.14154255], [336.96265000000005], [114.66195], [0.023590427083882988]]
[2200.0, 500.0, 0.001069, [0.1556045], [336.96265000000005], [114.66195], [0.024603226414435974]]
[2200.0, 700.0, 0.001082, [0.15748415000000002], [336.96265000000005], [114.66195], [0.024594897844878314]]
[2200.0, 300.0, 0.000895, [0.1302227], [336.96265000000005], [114.66195], [0.02266886080066663]]
[2200.0, 1200.0, 0.00102, [0.1484502], [336.96265000000005], [114.66195], [0.02408180848690563]]
[2200.0, 1500.0, 0.000854, [0.0013904940476190475], [1.5741675], [0.33299695], [0.00011353333692842955]]
[2200.0, 100.0, 0.000791, [0.0007136416666666666], [0.504541], [0.110999], [5.7321057705371984e-05]]
[2300.0, 700.0, 0.000604, [0.00045306604166666666], [0.31281535], [0.21190715000000002], [7.07570054442982e-05]]
[2300.0, 100.0, 0.000462, [0.0004162018452380953], [0.504541], [0.110999], [3.595436666701701e-05]]
[2300.0, 1800.0, 0.000667, [0.09706605], [336.96265000000005], [114.66195], [0.01595756090384743]]
[2300.0, 1000.0, 0.000683, [0.09935145000000001], [336.96265000000005], [114.66195], [0.016116932090196323]]
[2300.0, 1500.0, 0.000549, [0.0004950403571428571], [0.504541], [0.110999], [3.93832933173066e-05]]
[2300.0, 1200.0, 0.000627, [0.0911801], [336.96265000000005], [114.66195], [0.01541225243110169]]
[2300.0, 500.0, 0.000699, [0.1016623], [336.96265000000005], [114.66195], [0.01627899720498778]]
[2300.0, 1900.0, 0.000737, [0.0006642589285714287], [0.504541], [0.110999], [4.530208115811277e-05]]
[2300.0, 1300.0, 0.000602, [0.08767845], [336.96265000000005], [114.66195], [0.01503672587367343]]
[2300.0, 1600.0, 0.00062, [0.090193], [336.96265000000005], [114.66195], [0.015245400945859048]]
[2300.0, 1700.0, 0.000722, [0.10508595], [336.96265000000005], [114.66195], [0.01661554242268365]]
[2300.0, 1400.0, 0.000669, [0.09730760000000001], [336.96265000000005], [114.66195], [0.01599727320514343]]
[2300.0, 1100.0, 0.000569, [0.0005126583333333333], [0.504541], [0.110999], [3.99103969129102e-05]]
[2300.0, 900.0, 0.000679, [0.0987881], [336.96265000000005], [114.66195], [0.016025542112515258]]
[2300.0, 2000.0, 0.000627, [0.09120500000000001], [336.96265000000005], [114.66195], [0.015416465223909144]]
[2300.0, 300.0, 0.000609, [0.00045707270833333333], [0.31281535], [0.21190715000000002], [7.052786461746875e-05]]
[2300.0, 200.0, 0.000678, [0.09864305], [336.96265000000005], [114.66195], [0.016002015498055237]]
[2300.0, 400.0, 0.000568, [0.0005119622619047619], [0.504541], [0.110999], [3.985620234140937e-05]]
[2300.0, 800.0, 0.000643, [0.0005800697619047618], [0.504541], [0.110999], [4.264757375340541e-05]]
[2300.0, 600.0, 0.000538, [0.0782387], [336.96265000000005], [114.66195], [0.014284363829026479]]
[2400.0, 1200.0, 0.000395, [0.0003563203571428571], [0.504541], [0.110999], [2.693529004434967e-05]]
[2400.0, 1500.0, 0.000429, [0.00038647285714285713], [0.504541], [0.110999], [2.8337565960361225e-05]]
[2400.0, 1100.0, 0.0005, [0.07277845], [336.96265000000005], [114.66195], [0.011229956589408526]]
[2400.0, 1600.0, 0.000418, [0.0608236], [336.96265000000005], [114.66195], [0.010281062688263311]]
[2400.0, 400.0, 0.000392, [0.05707115], [336.96265000000005], [114.66195], [0.009934813787887522]]
[2400.0, 1300.0, 0.000441, [0.0641815], [336.96265000000005], [114.66195], [0.010551371948708851]]
[2400.0, 200.0, 0.000408, [0.0003057327083333333], [0.31281535], [0.21190715000000002], [4.662380844470868e-05]]
[2400.0, 1700.0, 0.000434, [0.0630937], [336.96265000000005], [114.66195], [0.010515616957649227]]
[2400.0, 2000.0, 0.000415, [0.00031154125], [0.31281535], [0.21190715000000002], [4.750958419390532e-05]]
[2400.0, 600.0, 0.000388, [0.00029086458333333335], [0.31281535], [0.21190715000000002], [4.5989723716282543e-05]]
[2400.0, 1900.0, 0.000492, [0.07161295], [336.96265000000005], [114.66195], [0.011050115384012967]]
[2400.0, 700.0, 0.000398, [0.05791155], [336.96265000000005], [114.66195], [0.01008110361022046]]
[2400.0, 100.0, 0.000357, [0.051959149999999996], [336.96265000000005], [114.66195], [0.009486404745740085]]
[2400.0, 1800.0, 0.000373, [0.000279618125], [0.31281535], [0.21190715000000002], [4.477474486557995e-05]]
[2400.0, 500.0, 0.000386, [0.000289523125], [0.31281535], [0.21190715000000002], [4.577763187257627e-05]]
[2400.0, 900.0, 0.000365, [0.00032902785714285714], [0.504541], [0.110999], [2.6011938814405084e-05]]
[2400.0, 1400.0, 0.000525, [0.000393488125], [0.31281535], [0.21190715000000002], [5.3057923340125804e-05]]
[2400.0, 800.0, 0.000354, [0.0002654079166666667], [0.31281535], [0.21190715000000002], [4.3632789419197124e-05]]
[2400.0, 300.0, 0.000413, [0.00030951395833333335], [0.31281535], [0.21190715000000002], [4.720043972694181e-05]]
[2400.0, 1000.0, 0.000385, [0.0006260946428571428], [1.5741675], [0.33299695], [5.0616746128748065e-05]]
[2500.0, 400.0, 0.000237, [0.00021398059523809523], [0.504541], [0.110999], [1.6969761021170753e-05]]
[2500.0, 1300.0, 0.000233, [0.00017494625], [0.31281535], [0.21190715000000002], [2.8760988238314145e-05]]
[2500.0, 500.0, 0.000245, [0.00022105779761904764], [0.504541], [0.110999], [1.72617149004337e-05]]
[2500.0, 900.0, 0.00035, [0.05089145], [336.96265000000005], [114.66195], [0.007586451739779276]]
[2500.0, 1400.0, 0.000246, [0.00040074464285714287], [1.5741675], [0.33299695], [3.328002753043188e-05]]
[2500.0, 200.0, 0.000274, [0.039829670000000005], [336.96265000000005], [114.66195], [0.006732441978955333]]
[2500.0, 1900.0, 0.000283, [0.041248730000000004], [336.96265000000005], [114.66195], [0.006874787269436051]]
[2500.0, 1000.0, 0.000281, [0.040824905], [336.96265000000005], [114.66195], [0.006804149469257711]]
[2500.0, 1800.0, 0.00026, [0.037790225000000004], [336.96265000000005], [114.66195], [0.006578434464217152]]
[2500.0, 1700.0, 0.000312, [0.0453608], [336.96265000000005], [114.66195], [0.007172171916511761]]
[2500.0, 800.0, 0.000292, [0.04247101], [336.96265000000005], [114.66195], [0.00698219163300464]]
[2500.0, 700.0, 0.000251, [0.036537795], [336.96265000000005], [114.66195], [0.006459032435280071]]
[2500.0, 1600.0, 0.000266, [0.03867773], [336.96265000000005], [114.66195], [0.0066331760869134185]]
[2500.0, 1100.0, 0.000294, [0.04285238500000001], [336.96265000000005], [114.66195], [0.006951575361024291]]
[2500.0, 600.0, 0.000314, [0.00023571395833333334], [0.31281535], [0.21190715000000002], [3.367340846276183e-05]]
[2500.0, 300.0, 0.000271, [0.00020328495833333332], [0.31281535], [0.21190715000000002], [3.10006650354293e-05]]
[2500.0, 2000.0, 0.000289, [0.0002170310416666667], [0.31281535], [0.21190715000000002], [3.235308674952395e-05]]
[2500.0, 1200.0, 0.00023, [0.03341492], [336.96265000000005], [114.66195], [0.006204995970989828]]
[2500.0, 100.0, 0.000328, [0.047730730000000006], [336.96265000000005], [114.66195], [0.007365011880506371]]
[2500.0, 1500.0, 0.000249, [0.03626253], [336.96265000000005], [114.66195], [0.006410370504112847]]
[2600.0, 800.0, 0.000171, [0.024956255], [336.96265000000005], [114.66195], [0.004344325897075402]]
[2600.0, 2000.0, 0.000207, [0.00015514802083333332], [0.31281535], [0.21190715000000002], [2.1941248888287508e-05]]
[2600.0, 900.0, 0.000198, [0.028831594999999998], [336.96265000000005], [114.66195], [0.004677102468409261]]
[2600.0, 1000.0, 0.000175, [0.00013118864583333334], [0.31281535], [0.21190715000000002], [2.0006079805065925e-05]]
[2600.0, 200.0, 0.000198, [0.028883935], [336.96265000000005], [114.66195], [0.004625131349486196]]
[2600.0, 1100.0, 0.000139, [0.0001249247619047619], [0.504541], [0.110999], [1.0483454259384966e-05]]
[2600.0, 1500.0, 0.000158, [0.00014246785714285714], [0.504541], [0.110999], [1.1228041368905771e-05]]
[2600.0, 700.0, 0.000169, [0.0001266981875], [0.31281535], [0.21190715000000002], [1.9786933644593735e-05]]
[2600.0, 1800.0, 0.000183, [0.00016488940476190475], [0.504541], [0.110999], [1.2155806878731493e-05]]
[2600.0, 1600.0, 0.000186, [0.00013927929166666667], [0.31281535], [0.21190715000000002], [2.0762532819895127e-05]]
[2600.0, 1400.0, 0.000176, [0.025550675000000002], [336.96265000000005], [114.66195], [0.004381904836940209]]
[2600.0, 1300.0, 0.000161, [0.023362215], [336.96265000000005], [114.66195], [0.004195977538071433]]
[2600.0, 600.0, 0.000205, [0.0298416], [336.96265000000005], [114.66195], [0.004718371011270733]]
[2600.0, 1700.0, 0.000194, [0.00014539739583333333], [0.31281535], [0.21190715000000002], [2.1208394728136415e-05]]
[2600.0, 400.0, 0.00018, [0.00013508895833333335], [0.31281535], [0.21190715000000002], [2.060087393642426e-05]]
[2600.0, 300.0, 0.000175, [0.025439330000000003], [336.96265000000005], [114.66195], [0.00436280930135618]]
[2600.0, 1900.0, 0.000152, [0.00011406052083333335], [0.31281535], [0.21190715000000002], [1.875143513026255e-05]]
[2600.0, 1200.0, 0.000172, [0.00012861243750000002], [0.31281535], [0.21190715000000002], [2.0085886551050384e-05]]
[2600.0, 100.0, 0.000154, [0.00011528531249999999], [0.31281535], [0.21190715000000002], [1.8952787650428164e-05]]
[2600.0, 500.0, 0.000191, [0.0001433464375], [0.31281535], [0.21190715000000002], [2.1135280618093426e-05]]
[2700.0, 1400.0, 0.000125, [0.018150040000000003], [336.96265000000005], [114.66195], [0.0029838481864867053]]
[2700.0, 1000.0, 0.000119, [0.017302915000000002], [336.96265000000005], [114.66195], [0.002924726482938191]]
[2700.0, 800.0, 0.000131, [0.01911034], [336.96265000000005], [114.66195], [0.0030601041648937377]]
[2700.0, 900.0, 0.000113, [0.01644841], [336.96265000000005], [114.66195], [0.0028208788524146156]]
[2700.0, 600.0, 0.000143, [0.020835009999999998], [336.96265000000005], [114.66195], [0.003177309002914259]]
[2700.0, 1100.0, 0.000111, [0.01618002], [336.96265000000005], [114.66195], [0.002816579485830286]]
[2700.0, 1300.0, 0.000108, [8.123416666666668e-05], [0.31281535], [0.21190715000000002], [1.3007876887144615e-05]]
[2700.0, 400.0, 0.000118, [0.017198875], [336.96265000000005], [114.66195], [0.0029071407774650337]]
[2700.0, 1700.0, 0.000117, [8.797695833333333e-05], [0.31281535], [0.21190715000000002], [1.3416362574193581e-05]]
[2700.0, 100.0, 0.000124, [0.018041815], [336.96265000000005], [114.66195], [0.0029660567256881653]]
[2700.0, 2000.0, 0.000145, [0.00010899270833333333], [0.31281535], [0.21190715000000002], [1.4832028266558825e-05]]
[2700.0, 1200.0, 0.000135, [0.019621825000000002], [336.96265000000005], [114.66195], [0.003102482473761939]]
[2700.0, 700.0, 0.00011, [8.260352083333334e-05], [0.31281535], [0.21190715000000002], [1.2900504000705642e-05]]
[2700.0, 300.0, 9.9e-05, [7.391304166666667e-05], [0.31281535], [0.21190715000000002], [1.2151229861737362e-05]]
[2700.0, 1800.0, 0.000103, [7.712829166666667e-05], [0.31281535], [0.21190715000000002], [1.2511858957937998e-05]]
[2700.0, 200.0, 0.000105, [9.417363095238095e-05], [0.504541], [0.110999], [7.445077148883984e-06]]
[2700.0, 1500.0, 0.000126, [0.01839862], [336.96265000000005], [114.66195], [0.002984650314525975]]
[2700.0, 500.0, 0.000119, [0.01738835], [336.96265000000005], [114.66195], [0.002898058401757977]]
[2700.0, 1900.0, 0.000124, [9.286935416666666e-05], [0.31281535], [0.21190715000000002], [1.3844147379548757e-05]]
[2700.0, 1600.0, 9.7e-05, [0.014097475], [336.96265000000005], [114.66195], [0.002617835460834007]]
[2800.0, 1500.0, 7.5e-05, [6.75747619047619e-05], [0.504541], [0.110999], [5.050777454130844e-06]]
[2800.0, 200.0, 7.8e-05, [5.856325e-05], [0.31281535], [0.21190715000000002], [8.828742911020168e-06]]
[2800.0, 400.0, 6.5e-05, [0.009426015], [336.96265000000005], [114.66195], [0.001720946687146351]]
[2800.0, 900.0, 7e-05, [5.25393125e-05], [0.31281535], [0.21190715000000002], [8.413025202360656e-06]]
[2800.0, 600.0, 9.5e-05, [0.013788525], [336.96265000000005], [114.66195], [0.002078698511088128]]
[2800.0, 1200.0, 9.3e-05, [0.013593645], [336.96265000000005], [114.66195], [0.002073011697989184]]
[2800.0, 1000.0, 7.1e-05, [5.312427083333333e-05], [0.31281535], [0.21190715000000002], [8.399683773809584e-06]]
[2800.0, 1400.0, 0.000104, [7.79260625e-05], [0.31281535], [0.21190715000000002], [1.0145110343849833e-05]]
[2800.0, 800.0, 7.9e-05, [5.901277083333333e-05], [0.31281535], [0.21190715000000002], [8.79710534778344e-06]]
[2800.0, 100.0, 0.000109, [0.015878665], [336.96265000000005], [114.66195], [0.00224558232982004]]
[2800.0, 1100.0, 7.2e-05, [0.010512174999999999], [336.96265000000005], [114.66195], [0.0018299344250546246]]
[2800.0, 1300.0, 9e-05, [0.013124255000000001], [336.96265000000005], [114.66195], [0.0020496639968541185]]
[2800.0, 2000.0, 8.1e-05, [6.065785416666667e-05], [0.31281535], [0.21190715000000002], [8.943510022791823e-06]]
[2800.0, 500.0, 7.2e-05, [0.010482365], [336.96265000000005], [114.66195], [0.0018247451876905992]]
[2800.0, 1900.0, 7.8e-05, [0.011377615], [336.96265000000005], [114.66195], [0.0018962693637772036]]
[2800.0, 1800.0, 9.8e-05, [0.014283195], [336.96265000000005], [114.66195], [0.0021292128827338987]]
[2800.0, 300.0, 5.9e-05, [0.00858345], [336.96265000000005], [114.66195], [0.0016518860432850689]]
[2800.0, 700.0, 7.1e-05, [0.010366895], [336.96265000000005], [114.66195], [0.0018046447018734738]]
[2800.0, 1600.0, 7.2e-05, [0.010464465], [336.96265000000005], [114.66195], [0.001821629078599702]]
[2800.0, 1700.0, 8.2e-05, [0.011993], [336.96265000000005], [114.66195], [0.0019455217809112289]]
[2900.0, 1300.0, 4.9e-05, [0.007086299999999999], [336.96265000000005], [114.66195], [0.0012152902945387163]]
[2900.0, 900.0, 5.8e-05, [4.343210416666667e-05], [0.31281535], [0.21190715000000002], [6.081712112737845e-06]]
[2900.0, 1600.0, 5.5e-05, [4.1048583333333335e-05], [0.31281535], [0.21190715000000002], [5.924852025812777e-06]]
[2900.0, 2000.0, 4.7e-05, [3.5316895833333335e-05], [0.31281535], [0.21190715000000002], [5.515571391775994e-06]]
[2900.0, 1200.0, 6.2e-05, [4.63494375e-05], [0.31281535], [0.21190715000000002], [6.307360737992292e-06]]
[2900.0, 1700.0, 6.5e-05, [4.860106249999999e-05], [0.31281535], [0.21190715000000002], [6.43736920039718e-06]]
[2900.0, 1100.0, 5.2e-05, [3.865045833333333e-05], [0.31281535], [0.21190715000000002], [5.761669544281415e-06]]
[2900.0, 800.0, 6.6e-05, [0.00954833], [336.96265000000005], [114.66195], [0.0013927667608038324]]
[2900.0, 600.0, 6.6e-05, [4.9215145833333333e-05], [0.31281535], [0.21190715000000002], [6.57665008867652e-06]]
[2900.0, 100.0, 5.3e-05, [0.00772819], [336.96265000000005], [114.66195], [0.0012536780886655073]]
[2900.0, 400.0, 5e-05, [0.0072127599999999995], [336.96265000000005], [114.66195], [0.0012191792321065839]]
[2900.0, 1000.0, 5.4e-05, [4.0311833333333336e-05], [0.31281535], [0.21190715000000002], [5.8800857124799734e-06]]
[2900.0, 1400.0, 4.9e-05, [0.0071873349999999996], [336.96265000000005], [114.66195], [0.0012148816814817813]]
[2900.0, 200.0, 3.7e-05, [3.3728464285714285e-05], [0.504541], [0.110999], [2.8816170278181204e-06]]
[2900.0, 500.0, 6e-05, [0.008800525], [336.96265000000005], [114.66195], [0.0013420674349674088]]
[2900.0, 1500.0, 5.4e-05, [4.078885416666667e-05], [0.31281535], [0.21190715000000002], [5.887364721847591e-06]]
[2900.0, 1800.0, 4.8e-05, [3.574879166666667e-05], [0.31281535], [0.21190715000000002], [5.516159578280486e-06]]
[2900.0, 300.0, 5.4e-05, [0.007819804999999999], [336.96265000000005], [114.66195], [0.0012685399087139513]]
[2900.0, 700.0, 6.2e-05, [0.009089635], [336.96265000000005], [114.66195], [0.0013703145624271824]]
[2900.0, 1900.0, 7.3e-05, [5.46201875e-05], [0.31281535], [0.21190715000000002], [6.881496299457295e-06]]
[3000.0, 1900.0, 4.4e-05, [3.3243312500000005e-05], [0.31281535], [0.21190715000000002], [4.256369818023075e-06]]
[3000.0, 800.0, 3.3e-05, [0.0047650505000000004], [336.96265000000005], [114.66195], [0.0007941750436774]]
[3000.0, 900.0, 3.8e-05, [2.8715041666666664e-05], [0.31281535], [0.21190715000000002], [3.982060466084808e-06]]
[3000.0, 1600.0, 3.5e-05, [0.005127075], [336.96265000000005], [114.66195], [0.0008209893421963527]]
[3000.0, 700.0, 3.2e-05, [2.3843999999999997e-05], [0.31281535], [0.21190715000000002], [3.6361741092496905e-06]]
[3000.0, 600.0, 3.6e-05, [2.6936166666666668e-05], [0.31281535], [0.21190715000000002], [3.8480243848846215e-06]]
[3000.0, 1300.0, 3.6e-05, [2.6684541666666667e-05], [0.31281535], [0.21190715000000002], [3.812075909928284e-06]]
[3000.0, 500.0, 3.2e-05, [2.3678958333333333e-05], [0.31281535], [0.21190715000000002], [3.6110092800813093e-06]]
[3000.0, 1500.0, 3.3e-05, [2.4537812499999998e-05], [0.31281535], [0.21190715000000002], [3.6578806904864097e-06]]
[3000.0, 1800.0, 3.2e-05, [0.0047196805], [336.96265000000005], [114.66195], [0.0007866134692464908]]
[3000.0, 2000.0, 3.4e-05, [0.00502036], [336.96265000000005], [114.66195], [0.0008144102160459432]]
[3000.0, 100.0, 3e-05, [2.242175e-05], [0.31281535], [0.21190715000000002], [3.5016904399875214e-06]]
[3000.0, 1400.0, 4e-05, [0.005812805000000001], [336.96265000000005], [114.66195], [0.0008665219270162758]]
[3000.0, 1100.0, 4.5e-05, [0.00648761], [336.96265000000005], [114.66195], [0.0009268009495031821]]
[3000.0, 1200.0, 3.5e-05, [2.6123625000000004e-05], [0.31281535], [0.21190715000000002], [3.770620389935852e-06]]
[3000.0, 1000.0, 3.2e-05, [2.4196875e-05], [0.31281535], [0.21190715000000002], [3.6478161274932703e-06]]
[3000.0, 400.0, 2.6e-05, [2.3789285714285712e-05], [0.504541], [0.110999], [1.935944533251835e-06]]
[3000.0, 300.0, 3.4e-05, [2.5325416666666667e-05], [0.31281535], [0.21190715000000002], [3.734030231644266e-06]]
[3000.0, 1700.0, 3.6e-05, [2.7031999999999998e-05], [0.31281535], [0.21190715000000002], [3.8617150182198125e-06]]
[3000.0, 200.0, 3.5e-05, [2.609175e-05], [0.31281535], [0.21190715000000002], [3.766021331148652e-06]]
